0.9894013497495885
0.9921301192929328
0.9935944275777597
0.9935081879912994
0.9938635140159056
0.9935752951438348
0.9936802879986604
0.9936746822044777
0.9937767778088565
0.9938904952431172
0.9939048697346075
0.9941766528399348
0.9942624880057095
0.9942771546196518
0.9941901420662234
0.9941812340045629
0.9940624282611096
0.9941676481112134
0.9941957996293398
0.9944155854302615
0.9944590797656343
0.9944579811958238
0.9944340163518307
0.9944695159077399
0.9944450818974374
0.9944288282694449
0.9944162003243818
0.9943504198408354
0.9942810614385098
0.9942099992567687
0.9942199530485254
0.9941999506630533
0.9941691289062622
0.9941737527123549
0.9941882359468373
0.9942106009969219
0.9941736334222752
0.9941449019733454
0.9941028471208282
0.9941525554317725
0.9941483030240456
0.9941099988136193
0.9941244279694287
0.9940576618874669
0.9940820417616649
0.9940981830849496
0.9941328674536695
0.9941315821648916
0.9941384281800449
0.9941297324054436
0.9941238963394894
0.9941637243096626
0.9940908731821735
0.9940658220230946
0.9940704243310382
0.9941008104179557
0.9941367448329529
0.9941645658348549
0.9941548359550268
0.9941815050423871
0.9941374608106366
0.9941582903088804
0.9941514771907859
0.9941480221867289
0.994151429799379
0.9941627060099942
0.9941504068614457
0.9942206667363971
0.9942320053219046
0.994247816790142
0.9942681432510478
0.9942649466802094
0.9942636512862598
0.9942904881520458
0.9942959602600414
0.9943153053481063
0.9943184331677818
0.9943306844905008
0.9942900716510572
0.9943110735893388
0.9943213516029117
0.9943009837931346
0.9942880983071297
0.9942553563665031
0.9942338522215545
0.9942600400606715
0.9942342055429796
0.994243257814119
0.9942880674476505
0.9942886717087285
0.994294548808762
0.9942710211139789
0.9942660959038918
0.99423629633881
0.9942437970787391
0.9942180723100711
0.994214574087571
0.9942264758280166
0.9942225390710984
0.9941960468366452
0.9942070077764947
0.9942284894130544
0.9942289412742144
0.9942475679721392
0.9942447453902049
0.9942673332745656
0.9942702979044712
0.9942300778123573
0.9942211227531507
0.9942229678456458
0.9942199303046345
0.9942124605169695
0.9942067509185876
0.9942070293374027
0.9941994852269688
0.994206964403356
0.9941775124026712
0.9941808014434822
0.9941849325804503
0.9941710402023876
0.9941790601977544
0.9941568611607665
0.9941382101194057
0.9941593234909862
0.9941461336695833
0.9941338532263522
0.9941464179434093
0.9941600918771419
0.9941697501328058
0.9941441907306421
0.9941385096319691
0.9941399171505888
0.9941447158941576
0.9941438948998143
0.9941264539134816
0.9941109305033284
0.9941177401128451
0.994112311281739
0.9941222138229843
0.9941014822495073
0.99408009219548
0.9940823141047626
0.9940903424382873
0.9940897575983154
0.9940670187001418
0.9940765505660809
0.994070538306214
0.9940582442741264
0.9940595139164251
0.9940723277332696
0.9940660436477684
0.9940734968506585
0.9940883351248238
0.9940884438634963
0.994091634614494
0.9940790316895455
0.9940936423105468
0.9940824559606157
0.9941000887805539
0.9940925189520697
0.994089383746675
0.9941089441024088
0.9941042025094384
0.9941044825804164
0.9940966136256922
0.994077908172825
0.9940936248700453
0.9940934173442968
0.9941014401550451
0.9941137838774025
0.9941066958372011
0.9941043051295395
0.9941088426218373
0.9941135230639064
0.9941180930828679
0.9941268812621551
0.9941257535693805
0.9941476977680925
0.994146693375252
0.994150322877131
0.9941391630443925
0.9941313796367577
0.9941339665072244
0.9941475837789044
0.9941362686750035
0.9941299527226637
0.9941343676680362
0.9941349207851436
0.9941469393587229
0.994148417956844
0.9941556039071457
0.9941671688868603
0.9941518151779793
0.9941413669486927
0.9941322669928339
0.9941411192752962
0.9941515147517449
0.9941488871728363
0.9941556008471792
0.9941596173575316
0.9941564537557208
0.9941724396284516
0.9941801485176327
0.9941741142380474
0.9941777948365612
0.9941843678205311
0.994187474089918
0.9942027201810161
0.9942234099954441
0.9942172116358273
0.9942208931305333
0.9942124560195084
0.9942055173772884
0.9942169457597926
0.9942223618907693
0.9942047615926431
0.9941977485855127
0.9941799694694122
0.9941796929088264
0.9941841555669592
0.9941775560205786
0.9941695990037575
0.9941687586262598
0.9941499917253129
0.9941503824383049
0.994165615348894
0.9941676477352576
0.9941741586703935
0.9941674703318243
0.9941644162137685
0.9941594420456307
0.9941566886308206
0.9941475168326603
0.9941461501602818
0.9941578893016885
0.994146493726907
0.994138720987289
0.9941471903316379
0.9941522153079706
0.9941471726123222
0.9941498953349615
0.9941596798494953
0.9941669363787596
0.9941723416445576
0.9941735260619781
0.9941793906865521
0.9941753199639963
0.9941841767415112
0.994177333748094
0.9941870969542486
0.9941798579583998
0.9941688037104001
0.9941702616106183
0.9941673185016984
0.9941627812100269
0.9941621785021248
0.9941645251963526
0.9941600177002085
0.9941549544735887
0.994147178457469
0.9941459808683719
0.9941553051207537
0.9941686422913996
0.9941688965381936
0.9941711245247054
0.9941807572781022
0.9941852560226458
0.9941871533145787
0.9941910227350313
0.9941914324308183
0.9941845499090003
0.9941857802985229
0.9941936306358062
0.9941918419341081
0.9942077338939532
0.994195047493994
0.9941924211452968
0.9941899449348942
0.994199310850976
0.9942119308874674
0.9942148809976846
0.9942248347080423
0.9942305115206916
0.994229785836931
0.9942405826174521
0.9942425200018289
0.9942467171390732
0.994251039397483
0.9942550844419384
0.9942527283116583
0.9942546241496313
0.9942466542995618
0.9942393226035952
0.9942433944450326
0.9942414639941242
0.9942417731353466
0.9942310102900266
0.9942237887743931
0.9942235673572118
0.9942258760486422
0.9942258203870286
0.9942250455051878
0.9942257380034568
0.994228651809357
0.99422995057353
0.9942207083439821
0.9942165736600067
0.9942276655913214
0.9942315067075871
0.9942357569537381
0.9942360735936963
0.994238056904702
0.9942450923122951
0.9942421528297393
0.9942483790914526
0.9942511415420467
0.9942468004753526
0.9942450571403144
0.994244981022535
0.9942409807570999
0.9942445559524913
0.9942464285330121
0.9942422705148104
0.9942327595519351
0.9942379264793404
0.9942477040286125
0.9942588745446859
0.9942539181884641
0.9942435348649159
0.9942433685612014
0.9942417812867526
0.9942446674844085
0.994255785821991
0.9942491452355521
0.9942504562923611
0.9942518020507624
0.9942498801245453
0.9942577730015889
0.9942591051248388
0.9942512126206656
0.9942515527431699
0.9942483480597261
0.9942487896378175
0.9942492128004753
0.9942501841784027
0.9942456412909432
0.9942516002776782
0.9942483706186809
0.9942563929033038
0.9942533756839687
0.9942549030808178
0.9942562204344567
0.9942556795399025
0.994254031639666
0.9942594029583728
0.9942600545645818
0.9942581870580801
0.9942592866859419
0.9942567360664253
0.9942416656189809
0.9942414048972934
0.9942401515688795
0.9942456084582363
0.9942382099843513
0.9942379898136358
0.9942395820433593
0.9942415204976117
0.9942393327886323
0.9942356923936327
0.994246827310344
0.9942490353990882
0.9942450027305662
0.994245364365636
0.9942538059933573
0.9942451279317863
0.9942437210827217
0.9942419009581065
0.9942477585447965
0.9942511276944429
0.9942419722900474
0.9942428697951159
0.9942462132360779
0.9942553540682142
0.994256460579036
0.9942517299594364
0.9942563334632081
0.9942524816770766
0.9942556667590617
0.9942518240257309
0.9942502416648059
0.9942512801505198
0.994252515966668
0.9942451412213099
0.9942446912725437
0.9942444489583452
0.9942481745223878
0.9942537544764511
0.9942481809589521
0.9942481500129186
0.9942436454847411
0.9942451701942231
0.9942442589589763
0.9942427130293572
0.9942410066327183
0.9942416937622198
0.9942462295916238
0.9942418581289478
0.9942398237064345
0.9942473927920878
0.9942472694357327
0.9942528737222778
0.994249465147524
0.9942514479843334
0.994248589700535
0.9942444370566244
0.9942496573315273
0.9942500715264241
0.9942384941579318
0.9942363972360411
0.9942432788691983
0.9942406821182843
0.9942356373085126
0.9942422884107575
0.994246617157953
0.994250278995518
0.9942484947343891
0.994245474162486
0.9942473918326136
0.9942462359791937
0.9942525371601021
0.9942535157015253
0.9942481060688468
0.9942491325254819
0.9942513120089603
0.9942547894424417
0.9942588335439269
0.994256845563751
0.9942654478054255
0.9942652118357745
0.9942718141998471
0.9942667347782864
0.9942635995012076
0.9942666931555421
0.9942652642582677
0.9942676382164589
0.9942673839195302
0.9942739099287679
0.9942720850186036
0.9942793661756645
0.9942772963266842
0.9942781636174692
0.9942795062459002
0.9942719271306356
0.994265534145723
0.99426489663507
0.9942624637989558
0.9942598328970624
0.9942579079007866
0.9942612538707336
0.9942581245006243
0.9942622654846557
0.9942603695857919
0.9942637145737667
0.9942601858405699
0.9942594794064435
0.994264023055577
0.9942605511720253
0.9942575957292061
0.9942502988732748
0.9942480459267933
0.9942461347779665
0.9942446657444334
0.9942448897871896
0.9942455885922307
0.9942477301679259
0.9942494672707733
0.9942497189120506
0.9942537054009013
0.9942503793597407
0.9942491427844286
0.9942552795709367
0.9942544814950485
0.9942534369581523
0.9942552267824541
0.9942596099601084
0.9942596544191632
0.9942596546616068
0.9942564734188946
0.9942556237800166
0.9942569305100548
0.9942610415221008
0.9942604574820469
0.9942637706085534
0.9942647287565296
0.9942637582765586
0.9942611112852285
0.9942640181348178
0.9942579308013326
0.9942602120631723
0.9942605073259441
0.9942530868808901
0.994252966201301
0.9942515264811803
0.9942498159649384
0.9942543368374833
0.9942585464236898
0.9942627435040793
0.994263067764339
0.9942644541422139
0.994267115130386
0.9942671273053545
0.9942719436116066
0.9942681260390964
0.9942668417216272
0.9942649526111711
0.9942659610526009
0.9942678041437517
0.9942645939793484
0.994264254677429
0.9942672335798972
0.9942708695808655
0.9942707950433619
0.9942689850624895
0.9942689245562213
0.9942725383708886
0.9942695392655992
0.9942738042673666
0.9942702447726077
0.9942682834237081
0.9942663315482585
0.9942659797858622
0.9942647778936304
0.9942687568020785
0.9942711031945267
0.9942704515284511
0.9942689598176978
0.9942712707799893
0.9942693334247849
0.9942701244138715
0.9942705435737417
0.9942714585264186
0.9942716265679387
0.9942700945763849
0.9942719524071734
0.9942684583219452
0.9942690555806523
0.9942721816317215
0.9942683158877406
0.9942638047979914
0.994264538792363
0.9942605721751816
0.9942596954093842
0.9942534560889029
0.9942565526704135
0.9942539252722572
0.9942539979611429
0.9942527768798386
0.9942508230710257
0.9942561665337152
0.9942578752032027
0.9942589404966686
0.9942634739700114
0.9942663244367904
0.9942644454354281
0.9942620710961897
0.9942643685680636
0.994269077997147
0.9942732278968929
0.9942714955129986
0.9942703591461832
0.994271369227029
0.9942745059505683
0.9942693537328172
0.9942722967836624
0.9942712504953187
0.9942738708544306
0.9942780761239549
0.9942833362215389
0.9942784692637624
0.9942778650458794
0.9942793500008723
0.9942796767794194
0.994281044137548
0.9942853436328235
0.9942856379801684
0.9942859442406311
0.9942933183715355
0.9942902057877242
0.9942937395462685
0.9942945859712372
0.9942973010559651
0.994295820545734
0.9943000845545451
0.9943013065068614
0.9942978601902911
0.9942998726161727
0.9942963626739652
0.9942957215189214
0.9942961677431847
0.9942930021772038
0.9942935172257049
0.9942978127867986
0.994297493441367
0.9943009290825997
0.9942976365737566
0.9942973615374823
0.9942949898658495
0.9942974412406266
0.9942969039863604
0.9942953571387517
0.9942949966448735
0.9942966499989795
0.9942963171387734
0.9942924667187198
0.9942922448338932
0.9942902619886257
0.9942942814348469
0.9942952790184123
0.9942972744943198
0.9943022378506141
0.9943012731411124
0.99429986076191
0.994296953432937
0.9943049393547428
0.9943069839682201
0.9943063899791987
0.9943055166874758
0.994307021428842
0.9943057227896527
0.9943090781294013
0.9943136853022922
0.9943154715165413
0.9943171793471385
0.9943212067654368
0.9943161534424448
0.994314132409656
0.9943124309843139
0.9943110626746187
0.9943130565853241
0.994313743328048
0.9943147700796064
0.9943129242228296
0.9943168240548831
0.994315874208962
0.9943166127892935
0.9943165757213067
0.9943161463699851
0.9943171128189046
0.9943152648308298
0.994313537905298
0.9943145904208532
0.9943117549938764
0.9943065022016382
0.9943051124498655
0.9943058942312962
0.9942992369774769
0.9943010480522565
0.9942976433390537
0.9942937951768258
0.9942935639038867
0.9942913772401984
0.9942893922644811
0.9942915830741598
0.9942920290465174
0.9942901857253978
0.9942885711189964
0.9942840555703678
0.9942833217436583
0.9942882217540784
0.9942911927601634
0.9942870337523249
0.994283356316362
0.9942815893458246
0.9942788736106266
0.9942744721409359
0.9942720124914654
0.9942753667444705
0.9942747620932387
0.9942713754414159
0.9942689309771374
0.9942695809802602
0.9942712192514104
0.994272715371249
0.9942703146086342
0.9942698034191572
0.9942714314812444
0.9942722887044217
0.9942755235851997
0.9942777997300678
0.9942769200265057
0.9942750884805505
0.9942779397890347
0.9942785955589701
0.9942787020048279
0.9942809960076499
0.9942797501059923
0.9942829063393375
0.9942836250413345
0.9942840742804059
0.9942870093366124
0.9942850993217621
0.9942848034629879
0.9942845212556387
0.9942788158223386
0.9942736109091768
0.9942704226479513
0.9942645056709721
0.9942659667307576
0.9942675432493572
0.9942676433155223
0.9942672473212896
0.9942674421659935
0.9942678095427302
0.9942639798755215
0.9942613066823647
0.9942611827564588
0.9942590574761024
0.9942557798080598
0.9942544528939765
0.9942551511988649
0.994254560560846
0.9942573304630017
0.9942587435879326
0.9942595504647335
0.994263998280423
0.9942641457493355
0.9942605944718148
0.9942596936239394
0.9942592472134426
0.9942586705451543
0.9942569036084704
0.9942594455494329
0.9942589477662424
0.9942554545515236
0.9942548555144182
0.9942556622199745
0.9942556019003763
0.9942578400346359
0.9942582940027888
0.9942557992568264
0.9942559939698928
0.9942563518091571
0.9942554629091741
0.994258757528377
0.9942576462895386
0.9942583394358744
0.9942551151142542
0.9942558247745288
0.9942571903145949
0.9942598150063423
0.9942579143754944
0.9942627568686572
0.9942634293703383
0.9942637360699169
0.9942666837660954
0.9942687160764652
0.9942701080517738
0.9942679743324404
0.9942695070753084
0.9942690179441624
0.994268575332133
0.9942674599848975
0.9942683258407062
0.9942639864335755
0.9942674116780897
0.9942683927011656
0.9942697309139901
0.9942711707128726
0.9942677536013134
0.9942671462150073
0.9942660452437986
0.9942666543770955
0.9942670047619802
0.9942709776408242
0.9942687346993895
0.9942686377692256
0.9942731552171017
0.9942771562705696
0.9942763524378982
0.9942766411611899
0.9942751379482926
0.9942800913772394
0.9942820076753186
0.9942829386181651
0.9942829145187769
0.9942808842582177
0.9942822223795752
0.9942806419878224
0.9942794319628508
0.9942796566507648
0.9942813873808019
0.9942842050463697
0.9942825581739844
0.9942812764414616
0.9942811954679294
0.9942774741046156
0.9942787813793748
0.9942814777506076
0.9942812481126276
0.9942846700081271
0.9942840402093971
0.9942852944486886
0.9942817598604353
0.9942812241230502
0.9942835764574909
0.9942816314897633
0.9942817115841185
0.9942805195735988
0.9942804880433469
0.9942817735151344
0.9942822577720403
0.9942840051185201
0.9942822126936377
0.9942830512340514
0.9942823950897424
0.9942809034954261
0.994285491112078
0.994287672299402
0.994289285656471
0.9942860712564705
0.9942838290251952
0.9942848226963896
0.9942836261598416
0.9942816291310324
0.9942783568857264
0.994278194111638
0.9942784819774794
0.9942778790598509
0.9942802604346435
0.9942804828269879
0.9942831387426863
0.9942801898698423
0.9942801540189619
0.9942822564305994
0.994281456510753
0.9942844694585335
0.9942856881445862
0.9942823155863607
0.9942820481923949
0.9942772457635959
0.9942789040379499
0.9942781184431801
0.9942777862191456
0.9942813901171869
0.9942860733039934
0.9942834230127543
0.994283497999004
0.9942815312557169
0.9942828853278212
0.994278939309644
0.9942792361749728
0.9942780623299483
0.9942768308542949
0.9942727473300798
0.9942703483771668
0.9942713530511901
0.9942724011958338
0.9942757733014638
0.994275094542373
0.9942714444369153
0.9942658881606314
0.9942650019737747
0.9942637949348837
0.9942606868486588
0.9942597080496384
0.9942597655948929
0.9942561608157502
0.9942557920557081
0.9942552788950404
0.9942559008768207
0.9942560970935166
0.9942549541773387
0.9942575311620198
0.9942578817868175
0.9942548073874702
0.9942530224867577
0.9942557039501981
0.9942548709832165
0.9942522209896437
0.9942528840125674
0.9942544826372891
0.9942534090562763
0.9942538589468725
0.9942569719284252
0.9942584835705442
0.9942595023126384
0.9942597779352599
0.9942564686319826
0.9942593071043629
0.9942601155556697
0.9942603546831724
0.9942588668642149
0.9942611768805137
0.9942603588386139
0.994261242566582
0.9942621284064831
0.9942621468286278
0.9942627274538015
0.9942595714705815
0.9942590830435798
0.9942587519058235
0.994260372054164
0.9942632568195169
0.9942643650055355
0.9942673497691735
0.9942699427554452
0.9942719478499477
0.9942725625851258
0.9942721647598672
0.9942705003765762
0.9942682803602726
0.9942693721763499
0.9942710161126558
0.9942687607818361
0.9942652597432983
0.9942690056232472
0.9942685092865671
0.9942669216179498
0.9942675846358227
0.9942722663943558
0.994267924289464
0.9942687282611962
0.9942664959555108
0.9942653788561909
0.9942635425315501
0.994263725666274
0.9942629886781305
0.9942623860568397
0.9942610379599208
0.9942615122098429
0.9942600186716727
0.994259452154322
0.9942595368396611
0.9942590884388497
0.9942615632996535
0.9942616810253994
0.9942618791812656
0.9942621625429477
0.9942614832866782
0.9942620574979517
0.9942608605111747
0.9942610403133542
0.9942608146080171
0.9942617893666018
0.9942583314219331
0.9942578356392762
0.9942622877475487
0.9942630310234434
0.9942632919719118
0.9942637442029312
0.9942658794242909
0.994264649787553
0.9942664515340667
0.9942649630443123
0.9942659393592465
0.9942680003233508
0.9942667090783771
0.9942669094666414
0.9942690921302199
0.9942694824506407
0.9942699088598828
0.9942717737123794
0.9942712736843479
0.994271838079544
0.9942735639679379
0.9942724235421733
0.9942711137298684
0.9942698532009631
0.9942697083172554
0.9942707327515996
0.9942714570817563
0.9942722698741434
0.994273731138098
0.9942760977503451
0.994275661150224
0.9942766183117949
0.9942782307050426
0.9942781573105055
0.9942782823816398
0.9942768079557112
0.994279384784719
0.9942816149215029
0.9942816662208525
0.9942842451668339
0.9942828391104302
0.9942795875264233
0.9942787777825811
0.9942795558144262
0.9942781219481793
0.9942784651440918
0.9942790955783023
0.9942776117393335
0.9942750160991505
0.9942738273645949
0.9942733320719932
0.9942721776052789
0.9942730408731691
0.9942715305505225
0.9942727459385222
0.9942722097157902
