0.9663796700905654
0.972417973956979
0.9746199790401052
0.980194937070796
0.9820898886596287
0.9829277755630214
0.9840957179886262
0.9841007530898677
0.985028387672009
0.9859561367898086
0.9861015534720334
0.9859015601579838
0.985646711491911
0.9860360095220698
0.9864122542274731
0.9862739951684274
0.9863977478481963
0.9862271172660184
0.9863460193085528
0.9862467886408911
0.9861745288830865
0.9863899755937827
0.9863255540919271
0.9863158922834682
0.9860992910938609
0.9857923808033896
0.9855587340037338
0.9856635838062408
0.9856595363344075
0.9857049435070998
0.9855814653144775
0.9855362457479485
0.9855747920389332
0.985387379996151
0.9855009591751743
0.985661598754614
0.9858546183252602
0.9857266481412098
0.9858333278534839
0.9858618532663128
0.985871750329012
0.985870745216502
0.9857788476435195
0.9857915817396449
0.9857692963142999
0.9856991566325348
0.9858111962997296
0.9857343129209558
0.9858643545150612
0.9857856405248391
0.9858377340413188
0.9860189168514265
0.9860063157580281
0.9858752397889793
0.9858810292636285
0.9858707665992539
0.9858991631161574
0.9859251543001616
0.986028230998242
0.9860745492781324
0.9861113577514421
0.9861103151499893
0.9861303424722977
0.9860767453553593
0.9860872174111439
0.986050176603958
0.9860579455894609
0.9859737609040033
0.9859611693550319
0.9860432293135422
0.9860505973821236
0.9861043318926661
0.9861068813813886
0.9860969893818486
0.9860691575491883
0.9860068748653595
0.9860939482418113
0.9861400675188132
0.9861299976172692
0.9860875171955594
0.9860832828263756
0.9860678089537319
0.9860286842782303
0.9860682944070187
0.9860977559473435
0.9861476439470526
0.9861363685721705
0.9860967314678996
0.9860996935517965
0.9859981345847607
0.9859695054579805
0.9859780208259947
0.9859640480861348
0.9858922815888028
0.9858596007333335
0.9858674010989987
0.9858836862249348
0.9859059735110215
0.9859155708319721
0.9859178381588459
0.9859765396500658
0.9859616622400216
0.9859989750068981
0.9859804013544726
0.9859592430917969
0.9859415248332147
0.9859323275514232
0.9859422606649882
0.985953015824325
0.9859822544595691
0.9859789480008221
0.9859812780380622
0.9859927776548539
0.9859248469418471
0.9859642291893103
0.9859246884893103
0.9859418815671905
0.9859264171164948
0.9859010307579803
0.9859249373029476
0.985958534989101
0.985961509750741
0.9860040390979117
0.9859930940747194
0.9860047726101756
0.985979553036049
0.9859199772505893
0.9859410356121819
0.9859464516838229
0.9859719461323024
0.9859597391023724
0.9859032433788569
0.9858672630271487
0.9858741149256754
0.9858938431588693
0.9859416943449234
0.9859388197417679
0.9859540874900258
0.9859661136175408
0.9859580707726375
0.9859422112741651
0.9859397103865518
0.9859730456317028
0.9860001491587964
0.986005207742766
0.9860112506460744
0.9859358451878111
0.9859494112441792
0.9859672500961922
0.985947586796917
0.9859011241577423
0.9858937980212905
0.9858375663317058
0.985804588966294
0.9858039783106766
0.9858091184249648
0.9858374597746863
0.9858424642284686
0.9858347367542638
0.985819766088493
0.9858425296342626
0.9858191242122216
0.9857906412228713
0.9857584413256998
0.9857623746314051
0.9858133477147129
0.9857792439359873
0.9857672617775312
0.9857467800940184
0.9857561508857217
0.985746541066951
0.9857708759333262
0.9857747865557268
0.9857883873444302
0.9857662606580987
0.9858093496349121
0.9858157447157395
0.9858360774919296
0.9858310389379346
0.9858526990198841
0.9858548598167548
0.9858444814152948
0.9858714484186767
0.9858292191299297
0.9858392196979401
0.9858239370295927
0.9858434422064509
0.9858146664036609
0.985807641231457
0.9857967673136592
0.9858180592297153
0.9858154727826691
0.9858137865487742
0.9857989532336134
0.9858175112835293
0.9857895868490876
0.9857845446369344
0.9858161325517347
0.9858041002525372
0.9858055183453933
0.9858429330144362
0.9858453788613791
0.9858520209308087
0.9858526902159115
0.9858208398815732
0.985841891019516
0.985808743062267
0.9857951112319732
0.9858037179898693
0.985814204886932
0.9857994637999693
0.9857967492975829
0.985798930332212
0.9857925880819717
0.9858204327906975
0.9858132648918835
0.9857893499231185
0.9857821426483888
0.9857374327734679
0.9857239411316208
0.9857323043144725
0.9857443755542182
0.9857625317166175
0.98577971926651
0.9858010796690828
0.9858114735115552
0.9857783933223182
0.9857936948408451
0.9857880266600563
0.9857965681603839
0.9857832440815953
0.9857960970204923
0.9857927550555415
0.9858062320876118
0.9858305379504099
0.9858203585700268
0.9858052457871929
0.985793325844226
0.9858017612852225
0.9857856214406201
0.9857857938293434
0.9857993350620369
0.9857940628640823
0.9858172448067845
0.9858285752028084
0.9858497462357455
0.9858674148950272
0.9858856588159153
0.9858690285713235
0.9858650992672116
0.9858618224415092
0.9858725132005486
0.9858878888268646
0.9858943939396844
0.9859033908126156
0.9859029647485498
0.9858821475078811
0.9858932584410028
0.9858924040315017
0.9858771154126255
0.9858680533524267
0.9858525645061252
0.9858394954607238
0.9858584191275855
0.9858583477340838
0.9858434116318361
0.9858663434366831
0.9858339085281423
0.9858389695167886
0.9858422139213742
0.9858427811891919
0.9858408710609198
0.9858379201711389
0.9858474650249471
0.9858745674494406
0.9858537108774906
0.9858471605422812
0.9858412945326842
0.985854208308539
0.9858470901096694
0.9858711821802405
0.9858557063521809
0.9858458230125113
0.9858413278710819
0.9858492085580641
0.9858341756814163
0.9858325801690497
0.9858360440300937
0.985832314454097
0.9858224357279511
0.9858111883648993
0.9858113403834265
0.9858174639191989
0.9858174529113174
0.9858416192497509
0.9858508959508681
0.985853805628329
0.9858374327474199
0.9858649348609191
0.9858710655620376
0.9858634493934582
0.985871134912033
0.9858781939210362
0.9858899266190558
0.9858946210962147
0.9858893292363867
0.9858815333897811
0.985888166976976
0.9858965334160571
0.9859053218115927
0.985911588416315
0.9859252800822402
0.9859285127181764
0.9859337939882208
0.9859058898442518
0.9859268480624808
0.9859514137407039
0.9859479010749194
0.9859503462642009
0.9859489327873917
0.985939786291252
0.985955638409355
0.9859594039205423
0.9859615803701486
0.9859631665276666
0.9859806166491224
0.9859764527424562
0.9859943425410949
0.9859862593786372
0.9860051117773233
0.9860050722580899
0.9860032610692885
0.9859944621269109
0.9859728797853364
0.9859756627453463
0.9859684815476465
0.9859681926755707
0.9859783427710005
0.9859670512522514
0.985968718485805
0.9859678876338052
0.9859547017035335
0.985950009714713
0.9859541899267213
0.9859682310218872
0.9859731838296627
0.9859739842131809
0.9859726960638401
0.985961376338069
0.9859509624664197
0.9859472133917339
0.9859313749240829
0.985912269776501
0.9859147381311419
0.9859054392674798
0.985902889133492
0.9859165647435097
0.9858962080645346
0.9858786451322841
0.9858742664817406
0.9858824650004971
0.9858653966263443
0.9858505150329825
0.9858636530741633
0.9858463908908681
0.9858479584801012
0.9858508267915983
0.9858589740508752
0.9858380933264907
0.9858295421672907
0.985828779118151
0.985829203172346
0.9858322708229861
0.9858405433364946
0.9858443191217736
0.9858553252465155
0.9858622454996203
0.9858580208122381
0.9858671797414539
0.98587398345663
0.9858786873744932
0.9858766071366721
0.9858776710630489
0.9858720485497774
0.9858565845642602
0.9858505679250387
0.9858499450368907
0.9858585985198375
0.9858591420818809
0.9858560191749027
0.9858381925606904
0.9858508614440874
0.9858543033994449
0.9858710735637021
0.9858547719330409
0.9858597905570553
0.9858512543427644
0.985843398168641
0.9858346181892161
0.9858293476233132
0.9858247868421506
0.9858203697680838
0.9858140065212901
0.9858110779400739
0.9858243775335511
0.9858185444309531
0.9858431632079198
0.9858485793850051
0.9858403647072558
0.9858412622464248
0.9858387737793
0.9858313380064124
0.9858283114728071
0.9858378970892925
0.9858319759290082
0.9858214612999757
0.9858385142528489
0.985840728899648
0.9858283726123079
0.9858303432506792
0.985811578074621
0.9858107901687171
0.9858182552667798
0.9858253141802947
0.9858329751282358
0.9858500895354028
0.9858541643248327
0.9858567460984038
0.9858717001528035
0.9858881324709636
0.9858923973925592
0.9858894062190902
0.9858857769649811
0.9858921728128367
0.9858856921255197
0.9858913155708268
0.9858953431371296
0.9858759253509187
0.9858812418507332
0.9858867437744301
0.985888355325871
0.9858950829646828
0.9859034182241891
0.9859056860785268
0.98590388270636
0.9859124801722966
0.9859252102879852
0.9859301928157048
0.9859274963422119
0.9859379257283089
0.9859269252901139
0.9859222091933135
0.9859320597284688
0.98594107118199
0.9859464912264372
0.985956156312894
0.9859572106863217
0.985964363721302
0.9859655785349225
0.9859514474026598
0.985949942854622
0.985951167841774
0.9859446532916943
0.985950615202742
0.9859453825947672
0.9859584426561486
0.9859765891200484
0.9859865149710939
0.9859566067760994
0.9859738378825231
0.9859948795036505
0.9859888339020444
0.9859827661550248
0.9859791382883979
0.9859817161255968
0.9859657120938395
0.985959745246423
0.9859585907990772
0.9859662840128159
0.9859590731996286
0.9859665232619278
0.9859566698132302
0.9859603918854613
0.9859509847257235
0.9859595875037284
0.9859501755438544
0.9859562873674163
0.9859565702700948
0.9859603235256625
0.9859531674309162
0.9859470295425616
0.9859382725877293
0.98593841802025
0.9859448969986694
0.9859432486223367
0.9859476018013101
0.9859357966324223
0.9859342486435015
0.9859312764993976
0.985935711122137
0.9859387522315876
0.9859431157235629
0.9859417869757432
0.9859410313616654
0.9859299065612968
0.9859259372903719
0.9859216395699335
0.9859179024021135
0.9859208283976562
0.9859200633394389
0.9859183618306441
0.9859107861479748
0.9859228448080029
0.985917231131206
0.9859207100922893
0.9859183418459749
0.9859135846403225
0.9859122580427788
0.9859061418234288
0.985917203070396
0.985911773767059
0.9859075170216596
0.9859151581864446
0.9859206857943427
0.9859260135370369
0.985936230898625
0.9859291218208118
0.9859194480404865
0.985918086553013
0.985916935253748
0.9859148668352673
0.9859108672765021
0.9859125412175153
0.9859017950098372
0.9859066900824646
0.9859149862913087
0.9859104585659908
0.985903766035492
0.9858967421946707
0.9858921822501916
0.9858886189489063
0.985875896416855
0.98586368891653
0.985876526745318
0.9858709212771284
0.9858752361096915
0.9858841398008226
0.9858837363880418
0.9858806104401528
0.9858691146198337
0.9858743104255824
0.9858737269106075
0.9858692044932601
0.9858809153331749
0.9858748993806402
0.9858730370805735
0.9858659865072578
0.9858610790830574
0.9858691343571754
0.985868296632475
0.9858583662266248
0.9858681716539675
0.9858739145900991
0.9858805217264406
0.9858829081634227
0.9858910215330235
0.9858940221359404
0.9859006894600434
0.985902359289754
0.9858855691157302
0.9858822054890167
0.9858783436872527
0.9858908965120899
0.9858931540750734
0.9858941242174653
0.9858893934380345
0.9858927944755298
0.985898589721175
0.9859111633385976
0.9859222694049189
0.9859226764766017
0.9859220851703517
0.9859228941174386
0.9859175123036976
0.9859270869912538
0.9859138527979086
0.985916689643515
0.9859156647574396
0.9859227710120337
0.9859281840350671
0.9859223137879574
0.9859196173261449
0.9859228064268037
0.985927615509994
0.9859410058447691
0.9859549847185242
0.9859658306667898
0.985959482057462
0.9859635196734461
0.9859550103558875
0.9859657940583577
0.9859747173576348
0.9859762348697814
0.9859703541190177
0.9859799170113688
0.9859781538723701
0.9859785899397666
0.9859746603489622
0.985975401199605
0.9859823532284818
0.9859753983583843
0.9859779389437919
0.9859821236395481
0.9859753574308907
0.985968789852372
0.9859576876927136
0.9859663553179638
0.9859665410725159
0.9859654621475035
0.9859675911384702
0.9859647665137613
0.9859598101212131
0.9859541698334016
0.9859639018654193
0.9859576148775209
0.9859657230655348
0.9859736208622042
0.9859823767392899
0.9859796858063423
0.9859821724915753
0.9859743844598543
0.9859771456502995
0.9859856682510798
0.9859951427090293
0.9859852330270228
0.9859876495176153
0.9859893086913784
0.9859901859585728
0.9859846373157015
0.9859786157083056
0.9859665086310498
0.9859633882585875
0.9859667291887437
0.9859649814157883
0.985963547926687
0.9859603964812592
0.9859623462263978
0.9859604511942561
0.9859545777336618
0.9859565530518459
0.9859546486335191
0.9859650956493312
0.9859609500948279
0.9859604465599405
0.9859605328429664
0.985966503480247
0.9859665704533239
0.9859660042093763
0.9859645124874918
0.9859753151357015
0.9859805682815962
0.9859845456532554
0.9859866564395918
0.9859837976064125
0.9859886459624942
0.9859932700588063
0.9859901594602065
0.9860089920453221
0.9860076022052441
0.9860013076602038
0.9860050958728683
0.9860161625893845
0.9860077833889318
0.9860028174276871
0.9859959016943617
0.9859842201528662
0.9859911620774885
0.9859935334974265
0.9859963092617707
0.9859937522003424
0.985993595149261
0.985986780503535
0.9859841119019642
0.9859945047600029
0.9860014892550407
0.986005347683808
0.9860109812357888
0.9860090430611809
0.9860078181974721
0.9860119816930376
0.9860189455826678
0.9860247142316839
0.9860263352537189
0.9860290215183622
0.9860272571979586
0.9860302980960025
0.9860369968171928
0.9860325835980813
0.9860421819973937
0.986047070644946
0.9860495151527128
0.9860512816883639
0.9860607244936934
0.986070409266232
0.9860725642534952
0.9860784388116147
0.9860795065757592
0.9860803733437195
0.9860843314632998
0.9860830208527278
0.9860854584917215
0.9860802212252296
0.9860867845439228
0.9860856086613805
0.9860790382908805
0.986071085505233
0.9860723841495177
0.9860780057565687
0.9860762628083477
0.9860787579379412
0.9860765384432632
0.9860839630612473
0.9860724568703899
0.986063230654298
0.9860599376497692
0.9860653783623096
0.986064743546907
0.9860667297575508
0.9860504827806785
0.9860435282294514
0.9860455258979202
0.9860430833939929
0.9860484941584438
0.9860472382247978
0.9860492358525109
0.9860521994384427
0.9860549046543484
0.9860506191623822
0.986049222835843
0.986046538356767
0.9860370871201678
0.9860433185283505
0.986042062988579
0.9860446974580716
0.9860426095812922
0.9860403574737489
0.9860335459861862
0.986038649867194
0.9860355136962471
0.9860370033714771
0.9860341264283248
0.9860404136060611
0.9860358062412383
0.9860350550533161
0.9860501184656818
0.9860541395911127
0.9860519574055207
0.9860562468723133
0.9860647741102483
0.9860652088996962
0.9860623438578106
0.9860561834988039
0.9860635142351365
0.9860658797862435
0.9860619296386887
0.986058504715279
0.9860598105643458
0.9860599525197054
0.986051342039054
0.9860458118247234
0.9860422754312191
0.9860407007677058
0.9860458450986699
0.986040710060356
0.9860418431687634
0.9860442353318177
0.9860442725335217
0.9860402947408122
0.9860432410431131
0.98604083659196
0.9860459212245969
0.9860463033061442
0.9860524087521678
0.9860450420375544
0.9860404327032334
0.9860383055279144
0.9860351407325598
0.9860318219127174
0.9860374094854659
0.9860327529450971
0.9860305603449738
0.9860275244006914
0.9860261436518596
0.9860266850342684
0.9860297501415302
0.986029641110991
0.986028227032909
0.986026589578121
0.9860254459423926
0.9860354850012988
0.9860352753442675
0.9860324860556688
0.9860308565138753
0.9860261592039548
0.9860314384787726
0.9860294445283236
0.9860297218693809
0.9860331810968788
0.9860320795810178
0.9860245098970829
0.9860213020166589
0.9860249782067974
0.9860344582920422
0.986029579402645
0.986038907397955
0.98604315658746
0.9860428929158946
0.9860380310968313
0.9860368828102504
0.986030903354619
0.9860388272118222
0.9860265739115535
0.9860265557916432
0.9860281088131675
0.9860311556550366
0.9860266672270561
0.9860265278658877
0.9860274280427634
0.9860313115782404
0.9860346540587921
0.9860387230004392
0.9860451923856682
0.9860456693442652
0.986043298883718
0.9860408087515703
0.9860402812284731
0.9860417682092543
0.9860420207127443
0.9860446607761435
0.9860375840758074
0.9860369360882372
0.986036070557247
0.9860338701939944
0.9860286653317598
0.9860294994106109
0.9860266723417932
0.9860285128455367
0.9860402438741755
0.9860333413103374
0.986037007617624
0.9860333376744723
0.9860387796745586
0.986037815525844
0.9860381729344805
0.9860432571802717
0.9860349703492076
0.9860420333511001
0.9860406070042044
0.986045992336561
0.9860471054733402
0.9860470783248002
0.9860471725504907
0.9860416327076674
0.9860466998572684
0.9860416813658747
0.9860448619270116
0.9860475327361723
0.9860462791135143
0.9860506818961912
0.9860527680225412
0.9860555071094182
0.9860566392251816
0.9860572923259039
0.9860581477307085
0.9860568249764173
0.986062301833245
0.9860603950815521
0.9860640179465079
0.9860636123129245
0.9860651565039107
0.9860547171454064
0.9860585884423297
0.986068175045578
0.9860698999891596
0.9860685157256226
0.986066332419444
0.9860568554212645
0.9860580997379977
0.9860586976966604
0.9860577111615902
0.9860522430215294
0.9860469880355459
0.9860408625906868
0.9860379466767177
0.9860356188136764
0.9860356614251908
0.9860420147919223
0.9860374201737832
0.9860427816297372
0.9860381976174639
0.9860386389890237
0.9860324364164766
0.9860352530646721
0.9860420627955511
0.9860502113580198
0.9860499187807622
0.986046531976893
0.9860456574669567
0.986051911619327
0.9860490948943795
0.9860428837185399
0.9860397728283922
0.986043027525526
0.9860392506323601
0.9860403166318741
0.9860396865651055
0.9860360610718552
0.9860390432979679
0.9860390642955768
0.9860409771074627
0.9860392571318035
0.9860425010811428
0.9860335945167448
0.9860365107954168
0.9860403105154156
0.9860407402106187
0.9860352031432682
0.9860347007973523
0.9860332439689142
0.9860294980261687
0.9860380240713399
0.9860371310642446
0.9860386506696128
0.9860376635810224
0.9860268783462963
0.9860271977378843
0.9860274428081646
0.9860295824343834
0.9860303875116015
0.9860315204513858
0.9860275360857156
0.9860306809167578
0.986034372124476
0.9860308932017628
0.9860403110968866
0.9860379784828179
0.9860437051035015
0.9860449720563242
0.9860457897276853
0.9860487784708171
0.9860567663327457
0.9860545717019201
0.9860620285446403
0.9860595501931104
0.9860612177650617
0.9860562993490446
0.9860517109925878
0.986055045774398
0.986054177998422
0.9860543541666372
0.9860513652127837
0.9860545667362227
0.9860490709129786
0.9860534789941219
0.9860500273569038
0.98605544539367
0.9860449611073618
0.9860422211962222
0.9860409279099289
0.9860467836835118
0.9860494140787747
0.9860484595646472
0.986056051964642
0.9860563608969447
0.9860579252571632
0.9860530781539564
0.9860555545630498
0.9860621729792793
0.986065508835416
0.9860651824575889
0.9860675664801742
0.9860668929496894
0.9860646160939999
0.9860688893437498
0.9860727650404159
0.9860791323993728
0.9860841146415122
0.986089540993938
0.9860897223998973
0.9860852665006843
0.9860800662539548
0.9860845169499469
0.9860827398658891
0.9860842662455673
0.9860861565462402
0.9860895732588622
0.9860890409643654
0.9860942793727174
0.9860936460287029
0.9860906577959103
