0.9740032004281005
0.9826133071572062
0.9842332519957139
0.9871804167289937
0.9883481475803068
0.9886695125436253
0.9888997328941883
0.9883702110412718
0.9891056634433459
0.9897660724988274
0.9897399740027779
0.9897297383667125
0.9893383622797859
0.9896729648227836
0.989603440781218
0.9892416365982274
0.9892758010969444
0.9892213639682343
0.9890712786783596
0.988934687113873
0.9888720964079555
0.9891207537299518
0.9890465135586886
0.9891697416362466
0.9889623296484242
0.9887382582295269
0.9885686756453016
0.9886416698208975
0.9885402211517809
0.9887545442794701
0.9886300926556368
0.9886877733757566
0.988712070239018
0.988659663842102
0.9886105401709202
0.9887421402297042
0.9887466635931994
0.98858388663005
0.988636815933632
0.9887169857963608
0.9888066952519868
0.9888232230121947
0.9887603620754158
0.9887326558329497
0.9887280103825977
0.9887486498675607
0.9888779034777858
0.9887309953691928
0.9887059806225569
0.9886604275412862
0.9886877125523119
0.9888510515259612
0.9889096470514783
0.9889298979435719
0.9889032545485216
0.9888077615537301
0.98886412752559
0.9889020446819893
0.9889646719622627
0.9889583371899604
0.9889041934126216
0.9889304722637058
0.9889835335625555
0.988929706974002
0.9889744330596921
0.988942117260438
0.9889685372256445
0.9888955295380027
0.9888302868538787
0.988879675389837
0.9889197500280983
0.9889043387782298
0.9889091726527129
0.9888894998886308
0.9887979525235647
0.9887689617901889
0.9888777302112571
0.9889532432297149
0.9889714994981516
0.9889684375926356
0.9889105891558021
0.9888437053583945
0.988854200678357
0.9888596365903828
0.9888462739744359
0.9888632360362071
0.9889309438787405
0.9889110353390196
0.9889408468205353
0.9889330251771016
0.9889416374330418
0.9888963460293516
0.9888769840909379
0.9888720882817079
0.9888492164729514
0.9888545937929721
0.988870068406926
0.9888381946531328
0.9888333048665516
0.9888336743090104
0.988835872087596
0.9887764660612527
0.9887408134649809
0.9887330871759384
0.9887174545068601
0.9886861407752047
0.9887041190849748
0.9887042873355675
0.9886684762789401
0.9886910216192816
0.9886915484045894
0.988672591388695
0.9886828810885742
0.9886747422904161
0.9887143764145147
0.9886960098111972
0.9887088816411735
0.9887065576565974
0.9886745779074542
0.9887151632013026
0.9887305097993007
0.9887388378905779
0.9887819913248506
0.9887693536476226
0.9887858312329606
0.9887782089213794
0.9887507352767992
0.9887669195265009
0.9887479486998682
0.9887673303867723
0.988733736661285
0.9887218549291042
0.988674397624683
0.9886498134961071
0.9885998078644743
0.9886387497696746
0.9886376913645579
0.9886008243699078
0.9886244678145892
0.988619429191307
0.9886179307699122
0.988620754425788
0.9886429321962723
0.9886481166274944
0.9886524868322584
0.9886485860516835
0.9886097572023095
0.9885966122520509
0.9886098078705651
0.9886053009037762
0.9886198363250598
0.9886180584517403
0.9885530574801745
0.9885448520238155
0.9885415210324647
0.9885521453372484
0.9885936012659549
0.988612239501383
0.9886257025034443
0.9886304193740455
0.9886153983781824
0.9885918126570585
0.9886043990297714
0.9886242115531958
0.9886242810268973
0.9886712784536704
0.9886543065145902
0.988633106905371
0.988639990366549
0.9886542730585215
0.9886626168714555
0.988674549996584
0.9886839067236419
0.988707646166343
0.9886827315060013
0.9886982899183571
0.9886878990202657
0.9887207274416598
0.9887242518941676
0.9887393749174598
0.9887294127061398
0.9887257874782459
0.9887352133699265
0.9887001688299865
0.9886974591000208
0.9886828750351793
0.9887088767969388
0.9886830948351869
0.9887074083460781
0.9886933945558464
0.988707205163026
0.9887200001522354
0.9887511821828294
0.9887387287664984
0.9887314927382216
0.9887334863552807
0.9887332719171446
0.9887420896563596
0.9887530292550574
0.9887700622625184
0.9887735445675264
0.9888129310968116
0.9888030596619485
0.9888022891739265
0.9888002731597614
0.9887744247937407
0.9887505370821658
0.9887060185927188
0.9887176450143074
0.988721741248039
0.9887239248192686
0.9887270400960405
0.9887300327993447
0.9887279666322817
0.9887487389155433
0.9887483934458112
0.9887298375283717
0.9887437707125616
0.9887258306372831
0.9887333803156181
0.9887296613557301
0.9887405627615168
0.9887757647784603
0.9887645668221123
0.9887862727941285
0.988799520874379
0.9887603016305583
0.9887640496784964
0.9887613616509096
0.9887574604194342
0.9887632189757738
0.98875686182504
0.9887732298707939
0.988799473029984
0.9888082050335226
0.9887946500655297
0.9887788741382552
0.9887600316472047
0.9887648438212613
0.9887546531265816
0.9887459562431238
0.988752845742412
0.9887500798000316
0.9887549069819275
0.9887520357572733
0.9887691246025008
0.9887907630066097
0.988807504766639
0.9888103037695896
0.9887958968844247
0.9887989930413167
0.988799963679369
0.9888197881998283
0.9888107945308491
0.9888201096595685
0.9888073919926461
0.9888275332772862
0.9888198427458309
0.9888120110247004
0.9888162974086219
0.9888055042560585
0.9888124833432114
0.9888134947767527
0.9888406977102832
0.9888357145422649
0.9888369811132596
0.9888469242968869
0.9888332525650761
0.9888572569225662
0.9888700112396926
0.9888731211529798
0.988862491082507
0.9888564464080847
0.9888459853537466
0.988859136582804
0.9888543037429885
0.9888561598897367
0.9888530652149092
0.9888464947388727
0.9888524704402089
0.9888445709573741
0.9888370099695208
0.9888426763291757
0.9888496084858602
0.9888593462648735
0.9888600353665933
0.9888554436635177
0.9888488744632838
0.9888460161640482
0.9888464632319092
0.9888512263224127
0.9888565385537355
0.9888611403649934
0.988854311108856
0.988866803512382
0.9888645440780597
0.9888653243532757
0.9888361587366067
0.9888421278003278
0.9888452308498051
0.9888292864685623
0.9888482656164724
0.9888465245673775
0.9888541315897144
0.9888549463841333
0.9888517224804525
0.9888243381346327
0.9888355697060622
0.9888201124787488
0.9888157706210715
0.988818685225494
0.9888314009377439
0.9888471086992422
0.9888387188172202
0.9888312487770297
0.9888262845056645
0.9888432040504068
0.9888176706385149
0.9887983816576599
0.9888013041154967
0.9887915050630919
0.9887947679958136
0.9887999573400109
0.9887727216453354
0.9887620448751241
0.9887875521554422
0.9887767561970184
0.9887865092264384
0.9887857732248763
0.988807247802609
0.9888052758256124
0.9888041885438524
0.98878505590087
0.9887815568879715
0.9887752834589779
0.9887734249688578
0.9887641480520144
0.9887741985850653
0.9887582477187228
0.9887598108939338
0.9887484676147733
0.9887432989494339
0.9887382753326257
0.9887487355844037
0.9887575473593931
0.9887671778898874
0.9887594222042837
0.9887744565313625
0.988771236909222
0.9887685099145113
0.9887594796453002
0.9887620374682174
0.9887385030869913
0.9887318161236711
0.9887260409985758
0.988724240521644
0.9887480698717418
0.9887284822775658
0.9887224553515988
0.9887257309196336
0.9887311356588476
0.9887288717117565
0.9887003289780046
0.9887131272719014
0.988711191367475
0.988720039728482
0.9887327532626012
0.988717655407083
0.9886979134899887
0.9887018181857045
0.988707898046603
0.9887264532493216
0.9887348912958553
0.9887470210340414
0.9887458346794864
0.9887496991809829
0.988740703312613
0.9887465549655452
0.9887414067815455
0.9887484878267354
0.9887603573095392
0.9887601438674055
0.98876549266648
0.9887537863570104
0.9887452130643216
0.9887519670342307
0.9887653652157486
0.9887656715544534
0.9887769836295391
0.9887784320498697
0.9887736143144423
0.9887911073283029
0.9887962427347703
0.9888153774099813
0.9888085688697903
0.9888192732160612
0.9888060361125831
0.9887957915248318
0.9887821299815814
0.9887793912260411
0.9887781291319989
0.9887746395657382
0.9887660584896498
0.9887678694349984
0.9887742642561356
0.9887712592885856
0.9887868513679093
0.9887770533214582
0.9887655154528334
0.9887646520635421
0.9887533239615462
0.9887416894654254
0.9887525021344453
0.988766011065669
0.9887685044336131
0.98876624829269
0.9887755035614251
0.9887724876633305
0.9887775648273869
0.988777136170206
0.988767786231485
0.988768624954607
0.9887730203241377
0.9887789603386735
0.9887836056830063
0.9887986296642558
0.9887898085104021
0.9887798540412356
0.9888088078797457
0.9888123447218811
0.9888108831223366
0.9888108696657096
0.988801646924243
0.9888071796843009
0.9887960731149062
0.9887983502596785
0.9887955182597686
0.9887815226589782
0.988778960483221
0.9887803742012443
0.988769242523266
0.9887795989378785
0.9887749420818572
0.9887778395354787
0.988784006831667
0.9887879706027342
0.9888049241086014
0.9888058660222049
0.9888072819763424
0.9888167824024571
0.988806585129865
0.9888078158081259
0.9888139128650564
0.9888246963996006
0.9888442631288719
0.9888432946999324
0.9888373553180655
0.9888307779576306
0.9888314574102669
0.9888225498565593
0.988816206968675
0.9888129603115591
0.9888187662419912
0.9888124568629064
0.9888075874793453
0.988809227525557
0.988815535195502
0.9888245745245436
0.9888100944714364
0.9888164687975857
0.9888320405810048
0.9888288558712434
0.9888293085074582
0.9888378055001598
0.9888409098046366
0.9888313313748038
0.988821246498275
0.988831547395677
0.9888255580194321
0.9888194891634136
0.9888133513254282
0.9888121922846596
0.9888205202517693
0.9888101601416653
0.9888201216047066
0.9888135310521065
0.9888101210838324
0.9888123831152468
0.9888154903849412
0.9888129157424501
0.9888015202080674
0.9887862243155604
0.9887968679460993
0.9888088205159931
0.9887997194505191
0.9887979075014457
0.9887925924011491
0.9887938512841891
0.988792056862746
0.9887996252874451
0.9888067730433889
0.9888126438834488
0.9888181616959806
0.9888215716054248
0.9888173901527623
0.9888252802766737
0.9888308370596095
0.9888328849001174
0.9888275433344174
0.9888238044541414
0.9888245709069525
0.9888252709913576
0.9888205688790596
0.9888120725090815
0.9888103176715668
0.9888043490955042
0.9887988245272058
0.9888049650200725
0.9888153960632551
0.9888276551295245
0.988822671256685
0.9888213662226154
0.988827615139967
0.9888273036148979
0.9888366324549586
0.9888392567347165
0.9888383518682183
0.988826642510157
0.9888233879285541
0.9888178663634531
0.9888099466036977
0.9888081654261729
0.9887981916059971
0.9887950328486363
0.9887912088322551
0.9887948312225499
0.9887961892969551
0.9887842044899177
0.9887876422821196
0.9887893037034005
0.9887867381168417
0.9887811538371188
0.988775685589955
0.9887816469830157
0.9887746497587627
0.988773618939836
0.988781003524779
0.9887775338817623
0.9887732563326508
0.9887745678414762
0.988783192239591
0.9887711744418023
0.9887652884004784
0.9887706756982795
0.9887710805241342
0.9887709538025943
0.9887658811294086
0.9887641033518254
0.9887665046205963
0.9887646739161995
0.9887589022130362
0.9887617497913375
0.9887646255580478
0.9887675724662855
0.9887653153903648
0.9887607800219652
0.9887647840809097
0.9887711002053863
0.9887690899233939
0.9887629159395109
0.9887525363549678
0.9887495544278198
0.9887531465702105
0.9887591509802678
0.988752861695072
0.9887527089520874
0.9887523462758695
0.9887602498337613
0.9887653456777963
0.9887641090286393
0.9887635593088933
0.9887668303063076
0.9887689665992384
0.988770619273161
0.9887725774383139
0.9887546921535806
0.9887592671472641
0.988761599353796
0.9887659662437258
0.9887698786375687
0.9887739615545115
0.9887700226854014
0.9887752457346077
0.9887737869087243
0.9887780416196009
0.9887846401786735
0.9887817198335264
0.988779410063487
0.9887843807043929
0.9887782835981085
0.9887782075925933
0.9887866460682949
0.9887919293328364
0.9887930274051806
0.988793227866197
0.9887870904901837
0.9887902875714818
0.9887899566548223
0.9887919154150785
0.9887962958761567
0.9887928607361187
0.9887896576043451
0.9887892260178016
0.9887835571467337
0.9887883999210838
0.9887785888164609
0.9887888931827636
0.9887927823703682
0.9887925128915357
0.9888002065426852
0.9888022441841116
0.9888045638429782
0.9887965264233111
0.9887967464138978
0.9887961628483569
0.988795801187084
0.9888011536103541
0.9888058866009302
0.9888096290012456
0.9888140216660574
0.9888098022170531
0.9888040259721241
0.9888080325383911
0.9888147000433908
0.98880811890493
0.9888109475367118
0.9888098338243867
0.9888143091341706
0.9888098823631867
0.9888108216224731
0.9888103426440376
0.988819298592582
0.9888216919869649
0.9888103085420085
0.9888126758791385
0.9888141785579343
0.9888093450286264
0.9888158659124475
0.9888060120404186
0.9888079218016617
0.9888080377251631
0.9888106281562817
0.9888033542006222
0.9888051894986738
0.9888034498899119
0.9888009826435757
0.9888051954174895
0.9888030377859436
0.9888045583895223
0.9888101073428698
0.9888098093440224
0.9888131097752131
0.9888170034505894
0.9888184474468669
0.9888242037818836
0.9888283288363761
0.9888356239430178
0.988847653472425
0.9888530883673073
0.9888474356344122
0.9888422227209415
0.9888515017020059
0.9888507365425018
0.9888426651600116
0.9888337716115514
0.9888298126581405
0.9888272664139808
0.988823211909561
0.9888241078045047
0.9888281055798639
0.9888243984291419
0.9888317124845496
0.9888239613357139
0.9888270404062208
0.9888275979675695
0.988831019229469
0.9888393741511802
0.9888374722970957
0.9888411484596763
0.9888432343905315
0.988844962791596
0.9888472055157902
0.9888480344112156
0.9888503497264267
0.9888513262416312
0.9888545507523634
0.9888531049587029
0.9888504247053204
0.9888549764172768
0.9888613909877492
0.9888621968337342
0.9888644579394963
0.9888627120072268
0.9888669647974683
0.9888702459954624
0.9888782617519967
0.9888756379692135
0.9888804739508277
0.9888811084413147
0.9888737402072355
0.988874969414447
0.9888720044126348
0.9888793247519272
0.9888764334504636
0.9888800565047838
0.9888776106205664
0.9888747487551538
0.9888767110848419
0.9888750835799712
0.9888725636893012
0.9888680056356539
0.9888714873814611
0.9888650201145087
0.9888572880035498
0.9888535492621382
0.988857616389198
0.9888562289498266
0.9888507774159163
0.9888372423314779
0.9888352696737005
0.9888285632652051
0.9888309704803313
0.9888328823746925
0.988828620711509
0.9888324629961873
0.988835350852622
0.9888434237418681
0.9888412011091333
0.988842439016239
0.9888388276058575
0.9888323024030066
0.9888338209066987
0.9888326000912517
0.9888351808069707
0.9888404175246335
0.9888407839482711
0.9888398419777746
0.9888416966766154
0.9888357233606915
0.9888348026908338
0.9888289549172745
0.9888308561033393
0.9888281768552999
0.9888269760318591
0.9888329012692073
0.9888345839877779
0.9888356439198426
0.9888379300454251
0.9888488921824345
0.98884962539709
0.9888519847990856
0.9888525098330623
0.9888632449641641
0.9888580482016144
0.9888629176029127
0.9888715760356069
0.9888627040479206
0.98885786875759
0.988851401569909
0.9888477007665769
0.988847124640785
0.9888513474359144
0.9888565402571161
0.9888543825132575
0.9888554175354911
0.9888523799460752
0.9888500958819167
0.9888485111721641
0.9888468753657812
0.988836754926131
0.9888382779076315
0.9888421642118681
0.9888434924717681
0.9888427572629612
0.9888388761694817
0.9888422211670185
0.988840117019314
0.9888361978395681
0.9888420775581631
0.9888370071020738
0.9888374721688126
0.9888399312194681
0.9888396175023915
0.9888384783096428
0.9888427723242317
0.9888406079322496
0.9888341789941155
0.9888263443965901
0.9888300414712163
0.9888418970768195
0.9888357566643841
0.988835841624938
0.9888324781267739
0.9888327981864027
0.9888300392264595
0.988825964117239
0.9888114770419002
0.988816204700396
0.9888176679299798
0.9888155148849095
0.9888129921900668
0.9888112401532346
0.9888135453988438
0.988809570222347
0.9888128027096816
0.9888200301673091
0.9888240474447025
0.9888165588860306
0.98881026689743
0.9888152722574299
0.9888257083512245
0.9888236588918674
0.9888208679842316
0.9888240779609938
0.988822940951004
0.9888189131507926
0.9888181776997352
0.9888154163391802
0.9888149496671876
0.9888177625033409
0.9888245213896102
0.9888252043033966
0.9888275282809457
0.9888298365023815
0.9888251017108345
0.9888256839941016
0.988826093936393
0.9888202095955003
0.9888170901734437
0.9888140237665183
0.9888138020629191
0.9888110679335402
0.9888097810816808
0.9888122636540405
0.9888160343305845
0.988813262098806
0.9888142821522132
0.9888222625837181
0.9888259305794967
0.988832095876147
0.9888376160567753
0.988840814260727
0.9888454589459439
0.9888518748119803
0.9888548506077038
0.9888513180946639
0.9888522250144828
0.9888535267312579
0.988857244411884
0.9888610030097775
0.9888643266341773
0.9888669217705001
0.9888634429209633
0.9888638139075132
0.9888612912980521
0.9888639523645153
0.988866730750611
0.9888685973380592
0.9888742137341663
0.988880762957236
0.988884180731176
0.9888859757651652
0.9888876952773011
0.9888910930687259
0.9888911565633192
0.9888947363224247
0.9888870631854523
0.9888843183617558
0.9888840648850084
0.9888864048815964
0.9888808384914954
0.9888813179209363
0.9888923504781274
0.9888902299883244
0.9888879520621889
0.9888853536260062
0.9888823736849097
0.9888813535936333
0.9888816077973479
0.9888844641176419
0.9888855977362238
0.9888864624015758
0.988890345715761
0.9888906218473711
0.9888875527900811
0.9888836496445204
0.9888893022779655
0.9888917604660628
0.9888930805851538
0.988889874524185
0.988892743030962
0.9888956945167767
0.9888932838356773
0.9888945170139612
0.9888948953770098
0.9888928140783856
0.9888880590189282
0.988884840022702
0.9888909132854359
0.9888890738210434
0.9888871153046154
0.988886405026909
0.9888832523282407
0.9888805033580771
0.988880787127986
0.9888777074770067
0.9888740772960679
0.9888762453690699
0.988876208599341
0.988883636634608
0.9888820283501292
0.9888883539258891
0.9888872387803164
0.9888890134389082
0.9888887021120809
0.988884712142862
0.9888831569180031
0.9888837922787707
0.9888751026825393
0.988871148634536
0.9888782336679377
0.9888796489400399
0.9888788947366352
0.9888757176267017
0.9888729220006367
0.9888745063677713
0.9888725197123831
0.9888695494781179
0.9888671617295555
0.9888682517342673
0.9888680689539241
0.9888707583160196
0.9888737224297801
0.9888696706581936
0.9888692367056497
0.9888725067028112
0.9888762359859631
0.9888710653172273
0.9888725061188728
0.9888741101406046
0.9888759469947664
0.9888716612010129
0.9888724795684554
0.9888719140933686
0.9888718005779643
0.9888735844409899
0.9888769920463593
0.9888736619337429
0.988865848716718
0.9888702414770699
0.9888688458616088
0.9888732764556004
0.9888715674642966
0.9888752900956311
0.9888737751596416
0.9888786246047728
0.9888705296047131
0.9888663851272366
0.9888653948413877
0.9888648061261528
0.9888653870607725
0.9888685527472046
0.9888727884585531
0.9888725502506245
0.9888731762841564
0.9888715321284196
0.9888691341802249
0.9888764493225437
0.9888832041952161
0.9888786501970667
0.9888806902725279
0.9888800229411358
0.9888750515672324
0.9888762290424448
0.9888756201760746
0.9888750024047198
0.9888760721153632
0.9888753300719451
0.988879095631234
0.9888800768134325
0.988874899468003
0.988880301651815
0.9888769574216072
0.9888772800438023
0.9888805988375379
0.988883050129932
0.9888771839944704
0.9888840148193944
0.9888824532656612
0.9888849495509809
