0.9609902490449886
0.9744013448599038
0.9770000137845036
0.9814867414065945
0.9831384237993452
0.98505666182886
0.9865733305013552
0.9868631942032287
0.9880309691659994
0.988722525638385
0.988736461437889
0.988557092735525
0.988337376440161
0.9885346363708977
0.9888900421626632
0.9890133646570657
0.9890990347775033
0.9892794928447213
0.9889151736443862
0.9888996382706452
0.9891282647616119
0.9894361229874062
0.989433049597762
0.9894414881217536
0.9891306994603705
0.9887748190784618
0.9886894433328484
0.9888600992153804
0.9887369083435522
0.9889073983840576
0.9888754309793494
0.9889552254728153
0.988880428314839
0.988731507141046
0.9887220788375058
0.9888223745663732
0.9889011596874754
0.9888244421831968
0.988904627374031
0.988779804556787
0.9888608159039268
0.9888465901289201
0.9888348188099971
0.9889459633353719
0.9889562577532982
0.9887991228126681
0.9889311014366988
0.9889520686429358
0.988919660241562
0.9888908643442178
0.9889604939815044
0.9891243192129694
0.9892108964186738
0.9891132985324873
0.9891143383301214
0.9890677739833829
0.9890754104666559
0.9891375162340211
0.989207181637498
0.9891607080280329
0.9891761904121966
0.9891708612171498
0.9892472491018799
0.9892224554049637
0.9893375603071144
0.9893719471930121
0.9893707546869247
0.9893585897652598
0.9893752227595322
0.9894772246252125
0.9895183985944196
0.9894945849075266
0.9894604728640485
0.9894733906781682
0.9894579753472396
0.9894111968387507
0.9894147354326347
0.9894005388678694
0.9893360779418323
0.9893453616248281
0.9893168705764779
0.9892346673908871
0.9892842188374558
0.9893275800267288
0.9892857221529275
0.9893118428183398
0.9892883581501534
0.9892604238405478
0.9893084245644455
0.9892421227237119
0.9892270178363753
0.9892230997647642
0.989221807406005
0.9891970124827111
0.9891718460463705
0.9891901729050373
0.9892022055214879
0.9892549678546146
0.9892536523495433
0.9892593769932599
0.9892860207844768
0.9892519651070181
0.9892533220347152
0.9892450006717559
0.9892569815926644
0.9892497388890902
0.9891938851065812
0.989207702485694
0.9892339206146714
0.9892024674321794
0.9892351606825335
0.9892472957168669
0.9892176265522499
0.9891153215934881
0.9891620612000543
0.9891279783169475
0.9891594662834646
0.9891413643250597
0.9891334482929542
0.9891502781374247
0.9891430153691226
0.9891495938122264
0.9891264370604597
0.9891265237981319
0.9891255842833964
0.9891121720417034
0.9890521903275987
0.989080908804086
0.9890864068471763
0.98904854190537
0.9890531486119206
0.9890284501268887
0.9889814572601363
0.9890230226306307
0.9889822505039437
0.9890244942471492
0.989022647130942
0.989003563556518
0.9889653630618895
0.9889452032229376
0.9889601725155149
0.9889353370783968
0.988957727025482
0.988969147307549
0.9889859466924801
0.9889965225612231
0.9889515410566817
0.9889142772640687
0.9889657770737135
0.9889554529962084
0.9889207677303685
0.9889169458972942
0.9888382736168022
0.9888156721560969
0.988781641797518
0.9888282575509788
0.988850703859089
0.9888225581478157
0.988820283257763
0.9888076383672918
0.9888020438379796
0.9887886271598824
0.988799152473658
0.988771167639286
0.9887804262457772
0.988808516277929
0.9888272374658189
0.9888140768293545
0.9888320085442935
0.9888257005989015
0.9888374647690742
0.9888212735964539
0.9888459641086984
0.9888530842197425
0.9888042157829192
0.9888337427633432
0.9888437725111747
0.9888671808681524
0.9888684575784316
0.9888973323353841
0.9889234460895806
0.9889256684183232
0.9889536097872094
0.9889391163568928
0.9889341080972768
0.9889463518993604
0.9889745203952228
0.9889212261215611
0.9889052877650215
0.9888757735855902
0.9888943865992063
0.9888995383942858
0.988886756614612
0.9889110582273202
0.9889131852767828
0.9888983347610928
0.9888614265603055
0.9888637065646277
0.9888797623438422
0.988881323151555
0.9888872571444175
0.9889257292202487
0.9889205128734029
0.9889140432833898
0.9888683505428921
0.9888737261778465
0.9888472022087889
0.9888188924376122
0.9888255077621693
0.9888427162381277
0.988828779434989
0.9888352815983626
0.9888180153323848
0.9888292849339718
0.9888407369326346
0.9888275271295162
0.9887922097711838
0.9887961203441734
0.9887489133326713
0.9887439908237923
0.988747397058612
0.9887770382000701
0.9888079834296185
0.988807277832483
0.9888432905744396
0.9888644549167603
0.9888340297347348
0.9888417956768151
0.9888374132666262
0.98883862449748
0.9888303242582467
0.9888370785829165
0.9888431387664998
0.988852905194057
0.9888725144316283
0.9888599444157166
0.9888244945822519
0.9888244440156173
0.9888216956086885
0.9888239548323986
0.9888112159570318
0.9888192195890381
0.9888071157047617
0.9888222887761677
0.9888339042268819
0.9888282161940289
0.9888523488415221
0.988850782511749
0.9888348352840808
0.9888258807382944
0.9888362451227334
0.9888600448102154
0.9888817448823725
0.9888928287029296
0.9889059910156556
0.9888888792016871
0.9888833179808652
0.9889032362995908
0.9889037354967107
0.9889227714164355
0.9889176358354341
0.9889271975937072
0.9889367333846293
0.9889548973673614
0.9889565890191222
0.9889395945512789
0.9889424215484414
0.9889253483194337
0.9889222194963484
0.9889341826100017
0.9889597652757205
0.9889561979361284
0.9889634633972869
0.9889726708282959
0.9889887049401215
0.9890099322891476
0.9890005906777543
0.9889962885450622
0.9889928754115772
0.9889862480922671
0.9889839815004996
0.9889634054084133
0.9889624102376714
0.9889414823612042
0.9889394653684355
0.9889306618655047
0.9889145819669767
0.9889238581208272
0.9889001869801953
0.988893694373747
0.9888762325538135
0.9888811489450122
0.988891321942207
0.988888412906971
0.9888963310021132
0.9889085971901307
0.9889129999202216
0.9888970880707492
0.9888800507245162
0.9888760727746927
0.988860031992502
0.9888729735923988
0.9888761572314313
0.988875877708922
0.9888875085039986
0.9888900805028019
0.9888812986910855
0.9888825118121622
0.9888836419837354
0.9888760887337674
0.9888633450667035
0.9888625283908823
0.9888674926204812
0.9888668269451901
0.9888520755769652
0.9888380619421155
0.9888421203417265
0.9888324902059347
0.9888269876224527
0.9888248577223434
0.9888139017911493
0.9888309365407781
0.9888329348653158
0.9888177429936186
0.9888097818595191
0.9888182649503541
0.9888054509736843
0.9888150289429283
0.988815802430403
0.9888299976949205
0.9888210826824215
0.9888180538773021
0.9888034141856766
0.9888027006031643
0.9887991226392305
0.9887827749107709
0.9887889696639055
0.988807147058522
0.9887964335993494
0.9887943349647383
0.988799348373155
0.9888017129539003
0.9887981593662049
0.9888017699912725
0.9888051712681761
0.9888215886328768
0.988814392931323
0.9888045513578143
0.9888055531688383
0.9887816232252277
0.9887734428831846
0.9887792529164763
0.9887650516285145
0.9887668780131055
0.9887579582511292
0.9887544595793228
0.9887712046233132
0.9887521696904849
0.988746061247126
0.988757860585152
0.9887680119512015
0.9887610075447146
0.9887407108451796
0.9887414580540295
0.9887350940572792
0.9887318186904974
0.9887309170734472
0.9887474938307913
0.9887147530984941
0.9887111017450301
0.9887128008000371
0.9887305262981247
0.9887436929447003
0.9887534981007056
0.9887573681827778
0.9887700965175445
0.9887463507898517
0.9887403407775744
0.9887401272422115
0.9887315616931386
0.9887373230666073
0.9887303008548824
0.988728571650357
0.9886956597258635
0.9886968258525135
0.988690844403637
0.9886973916942635
0.9887090654475611
0.9887136927856203
0.9887116337273855
0.9886854597406175
0.9887020603706154
0.9887063791576433
0.9887283184646217
0.988711518782851
0.9887064987897303
0.988698621022414
0.9886896139319006
0.9886740443269358
0.988672271375819
0.9886820556187373
0.9886785247820098
0.9886805324436622
0.9886769771831013
0.9886847482683438
0.9886862754718821
0.9887081333127099
0.9887077576852049
0.9887012424282157
0.9887094528112983
0.9887116046195639
0.9887032109536501
0.9887144706107102
0.988718258959769
0.9887245722554586
0.9887168727087394
0.9887305758175666
0.9887421490822094
0.9887325378752363
0.9887375575329009
0.9887206539380935
0.9887248729013789
0.9887426759696567
0.9887601645895481
0.9887550821081146
0.988756974555793
0.9887441686815641
0.9887385105872468
0.9887470291633775
0.9887437770996512
0.9887547164281896
0.9887427781534313
0.9887404382724991
0.9887514663617349
0.9887456701092936
0.9887385449199408
0.9887457392668297
0.988721348902502
0.9887340437475345
0.9887522553723328
0.9887586541020531
0.9887805116432495
0.9887680009943522
0.9887679151644713
0.9887762667732545
0.988767197742578
0.9887640823439432
0.9887622677717071
0.9887590877328617
0.9887564463243549
0.9887460051943725
0.9887496629600213
0.9887600167025075
0.988768906627275
0.9887842939053646
0.9887998972113206
0.9887712694056778
0.9887685934497624
0.9887646826305035
0.9887561322711543
0.9887476637901265
0.9887445738591747
0.988742784595659
0.9887369216608063
0.9887373026917786
0.9887441093632349
0.9887680442111892
0.9887812081344272
0.9887627861147121
0.9887843301762643
0.98880367088127
0.9888029637026495
0.9887995849898473
0.9887958770445016
0.9887952286853648
0.9887713645280743
0.9887619950309843
0.9887703293047969
0.9887647476111848
0.9887667485230716
0.9887760492069926
0.9887801103903019
0.9887804368685622
0.9887661185541615
0.9887602709296542
0.9887530435410805
0.988758451369449
0.9887663679498061
0.9887679531464864
0.9887626357576068
0.9887459594864005
0.9887368874735696
0.9887457923873759
0.9887417872881789
0.9887437280634696
0.9887504649268205
0.9887430310497265
0.9887375102693984
0.988738112857135
0.988738604257162
0.9887486407254269
0.9887593798934186
0.9887696955191619
0.9887685814584087
0.9887689164224889
0.98876284364988
0.9887690576644671
0.9887770023282808
0.9887745779696887
0.9887724819142879
0.9887785901788543
0.988781076779939
0.9887795628073031
0.9887710219105563
0.9887715073721484
0.9887750821156269
0.9887588523781076
0.9887575968182652
0.9887622102841646
0.9887705696389409
0.988764320382637
0.9887643604836481
0.9887769823196929
0.9887820656884525
0.9887968554939596
0.9888195484750331
0.9888127771431455
0.9888121675736058
0.9888158952564374
0.988820033645683
0.9888202399890064
0.9887985962169071
0.9887986554284462
0.9887826396730783
0.9887774936926217
0.9887827260004872
0.9887804177728932
0.9887710325546945
0.9887638429483812
0.9887711048875144
0.9887702634716148
0.9887542095033397
0.988742738987547
0.9887493633119588
0.9887448600756824
0.9887393681069142
0.988747953820491
0.9887442175575445
0.9887371961804724
0.988738869703266
0.9887431599861592
0.9887382046474986
0.9887307012100963
0.9887413879609599
0.9887287094784879
0.9887210180989351
0.9887218118015396
0.9887062320246288
0.988712278890452
0.9887161378154069
0.988708576637054
0.9887077890983483
0.9887113506616501
0.9887217693692969
0.9887238057745823
0.9887295079600157
0.9887282134354497
0.9887311955429147
0.9887362079525805
0.9887275281118629
0.9887168372606033
0.9887052980283617
0.9887033010680374
0.9887110995761338
0.9887114700609692
0.9887122307307005
0.9887104763860409
0.9887176792369143
0.9887164628605014
0.9887232284924011
0.9887183363576703
0.9887159361725848
0.9887154993070948
0.9886978524646899
0.9887026115601287
0.9886873650051147
0.9886897491724248
0.9886958268359405
0.9887046429762565
0.9887093173907828
0.9887003772328248
0.9886902084129056
0.9886881870931242
0.9886916569753784
0.9887002613904207
0.9887090119547267
0.9887117160108944
0.9887133635398992
0.9887201600423219
0.9887208922792111
0.9887272113317234
0.9887390264198388
0.988748054148986
0.9887456024009128
0.9887380387150249
0.9887311187023684
0.9887251886410162
0.9887307555109468
0.9887271608650424
0.9887384332426309
0.9887420451822528
0.9887427499487639
0.9887446893011855
0.9887441022642265
0.9887447544699922
0.9887379153430348
0.9887385782659665
0.9887443363754855
0.9887390593332211
0.9887514080920236
0.9887446545282964
0.9887470386428696
0.9887436246866761
0.9887473800067493
0.9887489458117579
0.988755892913811
0.988761318645433
0.9887620592771944
0.9887560400742231
0.9887666561658094
0.9887627505595418
0.9887532263705314
0.9887573767584104
0.9887640121027501
0.9887511422724587
0.9887553096620889
0.9887542946246228
0.9887627208669014
0.9887619943529907
0.9887674312629765
0.9887579446719573
0.988768637225213
0.9887693104941055
0.9887567756928209
0.9887676141884464
0.9887596307261143
0.9887553957855624
0.988753267810162
0.9887478351118686
0.9887493709080594
0.988745214109003
0.9887423549068282
0.9887283745351849
0.9887258020921169
0.9887315398708472
0.9887254408490245
0.9887278534852344
0.9887184878085421
0.9887210517967462
0.9887336090445846
0.9887293788722907
0.9887375499345038
0.9887456502457354
0.9887360163865726
0.988730725949385
0.9887314770522313
0.9887241643171116
0.9887350503081438
0.9887369162101632
0.9887361109106094
0.9887322505147172
0.988741643977703
0.9887356869356382
0.9887315847901138
0.9887190412035142
0.9887194751258842
0.988718182710763
0.9887130549904173
0.988723030387419
0.9887258406974371
0.9887255767094071
0.9887268281886415
0.9887196028135061
0.9887251811642868
0.9887303822189965
0.988735106848315
0.9887467518376427
0.9887417177682462
0.9887372820697359
0.9887387275520695
0.9887352851113055
0.9887406000094756
0.9887387806370942
0.9887312697231228
0.9887306776576941
0.9887286333293395
0.9887264997291015
0.9887240015233324
0.9887289108656643
0.9887215275914153
0.9887194440104468
0.9887245477160436
0.98873137822213
0.9887474332279637
0.9887471125232468
0.9887541808483972
0.9887525432155541
0.9887489269922383
0.9887490067580836
0.988744775283829
0.988745428625873
0.9887440131859585
0.9887466964058602
0.9887461950917629
0.9887457664942958
0.9887416426278183
0.9887418260053658
0.9887548549768145
0.9887498331557278
0.988751757890696
0.9887444087179271
0.9887598461176368
0.9887567055467601
0.988754039350648
0.9887431635267946
0.9887519176109675
0.988755757792665
0.9887569653392552
0.9887468729375375
0.9887428703406285
0.9887422269292007
0.9887376875193056
0.9887397533515763
0.988743049706587
0.9887431078994
0.9887485478192364
0.9887524763194483
0.988747182852832
0.9887473733735386
0.9887449488278589
0.9887339075190854
0.9887396248305906
0.9887404318304103
0.98874619788692
0.9887474439810593
0.9887536316786631
0.9887475886577621
0.9887487197309011
0.9887437808810265
0.9887407305964888
0.988731960124485
0.9887377010577619
0.9887299391737806
0.9887277964037112
0.9887332014308966
0.9887337141050662
0.988732751707634
0.9887387063876125
0.9887499156261981
0.9887444211583049
0.9887443469151289
0.9887512845620776
0.9887592796321607
0.9887548793862242
0.988758257513276
0.9887626110679044
0.9887632905946331
0.9887592150292415
0.9887524118543362
0.9887479074784682
0.9887484716608647
0.9887441468830725
0.9887501003966139
0.9887484523788344
0.988744882671976
0.988744738231217
0.988745921108218
0.9887410844050227
0.9887405951317709
0.9887334761108783
0.9887378458698779
0.9887334780168074
0.9887387218496714
0.9887358989567667
0.9887310998283251
0.9887352135067189
0.9887352316906491
0.988728454107768
0.988728453322924
0.988727364601415
0.9887280365547676
0.9887289661149431
0.9887232420894998
0.9887196906853283
0.9887170541514515
0.9887207123919309
0.9887141769532904
0.9887140939779944
0.9887138534536004
0.9887233282133919
0.988718341837532
0.988713791051714
0.9887161264400337
0.9887108168400305
0.9887160160569387
0.9887182180777692
0.9887053990863667
0.9887144297139152
0.9887097801322319
0.9887037712864685
0.9887017029081182
0.9887032656650877
0.9887104416990423
0.9887066503577681
0.9887059658787435
0.9887156426436431
0.9887162835343805
0.9887110054090685
0.9887023649579099
0.9886958262531089
0.9886940660377606
0.9886819550081278
0.9886739010471312
0.9886828849424878
0.9886823303466236
0.9886735188992215
0.9886700669680218
0.988673656093379
0.9886770773685706
0.9886795387333647
0.9886811075518157
0.9886883356901945
0.9886935656315379
0.9886882732029598
0.9886883343965686
0.9886892759293422
0.9886926406009584
0.9886973041255431
0.9886941556388574
0.9886875335268678
0.9886855238010751
0.9886861544473723
0.988680336129856
0.9886774206006381
0.988678145019619
0.9886766909126434
0.9886806479193005
0.9886873028780873
0.988688188368256
0.9886931344303254
0.9886974065361311
0.9887109484036682
0.9887152283557117
0.9887160701944298
0.9887227565425377
0.9887211837710208
0.988724907934377
0.9887203672364284
0.9887197434103563
0.988718890954902
0.9887213340435037
0.9887212351510352
0.9887178141238185
0.9887249139910311
0.9887230333008002
0.9887307203203244
0.9887286508439495
0.9887222626532092
0.9887257436614448
0.9887334655628397
0.9887402496717138
0.988748144006301
0.9887489885518752
0.988752829773998
0.9887595656063924
0.9887697117785171
0.9887661240018645
0.9887672031429449
0.9887597501901945
0.9887573595587003
0.9887480283918616
0.9887519759196571
0.9887586023317898
0.9887544314759953
0.9887551088105685
0.9887563262961666
0.9887446604843612
0.9887426223651575
0.9887415855992346
0.9887502357814383
0.9887492560712683
0.98874926936531
0.9887381547515087
0.9887374473388602
0.9887390260495146
0.9887440957368768
0.988745989488858
0.9887397089642234
0.9887416987592202
0.9887372469974893
0.988738224526042
0.9887354154236979
0.9887356184328014
0.9887323379669777
0.9887370884313819
0.988739913209065
0.9887318998868705
0.9887218402378788
0.9887238285125823
0.988718006660706
0.9887120382767185
0.9887060107334139
0.9887070905098481
0.9887079610774829
0.9887080533518785
0.9887038702421064
0.9886982041531147
0.9887005686412333
0.9887049311335893
0.9887023540083857
0.9887031007229559
0.9887075003368202
0.9886987734250481
0.9887020512403482
0.9887024810254841
0.9887065501854029
0.9887092218244967
0.9887097376982125
0.988708006064633
0.9887087664133629
0.9887185022578899
0.9887138764484839
0.988713552090609
0.9887079254149762
0.9887059950038875
0.9886999331371269
0.9886951126685688
0.9886946816439666
0.9886893469504804
0.9886949876773743
0.988694649131947
0.9886998207697479
0.9887030272176128
0.988703393676513
0.988707897218276
0.9887101527428009
0.9887156456908274
0.9887131409802407
0.98871736422856
0.9887197003147141
0.9887251322597486
0.9887258148868725
0.9887333038276017
0.988731233483911
0.9887342003475418
0.9887367395460885
0.988738761449011
0.9887423901957898
0.9887432230531223
0.9887431870335333
0.9887488916512003
0.9887454010205345
0.988738910723178
0.9887362302037674
0.9887327404672365
0.9887358644928977
0.9887267060624205
0.9887263103204095
0.9887238779694221
0.9887248360033596
0.9887270057992225
0.9887307456593462
0.9887346113189904
0.9887330222588087
0.9887322933150829
0.9887348279588262
0.9887312004088654
0.988737211099808
0.9887414577538804
0.9887427015726769
0.9887424245818109
0.9887379157489105
0.9887327368022996
0.9887359562559715
0.9887412603268316
0.9887498245220047
0.9887599617214892
0.9887673472159566
0.9887764554229929
0.9887825344114537
0.9887750342894183
0.9887796075682845
0.9887703726122639
0.9887712109102301
0.9887790733506079
0.9887808418556858
0.9887805340522395
0.9887817703724828
0.9887792002707467
0.9887810495332753
