0.9761291364483335
0.9825567177032061
0.9839456378951664
0.9858295128662743
0.9866393962417587
0.9875463860077699
0.9880085690138894
0.9876828650857855
0.9884852718514752
0.9892180783189055
0.9893803472457658
0.9893651292792771
0.9892662222253393
0.9893818492169681
0.989110591270719
0.9887323839422787
0.9889866520306764
0.9891589524524206
0.9888841387250643
0.9890496754151726
0.9889388354417842
0.989067152380182
0.9887673483811948
0.9889959341534684
0.9888733739168676
0.9886967957499851
0.9885015528018737
0.9885382749728769
0.9882753964271241
0.9884142138650979
0.9881234674672004
0.9881751600520203
0.9882756276454154
0.9882480877969692
0.9883056480402077
0.9883573198534915
0.9883182625403828
0.9883145529307313
0.9883978454850487
0.9885040997170219
0.9885708541359569
0.9885088484347181
0.988547226526617
0.9885579614541702
0.9885818573012092
0.9886457362011524
0.9887636525324506
0.9886659812631055
0.9885840249759311
0.9886271247222043
0.9886309719375592
0.9885831171346694
0.9885740885802294
0.9885101483143968
0.9884297093316634
0.9884124424907972
0.9884322874105141
0.9884988005956924
0.9885226090196085
0.9884866415831203
0.9884476400874178
0.988398039372361
0.9884626871711019
0.9884579734479056
0.9885182446486055
0.9884545903558813
0.9884711246326026
0.988416101843257
0.9883947818608787
0.9884466360147199
0.9884540401465617
0.988399101992415
0.9884250424181354
0.9884086013049653
0.9883567012394916
0.988402762260281
0.9884862285975252
0.9885279885100999
0.9885523834868973
0.9885161226336997
0.9884392180979062
0.9883678463314988
0.9884445154187059
0.9884228897933023
0.9883824221719997
0.988349555247587
0.9884140396733045
0.9884159618849379
0.988436938418585
0.988483314685842
0.9884746733656797
0.9884457857401674
0.9883904737444331
0.9884338300952126
0.9884163895343082
0.9884434760847378
0.9884439845476412
0.9884181954912039
0.9884127083810121
0.9884039868349355
0.9884164595817814
0.9883458992456772
0.9882606728041305
0.9882337264642319
0.988237530249853
0.9882178223574157
0.9882095090139981
0.9881993956653209
0.9881656786713567
0.9881930225689418
0.98816298862424
0.988143142187659
0.988183251117665
0.9881698537618864
0.9881960461460683
0.9882243845958467
0.9882220303890535
0.9882143337868681
0.9881888089551054
0.9882180236412121
0.988244663636779
0.9882554990197379
0.9882820403144328
0.9882690143132716
0.9882561092620291
0.9882486818696813
0.9882640808100124
0.988270309954267
0.9882659456186736
0.9882624447466642
0.9882677585983995
0.9882895312858636
0.988289144730543
0.9882475457076589
0.9881993677997513
0.9882291162173439
0.9882163088265059
0.9881741193093715
0.9881968995117623
0.9881901673854525
0.9881995272811714
0.9882084930258016
0.9882401561566434
0.9882599314839755
0.9882676285594163
0.9882340831811147
0.9881827380984292
0.9881795733369524
0.9881702418954511
0.9881976980604974
0.9882366029025572
0.9882319318460052
0.9881917418036994
0.9882163570627177
0.9882344943847438
0.9882810612312279
0.9883090945229236
0.9883097318596175
0.988267427709463
0.9882854727877631
0.9882694822410912
0.9882508208764568
0.9882708009658232
0.9882695781738908
0.9882622018080508
0.9882973700234069
0.9882951079196606
0.9882789126785133
0.9882697741349777
0.9882699231015073
0.9882659522900672
0.9882655332397544
0.9882623540256661
0.9882663785883461
0.9882566062095336
0.9882602866928643
0.9882565220046174
0.9882813342330576
0.988269010226668
0.9882499849355247
0.9882226594298923
0.9882366203884454
0.9882318827393214
0.988218293412365
0.9882271297731191
0.9882156207035998
0.9882397905757231
0.9882181515238125
0.9882539934462615
0.9882630186254155
0.9882826245579962
0.9882861313974707
0.9882923432098742
0.9882887169355179
0.9882761042516732
0.9882676225769997
0.988285851043883
0.9882850615803295
0.9882809338267309
0.9883131485621829
0.9883002649150853
0.9883437488746116
0.9883284046708954
0.9883109005051656
0.9883117981109767
0.9882868114402862
0.9882895754227916
0.9882089635153827
0.9882117551127226
0.9882125876048529
0.9882122729762919
0.9882029770409331
0.9882169928398923
0.9882193455613527
0.9882274312509821
0.9882379147599865
0.9882302212385607
0.9882505981754828
0.988231622858035
0.9882399336676386
0.9882360502680583
0.9882554654523952
0.9882770465418443
0.9882754949981931
0.9882963194501694
0.9882776459805638
0.9882425805017413
0.9882447352157137
0.9882720394207198
0.9882662278175856
0.9882803676896563
0.9882837204090863
0.9882954878276093
0.9883025922744181
0.9883170482227155
0.9883045337780488
0.9882746802457942
0.9882841678681679
0.9882812968216318
0.9882912990444334
0.9882975452983896
0.9883029206377325
0.9883009615998651
0.9882964182183906
0.9882892493035066
0.9882852596367467
0.9882819545779207
0.9882902942728781
0.9882999999039539
0.9882939394325599
0.9882926710899884
0.9882765010506337
0.9882762784323282
0.988279381961969
0.9882843148624304
0.9882830302298031
0.9883112980005425
0.9883103978641784
0.9883116953319676
0.988301704798264
0.9882994863034499
0.9883028311212059
0.9882992868256615
0.9883236221927989
0.9883436518673603
0.9883492356220692
0.9883295440830709
0.9883305665635358
0.9883444043454226
0.988358179761068
0.9883706179968211
0.9883739626811957
0.988386483682979
0.9883715280020441
0.9883909881848354
0.9883883092042502
0.9883717723319465
0.9883639208620417
0.988368562104197
0.9883702122088343
0.9883381617424464
0.9883368258025456
0.9883562811142519
0.9883659979213844
0.9883742912621533
0.9883694826640219
0.9883742828615334
0.9883750555442772
0.9883714001206964
0.9883685151546613
0.9883746639332032
0.9883882143073307
0.9883889953399582
0.988391479678062
0.9884131364857683
0.9884058797219036
0.9884040639476074
0.9883689276614385
0.9883724934130927
0.9883808501648461
0.9883683440041459
0.9883755752987483
0.9883789357127654
0.9883796623019175
0.988381785092586
0.9883794270588293
0.9883407625114373
0.9883549788466746
0.98834196291946
0.9883356080051388
0.9883355760374865
0.988328540525766
0.9883242423071937
0.9883233267635537
0.9883190250459198
0.9882973550661882
0.9883191135784162
0.9882900649129661
0.9882790047945185
0.9882828116524421
0.9882741287926066
0.9882787182781885
0.988277201558624
0.9882574310055018
0.988260153518028
0.9882847185230265
0.9882720312584148
0.9882874104487953
0.988283313248303
0.9882963717923461
0.9882974787080685
0.9883005948637791
0.9882901924262429
0.9882818540904603
0.9882748772741318
0.9882812001926929
0.9882671495499864
0.9882692747984161
0.9882590388755573
0.988270652858466
0.9882588132036407
0.9882520013416568
0.9882725475559009
0.9882922364226654
0.9882870829952116
0.9882952133301536
0.9882981433613663
0.9882974154972335
0.9882910429420396
0.9882914922847124
0.9882993815715045
0.9883063201883245
0.9882977157930247
0.9882924584635676
0.9882914393864473
0.9882918853712389
0.9883118044488481
0.9882957737959166
0.988299778414546
0.9883074002382971
0.9883038102490553
0.9883133955739942
0.9882864256096056
0.9882936229173372
0.9882985757257976
0.9883124400056372
0.9883040489151738
0.9882815552064153
0.9882699101570509
0.9882776584471166
0.9882807883333112
0.9883012760264673
0.9883087812803738
0.9883145260631132
0.9883234916050658
0.9883236969483049
0.9883145503289331
0.9883195220708547
0.9883159702142987
0.9883164554210769
0.9883356633055608
0.9883300433679492
0.9883421257861414
0.9883503570069335
0.9883530889679494
0.9883533168862909
0.9883577239803286
0.9883579138943519
0.9883737597479003
0.9883749053146845
0.9883758129235274
0.9883802134675623
0.9883724285893869
0.9883842242278467
0.9883847085352694
0.9883717112422498
0.9883673356332138
0.9883552138570159
0.9883426462643178
0.9883356001229429
0.9883331675655235
0.9883243359152226
0.9883237806224818
0.988327515562911
0.9883254648632561
0.9883342250629419
0.9883374640050375
0.9883158964336853
0.9883098749563091
0.9883024857724004
0.9882896087149243
0.9882751117719142
0.9882712227486744
0.9882917289550767
0.9882925779158971
0.9882828614575482
0.9882787664254336
0.9882733003069997
0.9882749398129728
0.9882741840459499
0.988279076582201
0.9882874681301381
0.9882953537211563
0.9883096844845619
0.9883179278340405
0.9883247717392551
0.9883331958565994
0.9883302350119862
0.9883466197485581
0.9883364012751883
0.988339816810533
0.9883425955517561
0.9883464889895649
0.9883439537703742
0.9883341701899214
0.9883374046440868
0.9883266555649227
0.9883237240374028
0.9883285144325581
0.9883324456221393
0.9883164438175768
0.9883097552209944
0.9882889277552914
0.9882834168844113
0.9882866508965343
0.9882920335478298
0.9883050730647267
0.988314700636832
0.9883202890000191
0.9883219705822712
0.988304505941797
0.9883031507848075
0.988304341994964
0.9883086408681733
0.9883276710321531
0.988324429153994
0.9883372178118074
0.9883321408675756
0.9883347593306381
0.9883319835013579
0.9883250954646318
0.9883245513902706
0.9883355257283981
0.9883334782324531
0.988326160689379
0.9883304232518076
0.9883345797926256
0.9883498950784435
0.9883436566578006
0.9883425588971416
0.9883551135717107
0.9883538454831734
0.9883528665608802
0.9883672761623236
0.9883668829805894
0.9883644766995465
0.9883612079758489
0.9883711335941068
0.9883595620358748
0.9883599924445317
0.9883544165999849
0.9883522566574829
0.9883547070832942
0.9883546098070689
0.98836615306537
0.9883606520670468
0.9883494199178899
0.9883484032658892
0.9883492588332065
0.9883444523687652
0.98834346066991
0.988333459154094
0.9883503665051306
0.988360479711514
0.9883540030971324
0.9883491303393375
0.988348236483592
0.9883455719711123
0.9883458170075257
0.9883496612782959
0.9883509001013424
0.9883501910458489
0.9883533813395466
0.9883550815863226
0.9883487927822602
0.9883611228786887
0.9883621656153587
0.988364454530282
0.9883544341303587
0.9883495561821662
0.9883533323583165
0.9883534178611855
0.9883415980891576
0.988331836452837
0.9883282449065218
0.9883224606776103
0.9883163871852649
0.9883137555849161
0.9883234903663867
0.9883325274595995
0.9883335388869667
0.9883382372284647
0.9883408264971941
0.9883444889435006
0.9883515775679486
0.9883636350865717
0.9883637200262878
0.9883416940687122
0.9883383054048221
0.9883296553915953
0.9883169583896239
0.9883113954573475
0.9883009237247792
0.9883031926909701
0.9883011747569015
0.9883005467109769
0.98829580246951
0.9882929863440219
0.9883017899123702
0.9883065616470338
0.9883083808266276
0.9883065231797662
0.9883012770885454
0.9883066750408678
0.9883016196883566
0.9883063175861374
0.9883055790443707
0.9882943268650904
0.9882933357883839
0.9883026379933707
0.9883089614763455
0.9882997664929244
0.9883024687313278
0.9883103696878788
0.9883021963050075
0.9883051979619386
0.988309999327379
0.9883101294550535
0.9883094378083708
0.9883083849564307
0.9882997346955105
0.9882955944018498
0.9883064155226617
0.98831008821944
0.9883101394496615
0.9883059447716476
0.9883116563778132
0.9883185976677631
0.9883147446898012
0.9883124398623694
0.9883062840277418
0.9883081463247413
0.9883044188898552
0.9883089264202686
0.9883027103785496
0.9882959667252497
0.9882933693678085
0.9883034279525196
0.9883100987148559
0.9883104114437845
0.9883161387828067
0.9883225940077232
0.9883248887098249
0.9883245980155957
0.988330440633321
0.9883266962375079
0.9883245875769198
0.9883266006776745
0.9883225965607508
0.9883264388732985
0.988326190558195
0.9883248744419841
0.9883284051579017
0.9883267902901993
0.9883253926882349
0.9883323349469875
0.9883259654312624
0.9883233184775044
0.9883201481878633
0.9883201819397345
0.9883161102470644
0.9883134260036016
0.9883161416124155
0.9883090516377541
0.9883064802649931
0.9883001902393072
0.9883002937486672
0.9883045534039363
0.9883051401365969
0.9883027987734944
0.9883037791358844
0.9882993744744542
0.9882913617054994
0.9882882919884434
0.9882911422666706
0.9882838280847066
0.9882870303175026
0.9882914936139908
0.9882885063642853
0.988288821011246
0.9882892559439819
0.9882936105005451
0.988289303681786
0.988285704309474
0.9882908761931785
0.988297864567225
0.9882940567974994
0.9882926598488307
0.9882984915862524
0.9883000336692715
0.9883029388855287
0.9882988283676666
0.9883018145976851
0.9883114876765982
0.988311814783228
0.9883143398220604
0.9883130644046612
0.988316734780869
0.9883053619404057
0.9883128025832587
0.9883190655669974
0.9883261636782515
0.988326154151731
0.9883162772774894
0.9883185021037945
0.9883164126043116
0.9883047554127525
0.9883120583195146
0.988303390424901
0.9883021845722081
0.9883044426144472
0.9883046815209334
0.9882970474797004
0.9882962818155867
0.9882973071695065
0.9882982167043742
0.9883030966809064
0.9882994627309464
0.9882968657403647
0.9882970536606689
0.9882940465938373
0.9883012302753332
0.9883070792265195
0.9883058607012041
0.9883087167565482
0.9883142225546755
0.9883258455861617
0.9883345185236846
0.9883361263669486
0.9883392537514807
0.9883274633092795
0.9883256323122172
0.9883243075598116
0.9883160916106106
0.9883110309330962
0.988310253870675
0.9883100232743051
0.9883097058724435
0.988311573199488
0.9883225019346514
0.9883191469103774
0.9883354575342773
0.9883236542237389
0.9883268596733623
0.9883261040745871
0.9883287397595016
0.9883302886991838
0.9883333503633396
0.9883373459909062
0.9883347886883076
0.988333815037633
0.988329644276123
0.9883277050691549
0.9883308730778979
0.9883299918055869
0.9883287336389679
0.9883260611909435
0.9883228905881039
0.9883241570730255
0.9883357558987961
0.98834048070908
0.9883462394659829
0.9883419739491783
0.9883362250085266
0.9883414459019013
0.988343152436698
0.9883405456251744
0.98833930459779
0.9883417333206117
0.9883413995603179
0.9883382671032892
0.9883356995449974
0.9883379886188269
0.9883345375258629
0.9883382989121313
0.9883344917199842
0.9883304387933672
0.9883227373882117
0.9883198351389562
0.9883147825751714
0.9883081077090221
0.9883066873010217
0.9883068607151368
0.9883047517108154
0.9883021618047231
0.9883067111038385
0.9883094548935296
0.9883050561150385
0.9882968712305144
0.9882940262162522
0.9882920488519612
0.9882909346913843
0.9882885055922905
0.9882835254529467
0.988291369721881
0.9882893267271469
0.988298837581148
0.9882960988736509
0.9882934119399732
0.9882871522489354
0.9882837465690281
0.9882852080782204
0.9882832520656287
0.9882823007696008
0.9882887231515062
0.9882865677516709
0.9882848458212448
0.988289361254098
0.9882804098925065
0.988279890230318
0.9882819083978299
0.9882801021151042
0.9882820532629266
0.988279453601487
0.9882832344399083
0.9882779257578493
0.9882785471686729
0.9882812796142814
0.9882781755492808
0.9882764660113799
0.9882777672853527
0.9882762141078886
0.9882810496322443
0.9882793572543063
0.9882792276120685
0.9882822620679858
0.9882832753700066
0.98828727091844
0.988282586568063
0.9882806812860848
0.9882795917362945
0.9882821347345957
0.9882878727793213
0.9882838167294133
0.9882846050459888
0.988285072351496
0.9882841240437064
0.9882840393700754
0.9882844596037501
0.9882757284329567
0.9882741618100479
0.9882744224164235
0.9882756856307816
0.9882803208864662
0.9882810283145408
0.9882857162429696
0.9882852434924858
0.9882834139003597
0.988281586489917
0.9882766568564009
0.9882783222346762
0.9882827631013538
0.9882827348331557
0.9882825615592845
0.988286626697438
0.9882867440791921
0.9882777871469556
0.9882717411642429
0.9882776159836214
0.988283878299445
0.9882793035933463
0.9882836525822203
0.9882841293387368
0.9882845888390837
0.9882793326998703
0.9882735280483479
0.9882615650529772
0.9882588152101436
0.9882597510326155
0.9882630038595607
0.988258839942796
0.9882675635922553
0.9882656997699005
0.9882688206122403
0.9882648533185888
0.9882710836308987
0.9882769792104911
0.9882695960172372
0.9882601852610902
0.9882668361435546
0.9882789229607855
0.9882756322659355
0.9882800991461959
0.9882831157621745
0.9882853581014086
0.9882819778071773
0.9882790731822297
0.9882755702854269
0.9882650569543322
0.988271054569808
0.988276321509008
0.9882706127929967
0.988271058227601
0.9882697753307484
0.988264928371502
0.9882668345225613
0.988260587466654
0.9882500241655682
0.9882468965619935
0.9882473222983774
0.9882484565083131
0.9882445984446185
0.9882429167547127
0.9882483104104515
0.9882544576835323
0.9882530378043656
0.9882494813997317
0.9882526354031571
0.9882552594846501
0.9882569679574926
0.9882651714117945
0.9882670072183315
0.9882742370478141
0.9882827735324732
0.9882869891174383
0.9882823396254605
0.9882814834463253
0.9882763908998798
0.9882770403899902
0.9882818212188998
0.9882857276685317
0.9882895445856243
0.9882912916833423
0.9882928201361206
0.9882911436497424
0.9882954759592489
0.9882960889851309
0.98829685968417
0.9883025747231785
0.9883088721887504
0.9883139065689662
0.9883156174920501
0.9883161648706362
0.9883239020557317
0.9883248017655698
0.9883211749818547
0.9883190529074757
0.9883194387616611
0.9883182175053139
0.9883228997252886
0.9883168235130095
0.9883161182323883
0.9883263319429114
0.9883222314129391
0.9883189347267372
0.9883115127109913
0.9883108554502645
0.9883100339199626
0.9883120551752811
0.988318735332013
0.9883157715078235
0.9883200696824661
0.9883220792073983
0.9883191994040409
0.9883197182511338
0.9883167030108311
0.9883197751148576
0.9883265576145716
0.9883278826466523
0.9883249157650732
0.9883294253426478
0.9883319744017199
0.9883294677158274
0.9883303096595211
0.9883274949916887
0.988325625218536
0.9883212939979141
0.9883193900936639
0.9883282835094032
0.9883288343619935
0.9883278953112784
0.9883290389833587
0.9883252288076663
0.9883194851202157
0.9883206640763306
0.9883159195168592
0.9883125155197175
0.9883129916670264
0.9883145766543201
0.9883211254821563
0.98832492181281
0.9883318750493049
0.9883349438077599
0.988337661688012
0.988335218065758
0.9883316735329952
0.9883294477386663
0.9883273299425509
0.9883194319388225
0.98831990446235
0.9883227620244579
0.9883312423455282
0.9883304288838433
0.9883309050664909
0.988323507715435
0.9883261274682802
0.9883230908893967
0.9883222613086994
0.9883159443119244
0.9883173094544534
0.9883196216209186
0.9883228082668203
0.9883239605394941
0.9883237642307726
0.9883242495126338
0.9883254002069265
0.9883260783760826
0.9883179456797783
0.988316419755781
0.9883190232546134
0.9883166500477473
0.9883183644803585
0.9883182779117862
0.9883145246526364
0.9883194113473781
0.9883189565578335
0.9883285163689185
0.9883253272864889
0.9883208245493214
0.9883214705844512
0.9883130837991746
0.9883173566494475
0.9883157980406717
0.9883200100145244
0.9883198515195011
0.9883285003997065
0.9883245078854551
0.9883176772221353
0.9883157402585449
0.9883198024088653
0.988319686886197
0.9883219993536145
0.9883208951433645
0.9883225337301088
0.9883180927017762
0.9883181845239754
0.9883159475162324
0.988323243183037
0.9883264553710315
0.9883213711623015
0.9883237920227448
0.988323173628879
0.9883173671973164
0.9883192357564997
0.9883140838357084
0.9883113670575377
0.9883112086440116
0.9883113063613824
0.9883143635071843
0.9883140281692713
0.9883092849662032
0.9883094927540886
0.9883126104046364
0.9883141256558422
0.9883230422079611
0.9883259481549244
0.9883221167847894
0.9883270316736742
0.9883295790760859
0.9883349474598783
