0.9681223599371985
0.9787448685920288
0.9810629270528984
0.9857202588004079
0.9861475356233257
0.9868290043768108
0.988060876510211
0.9875438235663074
0.9877692289743628
0.9881629294918715
0.9882693611695107
0.987903808880297
0.9875372486848841
0.9877635588125528
0.9881179135191255
0.9880822367065593
0.9885943399061197
0.9886980225300555
0.9885015345491188
0.9885355945881001
0.9885538750982307
0.9887685873343561
0.9888185544116335
0.9888696010784083
0.9887661504987482
0.9886749001111392
0.9884603456964556
0.98864314327598
0.9887212603276821
0.9887243224327644
0.9887807126125664
0.988721741314448
0.988739355574638
0.9886970108490809
0.9888489460663731
0.9889937665010852
0.989118356183436
0.9890879755072808
0.9890228853070647
0.9889303935742094
0.9890074704212846
0.9890446290351399
0.98891313035007
0.9888268171487247
0.9887913373396391
0.9888018975982159
0.9889713662897753
0.9889681618844333
0.9890328489869079
0.9890059509447321
0.9890726047966341
0.9891776885161871
0.9891182831144111
0.9890338235403672
0.9890692239259948
0.9889973518197771
0.9890446660847557
0.98906523395131
0.9891651259756948
0.9891610401178824
0.9892406774369007
0.9892728767272571
0.9892241717148065
0.9891861734145586
0.9892261576757704
0.9892030061644094
0.989153227253094
0.9891357187396852
0.9891638677984486
0.9892470162437766
0.9892566670408305
0.9892871310535912
0.9892933349068564
0.989296235342674
0.9892186826767831
0.9891781030893884
0.9892520840554005
0.9893009904365818
0.989344623721668
0.9893150725555883
0.9892661217027656
0.9892589844927645
0.9892535949424853
0.989248764155848
0.9892216220537075
0.9892692507751034
0.9892655024380813
0.9892228872855752
0.989238076446876
0.9891567696624916
0.9891105561414824
0.989099807159589
0.9891126824515012
0.9891111420432397
0.9890887160018744
0.9891446148999982
0.9891911068519259
0.9892010984054003
0.9892267277367695
0.989267711160031
0.9892825374067851
0.9892579059612984
0.989319247353802
0.9893033258250719
0.9892722520229619
0.9892446430002249
0.9892226349627735
0.9892175370533038
0.9892283774597191
0.9892687149224737
0.9892671542145492
0.9892778285370292
0.9892749248942387
0.9892177819707492
0.9892125466937752
0.989227145061363
0.9892645319631657
0.9892810500915461
0.9892827848490541
0.989294331874256
0.9893187926116045
0.9893003445807278
0.9893250668967624
0.9893728260701891
0.9893612818756476
0.9893658602216191
0.9893684425991366
0.9893489654273806
0.9893778804489761
0.9894079826191361
0.989418197404436
0.9893722587218629
0.9893880648912565
0.9893905762814629
0.9894078186878352
0.989416794137175
0.9894092001728013
0.9894298819868002
0.9894555563890731
0.989485337422386
0.9895068389789907
0.9895194809409773
0.989526780675313
0.9895253181275308
0.9895292255893294
0.9895053837428718
0.9894479119895064
0.9894456767693912
0.9894453171462132
0.9894263416347937
0.9893819818694637
0.9893797981150237
0.9893481436098163
0.9893044030528335
0.9893431442605265
0.9893731453889772
0.989367109834454
0.9893536593098701
0.9893329226736253
0.9893228587927403
0.9893042614583777
0.9892882782124824
0.9892958697618909
0.9892595179962941
0.9892591492219593
0.9893249861969542
0.9893167474598978
0.9892992125883809
0.9892886565741336
0.9893149321644339
0.9892822985228932
0.9893023314172402
0.9892965888664569
0.9893005834499587
0.9893127446154049
0.9893398722401214
0.9893506662892476
0.9893680501753095
0.9893748802355182
0.9894001260258898
0.9893812926525651
0.989355811817496
0.9893724123631786
0.9893526179934892
0.9893637282311617
0.9893653755352725
0.9893631104564387
0.9893469162968038
0.9893257523013702
0.9893373371716933
0.9893518371644012
0.9893539676388854
0.9893595518149352
0.9893567870823047
0.9893585290492254
0.9893672776274743
0.9893831190388176
0.9894066541153747
0.9894107832283825
0.9894111192641846
0.9894385978161886
0.9894385824149571
0.9894579350243344
0.9894708871780404
0.989446631951886
0.9894484058375168
0.9894297255263527
0.9894093299241202
0.9893990590059774
0.9894008194311062
0.9893995918587347
0.9893849772081086
0.9894029802891664
0.9894044594395625
0.9894204857692758
0.9894094282808157
0.9893854811728838
0.9893728694184961
0.9893558236909546
0.989317594388343
0.9893336563818844
0.9893520150898858
0.9893644532794782
0.9893844581705988
0.9893970396388874
0.9893867074052441
0.9893422527226153
0.9893474957898092
0.9893570682799571
0.9893740694440524
0.9893438810348181
0.9893335587109305
0.9893519980886809
0.9893646745659812
0.9893834695435555
0.9893817810094658
0.9893507349243519
0.9893454701236497
0.9893575304978245
0.9893544866174514
0.9893491081293097
0.9893492856623182
0.9893421124274097
0.9893596789595411
0.9893758797568543
0.989391751949543
0.9894016775564461
0.9894184238051208
0.9894140627301896
0.9894086008432839
0.9894076773073676
0.989418806687628
0.9894280080684086
0.9894267300018524
0.9894358544292078
0.989434876555307
0.9894261536043889
0.9894344395916961
0.9894419897262339
0.9894389694670715
0.9894250898205907
0.9894238209292121
0.9894090865865769
0.9894224496757488
0.9894147305742197
0.9894026177458085
0.9894018913540578
0.9893856130981085
0.9893956562232225
0.9894045324228901
0.989419257317337
0.9894268383430357
0.9894186671468028
0.9894243030419823
0.9894284049313432
0.9894182009284721
0.9894309911536019
0.9894217103273685
0.9894342812922714
0.9894410358416116
0.989449188830712
0.9894295598969803
0.9894130835168453
0.9894085643254038
0.9894223154178495
0.9894265511699921
0.9894140736749881
0.9894257723294068
0.9894189882514793
0.9894124358732106
0.989415296885224
0.98942537913689
0.9894219021166674
0.989430342411546
0.9894456052134153
0.9894279521106829
0.9894406396206176
0.9894261108115066
0.9894498284673772
0.989455889811072
0.9894368724968603
0.9894301518644819
0.9894403989400912
0.9894534860956127
0.9894514792862663
0.9894402941606443
0.9894373522763243
0.989447321182877
0.9894645283443876
0.9894622585498688
0.9894667056746301
0.9894813830939617
0.9894698951770255
0.9894668524660791
0.9894635542446484
0.989475089025524
0.989485893663587
0.9894788793344816
0.9894828493583981
0.9894846813861482
0.9894786956308684
0.9895014376495389
0.9895111496269623
0.9895062298608044
0.9895173158408435
0.9895181356671561
0.9895180652677418
0.9895330390915896
0.9895416924036703
0.9895385310250673
0.9895410082035662
0.9895433754397717
0.9895369705913784
0.9895359013607732
0.9895420852260829
0.9895427505033553
0.9895468682092357
0.9895415666522328
0.9895418172874826
0.9895428722072037
0.9895432715193677
0.9895367376644499
0.9895274113537209
0.989541998391535
0.9895589733563724
0.9895574607948386
0.9895536505815059
0.9895541496933281
0.9895415299519078
0.989538863919258
0.9895267506514246
0.9895322672399068
0.9895220088009281
0.989523370482057
0.9895172028208866
0.9895132007315572
0.9895289815956496
0.989513693345879
0.9895024544996102
0.9895042271827148
0.9895108485989771
0.9895088873962354
0.9895086456276825
0.9895154387456269
0.9895102431675008
0.9895110253966031
0.9895171498810887
0.9895216480214188
0.9895172067706344
0.9895103226169656
0.9895150384451351
0.9895071200491119
0.9895116242181085
0.9895070813047001
0.9895051123824793
0.9895087902992662
0.9895128309378275
0.9895193876434818
0.9895201225206953
0.9895212044960194
0.9895153943339974
0.9895063370528658
0.9895127396198726
0.9894981246689498
0.989483712325492
0.989484541326747
0.9894790580812366
0.9894893811735436
0.9894965253184483
0.9894853568198445
0.9894788978141293
0.989482199719957
0.9894831405246673
0.9894956941970617
0.9894809257497894
0.989482389285044
0.9894797401114994
0.9894875959049917
0.9894825281652211
0.9894779053700797
0.9894682071609175
0.9894668585986828
0.9894601089355546
0.9894536615484789
0.9894639579990155
0.9894555637557754
0.9894616564524225
0.9894646226910737
0.9894774666663714
0.989479009966866
0.9894764513052945
0.9894682357208842
0.9894685670949789
0.9894713947002877
0.9894682297612841
0.9894588277648169
0.9894617883917954
0.9894567595813331
0.9894429331138055
0.9894449060932898
0.9894313504812585
0.9894346999840951
0.9894370043588316
0.9894422545745913
0.9894550677591853
0.9894658147229749
0.9894672402264769
0.9894664501947211
0.9894784354425302
0.9894875483173999
0.9894793032487693
0.9894742566768835
0.9894665668503713
0.9894682612452288
0.9894643536297819
0.989472288085684
0.989469543587463
0.9894550897281255
0.9894566813664427
0.9894667258616604
0.9894732922938064
0.9894611919898487
0.9894660229430107
0.9894582987564972
0.9894513516507616
0.9894553753642008
0.9894694103226381
0.9894778539620378
0.989476209007578
0.989489407780501
0.9894755549520108
0.9894734824782964
0.9894769631498299
0.9894833964062096
0.9894827262526635
0.9894944019395491
0.9895070965719001
0.9895194951356193
0.9895148310754072
0.9895066743423215
0.9895122658188661
0.9895159176172943
0.9895126834049408
0.9895119235610415
0.989517372852684
0.9895237981856619
0.9895360420439538
0.9895436728354645
0.9895320629202876
0.9895379496304686
0.9895490838070645
0.9895587013980929
0.9895516839263296
0.9895490278561154
0.9895505429184326
0.9895553126888256
0.9895447102303128
0.989543974782058
0.9895508397968356
0.9895424075809673
0.9895438912144113
0.9895454615601448
0.9895457946820672
0.989539230657537
0.9895446001037081
0.9895542233441277
0.9895514477141382
0.9895536840674471
0.9895607243747356
0.989553065348036
0.9895490413220813
0.9895449135729556
0.9895420905264719
0.9895403458533694
0.9895393165472254
0.9895403462228468
0.9895362958288407
0.989539995567894
0.989538023597842
0.9895392833588611
0.9895368357326944
0.9895445246512212
0.9895437348602786
0.9895428697912853
0.9895339994698613
0.98953926319879
0.9895480456190784
0.9895468284824155
0.9895513471498075
0.9895581815350339
0.9895640822636349
0.9895583242814932
0.9895690524752618
0.9895653289713169
0.9895643481561973
0.9895673369227121
0.9895668797147859
0.9895581481597326
0.9895467317762622
0.9895488636805917
0.989545198014535
0.9895492030148261
0.989556129251103
0.9895638182742986
0.9895648923710039
0.9895752935546304
0.9895753847217785
0.9895687317184834
0.989566814040378
0.9895629795277184
0.9895620590010322
0.9895696167025008
0.9895689642075037
0.9895676565431073
0.9895715823459825
0.9895627362696962
0.9895579187471673
0.989554956230809
0.9895435144539091
0.9895439665321526
0.9895453750689638
0.9895385651556086
0.9895345535708526
0.9895517919608628
0.9895441308568105
0.9895494777824121
0.9895529348581867
0.989545935173416
0.9895500667859914
0.9895401550335574
0.9895482492794967
0.9895435244884262
0.9895426688179431
0.9895479335887108
0.9895422419659627
0.9895415981061331
0.9895459324472995
0.9895358683441485
0.9895369365395135
0.9895323628980484
0.9895274251843355
0.9895258830776246
0.9895284480351365
0.9895241646352778
0.9895290578431621
0.9895319321433
0.9895305542708024
0.9895365050058651
0.9895396035641463
0.9895279914345488
0.9895328815835112
0.9895368197335916
0.9895495169473554
0.9895568742255976
0.9895567340685791
0.9895457182015818
0.9895542119282157
0.9895612012513701
0.9895728915371726
0.9895795243105184
0.9895741433987711
0.9895744651456967
0.9895815343331541
0.9895806966783953
0.989586651740202
0.989581812466097
0.9895794487830926
0.9895790939931162
0.9895775789140945
0.989589242135612
0.9895853101458759
0.9895822056809053
0.989587077943291
0.9895856608120522
0.9895905173125219
0.9895977421060078
0.9896089601887142
0.9896042099120318
0.9896180333999854
0.9896188149413581
0.9896278203403059
0.9896229113899073
0.9896188745530479
0.9896231718289112
0.9896313608144335
0.9896352357933451
0.9896348944124279
0.9896347496779285
0.9896327563008349
0.9896447393790346
0.9896380685611493
0.9896382819029876
0.9896385846021544
0.989638146753716
0.9896350476008943
0.9896356715473474
0.989637069275113
0.9896377754458557
0.9896435313984636
0.9896410903767126
0.9896445188288915
0.9896432489372389
0.9896418719773511
0.9896471794832389
0.9896357293085452
0.9896393593704085
0.9896500560683165
0.9896514707255455
0.989650965594122
0.9896545460313982
0.9896468585557319
0.9896468879840066
0.989648194651073
0.9896472082843883
0.989643126711266
0.9896401751240961
0.9896377439610137
0.989640098173727
0.9896370508929505
0.9896378402644145
0.9896301081620048
0.9896235842521868
0.989621966345419
0.9896228700025577
0.989625514342
0.9896242361249405
0.9896251683328594
0.9896181999423818
0.989619510494428
0.989622681123554
0.9896130536350752
0.9896163030710896
0.9896119840019054
0.9896101535487116
0.989607964221758
0.9896153215351581
0.9896145046697608
0.989623983770529
0.9896241209595308
0.9896295502416323
0.9896290938455428
0.9896350457314222
0.9896443867091435
0.9896430928104805
0.9896408299390067
0.989644462561757
0.9896448690274212
0.9896596396466222
0.9896526523057734
0.9896509926426613
0.9896522718674954
0.989666238893573
0.9896574785386298
0.9896526672743159
0.9896518784832499
0.9896424614724076
0.9896522296364136
0.9896515352035076
0.9896472091825091
0.9896458259145654
0.9896491905380153
0.9896490329454587
0.9896468726240709
0.9896505178874937
0.9896598152801171
0.9896611362587237
0.9896600626875538
0.9896606294340674
0.989655050843476
0.9896560425791573
0.9896616147406231
0.9896574338062353
0.989654161094237
0.9896550819029876
0.9896482833386783
0.98964466454807
0.9896456302850283
0.9896408930931554
0.9896467630285423
0.9896544230339519
0.989658922788024
0.9896635443386351
0.9896621156672194
0.9896657362516447
0.9896691742535197
0.9896772487747683
0.9896812416720792
0.9896842874203414
0.9896856005666461
0.9896825303591915
0.9896871935180527
0.9896826730510635
0.9896912978430775
0.9896893930175932
0.9896868652159333
0.9896768974223817
0.9896757218147263
0.9896786044455116
0.9896760744590724
0.9896747609557054
0.9896788007263905
0.9896799173939745
0.9896723713748702
0.9896735275757549
0.9896701532361927
0.9896728762611092
0.9896731944907323
0.9896745482789955
0.9896733625106237
0.9896686972707937
0.9896731644149428
0.9896690364411966
0.9896725791008201
0.9896738188700195
0.9896762854178269
0.9896784462623994
0.989685260464478
0.9896846557945156
0.9896832403583513
0.9896802549176872
0.9896754212497834
0.9896767941110358
0.9896774062030883
0.9896764634159322
0.9896713366524773
0.9896669176799309
0.9896695477952919
0.9896695811470944
0.9896657143928665
0.989671891431302
0.9896666899006111
0.9896662053741044
0.9896639224214941
0.9896652744943335
0.989672172018911
0.9896765684467934
0.9896728084833681
0.9896756838550774
0.9896753844121959
0.9896734695575685
0.9896763499240804
0.9896680580070564
0.9896725037178472
0.9896712379770458
0.9896732098713467
0.9896729077812071
0.9896717223604349
0.9896689609872952
0.9896681716520191
0.9896627064452722
0.98965746565921
0.9896534840703558
0.9896549617533578
0.989650912254702
0.989651602854319
0.9896536235221224
0.9896509786048535
0.9896490440673003
0.9896520950553567
0.9896552346648148
0.9896597485021577
0.9896591934144187
0.9896626741017532
0.9896574363940643
0.9896518665723165
0.9896529193789407
0.989645409676923
0.9896470473390279
0.9896449788918569
0.989641850270781
0.9896425218676803
0.9896380979349902
0.9896436530143286
0.9896452893912066
0.9896445802388053
0.9896460046186196
0.9896477596716956
0.9896451441455598
0.9896419802833062
0.9896478338823036
0.989648571441763
0.9896479031417796
0.9896475246349378
0.9896500397609955
0.9896526991520077
0.9896483155502841
0.989655677131024
0.989653604272362
0.9896506519459789
0.9896519623728769
0.9896482178739654
0.9896477989663486
0.989658152837238
0.9896541641370747
0.9896573396845572
0.9896578542838484
0.9896546990944044
0.9896505076358383
0.9896514250279241
0.9896490467295227
0.9896524660301367
0.9896472103374216
0.9896460764552767
0.9896449183498486
0.9896446936216295
0.9896367410818182
0.9896366844387305
0.9896368972685318
0.9896398651351759
0.9896423772293965
0.9896477684373907
0.989649766418328
0.9896467953345979
0.9896476032279697
0.9896409648953289
0.9896369697522049
0.989635930030041
0.9896378733984669
0.9896441693929521
0.9896458349077901
0.9896448911764558
0.9896423607792979
0.9896385657994321
0.9896379282137434
0.9896378404785529
0.9896349190694319
0.9896346604099538
0.9896485361875941
0.9896443340947887
0.9896426707515619
0.9896420885728278
0.9896393764538206
0.9896390428561034
0.9896391225928833
0.9896378620450554
0.9896318670406378
0.9896384746257447
0.9896357096791325
0.9896411715279421
0.989639343975904
0.9896373183207797
0.9896357116445779
0.9896303137111838
0.9896270147036731
0.9896270126789504
0.9896353490535305
0.9896387415122998
0.9896390184277897
0.9896444699517432
0.9896438392420461
0.9896443345980837
0.9896427572848444
0.9896422903293276
0.9896416029912983
0.9896407255268257
0.9896420089809672
0.9896397996499439
0.9896393758400575
0.9896390215918178
0.9896357659349623
0.9896293523989403
0.9896340067838325
0.9896360481792953
0.9896363088977639
0.9896350316402455
0.9896325294335278
0.9896276767027453
0.9896287923665662
0.9896284599142906
0.9896252664561376
0.9896220181277399
0.9896195076263219
0.9896121816678312
0.9896089968017453
0.9896068672176311
0.9896035992911179
0.9896029810982706
0.9896010068789752
0.9896021408794137
0.9895974753833102
0.9896064028055674
0.9896031171463171
0.9896014694779942
0.9895993123290522
0.9896048582447343
0.9896061998190254
0.9896003925383016
0.9896096996162057
0.9896116717161869
0.989606191406678
0.9896034466327323
0.9896065639028003
0.9896059730552174
0.9895972032798661
0.9895989031908216
0.9896005441890986
0.9895991809180551
0.98960005031815
0.989601850981144
0.9896015291765912
0.9896055128780288
0.9896041462779351
0.9896047767543651
0.9896071316493673
0.989606544874351
0.9896044565484444
0.9895996310970956
0.9895933440752234
0.9895901539545198
0.9895894881796177
0.9895937598785088
0.9895958031471163
0.9896009495402986
0.9895970709403709
0.9895890099333188
0.9895867670728957
0.9895897055462218
0.9895909545847539
0.9895961955951668
0.9895954483445618
0.9895954881508832
0.9895917968757372
0.9895939190487516
0.989592584381365
0.9895969464198118
0.989602746818959
0.9896062391594808
0.9896073466490967
0.9896057654630924
0.9896077691074098
0.989613166450871
0.9896078713109874
0.989612011698977
0.9896140932667327
0.9896143393990097
0.9896115038631215
0.9896150456043433
0.989614682576548
0.9896078709322286
0.9896063030740329
0.9895990282804497
0.9896022971082089
0.9895990175026796
0.9896004894377891
0.9895944732015861
0.989599953193833
0.9895902941480739
0.9895878180941645
0.9895838540303519
0.9895826265887729
0.9895805217368228
0.989586077927171
0.9895915553330011
0.989593220312025
0.9895944314233701
0.9895938170081339
0.9895991846757087
0.9896019002829897
0.9896059033308681
0.9896058560818242
0.9896074467440018
0.989606733666374
0.9896084220452702
0.9896077182297373
0.9896072765470646
0.9896129341410784
0.9896110062402241
0.9896158371771293
0.9896155274451456
0.9896089528281155
0.9896016796454383
0.9896022196460189
0.9896056671790562
0.9896083885076226
0.9896049806358739
0.9896087333151674
0.9896086806852546
0.9896097721040433
0.9896094095884272
0.9896080720387752
