0.9691107080015873
0.9771244844318995
0.9802101119842171
0.9839727991238261
0.9859647230084823
0.9864751745159411
0.9873155065905963
0.9867332704528115
0.9877190835652788
0.9886747053729565
0.9888090226628322
0.9885457578284824
0.9882562134834103
0.9885642032568414
0.9884814635790075
0.9880688205832869
0.9883900361797548
0.9883955568840612
0.9881397264135162
0.9879936870156889
0.9880075186760833
0.9882131891816504
0.9878195143622189
0.9880342303237525
0.9877712881888077
0.9874273266239024
0.9871062654586743
0.9872636311024146
0.9870777676571987
0.9872695147451991
0.9870565464348068
0.9871418169988088
0.9871393795091484
0.9870746595939011
0.9871959929529649
0.9873431167876668
0.9874104520121333
0.9873760008585463
0.987460280453106
0.9874809813773812
0.9874967464275249
0.9874575773165839
0.9874318022801425
0.9874343858995626
0.9874062403161066
0.9873741589559116
0.9875351325305498
0.987448789778088
0.9873954294187368
0.9873777603363953
0.9873627136591804
0.9874848678113437
0.9874931736781553
0.9873980810811427
0.9873429668771624
0.987273752594218
0.9872826942287317
0.9873403313735132
0.9874257872984872
0.9873579718365239
0.987370988663486
0.9873426102576537
0.987412633743756
0.9874007707776751
0.9875128944880767
0.9874124386831828
0.9874264514404304
0.9873040982587372
0.9873097726899321
0.9873764803501653
0.9873864248742579
0.98736501920427
0.9873994060697491
0.987367126115237
0.9872798772215253
0.9872807765587589
0.9873611537028995
0.9873794102003927
0.9874274549308394
0.9874128020981372
0.9873150660352091
0.9872750545096047
0.987330328211309
0.987362704948387
0.987326111544685
0.9873302321455264
0.9873265336294883
0.9872642351652359
0.9872834319493848
0.9872568771365715
0.9872256268198015
0.9871772457997772
0.9871470992117409
0.9871382635193403
0.9871055588042855
0.9871265603031256
0.9870991935923861
0.9871042129198151
0.9871208919034232
0.9870908609081943
0.9870849909931038
0.98703171449423
0.9869618982657866
0.9869666579863885
0.986943883727298
0.986936353506578
0.9869137856539278
0.9869223237561625
0.9868992055689948
0.986907820288011
0.9868827987947799
0.9869046740966878
0.9869087381542515
0.9868605757629265
0.9869179996551215
0.9869177840935925
0.9869144652952642
0.9868962881224236
0.9868786574494468
0.9869250889111701
0.9869466351386431
0.9869472729386807
0.9869721766210362
0.9869643270647932
0.9869619469393904
0.9869769674186575
0.9869638656534954
0.9869863467079244
0.9869645623505005
0.9869679731070277
0.9869556235367181
0.9869450873506357
0.9868896252832823
0.9868847806837684
0.9868298767183558
0.986875401044951
0.9868624843548619
0.986842170840929
0.9868421179855081
0.986831421919604
0.9868455453536624
0.986850854197257
0.986870767645635
0.9868936362063077
0.9869103428274966
0.9868783597494047
0.9868270225153762
0.9868127517377071
0.9868243394897261
0.986825057237255
0.9868325724127832
0.9868078898530634
0.9867334738116529
0.9867355174001432
0.9867412978185727
0.9868026884919625
0.9868221691181531
0.9868126856088496
0.9867825724940387
0.9867804490116059
0.9867817532199027
0.9867672525786111
0.9867843636468931
0.986762084836022
0.986758065054022
0.9867811569037279
0.9867913660541141
0.9867670674831097
0.9867789520904547
0.9867801588471813
0.986777531994996
0.9867899571224508
0.9868090739105508
0.9868251109541574
0.9867903459775064
0.9868097619237599
0.986813284533126
0.9868239305331051
0.9868167402527808
0.9868220282310165
0.9868095044730044
0.9868205292753118
0.9868215313440314
0.9867822228700819
0.9867854600603877
0.9867765329760537
0.9868059309058972
0.9867740212951395
0.9868099873862638
0.9867938616648472
0.9868197021809663
0.9868522638000802
0.9868455457619242
0.9868468713362394
0.9868222429439297
0.9868051202005105
0.9868309077139166
0.9868384332277609
0.9868302232751948
0.9868399469823509
0.9868524418511657
0.9868884904652147
0.9868786168457307
0.986854742864205
0.9868637498575629
0.9868535513765232
0.9868276907774512
0.9867601214311765
0.9867637005749278
0.986778838878208
0.9867669953322453
0.9867682356193065
0.9867766173305916
0.9867816815101036
0.9867967078633124
0.9867858889345283
0.98676705457615
0.9867876774012284
0.9867561970285753
0.9867522727972976
0.9867547449746119
0.9867860813735345
0.986818414371446
0.9868224559881811
0.9868621455237445
0.98685869196444
0.9868243287937503
0.9868350783371886
0.9868285823161695
0.986818222944891
0.9868255850516156
0.9868255855221338
0.9868386922025288
0.9868492364626633
0.9868810322882658
0.9868666348079841
0.9868449222435005
0.9868346104518757
0.9868231255020626
0.9868226909026458
0.9868244384239764
0.9868419204611295
0.986854702031568
0.9868553598759295
0.9868662887906059
0.9868732221901606
0.9868787099540414
0.9869038087041317
0.9868994972659508
0.9868833323118135
0.9868782243281834
0.986890504672593
0.9869123918077755
0.9869258425422798
0.9869423267294766
0.9869310034596379
0.9869243131506688
0.9869402075155835
0.9869237234707527
0.9869268132307849
0.9869196489693207
0.9869181627985368
0.9869154621674424
0.9869336414631739
0.9869334763858345
0.9869319596024079
0.9869403559866284
0.9869268719186866
0.9869346092501147
0.9869450875449542
0.9869544887642943
0.9869523949163634
0.9869535419478735
0.9869522021357772
0.9869838177669529
0.9869847254722147
0.9869812480287973
0.9869777995834957
0.986981689954629
0.9869653333412077
0.9869530344997671
0.9869495490368194
0.9869557581295937
0.9869597601566295
0.9869704721639126
0.9869526809287894
0.9869531989054073
0.9869527198240123
0.9869393670029506
0.9869338841487111
0.9869304555914833
0.9869458756810056
0.9869583191345179
0.9869656082791456
0.9869857214052693
0.9869794453409425
0.9869813655160938
0.986950064199182
0.9869646627718393
0.9869781174168246
0.9869666736808882
0.9869821429225846
0.986987284209253
0.9869864513813214
0.9869904092562208
0.9869929320355594
0.9869690809130368
0.9869810106115604
0.9869699106721747
0.9869709102804064
0.9869704535487444
0.9869751789530278
0.9869856301810113
0.9869808979514335
0.9869733891618544
0.9869605404365668
0.9869856890632144
0.9869666725774089
0.9869525851470923
0.9869587385523071
0.9869383213610043
0.9869521207579238
0.9869564338579148
0.9869410040215478
0.986950073931499
0.9869718876886611
0.986963282484687
0.9869803293570861
0.9869750999673063
0.9870013304643795
0.9870060395175342
0.9869981573316764
0.9869811442864476
0.9869722928822744
0.9869645189726112
0.9869644981350664
0.9869720623063647
0.9869843799134254
0.9869716781147843
0.9869721470509426
0.9869635304335016
0.9869590253973507
0.986951279809482
0.9869692254249114
0.986972772406385
0.9869888377371976
0.9869862055162528
0.9869864702915515
0.9869825959587131
0.9869704795132688
0.9869698991293615
0.9869810926958685
0.9869560597757946
0.9869614026805593
0.9869426415216564
0.9869493906422523
0.986969562908495
0.9869466540403163
0.986945992745763
0.9869552748123042
0.9869487527462316
0.9869460614153568
0.9869155189734018
0.9869269470230017
0.9869210338129103
0.9869334640403603
0.9869414169212133
0.9869349097141398
0.9869091184908504
0.9869073076069276
0.9869127209527032
0.9869357925892037
0.9869442185597265
0.986956263778637
0.9869613465582483
0.9869692126789845
0.9869586610288761
0.9869726083351605
0.9869648684917176
0.9869713358948805
0.9869800667242729
0.986982267347137
0.986991174182692
0.9869834721881925
0.9869814344579174
0.986976202438592
0.9869797038916958
0.9869901976644465
0.987001551811095
0.9870049214859132
0.9869956681363872
0.9870066980818119
0.9870161302590399
0.9870335373902737
0.9870188484260667
0.9870138415527911
0.9869998143772828
0.9869894353657032
0.9869719984912658
0.9869680002562151
0.9869593255226461
0.986954697853948
0.9869477304076169
0.9869474326065761
0.9869559409505572
0.9869622708047838
0.9869795434222786
0.9869654168084444
0.9869497317577031
0.9869464895276364
0.9869415806128318
0.9869216834303586
0.986922830532005
0.9869377474733484
0.986939499859997
0.9869335875984957
0.9869399979882737
0.986934827577395
0.9869317302599497
0.9869264605689124
0.9869141857292264
0.9869207865222444
0.9869353456551274
0.9869489567195076
0.9869594507306345
0.98697121271818
0.9869697700041807
0.9869714675146899
0.986984941314322
0.9869773396166935
0.9869784817490614
0.9869762010223764
0.9869646118841169
0.9869706598257498
0.9869608458761128
0.9869632761545304
0.9869685398466961
0.9869524474339549
0.9869579480204587
0.9869608285455231
0.9869619311039769
0.9869657983360073
0.9869522777913727
0.9869521208156236
0.9869550509542894
0.9869597149449592
0.9869773789739261
0.9869888576587827
0.9869903900878731
0.9870049014205013
0.9869947750372735
0.9869848734536141
0.986998026822292
0.9870106860258536
0.9870318050448655
0.9870451727583139
0.9870449992753186
0.9870429957222988
0.9870463638166349
0.987036727424464
0.9870265038688087
0.9870289622965954
0.9870355086073407
0.9870381746278504
0.9870288889175426
0.9870360970333542
0.9870440580234814
0.9870632744818092
0.9870510003022349
0.9870664133518493
0.9870848973663651
0.9870839449157884
0.9870822351788108
0.9870917704400564
0.9870943552640987
0.9870853285147535
0.9870737605400204
0.9870849991449409
0.9870742639841712
0.9870740793236757
0.9870724041083518
0.9870637455445326
0.9870708076973257
0.9870680125368957
0.9870761238364882
0.9870632509546071
0.9870623071406419
0.9870615600857578
0.9870732197599581
0.9870603349334777
0.9870438894900052
0.987023039576859
0.9870381027725408
0.9870453511524258
0.987039266274918
0.9870434010787659
0.9870441400925325
0.9870422211392431
0.9870421303958975
0.9870514293292441
0.9870493213021858
0.9870508297930092
0.9870539728242271
0.9870504523862433
0.9870462176322566
0.9870480112848748
0.9870564258387925
0.9870649897399829
0.987060428754378
0.9870530655272355
0.9870595783886641
0.9870633857877805
0.9870594896012262
0.9870437981617403
0.9870512828467727
0.9870472684110646
0.9870369615426979
0.9870409989359782
0.9870456613521779
0.9870645641889816
0.98705944323337
0.9870621525719959
0.9870705625407785
0.9870777006165398
0.9870844815783828
0.9871026812699922
0.9870945814829726
0.987086091149018
0.987083722722408
0.9870821803083352
0.987069406207503
0.9870558084958949
0.9870431436144393
0.98703595673401
0.987035905704823
0.9870355039263106
0.9870326202296609
0.9870212753843441
0.9870209591724094
0.9870224392402411
0.987023774045303
0.9870081165160067
0.9870016958023355
0.98700274528482
0.9869961007356146
0.9869975557728603
0.9870012524714477
0.986987959877532
0.9869875249116622
0.9869958234569346
0.987002539978727
0.9869915227842212
0.9869897739205138
0.9869961768927946
0.9869832239172365
0.9869811682175891
0.9869807474616512
0.9869726014059609
0.9869718838133503
0.9869753020436336
0.9869650684694347
0.9869632131796062
0.9869733939010921
0.9869772730871934
0.9869818454969588
0.9869675950576017
0.9869704882896281
0.9869737468467689
0.986973243443482
0.9869634655251196
0.9869536257926832
0.9869529409696356
0.9869593370189843
0.9869591030854762
0.9869632702982855
0.9869561712261111
0.9869547955817118
0.9869597038352818
0.9869643496405446
0.9869700640533771
0.9869729963902688
0.9869802600394524
0.9869851115507379
0.9869750306224825
0.986981138101205
0.9869727776522744
0.9869793229556552
0.9869805222747445
0.9869794334569255
0.9869835699113267
0.9869776811121643
0.9869714191698409
0.9869785646126328
0.9869809641397902
0.9869857972536168
0.9869981543357108
0.9869987637453944
0.9869930906688043
0.9869977328816422
0.9869972426306022
0.9869929308957773
0.9870001804105869
0.9870086469324373
0.9869990894040856
0.9870002920239012
0.9869894724052573
0.9869952646523366
0.9869963172626068
0.9869972503555049
0.9870032636859902
0.987005525772569
0.9870049255965349
0.9869929504858309
0.986986600390854
0.9869829391403221
0.9869680395861002
0.9869800083391012
0.986986248276371
0.9869883421396776
0.986995435706756
0.986991565460001
0.986992278876684
0.9869811695675937
0.9869830135366826
0.9869905335090494
0.9869912138044212
0.9869894836125789
0.9869949724106147
0.9869987432829338
0.9870047588027748
0.9870004068974317
0.9869940837355928
0.9870011944831941
0.9870113449680077
0.9870037001528421
0.9870104874485592
0.9870077670822085
0.9870172948696936
0.9870109028208105
0.9870184577056361
0.9870122406472508
0.9870173047007941
0.9870161274193027
0.9870082329963605
0.9870122909951945
0.9870029259081944
0.9869927004862874
0.9869973322058805
0.9869862944579834
0.9869854931643839
0.986983708079929
0.9869851696589071
0.9869717135905128
0.9869678391127963
0.9869666020474408
0.9869670794405967
0.9869711580622839
0.9869656803265425
0.9869689140998136
0.986973075284203
0.9869669368452691
0.9869780002322349
0.9869863101275713
0.986984272497657
0.9869873614115842
0.9869866196904952
0.9869930525260016
0.9870098198467568
0.9870108270031369
0.9870062636789334
0.986999117043406
0.9870090807796683
0.9870026450061227
0.9869965642090935
0.9869828272450945
0.9869792452654989
0.9869785405865278
0.9869772031979107
0.9869820601977876
0.9869863990577844
0.9869855606168028
0.9869931338480173
0.9869811953659982
0.9869815497216372
0.9869862054506942
0.9869887765578049
0.986999167006992
0.9869960266257286
0.9869984143879936
0.9869988365147365
0.9870025108297027
0.9870068684359208
0.9870001764306913
0.987002777714561
0.9869953865337158
0.9869924899603801
0.9869878238833378
0.9869847039615435
0.9869895039317097
0.986996705319723
0.9870011235413572
0.9870050721260045
0.9870055876118395
0.9870141241815145
0.9870215996010058
0.9870311451597111
0.9870284080749092
0.9870291517011045
0.9870299277724143
0.9870252129099341
0.9870241425987443
0.987024278369226
0.9870306115089112
0.9870254186497731
0.9870257814752867
0.9870191004978496
0.9870120935403922
0.9870139869039533
0.9870093875083327
0.9870068326824385
0.9870013703956906
0.987009370366745
0.9870015905294789
0.9869941573850702
0.9869892321312626
0.986999189536509
0.9870002084326741
0.9869977802580765
0.986986047947137
0.9869810644217496
0.9869753541360965
0.9869763646001944
0.9869753477806041
0.9869680530322499
0.9869739835931158
0.9869727235033416
0.9869754000333258
0.9869701371155039
0.9869696709972092
0.9869606444102123
0.9869523535819723
0.9869532423249175
0.9869546397825602
0.9869573290325039
0.9869584866283051
0.9869542569947821
0.9869475190764623
0.9869482276108644
0.9869434950817269
0.9869443007821743
0.986941446807612
0.9869462670440791
0.9869417312679951
0.986937455932291
0.986946339284523
0.9869442713279166
0.986945307063926
0.9869476847600502
0.986948568805958
0.9869455465184624
0.9869449534134206
0.9869425331930525
0.9869488294467641
0.9869475275444802
0.986946235064207
0.9869490456791213
0.9869452142553681
0.9869465305751758
0.9869374921926664
0.9869281868392872
0.9869321854687161
0.9869353420944013
0.9869418155725607
0.986938287938446
0.9869348103894788
0.9869342531572926
0.9869331021740412
0.9869285865940657
0.9869329668535302
0.9869242350681086
0.9869259895241098
0.9869265879257816
0.986933034550887
0.9869346006463333
0.986932706697752
0.9869350534153453
0.9869291973730394
0.9869241088247457
0.9869285266017299
0.9869268022675648
0.986927370109308
0.986927789633429
0.9869296701321707
0.986925296736551
0.9869280213561158
0.9869298797739553
0.9869230804171973
0.9869186263190202
0.9869219189397641
0.9869333583738945
0.9869270752269965
0.9869302679863047
0.9869295566688963
0.9869297242966167
0.9869300763196258
0.9869258904464708
0.9869105329263504
0.9869123217514884
0.9869163419305872
0.9869196063947392
0.9869108369753535
0.9869132326793164
0.9869158030522889
0.986915031625282
0.9869206017967852
0.9869337016622987
0.9869346934462712
0.9869275180096255
0.9869194755167718
0.9869205311973288
0.9869275289461233
0.9869190069206099
0.9869164978775995
0.9869192289635323
0.9869209055754142
0.9869151129683058
0.9869125579435418
0.9869116107613412
0.9869089361857469
0.9869155518416485
0.986920012126857
0.9869224463840005
0.9869206140188864
0.9869157548045786
0.9869083817818364
0.9869123754731555
0.9869123375184714
0.986909216949375
0.9869099211358286
0.9869083989539831
0.9869089963846879
0.9869076889765759
0.9869078082359556
0.9869092812510118
0.9869135362222133
0.9869098532753403
0.9869081517217775
0.9869185611497359
0.9869175313373849
0.9869206420599745
0.9869192153658065
0.9869230590513115
0.9869262769781071
0.9869296515081677
0.9869355073122813
0.9869298893797231
0.9869326861056232
0.9869280063151847
0.9869288484960763
0.9869300588257406
0.986931491459507
0.9869327438726091
0.9869294904260276
0.9869309172289398
0.9869261843506829
0.9869289436552143
0.9869282156238198
0.9869242044817448
0.9869294460702285
0.9869339847701215
0.9869396243149554
0.9869463267500157
0.9869476298312314
0.9869551500027952
0.9869594599015228
0.9869600995014078
0.9869574272643094
0.9869525191000926
0.9869494217438635
0.9869488567236515
0.9869417627574868
0.986942959405886
0.986952861878809
0.9869493680794222
0.98694881178445
0.9869426201678284
0.9869383630341124
0.9869380661429552
0.986939068604299
0.9869435031000031
0.9869415131794169
0.9869413293221538
0.9869367986149006
0.9869340532792962
0.9869335319779158
0.986932049574746
0.9869376824217467
0.9869371508441367
0.9869394177171377
0.986934350822444
0.9869363848539591
0.9869376122324818
0.9869361997936446
0.9869392028761355
0.9869423511856285
0.986941545401619
0.9869375126039506
0.9869357227194583
0.9869428652858064
0.9869419784278637
0.9869380045727489
0.9869370132819014
0.986936504765363
0.9869321852240351
0.9869324380428567
0.9869340520206358
0.9869347060365901
0.9869356874899196
0.9869345617181234
0.9869402144168474
0.9869432001621715
0.9869503523798732
0.9869480098482534
0.9869515828037521
0.9869488103744851
0.9869488758913093
0.98694793940902
0.9869475160825563
0.9869413465160599
0.9869388614760194
0.9869458790707962
0.9869484233277241
0.986951165197612
0.9869491853605797
0.9869453188779711
0.9869435227825866
0.9869362179786942
0.9869339840387887
0.9869317675263762
0.9869385758108129
0.9869404558228149
0.9869444893756025
0.9869474169171167
0.9869495368952875
0.9869497362295863
0.9869525365399267
0.9869570395267498
0.9869529152846935
0.986951243056585
0.9869512064797947
0.9869536824977666
0.9869533429700166
0.986960758063211
0.9869591158767452
0.98696544604218
0.9869658554263314
0.986970061787399
0.9869687361878176
0.9869640856787625
0.9869636998347274
0.98695837068106
0.9869620449946929
0.986961844254261
0.9869648795551728
0.9869625742641839
0.9869711981363837
0.9869619868065754
0.9869547829274696
0.9869491942478005
0.9869526536472748
0.9869531020546032
0.9869509626703019
0.9869521749888291
0.9869545200397598
0.9869517277673341
0.9869481267939618
0.9869445706475696
0.986952100325849
0.9869558264383919
0.9869536899374989
0.9869561632145523
0.9869558671624898
0.9869500771639457
0.9869517320250664
0.9869508072374517
0.9869552459769456
0.9869577918153881
0.9869651748260397
0.9869683046081447
0.9869672587144542
0.9869570874765858
0.9869607887933718
0.9869583230646901
0.9869640793473543
0.9869700772899894
0.9869782732415482
0.9869753760639413
0.9869830362615664
0.986981564132042
0.986981909580798
