0.9507329622851635
0.9668763186591462
0.9712813821171655
0.976218766876411
0.9782295282241952
0.9796655563326193
0.9809917347978071
0.9817638026065382
0.9832651274841282
0.9838159274934923
0.9835411459676885
0.9834921976154981
0.9832163398929019
0.9834871590260711
0.983738739719017
0.9840002039494843
0.9838027739799414
0.9837891224812627
0.983468615694089
0.9835545072339227
0.9837854688148486
0.9841398023973005
0.9840732811468101
0.9841433857954652
0.9840067010558513
0.9833819926814944
0.9831987813250164
0.9833663217623451
0.9832389097101268
0.9833498993725871
0.9834023474925965
0.9836448668795245
0.9836859873964101
0.9834794940146272
0.9834770401977153
0.9834633252240459
0.9834323862799584
0.9833379763147867
0.9833615014950935
0.9833610438945417
0.9832777222793645
0.9833068457410828
0.9833234323578319
0.9835186672378352
0.9834667863433807
0.9832958597087951
0.9834895910381368
0.9834914104362089
0.9835359607583006
0.9834827794376547
0.9835559487106044
0.9837324890754557
0.9838482235856346
0.9837506218303014
0.9838372415835543
0.9837973676380927
0.983733751873149
0.9838185845828968
0.9838843751374439
0.9838696979889988
0.9838504519297804
0.9839349262382769
0.9840263113154082
0.9840374321674833
0.9840594979259943
0.9840996984716796
0.984140884453529
0.9840823013325875
0.9840827211179279
0.9842709210838841
0.9842942685181169
0.9842409464894664
0.9842479186166576
0.9842079185732668
0.9841434883790516
0.9841006779212501
0.9841493992496918
0.9841107167049516
0.9840006431803647
0.9839927583989752
0.9839513453407935
0.9838463619949992
0.9838846891616584
0.9839864786830108
0.9839486283949211
0.9839476672498823
0.9839982703457557
0.9840172465775691
0.9840987544390741
0.9839695597373567
0.983909929766081
0.9838662026645135
0.9838205211955902
0.9837520031369289
0.9837363102117462
0.9837289360475738
0.9837328076570311
0.983741548110748
0.9837447086994885
0.9837001186876347
0.9837060054537096
0.9836196868342786
0.9835981215550438
0.9835978326582778
0.983624086725091
0.9836372058542784
0.9835881406323087
0.9835940394136454
0.9836298057530001
0.9835947303468048
0.9836294063387414
0.9836067096345524
0.9835817347562407
0.9834736360592329
0.983579116574181
0.9834898642393924
0.983486267336334
0.983434217796117
0.9834437236449887
0.9835324408021475
0.9835172627161669
0.983475979559806
0.9834930759712553
0.9834851200226585
0.9835028681280674
0.9834723563604283
0.983423284273433
0.9834368589927959
0.9834496812399989
0.9834208479597332
0.9833782490378482
0.9833423823741005
0.9832641037097091
0.9832649744550733
0.9832378238873944
0.9832757407018129
0.9832711571627
0.9832647400110623
0.9832453954786083
0.9832314152012225
0.9832058572296744
0.9831697418939652
0.9832269501355593
0.9832607034659677
0.9832477541639362
0.9832354409996552
0.9831733396787588
0.9831242016896646
0.9831759761622145
0.9831538532092545
0.9831623580357793
0.9831778949709024
0.9831102301409991
0.9831095232264225
0.9830908534457161
0.9831341561726427
0.9831748904277741
0.9831788621074334
0.9831523804998901
0.9831111602802309
0.9831251054148347
0.9831156553060615
0.9831011190989358
0.9830751383820594
0.9831002412315242
0.9831126251159901
0.9831169115902592
0.9831008072407528
0.9831183729433706
0.9831206769249364
0.9831596016658096
0.9831687655635662
0.9831951526595475
0.9831975021476
0.9831260977786108
0.9831067675458119
0.983103824924817
0.983112778815129
0.9831201778282277
0.9831230256403592
0.9831646360074945
0.9831650684924744
0.983178082917278
0.9831621254573587
0.9831633171104581
0.9831581243074262
0.9832057843157844
0.9831621641333484
0.9831750085782588
0.983152316494654
0.9831630620215022
0.9831758905165905
0.9831523056448902
0.9831718072484195
0.9831788093342556
0.9831354121698455
0.9830863519846323
0.9830917145566236
0.9831037266390351
0.9830995091794021
0.983111343926563
0.9831407869139275
0.9831477450447942
0.9831076599904136
0.9830446159385466
0.9830639725181074
0.9830266653390425
0.9830117293741414
0.9830462001971675
0.9830940213791081
0.9830804774219908
0.9830711586303397
0.9830540766611701
0.9830483585888474
0.9830772886477233
0.9830533470198443
0.983009678076557
0.983028408155905
0.9829953158698083
0.9829886941949056
0.9829850464160944
0.983000092800298
0.9830413489969576
0.9830502502573734
0.9830867929223099
0.9830907709492247
0.9830755578299937
0.9830731847049349
0.9830681099117422
0.9830699236290202
0.9830745337226131
0.9830864611306165
0.9830736615624223
0.9830787455190313
0.9830924787005425
0.9830839195902984
0.983073289329759
0.9830455547824318
0.9830531202174759
0.9830575345929645
0.9830429736582955
0.9830618623483199
0.9830415907982707
0.9830617071578388
0.9830750279247835
0.9830749266905912
0.9831163578307808
0.9831280358421601
0.9831016935522573
0.983115099834103
0.9831172416457279
0.983121108534142
0.9831561906964935
0.9831569286639159
0.9831903895811246
0.9831761911386817
0.9831857264791646
0.9832254283262238
0.9832166748313035
0.9832327348165172
0.9832434651554489
0.9832119873283818
0.9832116791703602
0.9832290638424448
0.9832157283969779
0.983209481774449
0.9832386807180918
0.9831965890969487
0.9832000211754834
0.9832225413090026
0.983231062360933
0.9832286488103315
0.9832414554798055
0.9832640379954639
0.983270128335271
0.9832779622492903
0.9832602646043567
0.9832586185955083
0.9832429810395347
0.9832220805148949
0.9832451453305179
0.9832383894818443
0.9832430593389533
0.9832355954436656
0.9832412106544651
0.9832216753532784
0.9832023056499926
0.9832006067878483
0.9832148382543141
0.9832257110781977
0.9831827981979171
0.983188635182539
0.9832063325099182
0.9831956308952318
0.9832137078246038
0.9832291740845862
0.9832391141199763
0.9832261333376108
0.983204495340606
0.9832019144795737
0.9832015855790281
0.9832244912806278
0.9832277152924178
0.98322199970296
0.9832296438918458
0.9832288658999104
0.9832063355435033
0.9832020407052257
0.983192545016122
0.9831803950228082
0.9831702258890525
0.9831806137856374
0.9832186540266993
0.9832038653136348
0.9831839431326849
0.9831718658586966
0.9831671402068034
0.9831500204938611
0.9831416135222748
0.983139776784353
0.9831232024165846
0.9831403956323279
0.9831327362592799
0.983112384904045
0.9831140738359344
0.9831545207394106
0.9831354980163967
0.9831353695198675
0.9831135558015626
0.983135001421743
0.9831279232148624
0.9831286574678467
0.9831194367485256
0.9830971385494714
0.9830876705832114
0.9830801563157966
0.9830907864634373
0.9831102111441213
0.9830918745540013
0.9830950205741203
0.9830898395790537
0.9830861261955979
0.9830905497795672
0.9830705750542046
0.983058685464673
0.9830690305917021
0.9830615084630432
0.9830430482675179
0.9830456132161741
0.9830255521655629
0.9830402676130027
0.9830324821816481
0.9830068106271899
0.9829918316216253
0.9829616796247519
0.9829653443448585
0.9829860134327637
0.982967303167158
0.9829677539279901
0.9829722868014112
0.9829821732141656
0.9829777329031957
0.9829581363042993
0.9829762680877455
0.9829715147425069
0.98297173637943
0.9829742558718088
0.9829769543659721
0.9829435297655563
0.982957238313641
0.9829557363197026
0.9829859068547394
0.9830014512758367
0.9830227054133001
0.983016784463856
0.9830200392901555
0.9830100283066762
0.9829961004009028
0.9829993637368413
0.9829980648151551
0.9830041299521722
0.9829964046411688
0.9829969879867382
0.9829757133773828
0.9829662325798024
0.9829416363628568
0.982952393337669
0.9829671000219015
0.982967883766452
0.9829727510273804
0.9829488889726332
0.9829689191727564
0.9829785451561016
0.9830038925854527
0.9829820465169866
0.9829701287377913
0.9829590174464338
0.9829470116891562
0.9829317319299145
0.9829214788885536
0.9829252854342179
0.9829191653669146
0.9829120794114546
0.9829074636680242
0.982929011504266
0.9829399929469351
0.9829683967897938
0.9829671795830355
0.9829543242001245
0.982942368804474
0.9829607873459656
0.9829510243265606
0.9829619797003134
0.9829726631681918
0.982966569212678
0.9829643267524715
0.9829650984884838
0.9829871090340915
0.9829864459026731
0.9829817754950883
0.9829630207786171
0.9829626047129219
0.982977225253673
0.9829838657101373
0.98297137843686
0.9829773268860543
0.9829676903867316
0.9829604394501721
0.9829659259962441
0.9829666250455148
0.9829761480770626
0.9829629968530927
0.9829572962824026
0.9829586789851312
0.9829544539922589
0.9829565472052545
0.9829715623758518
0.9829466222289901
0.9829548499668082
0.982968969072719
0.982978315309372
0.9830006422263171
0.9829891377549432
0.982994488030138
0.9829971144825043
0.9829894877441152
0.9829864771774437
0.9829915917494743
0.9829786098522814
0.9829725457141565
0.9829636478851574
0.9829652336568
0.9829764628098295
0.9829803141834652
0.9830012776587597
0.9830172867256067
0.9829852409643716
0.9829798909129706
0.9829849322902497
0.9829744358259417
0.9829686163847158
0.9829620126507272
0.9829543409130451
0.9829523851632905
0.982951959852142
0.9829581573924426
0.9829739781933001
0.9829954278189464
0.982964986704818
0.9829923216670751
0.9830054035997484
0.9830016221703244
0.9829963094922939
0.9829922832748024
0.9829878588154024
0.9829635800278194
0.9829523462066206
0.982958157395083
0.982944155464575
0.9829449377176562
0.9829566864576792
0.9829611744869892
0.9829622642361802
0.9829564058904312
0.9829577981158356
0.9829561508856826
0.9829480859463066
0.9829580675371344
0.9829609764464672
0.9829569865587997
0.9829355118747886
0.982923394148349
0.9829219268773262
0.9829244144210088
0.9829252693955326
0.9829244904079725
0.9829148837895743
0.9829022258778293
0.982903750363409
0.9828938875868327
0.9829091823618817
0.9829180412426071
0.9829273439813696
0.9829346887253092
0.9829331225640127
0.9829221553527685
0.9829249728667191
0.9829367085679586
0.9829286678907123
0.9829113326742993
0.9829133853077939
0.982905262004443
0.9829112861063397
0.9828976198076822
0.9828875455810616
0.9828902852302315
0.9828884424990262
0.982896028761578
0.9829178124025506
0.9829270963667766
0.9829178461375129
0.9829111666097029
0.9829203352810182
0.982921795014951
0.9829444489467072
0.982961703373252
0.9829530560931807
0.9829512056562921
0.9829572271346653
0.9829625482062538
0.9829598675650694
0.9829429884846759
0.9829441101644262
0.9829357721430939
0.9829308884415623
0.9829404810175127
0.98292697964085
0.9829172781174461
0.9829060314032848
0.9829082217715778
0.9829108717401754
0.9828982963680554
0.9828948869593248
0.9828995061624123
0.9828963145250714
0.9828993231202439
0.982907399331362
0.9828961793862326
0.9828853273060884
0.9828834410652681
0.9828857669557096
0.9828952886757778
0.982893685366744
0.9829098309369255
0.9829114517448777
0.9829039609055005
0.9828992137630131
0.9828923334982886
0.9828962429075946
0.9828938486834536
0.9828845955738542
0.9828871054505913
0.9828838032683316
0.9828944687694982
0.9828939493920348
0.9829008979034168
0.9829104354999604
0.9829191483375176
0.9829318267266172
0.98292782920895
0.9829201863395934
0.9829106475255205
0.9829124247290458
0.9829069469904061
0.9829097062179553
0.9829148373244868
0.9829231994270736
0.9829345756430169
0.9829330666446119
0.9829513735563343
0.9829412543063413
0.9829388107230999
0.9829424462406684
0.982930289300166
0.9829295792901787
0.9829088123688641
0.9829175865979739
0.9829191310729194
0.982931684304752
0.9829354559481769
0.9829290478192989
0.9829158412059774
0.9829137677413283
0.982919890767904
0.9829295628074898
0.9829288126785883
0.9829304729471795
0.9829365409377404
0.9829463741173897
0.982942511015821
0.9829528665693109
0.982978299658486
0.9829855631030303
0.9829830034135987
0.9829717480413858
0.9829621739988799
0.9829602026539019
0.982960160220893
0.9829593912444782
0.9829669302583715
0.9829673226448238
0.9829657507599839
0.9829703599379783
0.9829708476706993
0.9829627048195994
0.9829497691477368
0.9829491978812165
0.9829502331846922
0.9829372933420054
0.982950047505132
0.9829494855465933
0.9829533796296971
0.9829449828724494
0.9829499456879501
0.9829635930509267
0.9829625722742023
0.9829677533510381
0.982976413713319
0.9829647731815693
0.9829661826861164
0.9829491136043144
0.9829434836447688
0.9829392320789536
0.9829455348601137
0.9829369983569152
0.9829449445677518
0.982941676978897
0.9829541121780683
0.9829533330256459
0.9829551430426994
0.9829467446311785
0.9829557024777603
0.9829568410380953
0.9829503793394071
0.9829575960436188
0.9829418061996339
0.9829388441919726
0.9829434706814827
0.9829414456108639
0.982945903805362
0.982940033796437
0.982940633017805
0.982926148734456
0.9829245471414226
0.9829302468274177
0.9829250988563449
0.9829246658957881
0.9829102650522639
0.9829134360948992
0.9829254032011779
0.9829302726185813
0.9829382531809979
0.982951437082555
0.9829355790588654
0.9829357360834567
0.9829394784832808
0.9829362106374473
0.9829509821396378
0.9829589999043691
0.9829581900769491
0.9829553552310211
0.9829653634785998
0.982958441569838
0.9829530915139303
0.9829370544064943
0.982925699531146
0.9829231324896285
0.982917544582786
0.9829284512107037
0.9829282159462182
0.9829203731842522
0.9829200051161361
0.9829213882179496
0.9829273902581305
0.9829295130168577
0.9829367822751885
0.9829526110426917
0.9829447458805534
0.9829443200667477
0.9829470007668949
0.98294997777673
0.9829600935350377
0.9829683735805962
0.9829576830150725
0.982959782826032
0.9829626443813264
0.9829572017631476
0.9829578048318413
0.9829693008354659
0.9829574385407137
0.9829512050601353
0.9829579452758278
0.9829644343273208
0.9829779063590265
0.9829797393870728
0.9829845719738874
0.9829781824540965
0.9829634097828832
0.9829682343078777
0.9829611013165298
0.9829532608060035
0.982952374020429
0.9829560724552531
0.9829517368627596
0.9829500156869269
0.9829459506089299
0.9829507652930606
0.9829597233025336
0.9829615327844726
0.9829717168550235
0.9829596322402251
0.9829704221394995
0.982964161867719
0.9829597030422522
0.9829419393095103
0.9829461149332445
0.9829496159477453
0.9829545290908527
0.9829387159100276
0.9829356565360663
0.9829365274400625
0.9829385375780835
0.9829409775864588
0.9829409209081204
0.9829430405173419
0.982950644374244
0.9829496899394733
0.9829471553868909
0.9829433271501895
0.9829332470382647
0.9829256124673642
0.9829334774530922
0.9829342227501175
0.9829366491499251
0.9829322785920336
0.9829366298897884
0.9829284089385157
0.982931210156622
0.9829286702478118
0.9829230923944519
0.982915550897265
0.9829201584311438
0.9829217339019503
0.9829096846888729
0.9829171394123908
0.982920795942064
0.9829177917367072
0.9829207977355606
0.9829285967524581
0.9829289984775362
0.9829295989665973
0.9829396770680859
0.9829556763092834
0.9829488356736105
0.9829476557509622
0.9829450361967311
0.9829390913795143
0.9829316422557342
0.9829228928172133
0.9829180433167135
0.9829147433590673
0.9829097219900945
0.9829109274409087
0.9829072842754157
0.9829095212238989
0.9829026321563927
0.982904939106539
0.9828989177542855
0.982900778761183
0.9828951000198823
0.9829051426879313
0.9828965585897608
0.9829019545736084
0.9829007289931325
0.9829007031984551
0.982906765277783
0.982911800070148
0.9829030131287523
0.9829114149737654
0.9829099155578438
0.9829159880697056
0.9829195649059009
0.9829129179044892
0.9829097988038972
0.9829073658944334
0.98290508312845
0.9829021860590254
0.9829039640940195
0.9829052343506146
0.9829170309062183
0.9829182149611938
0.982918406612508
0.9829190566180126
0.9829088924499587
0.9829139399319511
0.9829173122122263
0.9829002490116706
0.982912377412695
0.9829175417993568
0.9829057394633332
0.9829043638004664
0.9829072622844516
0.9829081229108702
0.9829109676370785
0.9829080548613902
0.9829156212312739
0.9829149031747387
0.9829135487602368
0.9829084392791937
0.982899154783646
0.9829049211376759
0.9828916246604795
0.9828827830884777
0.9828960385372187
0.9828942686104966
0.9828903211309632
0.982885810471066
0.9828949183796762
0.9828902049046189
0.9828959160968627
0.9828889800813763
0.9828999146013524
0.9829046336270801
0.9829044274323732
0.982906340673616
0.9829088260765755
0.9829090250952573
0.9829001845951826
0.9828970983619147
0.9828861964547809
0.9828900683133617
0.9828826363327942
0.9828829396905356
0.9828828058778561
0.982879720881278
0.982881748970346
0.9828859339345442
0.9828881405980076
0.9828847398906483
0.9828883806704403
0.9828970910306185
0.9829128927912948
0.9829139431862932
0.982916669961149
0.982927315230381
0.982925425867859
0.9829319314739366
0.982927164886509
0.9829190179763133
0.9829183034216156
0.9829201087905813
0.9829158511900631
0.9829153527496016
0.9829229395285448
0.982917376229494
0.9829208516622608
0.9829261856310224
0.9829273159176333
0.9829290189155745
0.9829406103704924
0.9829491668826456
0.9829564822528526
0.9829588536233317
0.9829695025916365
0.9829834509502897
0.9829934629113828
0.982990459848246
0.9829963681562033
0.982988325182226
0.982992181769399
0.9829822591360331
0.9829824658366668
0.9829937330651288
0.9829924670017196
0.982994420736231
0.9829897989479386
0.982982572460902
0.9829901878562332
0.9829960446238031
0.983003545828285
0.9830039011881403
0.9829977620495033
0.9829892452908695
0.9829907629743165
0.9829933599557511
0.9830070884111365
0.9830120595154223
0.9830050546908606
0.9830105730342557
0.983005729118202
0.9830032058203207
0.982998300288843
0.9830003084812269
0.9830028507247419
0.9830097377666226
0.983011126485566
0.9830018445667907
0.9829927412682039
0.9829977300285875
0.9829955146756734
0.9829863680018196
0.9829738499286514
0.9829839251234114
0.9829868548241314
0.9829831753438297
0.9829789187765546
0.9829737849191705
0.9829725115787838
0.9829683691501692
0.9829733678108143
0.9829706511462777
0.9829741452821076
0.9829681781254223
0.9829700213997412
0.9829700954635204
0.9829756160291631
0.9829818076088546
0.9829833064845601
0.9829816998009605
0.9829758530147636
0.9829833071377363
0.9829807054134091
0.9829818107135303
0.9829749445755582
0.9829665234933628
0.9829655655272885
0.9829580445050082
0.9829538730997177
0.982939974688873
0.9829413503438689
0.9829388149776571
0.982947228261131
0.9829566619479283
0.9829569451674306
0.9829661754235708
0.9829627570692402
0.9829693450194985
0.9829690941901276
0.9829744787879275
0.9829763611065094
0.9829784044776342
0.982982365756591
0.9829813908410928
0.9829791676698505
0.9829853351526846
0.9829914374187403
0.9829892217949553
0.982992148742429
0.9830011556405666
0.9829999687476396
0.9830050789161794
0.9830006714989994
0.9829998352337201
0.9830008727005138
0.9830049693355417
0.9830023206349804
0.9829881357974593
0.9829845642080474
0.9829823458399359
0.9829824447274103
0.9829848531827968
0.9829907283187175
0.9829915394488519
0.9829871751431748
0.9829892346344392
0.982993593975063
0.98299268417966
0.9830011306283815
0.9830066963733579
0.9830078961280826
0.9830026178919246
0.9830008798708706
0.9829934098571644
0.9829989341757006
0.9830004469930113
0.9830129405055245
0.983022746063584
0.9830340849216215
0.9830449505622662
0.9830513144348769
0.9830473332179651
0.9830568704687255
0.9830474270928387
0.983050998004899
0.9830623875938684
0.9830647243635038
0.9830599107740892
0.9830641344244941
0.9830616934881338
0.9830657243838918
