0.9782752423995372
0.9836709247299398
0.9853725143424988
0.9880784546756375
0.9897277350813263
0.9908220838469612
0.9913333547555433
0.9910630928599073
0.9911963804395088
0.9917462561492342
0.9915985835137715
0.9916270021726568
0.9911274811632546
0.991300032954318
0.9913361382177548
0.9911823797341703
0.9910727098551457
0.9910527111135076
0.9909724251533274
0.9909124777290909
0.9907020317170883
0.9909429709198257
0.9910294660484824
0.9911358608531209
0.9910106229820344
0.9908593478460302
0.9906894928602642
0.9907037878012085
0.9908413531081617
0.990981345635698
0.9909416217078447
0.9908688937009403
0.9908454928237705
0.9907706014305793
0.9907702220315435
0.9907681817091438
0.9907976317522045
0.9907407824346066
0.9906467640943634
0.9907184156372706
0.9908058625386233
0.9907887798555723
0.9906540410203214
0.9906980671760306
0.9907076435891037
0.9907071203362412
0.9908048095197384
0.9907627695183492
0.9908140292179226
0.9907457377853538
0.9907850672913512
0.9907918528406148
0.9907878342750989
0.9906921137313051
0.990714568179224
0.9906671796128638
0.9907459272959434
0.9907428140846041
0.9908591820505592
0.9909370067461879
0.9909223079101682
0.9909319306406753
0.99087832099786
0.9908308365263087
0.9908431419195829
0.990818972210195
0.9908268008385226
0.9907752099229608
0.9907148299120015
0.990800492038552
0.9908823133185246
0.990924478787058
0.9909254926704747
0.9908639552020876
0.9908041270039472
0.9908147739160287
0.9908673990279525
0.9908689681778442
0.9908554418281862
0.9908195983605734
0.9908053977187619
0.9908075128626805
0.9908292292300477
0.9908538565090629
0.9908957296608675
0.9909524347052522
0.9910102140076653
0.9910034838156191
0.9910408835619748
0.991025571092604
0.9910600339715439
0.9910001264916253
0.9909746841708331
0.9909805325764736
0.9909812412915402
0.9909782569768476
0.9909698421738341
0.9909935870526233
0.9909987898913448
0.9909761604137647
0.9909901558890936
0.9908971111136174
0.9909189494252933
0.9908940459925125
0.990882262753508
0.9908654350458416
0.9908522571215075
0.9908439491073148
0.990795916947405
0.9908177413868279
0.9908340870521709
0.9908105565635867
0.990805837055022
0.990775192251756
0.9907644175557574
0.9907773457546062
0.990764159054046
0.9907556443307783
0.9907324170915234
0.9907505175438667
0.9907321430851577
0.9907377183188888
0.9907754163663473
0.9907770073255957
0.9907739232856061
0.9907599641002814
0.9907933785281976
0.9907944415591087
0.9908090362394173
0.99084160455265
0.990813258867805
0.9908191156760089
0.9908241591463304
0.9907938641763246
0.9907682272311804
0.9907942654859617
0.9907899871685226
0.9908034674131444
0.9908033974856298
0.99079563645098
0.9907801529778266
0.9907715927552345
0.9907665551478684
0.9907637472585709
0.9907812779928804
0.9907428645327537
0.9906946469970973
0.9906926148933026
0.9906860855115686
0.9906872551181282
0.9906772650085601
0.9906602283662448
0.9906261608814879
0.9906237946969374
0.9906364120791348
0.990652666228919
0.9906585491098323
0.9906729538649444
0.9906650597210935
0.9906499816674051
0.9906493259692057
0.9906367039599454
0.9906290331006914
0.9906500078618385
0.9906314968708074
0.9906616277163296
0.9906387067509826
0.9906182648008252
0.9905960264590998
0.9906099295180746
0.9906010346703552
0.9906091803808313
0.9906252884658747
0.9906440387992326
0.9906378775508268
0.990651828504853
0.9906463226392971
0.9906556900356653
0.9906725917072375
0.9906703237732705
0.9906547457181719
0.9906419299717385
0.9906526908665199
0.9906141282875875
0.9906259462631227
0.990629308299818
0.9906367367659402
0.9906167849032959
0.9906511362919982
0.9906373606531599
0.9906708153507798
0.9906699871821533
0.9906697300262287
0.9906523765442257
0.9906358191815685
0.9906453442907892
0.9906451280034196
0.9906487727353499
0.9906409887199744
0.9906495559153201
0.9906681808224631
0.990663608071954
0.9906678562123675
0.9906519653658475
0.9906335008174254
0.990661087506546
0.990647433872004
0.9906397713392983
0.9906326179527236
0.9906422730573077
0.9906326878630314
0.990625571506512
0.9906278415703454
0.9906394415918056
0.9906468239603731
0.9906296437747336
0.9906397305910959
0.9906321890350022
0.9906011528354141
0.9906016634996831
0.9905882234417898
0.9905963822017173
0.9906113837286149
0.9905996326489592
0.9906121008455879
0.9906001460174921
0.9905928733433924
0.9905966918325909
0.9906025792696653
0.990594127940736
0.9906054974931414
0.9906059372617831
0.9906099175294415
0.9906087866270007
0.990618292503792
0.9905970210538035
0.9905863249741246
0.9905841777580229
0.9905857513983912
0.9905855215879035
0.9905796194640126
0.990605665395732
0.9906108613211373
0.9906149554859093
0.9906082132058166
0.9906408229053045
0.9906490157470029
0.990677820641349
0.9906614054283934
0.9906577356714111
0.990651091791776
0.9906415295624041
0.9906573747686673
0.9906512037092848
0.9906543773258956
0.9906480402178688
0.990649021570472
0.9906486582337505
0.9906423837871584
0.9906532957723297
0.9906522890334498
0.990650273970113
0.9906406978082954
0.9906708401954498
0.9906673170310186
0.9906512682421377
0.9906710851865951
0.9906507006210505
0.990665707824437
0.9906848181023634
0.9906871665956988
0.9906766017837867
0.9906864463447347
0.9906816283982852
0.9906997194693483
0.9906752668346452
0.9906805849486109
0.9906897230590681
0.9906958224577181
0.9906938262084284
0.9906954260767087
0.9907002605497386
0.9906896099525132
0.9906915020361539
0.9907015753354834
0.9907002940662927
0.9906940285325804
0.9906868505348484
0.9906789085968559
0.9906781479850817
0.9906995622618244
0.9906984460950676
0.9906853073934638
0.9906778978226343
0.9906859364363444
0.9906880741310208
0.9906766905236438
0.9906543277530787
0.9906533548864593
0.9906600989218277
0.9906611570180953
0.9906813938672622
0.9906740517563465
0.9906779799972311
0.9906835673150681
0.9906831312203285
0.9906758688311003
0.9906832883534443
0.9906827269846963
0.990677097096552
0.9906884691401614
0.990693121069062
0.990698716082604
0.990700147248625
0.9906914109443585
0.9907011805312151
0.990711092595125
0.9907063173832303
0.9907041842673826
0.9907135537408429
0.9907057903873103
0.9906988324424268
0.9907032362979366
0.9906922426440095
0.9906859094794339
0.9907005237009094
0.9907046110418496
0.9907160097470192
0.9907111590170965
0.9907254303145805
0.9907226669493798
0.9907205743601263
0.9907135286093836
0.9907070500726175
0.9907122310404852
0.9907094463987619
0.9907165293905525
0.9907195930148777
0.9907129707898485
0.9907001914070914
0.9906941370054302
0.9906888626472172
0.9906763843353621
0.9906813085220955
0.9906875265328597
0.9906947097662477
0.9906978192354049
0.990698306669152
0.9906910242180802
0.9906990178482245
0.9906944144077614
0.9906950100953609
0.9906687938448724
0.990664881430787
0.9906506805303203
0.9906494683449755
0.9906624357308327
0.9906513642583277
0.9906371559436453
0.9906373061050411
0.9906428158284063
0.9906445040548808
0.9906293118794106
0.9906388739113259
0.9906366578711568
0.9906431520052016
0.9906475255298615
0.9906417833387746
0.9906362415679719
0.9906387431620878
0.9906414763027886
0.9906388339813391
0.9906458207735984
0.9906633048770739
0.9906585272725719
0.9906592854558162
0.9906570012017132
0.9906509390595278
0.9906473352940925
0.9906521603648831
0.9906587908931875
0.9906448124357067
0.9906549721861289
0.9906541690806832
0.990649566406967
0.9906673543914767
0.9906799950472019
0.9906738362578922
0.9906757924681043
0.9906681026035405
0.9906674101414762
0.9906766203938985
0.9906769807547395
0.9906873616348485
0.9906784977401472
0.9906766745289662
0.9906755082172518
0.9906691879161316
0.990665330925872
0.9906626767791296
0.9906557393353419
0.9906529117799099
0.9906449230867795
0.9906468721290493
0.990648604132338
0.9906407896074134
0.9906414267992483
0.9906383590639511
0.9906329132320245
0.990633569950826
0.9906280457828547
0.9906272241813846
0.9906183132716174
0.9906353464646398
0.9906346250265834
0.9906275585400628
0.9906312630562477
0.9906351414047012
0.9906331960318855
0.990636205727123
0.9906244504984494
0.990632586823598
0.9906315938560395
0.9906467203260005
0.9906552086276041
0.9906658909833508
0.990667420109766
0.9906616644745205
0.9906749404034435
0.9906769023167795
0.9906825198318986
0.9906867728073264
0.9906788987489713
0.9906786505883024
0.9906774382934241
0.9906835540754202
0.9906789878508487
0.9906743772230884
0.9906693248919775
0.9906680134929097
0.9906668229741266
0.9906644102092669
0.9906646164326659
0.990666830011822
0.990671647888434
0.9906758601604556
0.9906879198615897
0.9906895891911758
0.9906866440523836
0.9906891397812196
0.9906833609614917
0.9906786890157258
0.9906831873886042
0.9906886736868917
0.9907028920472537
0.990707963918334
0.9907110752993662
0.990713510720019
0.9907107329361323
0.9907099813467113
0.9907069416189224
0.9907158055601439
0.9907191474629691
0.9907205682216036
0.9907181712866665
0.9907209922029869
0.9907168280560242
0.990725399256662
0.9907081239185748
0.9907139213890656
0.9907165513111119
0.9907208992325371
0.9907120934729396
0.9907124863268638
0.9907093142497058
0.9907116725861191
0.9907091499141395
0.990713649619212
0.9907108789072819
0.9907048394865364
0.9907067562031836
0.990706134409415
0.990707613666037
0.9907057999627837
0.9907084781121515
0.990707887114272
0.9907078263122632
0.9907040709759489
0.9907029670826547
0.9907030781775503
0.9906993320737234
0.99069084311979
0.9906875222556185
0.9906901087888972
0.9906873581343717
0.9906840627302737
0.9906792588410214
0.9906745271408132
0.9906790895230946
0.9906790606596452
0.9906835264803948
0.9906837421776709
0.9906908267319375
0.9906942781063257
0.990692953864778
0.9907049388058586
0.9907083618125366
0.9907097081416013
0.9906988458274572
0.9907012109231488
0.9907070623125576
0.990700805476165
0.9907078600866084
0.9907079376430868
0.9907039524522577
0.9906933044276133
0.9906925553676788
0.9907000581892218
0.9907093563348881
0.9907098319277681
0.9907094781598468
0.9907147299963092
0.9907159628429647
0.9907180908636493
0.990725733766306
0.990725943325336
0.990721726806915
0.9907128771266357
0.9907165524825078
0.9907128786113588
0.9907108455708583
0.9907152670811263
0.9907153870562861
0.9907125714546094
0.9907144960773332
0.9907195671698247
0.9907178503351993
0.9907166380774727
0.9907112684120402
0.9907117816701513
0.9906998450691601
0.9906941840750065
0.9906927980166299
0.9907063182388872
0.9906964288204213
0.9907038080405637
0.990708701061945
0.9907140793588834
0.9907104180430117
0.9907104376861803
0.9907185288683006
0.9907130378248488
0.9907051058325247
0.9907078486188838
0.9907111614750291
0.9907099249346167
0.9907092702649195
0.9907040681702383
0.9907037397518429
0.990698384230949
0.9906940262456926
0.9907005787328067
0.9907053986571124
0.9907077106917883
0.9907079948708648
0.9907182631808278
0.9907231701204875
0.9907277706321126
0.9907281103165492
0.9907249177598957
0.9907306533394639
0.9907330092967382
0.9907421509540297
0.9907485487048803
0.9907425314563606
0.9907420776639444
0.9907486234692044
0.9907603100300341
0.9907709349303802
0.9907786353508141
0.9907784578661344
0.9907803931938395
0.9907859481572521
0.9907790446802768
0.9907832518697206
0.9907827674145979
0.9907804209357111
0.9907817838084821
0.9907818920300258
0.9907874881661229
0.9907911303037552
0.9907839964092068
0.9907872125372239
0.9907905087003109
0.9908048313649105
0.9908118262576668
0.9908108846321568
0.9908104666084445
0.9908118696057964
0.9908047898959575
0.9908089392470368
0.9908187968626941
0.9908178635069703
0.9908196883486973
0.9908255613428836
0.9908244783819727
0.9908263263237496
0.9908268526919677
0.9908325505279476
0.9908364611708314
0.9908339490851338
0.9908334048543849
0.9908394920330373
0.9908406058990834
0.990834614046176
0.9908249298057998
0.9908292411213647
0.9908298704733475
0.9908279269911632
0.9908298259171456
0.9908279957352396
0.9908287530855346
0.9908302272661815
0.9908367884607316
0.9908298987603358
0.9908263147317156
0.9908312813014654
0.9908319383944485
0.9908333941477098
0.9908337610000998
0.9908220334428208
0.9908202190572487
0.9908240415311742
0.9908215733407417
0.9908130896945286
0.9908114565916878
0.9908122822317245
0.9908184354201371
0.9908096107702297
0.9908123360901745
0.9908161497555809
0.9908190631719105
0.9908177796555984
0.9908160461530447
0.9908116533670187
0.9908092586983878
0.9908127756563749
0.9908147415885037
0.9908143902982457
0.9908186009178901
0.9908139888368331
0.9908183399997673
0.9908162926079169
0.9908236878842714
0.9908230046720282
0.9908217350767938
0.9908206805087428
0.9908195685881057
0.990821479885982
0.9908242200107948
0.9908292244717378
0.9908378903156908
0.990837520704845
0.9908398455058136
0.9908407471452174
0.9908473524994201
0.9908522810543708
0.9908581188355112
0.9908596205448585
0.99085201529534
0.9908540096214674
0.9908582593491356
0.9908567779392911
0.9908547651473907
0.9908460157404557
0.9908351593784398
0.9908340312768875
0.9908311296395583
0.9908311818921614
0.9908375358094492
0.9908374865908137
0.9908332489396673
0.9908264750165283
0.9908317310712443
0.9908297860599158
0.9908295605637996
0.990833532178461
0.9908325765497074
0.9908293421058312
0.990833632903389
0.9908370852190408
0.9908338046319878
0.9908343063899783
0.9908364000736866
0.9908335249468798
0.9908347759933668
0.9908352038354784
0.990838013436067
0.9908470626629949
0.9908470789402006
0.990851211112352
0.9908481813619788
0.9908537684742812
0.9908589498541402
0.9908594808780841
0.9908644657540352
0.9908611110827741
0.9908655295387232
0.9908668298066308
0.9908641436208064
0.9908667143776133
0.9908661139282976
0.9908713644745415
0.990866315170982
0.9908681820343358
0.9908641952742481
0.9908691319025504
0.9908702999320939
0.9908711393950547
0.9908666727978898
0.9908668060055156
0.9908664738444933
0.9908634162941794
0.9908595759826015
0.9908593746783679
0.9908621661709376
0.9908643660604171
0.9908636571169125
0.990853917944528
0.9908532213826603
0.9908500431054721
0.9908484816341365
0.9908477729090602
0.990846884790226
0.9908451621686506
0.9908455030429589
0.9908465847409184
0.990841768491977
0.9908400180956382
0.9908405388648867
0.9908389319340386
0.9908434130283851
0.9908453813331646
0.9908481555290504
0.9908454535835413
0.9908446347275739
0.990844240181368
0.9908466220591707
0.9908386388842987
0.9908348979565748
0.9908311802901798
0.9908303274962507
0.9908295813064911
0.9908323571041279
0.9908330756521756
0.9908383954226473
0.9908359968751994
0.9908381585925049
0.9908446328729362
0.9908438768397068
0.9908455734782062
0.9908478117486271
0.990854300119953
0.9908515418772843
0.9908536041554075
0.990859668478697
0.990853028885009
0.9908493815763431
0.9908467456552044
0.9908407978849689
0.990841541646958
0.9908455749048987
0.9908472135248625
0.9908435813070289
0.9908448334536225
0.9908433170055994
0.9908434334958404
0.9908454220249802
0.9908488244813757
0.990839770670454
0.9908442084220335
0.9908439243715554
0.9908439720967522
0.9908418993341639
0.9908417053008488
0.9908392887146745
0.9908341313261685
0.9908357234485967
0.990836932448318
0.9908370343872476
0.9908322161028632
0.9908337831780814
0.9908359631343435
0.990832857962902
0.9908288676724714
0.9908246625789714
0.9908185606690098
0.9908153917619537
0.9908240917774648
0.9908298087418751
0.9908288575914368
0.9908293403685406
0.9908253456697222
0.990821853595478
0.9908188142918259
0.9908156009636561
0.9908157606281119
0.9908185745967308
0.9908197480012352
0.9908089745868783
0.9908085830931862
0.9908076254069785
0.9908089145970703
0.9908080198314504
0.9908095883446058
0.990806883594137
0.9908062033294572
0.9908050976661921
0.9908080313734384
0.9908069479749966
0.9908127450762704
0.9908066962279874
0.9908051241137422
0.9908039493341911
0.9908045081295829
0.9908026049782884
0.9908018505048063
0.990796689829785
0.9907890036516837
0.9907904645497981
0.9907941665393958
0.990794558669975
0.9907944237976748
0.9907988521535822
0.9907965558879759
0.9907949590586302
0.9908003743192375
0.9908011323512459
0.9908013405124628
0.9908008205444686
0.9908025408564479
0.99080252169547
0.9908052683187621
0.9908039208139362
0.9908038542838612
0.9908046941292524
0.9908025138644142
0.9908078287473296
0.9908049782847843
0.9908059285760592
0.99080872035581
0.9908121010583477
0.9908100327238538
0.990809442736278
0.9908116028118756
0.9908158657529893
0.9908221885462575
0.9908241128176697
0.9908276143120865
0.9908252673048138
0.9908293083989943
0.9908293566041847
0.990828976437991
0.9908276356634993
0.990826015818036
0.9908291837837927
0.9908347643580355
0.9908334490970074
0.9908347910767596
0.9908381932125676
0.9908446265273937
0.9908426913066064
0.9908419192587117
0.9908417727280888
0.990841018725051
0.9908407101440365
0.9908356195308852
0.9908363273464051
0.9908372113917812
0.990842730385074
0.9908354032263079
0.9908381719669683
0.9908446170547147
0.9908478056386166
0.990842878518887
0.9908368185395909
0.9908329547868333
0.9908338692504222
0.9908368632068778
0.9908317196275332
0.9908352168639819
0.990832402120421
0.9908308907312422
0.9908272257985797
0.9908224436641756
0.9908226927473763
0.9908290003059773
0.9908313131885591
0.990838393921966
0.9908314238625129
0.9908342036874959
0.9908358941147422
0.9908320738558536
0.9908365487685308
0.9908395125535894
0.9908390826418464
0.9908402298194561
0.9908418483607213
0.9908432292328474
0.9908435067122134
0.9908405517740214
0.9908389631802039
0.990839913159227
0.9908346092743143
0.9908361070131082
0.9908359966093704
0.9908345089610231
0.9908354624298322
0.9908350691930873
0.9908409996954544
0.9908383513490138
0.9908420614122799
0.990843010291247
0.9908420828146657
0.990847463748319
0.9908456198996767
0.9908474234165366
0.9908463922356621
0.9908434184274627
0.9908424874545506
0.990846123537436
0.9908455868108769
0.9908427179795849
0.9908407949291048
0.9908387916196616
0.9908412690573857
0.9908430155245608
0.9908424934893898
0.990840573753896
0.9908424613404185
0.9908403903702446
0.9908416422002447
0.9908440767735345
0.9908414894226523
0.9908445809435936
0.9908463734625106
0.9908435696391598
0.990842697538176
0.99084337768935
0.9908437933520093
0.9908437423319638
0.9908406967265472
0.9908384452407059
0.9908388551121012
0.9908405697830622
0.9908404586616641
0.9908423963548579
0.9908408909203232
0.9908386534092921
0.9908409357867441
0.9908358536308098
0.9908397226488073
0.9908367057812187
0.9908433058039097
0.9908452315477764
0.9908458887914402
0.9908426471076149
0.9908404580096563
0.9908422723026002
0.9908474408027543
0.9908450558197153
0.9908480007234246
0.9908526095746382
0.9908503615672045
0.9908504770416217
0.9908493384612596
0.9908531615450461
0.9908613072413505
0.9908669324702722
0.9908660562398948
0.9908657131927195
0.9908642293491329
0.9908592111896711
0.9908623067884212
0.9908592563623901
0.9908602027366477
0.9908608362578981
0.9908591694673611
0.9908591879330024
0.9908566265520392
0.9908591537526731
0.9908605840132794
0.9908626793664853
0.9908614902104299
0.9908617227696072
0.9908638842465707
0.9908632029559016
0.9908654601926621
0.9908674302409372
0.9908660767596431
