0.9710008591738841
0.9808971248680826
0.9828139246778256
0.9861787710983784
0.9873498026581266
0.9885912623406525
0.9886432085015909
0.9891252181478469
0.9895680781785589
0.990280109975621
0.9901450491949207
0.9899064097013787
0.9896313776906622
0.9897658438894048
0.9896082238801535
0.9896241246732222
0.9894862116514443
0.9897214564440704
0.9896178018651837
0.9895138856274182
0.9893994193286005
0.989641685356283
0.9894691525843801
0.9895193742462597
0.9894527013475298
0.9891025897085957
0.9889079236200166
0.988966102328872
0.9888672316150905
0.9890176485994681
0.9890806110376579
0.9891028808913046
0.9890828169478603
0.98907453208998
0.9889749399480986
0.9890382667013172
0.9891088507267587
0.9889951076689227
0.9889873383516471
0.9889969814489028
0.9890188386616326
0.98896868046581
0.9888737434997716
0.9889168442891617
0.9889777038037396
0.9890472801419311
0.9892624749305119
0.9891882951830439
0.9892085156457295
0.9892034531317166
0.9892883395799775
0.9893120769812405
0.9894240663662852
0.9893469511441516
0.9893461768088413
0.9892339706133537
0.9892426706596996
0.9893308289144143
0.989348570989366
0.9893217870266455
0.9893110769630252
0.9892523339818915
0.9893244399417367
0.9893321860124322
0.9893464006242331
0.9893209762854208
0.9893522081454376
0.9893546226841406
0.9893514372041434
0.9894550647219892
0.9894742153745784
0.989457575627634
0.9894343135692679
0.9894143123056467
0.9893828853771971
0.989368461488655
0.9894235237225466
0.9894609640392681
0.9894851252281633
0.9894696019627149
0.9893950482510393
0.9893146762131891
0.989325625828098
0.9893512317763312
0.9893393499926547
0.9893415596310824
0.989368511518051
0.9893477565155152
0.9894093486011947
0.9893838352625401
0.9893481398395051
0.9893263770512114
0.9892952031628842
0.9893018641182998
0.9893091716468719
0.9893574439772305
0.9893835936359697
0.9893778857935456
0.9893953974565473
0.9893792812101038
0.989402204423191
0.9893136632880546
0.9892662869057666
0.9892587207067359
0.9892735192818953
0.9892519795771749
0.9892086149580207
0.9891962438646256
0.9892186409508871
0.9892262338987067
0.9892251717100051
0.9892358576981167
0.9892422199546727
0.9891860787093413
0.9891999823599572
0.9891791494068628
0.9891408264339957
0.9891470618813092
0.989113248387608
0.9891393538987411
0.9891419569675075
0.9891264240310149
0.989143231679222
0.9891348634901932
0.9891029764267718
0.989091594442392
0.9890713088684323
0.9890866266494635
0.9890852824650661
0.9890936226273518
0.9890955821647655
0.9890698173458
0.9890486779734657
0.9890441188904896
0.9890193263698989
0.9890246156464197
0.9890174056977649
0.988988729930586
0.9889815143358973
0.9889572526992941
0.988954472705582
0.9889679864607157
0.9890049423359475
0.9890184062815597
0.9890357384386129
0.9890194485692969
0.9889645969226072
0.9889569385548368
0.9889691473649733
0.9889702975182154
0.9889793589511847
0.9889940151643468
0.9889382905160463
0.9889363183646551
0.9889326985645923
0.9889548432785591
0.9889704050438857
0.9889703218396271
0.9889494303524142
0.9889295548486113
0.988915418315328
0.988897412343651
0.9889216771705454
0.9889242757466858
0.9889266134997473
0.9889386431015451
0.9889282651252992
0.9889243377786898
0.9889268748450033
0.9889220442465264
0.9889212454257578
0.9889098672567643
0.9889178493154346
0.9889479768951241
0.9889396391319658
0.9889480177096232
0.9889442030466575
0.9889587770971829
0.988977076163985
0.9889663877647045
0.9889646270865082
0.9889435831989771
0.9889396267141654
0.9889039437799657
0.9888994507252742
0.9889017667877444
0.9889163873514981
0.9888919150636137
0.9889167107835074
0.9889246956776585
0.9889558537117692
0.9889802137130587
0.9889611707398314
0.9889655028657146
0.9889502231886678
0.9889289729730781
0.9889344933168476
0.9889315982119034
0.9889304544438636
0.9889363932196968
0.9889363655582998
0.9889654888643329
0.9889641450095633
0.9889535475465897
0.9889295177778746
0.9889297642883021
0.9889237082008655
0.9888982280806603
0.9888830417721738
0.9888807312752683
0.9888831172149201
0.988845179386727
0.9888401824372847
0.9888312503401394
0.9888323072517263
0.9888353951618746
0.9888100285041487
0.9888330060404532
0.9888164590721091
0.9888092345548524
0.9888129361484441
0.9888527078276594
0.9888855459119138
0.9888928605402865
0.9889136310282884
0.9889060725015312
0.9888893971162941
0.988903639780927
0.9889170691230965
0.9889073408993951
0.988924567506587
0.9889186590827725
0.9889278962222149
0.9889251791368275
0.9889371717779014
0.9889231696538417
0.9889101290269269
0.9889203162810997
0.988910412851625
0.9889210917859937
0.9889162980644212
0.988894841641945
0.9888885984245503
0.988903593116867
0.9889108239874531
0.9889184411493037
0.9889254044420372
0.9889329880728862
0.9889388497804115
0.9889326884087339
0.9889559456683029
0.9889576055153495
0.9889784107036925
0.988985054187861
0.9889924073120788
0.9889757512820082
0.9889974489995516
0.9890079653878564
0.9890006329333185
0.9890061192152416
0.9890039754692791
0.9890005044719369
0.989003883322779
0.9890084566323306
0.9890096055343375
0.9890066697201427
0.9890082303075137
0.9890005586549037
0.9890040266252655
0.9890239555729031
0.98903900325629
0.9890307494782612
0.9890335949226999
0.9890287872728275
0.9890443603583111
0.9890484200573265
0.9890413640189228
0.9890309026915493
0.9890171302579763
0.9890055942479121
0.9890153960003182
0.9890045749049498
0.9890180437778868
0.9890251664217958
0.9890112371473584
0.9890135449766295
0.9890073933464355
0.9890175124616798
0.9890192155038868
0.9890194256808525
0.9890160523341702
0.9890248317709416
0.9890248832192168
0.9890176794018668
0.9890344832544247
0.9890364959407739
0.9890405396975729
0.9890138465559373
0.988996048229783
0.9889911849991875
0.988974849005326
0.9889871356208545
0.9889955718092653
0.9890053984589808
0.9890049645279554
0.9890078414195645
0.9889815139502078
0.9889797979253939
0.9889633900381607
0.9889494161773906
0.9889400758840144
0.9889387789671995
0.9889363929959644
0.9889365687676891
0.9889378931602015
0.9889319429066257
0.9889472662956256
0.988929081704095
0.9889283220291222
0.9889181394414113
0.9889017681916147
0.9889246012039601
0.9889246569345839
0.9889044629095894
0.9888995910579063
0.9889327303744179
0.9889141923083248
0.9889190132717595
0.9889136486562289
0.988931758992031
0.988927396359235
0.9889414758715144
0.9889265264889253
0.9889215546579331
0.9889108896191581
0.9889026036862782
0.988898438562912
0.9889035247252141
0.9888936701839199
0.9889075869078975
0.9889020155037094
0.98889633338782
0.9889038957833393
0.9888969610069134
0.9888860178070429
0.9888965585943598
0.9888940610910517
0.9888950130541504
0.9888938983996948
0.9888917056128999
0.9888860079499179
0.9888995378772419
0.9888948167832984
0.9888868726028779
0.9888728632354278
0.9888609836347585
0.9888743013891256
0.9888554913864391
0.9888519098619583
0.9888593810621268
0.9888601570405023
0.9888590165702036
0.9888315696189894
0.9888471487091179
0.9888450052058327
0.9888492288161068
0.9888428870598843
0.9888255084786537
0.9888131349418873
0.9888247722771661
0.9888284123977942
0.9888374061582645
0.9888554848321952
0.9888763771044494
0.9888709817208394
0.988866272318983
0.9888528015915393
0.9888554827914184
0.9888529448895615
0.9888527271193182
0.9888537535424838
0.9888463391103987
0.9888645826068142
0.9888670384398255
0.9888627891378122
0.9888572878589624
0.9888671423318836
0.9888688696696766
0.9888820897014314
0.9888842278865736
0.9888661006737639
0.988871904662549
0.9888778003737336
0.9888942902225504
0.988889953622746
0.9888850140960478
0.9888756818808245
0.9888664380569944
0.9888590321849348
0.9888562594446421
0.9888654291488969
0.9888606742246975
0.9888582152709499
0.9888563237992223
0.9888701032417612
0.9888613250999746
0.9888622283221475
0.988854065305339
0.9888527440355165
0.9888483861347269
0.9888407243322267
0.9888306144087957
0.9888416398730027
0.9888480875142427
0.9888496151609178
0.9888466974528891
0.9888411491788145
0.988847433648351
0.9888479465814762
0.9888474402352923
0.9888524467041723
0.9888554518089182
0.9888691446466766
0.9888731293601404
0.9888759699316475
0.988886444530322
0.9888825511914913
0.9888769747700723
0.9888861757646129
0.9888781597386923
0.9888791099777641
0.9888722154462625
0.9888690610720365
0.9888689529658558
0.9888663243762424
0.9888683039384236
0.9888712463709005
0.9888610371871274
0.9888692508510548
0.9888797221248155
0.9888715786770571
0.9888658672070332
0.9888638187662038
0.9888553070445194
0.9888625058913059
0.9888574556261159
0.9888742538295587
0.9888868488211808
0.9888867319985097
0.9888943627303968
0.988883085041646
0.9888818485073791
0.9888879901751976
0.9888912174779361
0.9889006283843255
0.9889112617570103
0.9889041189426446
0.9889004866100937
0.988896454540501
0.9888885456427129
0.9888830860611963
0.9888830501296703
0.9888973364606609
0.9888932090247439
0.9888980337479448
0.9889006035066951
0.988904783441569
0.9889148862585457
0.9888952740214569
0.988904316322153
0.9889161332814795
0.9889242719191084
0.9889260434551183
0.9889364087531265
0.9889346334177181
0.9889388695249077
0.9889416702455261
0.9889542523250006
0.9889522868706659
0.9889500150704617
0.9889488701291037
0.9889531445690427
0.9889616736601718
0.9889620390098549
0.988959559848754
0.9889606644197223
0.9889525393289422
0.9889537058723773
0.9889576435467147
0.9889572460128891
0.9889472658399102
0.9889375227961501
0.9889425834540373
0.9889454512274923
0.9889395139626883
0.9889379605258164
0.9889364960175254
0.9889391074263302
0.9889460638318706
0.9889439404003498
0.9889489275616066
0.9889463962077079
0.9889503637989034
0.988955608068391
0.9889477275971476
0.9889478790649635
0.9889500154245944
0.9889572384925488
0.9889497183811395
0.9889506731676554
0.9889565956091445
0.98896320639214
0.9889594117047037
0.9889521824989961
0.9889434323732882
0.9889417007506696
0.9889427735468405
0.9889480819095804
0.9889559905536692
0.9889709299130955
0.9889696187363426
0.9889762191614087
0.9889816727164269
0.9889884565942872
0.9889956286762206
0.9890051168715858
0.9890012725809926
0.9889946472515119
0.988994209865658
0.9889833230937064
0.9889728959505123
0.9889608666583635
0.9889612098882701
0.988956133299136
0.9889477025939329
0.9889512098515999
0.9889458141048062
0.9889334352470386
0.988936700006629
0.9889441078821084
0.9889448291554404
0.9889383027797238
0.9889393219979381
0.988944661799092
0.9889415070395109
0.988938140171282
0.9889410462169298
0.9889397102261314
0.9889323088180629
0.9889372025638972
0.9889464638849833
0.9889334933279047
0.9889269720763675
0.9889289853753485
0.9889242873175565
0.9889242989391971
0.9889249658064114
0.9889230943698049
0.9889229482778346
0.9889170660137507
0.9889084417309357
0.9889120669199962
0.9889164593502188
0.9889223578372703
0.9889222298362486
0.9889195741111463
0.9889198304596316
0.9889173135797072
0.988915608560014
0.9889048079346889
0.9889013352990719
0.9888976615296509
0.9889004560430888
0.9888986253687966
0.9888988462290222
0.9889038389534552
0.9889082862044436
0.9889139322670504
0.9889148008256533
0.9889182227742225
0.9889179415763028
0.9889192615610918
0.9889131140087913
0.9889123882407115
0.9889131160805273
0.9888977887125281
0.9889019746875033
0.9889025658585411
0.988910577929026
0.9889142286496841
0.9889116110980348
0.9889168431142599
0.9889223290239033
0.9889253787257217
0.9889313352851452
0.9889376257456873
0.9889324086796656
0.9889333264787799
0.9889457024156635
0.9889458238523575
0.9889436093036171
0.9889413971265122
0.9889452843835574
0.9889450475143009
0.9889453821499207
0.9889350685741709
0.9889313765395545
0.9889305194375821
0.988928577645195
0.9889344084458266
0.9889345559873979
0.9889303246488478
0.9889363996377404
0.9889297838416936
0.9889310956356544
0.9889264153341932
0.9889230584449128
0.9889219470670186
0.9889208818898495
0.9889273896775719
0.9889284689818275
0.9889349254489282
0.9889281816210493
0.9889297865365126
0.9889334204573992
0.9889397895701727
0.9889461307985752
0.9889506040134304
0.9889514569057732
0.988950952158131
0.9889497288716783
0.988950162964373
0.9889539410712855
0.9889582361595779
0.9889589602701192
0.9889611214036221
0.9889550845089611
0.9889588840429218
0.98895910741337
0.9889637531337196
0.9889694418215346
0.9889708611512537
0.9889686751674396
0.9889621636329182
0.9889595863713256
0.9889512060439113
0.9889462910320216
0.9889496534927258
0.9889423676761121
0.9889441780452913
0.9889374546884677
0.988934467464778
0.9889260855527814
0.988922677315859
0.9889214378120382
0.9889246119349924
0.9889300068782834
0.9889233238864955
0.9889176165225403
0.9889246015985875
0.9889260750708909
0.988929200901148
0.9889366428108063
0.9889313823497798
0.988936505821633
0.9889449356386002
0.9889500392820578
0.9889560785433228
0.9889622912248854
0.988955614763856
0.988951543805724
0.988955722403378
0.9889481002348863
0.9889443330094805
0.9889356873700222
0.9889318868879086
0.9889338554374768
0.9889310222948812
0.9889327318762802
0.9889340050206686
0.9889258569857438
0.9889332869948562
0.9889307768575961
0.9889346736987241
0.9889323912592941
0.9889338729851047
0.988941570756796
0.9889371530349178
0.9889350853508012
0.9889353565808289
0.9889383683651858
0.9889387670503271
0.9889451060566145
0.9889463065215535
0.9889521219406527
0.9889465054162008
0.988944267757618
0.9889429269824136
0.9889469097785596
0.9889457503902741
0.9889445890282217
0.9889500331570651
0.9889504317115041
0.9889590994751913
0.9889616802744644
0.9889658197490201
0.9889676856427545
0.9889591448973402
0.9889660654801161
0.9889570685738271
0.9889575651985628
0.9889633931597004
0.9889702802966627
0.9889734570821778
0.9889788257668003
0.9889782286307688
0.9889769817324826
0.9889764445769123
0.9889694267987028
0.9889680183072983
0.9889643092034731
0.9889694325739533
0.9889716558642975
0.9889667207992512
0.9889583749619792
0.9889588624677351
0.9889604829141545
0.9889558199204675
0.9889514855478962
0.9889481059486194
0.9889517396075139
0.9889513069892512
0.9889483438483645
0.9889463927766915
0.9889491730805029
0.988948319345847
0.9889534740678807
0.988951117625227
0.9889469838412707
0.9889411440215141
0.9889342998766533
0.988935368712084
0.9889404389663662
0.988942153353899
0.9889396591068552
0.9889390442511339
0.9889375475290337
0.9889414024500734
0.9889379225867002
0.9889340806605502
0.9889286572680814
0.9889303115517493
0.9889235064915831
0.9889168349082594
0.9889185404163041
0.9889148382571159
0.9889131468250038
0.9889141529209481
0.9889157319057734
0.9889137191292825
0.9889161714924816
0.9889191539079185
0.9889285925964142
0.9889242153502158
0.9889222323209947
0.9889254499883529
0.9889218591401949
0.9889187476896288
0.988915613026141
0.9889091512022193
0.9889090416527787
0.988911804844122
0.9889127569250218
0.9889074294325879
0.9889075629707224
0.9889094476995076
0.9889037591865509
0.9889027712658471
0.9889017048421219
0.9888944035268716
0.9888948858397725
0.9888926125517631
0.9888963973078033
0.9888981587084946
0.9888975052484852
0.9889007957880436
0.9889022665230878
0.988900262607397
0.9888959302174065
0.9888921363513505
0.9888954116815389
0.9888974825649803
0.9888977298950117
0.9888968428728926
0.9888972678431822
0.9888975060927894
0.9888864411277511
0.9888865133137046
0.9888886961455099
0.9888961408611352
0.98889443036709
0.988897638854454
0.9888995014014513
0.9888993959308592
0.988900862950146
0.9888937625861032
0.9888886746711317
0.9888901553424069
0.9888902859410542
0.9888846148661395
0.9888792180841715
0.9888817860289792
0.988882968316203
0.9888775761794294
0.9888737424013117
0.9888736008305165
0.9888759725368743
0.9888704154015868
0.9888650574311993
0.9888656111899259
0.9888748365723793
0.988868666784717
0.9888660748894357
0.9888709981871846
0.988869205126742
0.9888656271677386
0.9888680160655119
0.9888658384318535
0.9888612782806189
0.9888687808896856
0.9888737693107098
0.988871958172184
0.9888763946458827
0.9888710157104207
0.9888719015390619
0.9888710204832842
0.9888703683497706
0.9888652828665208
0.9888641822021672
0.9888644232509619
0.9888653293657168
0.9888637889391235
0.9888639540996771
0.9888622285405229
0.9888604471513687
0.9888571491663538
0.9888557389037136
0.9888647281984925
0.9888664920710621
0.988869482022074
0.9888766460397982
0.9888792476390164
0.9888813599228652
0.988885582735671
0.9888945330046961
0.9888893369399318
0.9888965889921718
0.9888938128466581
0.9888901337724493
0.9888907538314553
0.9888921616819086
0.9888924583409834
0.9888900160192432
0.9888854734831544
0.9888809180489604
0.9888861773449299
0.9888876701651307
0.9888884553077152
0.9888887868322774
0.9888892400498009
0.9888978651164243
0.988897285093637
0.9888958402724103
0.9888972451833995
0.9889061935746566
0.988908691758797
0.9889083530908024
0.9889112815079373
0.9889056116747912
0.9889037924361966
0.9889009697558787
0.9889034208740426
0.9889086151633465
0.988906092158001
0.988904311401865
0.9888980324470458
0.9888944881283764
0.9888944870927746
0.9888941040467298
0.9888998241778733
0.9888995078842223
0.9888990880453592
0.9888970822645977
0.9888956003358963
0.9888911122525083
0.9888922955120177
0.9888962598010581
0.988895656336143
0.9888998290367734
0.9888987561342812
0.9889004082347075
0.9888975372522312
0.9888924074059496
0.9888894003895602
0.9888918400301603
0.9888903933421226
0.9888850797865892
0.9888814288584237
0.9888851329752448
0.988884188043218
0.9888838670297062
0.9888792289230077
0.9888824145679654
0.9888791715041368
0.9888767851800029
0.988875956310282
0.9888780826071718
0.98887869362279
0.988881848765061
0.9888834819090208
0.9888826537530372
0.9888877691285987
0.9888907964185498
0.9888923148476185
0.9888912707686538
0.988887599593878
0.9888883271540694
0.988885091610899
0.9888811931917294
0.9888806740786743
0.9888881209770899
0.9888890940947934
0.9888890680513804
0.9888880555494323
0.9888846916353369
0.9888848554593164
0.9888802012788868
0.9888753867735622
0.9888739382950666
0.9888719964977367
0.988873410654405
0.9888755344378143
0.9888814540428629
0.9888789199270136
0.9888835092513314
0.988884548042613
0.988885957531413
0.9888803361020756
0.9888810868361909
0.9888817213106987
0.9888828859982364
0.9888805396122132
0.9888809635972574
0.9888784949930897
0.9888858088652298
0.9888910426064776
0.9888979434658572
0.9888966387452145
0.9888978451548996
0.9888990449482765
0.9888998066425962
0.988898971461378
0.9888975194679512
0.9889004484124293
0.9888950975518281
0.9888968448085967
0.988884745164347
0.9888819817957986
0.9888803323489859
0.9888808374664101
0.9888799428511964
0.98888111316787
0.9888799674225093
0.9888791705525363
0.9888820551035064
0.9888803145816661
0.9888784803556679
0.9888839071211475
0.9888915713046909
0.9888859552899919
0.9888863957061588
0.9888871047283817
0.9888861271817821
0.9888880294348462
0.9888872023308366
0.9888890505476995
0.9888914360061495
0.9888957205015105
0.9888984959561249
0.9889006587594007
0.9888983622981906
0.9889012415539491
0.988902135987718
0.9889028996466195
0.9889124547152331
0.9889141299740282
0.9889099986988884
0.9889122613595654
0.9889137117983842
0.9889157293858065
