0.9653340454384833
0.9758722199450051
0.98017779246418
0.9841514835959868
0.9857984019690865
0.98616227975379
0.9869972217422239
0.9867170407980399
0.9881082753319713
0.9889917988644661
0.9889198783291843
0.9889065390055599
0.9887662008126342
0.9891800346513747
0.9890387526378306
0.9887875977646181
0.988647100683695
0.9885998284464823
0.988193523379755
0.9881282437882798
0.9883016567656836
0.9884963726238819
0.9884949908462072
0.9887526564646779
0.9885179282213813
0.9881195006966385
0.9878419267760313
0.9880332474343905
0.987881474696764
0.9881369508381743
0.9879654950075661
0.9881675883853824
0.9880633975611812
0.98805268511042
0.9880567669880675
0.9881040829481903
0.9881110679345929
0.9880343880105245
0.9882166609139428
0.9881647467374901
0.9882461881437505
0.9882749438024423
0.9883295765524818
0.9882799050169686
0.9883024227762055
0.988279784185195
0.9884750129622603
0.9884371130682282
0.9883667746198794
0.9883990662596059
0.9885224778611243
0.9887690078949065
0.9887821590308129
0.9887397961524762
0.9886537217704273
0.9886127595755639
0.9885361709097619
0.9885726332789817
0.9886278195429904
0.9885242268157042
0.9884579216865287
0.9884613573003425
0.9885358190551741
0.9884847678407225
0.9885790093865972
0.9885213195862941
0.9885992527641807
0.9885217460341844
0.988507862336299
0.9885562587606197
0.9885945243584241
0.9886091445296891
0.9885925763843172
0.9885635986829303
0.9884554757044204
0.98844275361695
0.9884890425921973
0.9885774179628342
0.9885693101910981
0.9886058488217824
0.9885749129009864
0.9885379512251325
0.988586623488745
0.9885841435292603
0.9884970235970867
0.9885279521216369
0.9885602611254213
0.9885707243326289
0.9886072753551242
0.9886030229758799
0.9885071325051522
0.9884792279126815
0.9884449959027869
0.9884629204334449
0.9884072916617558
0.9883882760796997
0.988387009415829
0.9884036994835952
0.9884181238056554
0.9883990559320452
0.9884184524946755
0.9884199545511011
0.9883961963240123
0.9883920950236276
0.9883995962569885
0.9883867857007905
0.9883814461902581
0.9883671291512536
0.9883561359466944
0.9883756059856653
0.9884106741498478
0.9883728355141416
0.9883994120363166
0.988382499425491
0.9884574433424672
0.9884299467594401
0.9884438355448661
0.9884108462123853
0.9884020110850326
0.9884364778782245
0.988463748339146
0.9884599206550768
0.9884851193338638
0.9884923302913706
0.9885131852488456
0.9885429441820055
0.9884967992132413
0.9885226878178418
0.988514141943437
0.9884584953308801
0.9884519165979989
0.9884313885835303
0.9883766933952391
0.9883803236351629
0.9883125648020396
0.988344153793115
0.9883387094972025
0.988267048589638
0.988278616624934
0.9882598606758943
0.9882744962598058
0.9882848550625853
0.9883091061235175
0.9883368745988563
0.9883627886881962
0.9883715390021561
0.9883063561489569
0.9882811567068452
0.9882844777880931
0.9882814209612951
0.988311181523336
0.9882974745361223
0.9882475975204104
0.9882441446878091
0.9882506179458247
0.9882886338836218
0.9883338925385786
0.9883376167520714
0.98835588198343
0.988342494344923
0.9883359128243631
0.9883123563663215
0.9883070708314325
0.9882911519761105
0.9882999712531183
0.9883287608583986
0.9883506776653432
0.9883449323164509
0.9883843790689216
0.9883950114988822
0.9884029918416798
0.9884167991897278
0.9884408974848213
0.9884326424881551
0.9883820072124059
0.9883929945609397
0.9884060164273193
0.9884215101004687
0.9883946982956834
0.9884013351682719
0.9883750810719991
0.9883889827929748
0.9884019568212443
0.9883880067885251
0.9883844358596153
0.9883705323880162
0.9883883843552204
0.988361698719441
0.988369627818555
0.9883354962899947
0.9883490970240606
0.9883693862931643
0.9883753651866886
0.9883727659399817
0.9883547400787239
0.9883406247466557
0.9883484245285711
0.9883602060923941
0.9883740594958178
0.9883778496555581
0.9883945923462111
0.9884433699439723
0.9884306618697207
0.9884134782062007
0.988398648959814
0.9883722987178697
0.9883652548417763
0.9883204563100835
0.9883532245622283
0.9883619448382049
0.9883579149547405
0.9883580860608862
0.9883755534794565
0.988372160738175
0.9883952744156557
0.9883898764771246
0.9883458663673499
0.9883702731832764
0.9883546662081897
0.9883435947849668
0.9883509236050602
0.9883588245383685
0.9883898592066666
0.9884059911612199
0.9884491906025662
0.9884521416601595
0.9884019566933838
0.9884115733248338
0.9884139531241718
0.9884073958601207
0.9884053615305829
0.9883933078545448
0.9884004158836391
0.9884118195923394
0.9884368355887051
0.9884326604583057
0.9884105109545803
0.9884000955579507
0.9883975769182556
0.9883945824239909
0.9883816852828634
0.9883948934721625
0.9884046180714371
0.9884143265388828
0.9884166570215049
0.9884006331564025
0.9884350286230732
0.9884484915314734
0.9884492601180899
0.9884412831713331
0.9884440736543162
0.9884560796127796
0.9884743408600336
0.9884674839847862
0.988494113757275
0.9884773614658753
0.9884853394012276
0.9884919353871061
0.9884844182558418
0.9884807058941958
0.9884753045688923
0.9884776009560589
0.9884804674928824
0.9885023807996429
0.9884930718370081
0.9884957051019198
0.9884939922848597
0.9884813570587937
0.9885048571393118
0.9885163026162326
0.9885113783908188
0.9885158472662106
0.9885084582841218
0.988509975954114
0.9885235924092362
0.9885358284692937
0.9885364680548808
0.9885288396342028
0.9885173827874915
0.9885132736019229
0.988500306318803
0.9884973719073307
0.9885116788898318
0.9885104389647557
0.9885139431318565
0.988497164597781
0.9884875483243228
0.9884774614519608
0.9884865736579329
0.9884845154418687
0.9884680953418217
0.9884771415429174
0.988489633223696
0.9884958380774952
0.9885066759997625
0.9885112254349975
0.9884999576806487
0.9884845597612005
0.9884960523510097
0.988507581603341
0.9884899209997312
0.9884913920826367
0.9884921440843285
0.9885042248033659
0.9885086409345893
0.9884999430641868
0.9884707872451785
0.9884787802770196
0.9884640781947297
0.9884524055145526
0.988453730906673
0.9884687261096042
0.9884851280960747
0.9884819776600233
0.9884724208123428
0.9884610211073566
0.98846677761691
0.9884438467999888
0.9884288952267948
0.9884292473479321
0.9884220249067658
0.9884357545166766
0.9884452966501098
0.9884097062068362
0.9884171050473209
0.9884395130586359
0.988429574710082
0.9884283593815457
0.9884253847397704
0.9884384905936244
0.9884374913680611
0.9884269994447235
0.9884026044254661
0.9883912276661807
0.988379659749937
0.988379493440554
0.9883764458888612
0.9883904250476419
0.9883736668350244
0.9883803697181854
0.9883753644924977
0.9883625542329199
0.9883774234246768
0.9883890806558489
0.9883967265107647
0.9884101083060503
0.9884097511306387
0.9884189044196177
0.9884150640361199
0.988392594653003
0.9883836918351334
0.9883844840637863
0.9883730940344935
0.9883816133566572
0.9883648881365081
0.9883752016341861
0.9883928475262511
0.9883704428392304
0.9883657045913047
0.9883754505593216
0.9883838491781798
0.9883785660437653
0.9883520657062816
0.9883602290011084
0.9883549294503203
0.9883726756414057
0.9883807493605583
0.9883713095681061
0.9883451448417875
0.9883535101495975
0.9883481308601816
0.9883707314197283
0.9883835035844658
0.988383698316192
0.9883862802264478
0.9883801005229087
0.9883647968134097
0.988367880263962
0.9883586293729305
0.9883653196667012
0.9883833419176891
0.9883846659293319
0.9883857134538383
0.9883755819291893
0.9883603413586725
0.9883625850143372
0.9883618361160879
0.9883675247986944
0.9883854464127456
0.9883817155295404
0.9883761882445965
0.9883923088328556
0.9884119206196572
0.9884420518220346
0.9884196257495442
0.9884218490112222
0.9884092380689722
0.9883901053182702
0.9883777556370629
0.9883744349007044
0.9883774267777558
0.9883823863696437
0.9883696204434039
0.9883693759906931
0.9883809550657598
0.9883863494719703
0.9884108946604937
0.988397035682137
0.9883850360977504
0.9883765875315639
0.988370477306399
0.9883489389637654
0.9883597314019573
0.9883674768661878
0.9883672192969603
0.9883547394472012
0.9883646928759017
0.9883629874152048
0.9883620026095585
0.9883489437584302
0.9883350413982467
0.9883415690550582
0.9883501575641703
0.9883603799345544
0.9883630202326067
0.9883796135181228
0.9883686825508166
0.9883645588973402
0.9883824568858054
0.9883806499486514
0.9883815349694748
0.9883806417231381
0.9883812223425726
0.9883823654315258
0.9883751820888944
0.9883766442381139
0.9883796205551413
0.9883563841896835
0.9883579148413891
0.988372650534955
0.988376793704593
0.9883875944338647
0.9883722113128038
0.988360566699056
0.9883614945535368
0.988355842414607
0.9883677457523664
0.9883780670710397
0.9883802172902252
0.9883847127990014
0.988376362559608
0.9883851571515042
0.9883908780180225
0.9883978231465554
0.9884251266286186
0.9884305253910705
0.9884297012816454
0.9884209775601047
0.9884199358457625
0.9884053732183357
0.9883984386355606
0.9883962985406559
0.9883956206586682
0.9883849133809183
0.9883732017335072
0.9883830741433176
0.9883948694310378
0.9884125024688467
0.9884054464742638
0.988415446965962
0.9884412504831508
0.9884407904464343
0.9884388074284404
0.98844412931472
0.9884467058703299
0.9884218794261421
0.988416057867713
0.9884261186442057
0.9884209903724348
0.9884211966167665
0.9884278122784022
0.9884295512410239
0.9884389311936839
0.9884434004570593
0.9884539750602417
0.9884470204757106
0.9884472270424556
0.9884518306239409
0.98846141020338
0.9884599644538772
0.9884461159028272
0.9884321120581145
0.9884458220525927
0.9884544069468032
0.9884474867088293
0.9884455724394897
0.9884452007491739
0.9884469106963932
0.9884406418733327
0.9884572903607798
0.9884556898769309
0.9884617162274796
0.9884609047310153
0.9884640355182787
0.9884582643515897
0.9884569099391789
0.9884588134759402
0.9884618730446194
0.9884617360575273
0.9884476547275604
0.9884528960908365
0.9884517598353031
0.9884428363094467
0.988427645947647
0.9884360288259818
0.9884391205360464
0.9884329123093433
0.9884386629760268
0.9884473650877588
0.9884626071609046
0.9884599189949601
0.9884632029426793
0.9884700334092025
0.9884763414006764
0.9884834796031443
0.9884882975389406
0.9884800495479565
0.9884748443415616
0.9884690098703393
0.9884662683279841
0.9884634397406651
0.9884510633727548
0.9884407782729263
0.9884412198115486
0.9884280877533558
0.9884266587163545
0.9884235012405179
0.9884129199911815
0.9884100706708483
0.988408759403186
0.9884108926625165
0.9884027050340685
0.9883999968442355
0.9884001803647829
0.9883991553390047
0.9883972213117383
0.988399437665745
0.9883843810968127
0.9883742420107523
0.9883790462895553
0.9883869299165585
0.9883797948793941
0.9883741959274873
0.9883822248445295
0.9883724878436186
0.9883700578989562
0.9883695674325961
0.988365809597241
0.9883739122777886
0.9883800665371707
0.9883711906303079
0.988368421027235
0.9883671577242025
0.9883750200666105
0.9883752825466422
0.9883592202558678
0.9883669744273339
0.9883772047818467
0.9883872205277056
0.9883829935467845
0.9883658848963599
0.9883597814514058
0.9883590731623578
0.9883657306128305
0.988373263989559
0.9883691787634833
0.9883671553240025
0.9883826671940494
0.9883917606495443
0.9883961495982105
0.9884007198482454
0.988400782537834
0.9884028726799099
0.9884047938700433
0.9884099822783926
0.9883874723531287
0.988395214167102
0.9884053352760263
0.9884131235705644
0.9884148380051261
0.9884148280366225
0.9884127843091799
0.988420560461777
0.9884245299639483
0.988426490549526
0.9884325867522161
0.9884342031215018
0.9884337233073166
0.9884382912000332
0.9884352158396709
0.9884354769036705
0.9884501527930035
0.9884571462295376
0.9884497410247528
0.9884463525918297
0.9884360058992199
0.9884294072584715
0.9884277466603846
0.9884280502449442
0.9884395341361455
0.9884400049731952
0.9884410076710194
0.9884308049539635
0.988420697107448
0.9884226640606956
0.9884138244945513
0.9884244632052672
0.9884265489162705
0.9884264292600257
0.9884359587628622
0.988425085360121
0.9884288021991068
0.9884208222425239
0.9884216382295575
0.9884274434874855
0.9884244547876667
0.988425702056369
0.988427817751678
0.9884303226853908
0.9884445502994135
0.9884389537764346
0.9884265761314932
0.9884311334731181
0.9884352737822116
0.9884281778334172
0.9884313749536587
0.9884289780970704
0.9884356776514531
0.9884371206046002
0.9884422443823969
0.9884363008653555
0.9884465975420839
0.9884450552014584
0.9884305975371651
0.9884352970965831
0.9884314876356859
0.9884208178719663
0.988426551902433
0.9884176259036844
0.9884175352662999
0.9884146889332225
0.9884125198509424
0.9884014217121713
0.9883940026864585
0.9883945229083265
0.9883914059048796
0.9883971159991877
0.9883941729557991
0.9883955785450138
0.9884085270806445
0.9884024586059563
0.988404861150041
0.9884132756067229
0.9884087180901279
0.9884123651470174
0.9884142836005227
0.988418891614293
0.9884292949425856
0.9884285601425619
0.9884223632489728
0.9884135732091452
0.9884216220588375
0.9884205110179507
0.9884132486876258
0.988404822554862
0.9883993936030652
0.9884009059211588
0.9883972222025731
0.9883989178750356
0.9884078721434294
0.9884067357628757
0.9884144797200486
0.98840980167661
0.9884111860119064
0.9884132337394459
0.9884157866358583
0.9884329064161183
0.9884327585556869
0.9884391201770081
0.9884389336423729
0.9884312007124239
0.9884347380442828
0.9884379753276881
0.988440610963824
0.9884435431864864
0.9884456130397246
0.9884388426663637
0.9884352043540583
0.9884387743503996
0.9884412977359948
0.9884388749688889
0.9884461689789112
0.9884474972398054
0.9884527756689554
0.9884577540973405
0.9884662520141368
0.9884671999785567
0.988459674772204
0.988461886333105
0.9884603839767795
0.9884596297022321
0.9884567417793744
0.9884599791972131
0.9884584169362749
0.9884572551963866
0.9884528040773807
0.9884456814385661
0.9884462513514934
0.9884456483067284
0.9884456695794263
0.988442891137207
0.9884436404645323
0.9884370034294976
0.9884335283174052
0.9884269242105652
0.9884342294262892
0.9884284306085761
0.9884240662602156
0.9884107223195036
0.9884061033018192
0.9884020456956125
0.9884066489875063
0.988408490991757
0.9884049818885288
0.9884153908929939
0.988417319005593
0.988422250265767
0.9884195713237015
0.9884172528584906
0.9884111743186778
0.9883992453067922
0.988408121420645
0.9884058998762701
0.988401277220212
0.9884048094418505
0.9884121886264959
0.9884054031073262
0.9884068122475401
0.9884031774936529
0.9884041651037272
0.988396741269789
0.9884015477974423
0.9883930855924407
0.9883846486433553
0.9883943786338509
0.9883910598697503
0.988392647042414
0.9883907634937975
0.9883995259080445
0.9883960893899029
0.9883925502074734
0.9883952602541434
0.9884099031589184
0.9884057865269757
0.9884137810447522
0.988417816316353
0.9884154489695121
0.9884150000106863
0.9884068968295333
0.988402363927716
0.9884015464336016
0.9883993669341359
0.9884073788122226
0.9884054742262365
0.9884133996814686
0.9884139232555872
0.9884204547264898
0.9884164844797716
0.9884109775999637
0.9884109098965126
0.9884119620278854
0.9884114791169482
0.9884135425251737
0.9884130530364987
0.9884089235600018
0.9884123490293368
0.9884120477430436
0.9884103547624344
0.9884138610304178
0.9884056962645352
0.9884080518169817
0.9884054128705451
0.9884008573844859
0.9884027247911304
0.9884046334436424
0.9883999393184656
0.9883991154287083
0.9883997240373028
0.9883962336007571
0.9884059868512501
0.9883962658327392
0.9883934594066863
0.9883955427779302
0.9883954171737875
0.9883974442253202
0.9883993752418704
0.9883801952869713
0.9883895914082007
0.988388794333823
0.988393639309919
0.9883896525369291
0.9883892846022634
0.9883950075748152
0.988394995345847
0.988393637564325
0.9884056386238255
0.9884071220356905
0.9884011004611254
0.9883904682636685
0.9883954012893801
0.9884073811133014
0.9884002401969865
0.9883933712812586
0.9884000287650894
0.988401803284674
0.9883956542532124
0.9883898511663233
0.9883871219875076
0.9883866270358975
0.9883902694271005
0.9883974930037782
0.988400276588503
0.9883994591803618
0.9883996687727884
0.9883928691272598
0.9883940931193287
0.9883909614849955
0.9883807019163136
0.9883778311602904
0.9883766652819421
0.988376657927019
0.988372789545268
0.9883689622226284
0.9883718337186643
0.9883780745761231
0.9883753737469727
0.9883746697662562
0.9883828764597643
0.9883859656200893
0.9883881816420551
0.9883937282903905
0.9883997537430304
0.9884073213421505
0.9884170715262661
0.9884233073447319
0.9884187734100361
0.9884194223663966
0.9884191286721998
0.9884230401459984
0.9884243097593758
0.9884268321564201
0.9884248811310995
0.9884201681658165
0.9884249407896911
0.9884273327736146
0.9884323204209535
0.9884322860533377
0.9884317613934253
0.9884363712195832
0.988444886245028
0.988449161624748
0.9884529730110044
0.9884575131458642
0.9884667549302586
0.9884717178647192
0.9884758465315878
0.9884711109129714
0.9884703573652134
0.9884663554626981
0.9884671493542304
0.9884603391451752
0.9884643862882121
0.988476945789922
0.9884764634176978
0.9884787323402958
0.988477784769477
0.9884746173555956
0.9884758821973291
0.9884763861378187
0.9884839058526217
0.9884836805035927
0.9884840581949758
0.9884800868346458
0.9884815114224935
0.9884810147401992
0.9884791662437078
0.9884825582380652
0.9884804863850178
0.9884791984362221
0.988479907538535
0.9884832983812832
0.9884848180600545
0.9884828820775183
0.9884848105701719
0.9884832273260369
0.988481987285667
0.9884764176307493
0.9884715446136699
0.9884748138774354
0.9884664792151393
0.9884610299628482
0.9884545665060178
0.9884508753322414
0.98845002557556
0.9884508174430703
0.9884482795354194
0.9884432909496443
0.9884423629756267
0.9884419240924371
0.9884478553892834
0.9884521816416929
0.9884566368694763
0.9884544623956198
0.9884556172463469
0.9884575161162233
0.9884614476686338
0.9884627819524174
0.9884618965229508
0.9884579928301321
0.9884526445442438
0.9884588318604889
0.9884597497119614
0.9884604366970363
0.9884550151222994
0.9884510476716584
0.9884477388821196
0.988441665445794
0.9884357309272732
0.9884352155504618
0.9884345936886371
0.9884347378052821
0.9884377380838002
0.9884424042595035
0.9884412931969968
0.988441978204461
0.9884435284804942
0.9884533699766321
0.9884486319926068
0.988448572188339
0.9884499438095417
0.9884553762610376
0.9884524587274406
0.9884559722727668
0.9884597536500624
0.988469624462117
0.9884697863099401
0.9884711149475809
0.9884690496810404
0.9884642369146367
0.9884678612757289
0.9884680462970238
0.9884701329791183
0.9884677161250373
0.9884702798342141
0.9884701411523952
0.9884796973527903
0.9884730202716366
0.9884655950369627
0.9884622659999547
0.9884633787524671
0.988466750631698
0.9884670402464698
0.9884703509711025
0.9884687292701541
0.9884646688174991
0.9884632771627132
0.9884602495403397
0.9884642451419545
0.9884689208809587
0.9884648580157677
0.9884674329869304
0.9884677712874869
0.9884654035922097
0.9884699659054285
0.9884669838201021
0.9884737463234083
0.9884774137499843
0.9884827102903381
0.9884873510648142
0.9884898398151176
0.9884785943792995
0.9884893379780544
0.9884815815026917
0.9884868939644368
0.9884876932440698
0.9884946892193218
0.9884873731106663
0.988496629812686
0.9884961893065979
0.9884954348466212
