0.34597313024253107
0.44626894083629703
0.5213124572603263
0.5910806568732971
0.5570910936932161
0.6091322886390819
0.5560871321260495
0.5715563075422785
0.5416878741003059
0.523538355885219
0.5328133987984469
0.5375909590207135
0.5748772844310126
0.5883288262465466
0.599280108976683
0.6167241538622684
0.6318946439567117
0.6363964566917044
0.6450222905534275
0.6617848291637206
0.6725700791707291
0.6830590151670405
0.689569301127617
0.6966546667843968
0.696942346366691
0.6944828489464691
0.6835943554053802
0.6907294283095171
0.6854174037113598
0.685212370269629
0.675924510512918
0.6676352808221468
0.6649462667803413
0.6586103126121995
0.6654125800014606
0.6669276697410745
0.6702819421362668
0.6709563390180824
0.6717142860302012
0.6793183088617564
0.6802086591803331
0.675751700269655
0.6746377985472413
0.6761223438019589
0.6715541981192781
0.6849159116441073
0.68660425272528
0.6898658161037754
0.6914015195009493
0.6908479714524041
0.689894736492338
0.6834134314116327
0.6868987559667143
0.6846195697928747
0.6837289857377777
0.6861794672756831
0.6862946611942945
0.6891760105286117
0.6894447676445736
0.6910569300310313
0.6933790349153122
0.6934703193231618
0.6927616436811246
0.6920932638368246
0.6909532586182499
0.690116358690462
0.6953037887166706
0.6975699817110271
0.7041600100215164
0.7050538243620581
0.7105010631029681
0.7126934468611953
0.7129725911898429
0.7128020225973869
0.71449243273905
0.7167620840229275
0.7153496636388929
0.7115095091612851
0.7109740316072397
0.7072979302471237
0.7071293153153244
0.704745861423663
0.7047031254457555
0.7043622730713524
0.7009823214761366
0.7012110364366978
0.7059591896255839
0.7080710493097527
0.705899137826563
0.7048942736416088
0.7037793361041778
0.7056765705782796
0.7047592145763814
0.7049484943794951
0.701818968460719
0.7018950547737511
0.7040371881607158
0.7047042349234233
0.7039044516651682
0.7060725854549693
0.7092493409871785
0.7131282389832054
0.7105106605578592
0.7114089626766874
0.7112416077097966
0.7122794328057179
0.7109219380359706
0.7118199985027375
0.7134096288396579
0.7113648136831374
0.7108914040646479
0.7102222685455165
0.7099537444955564
0.710000484114776
0.7105620885297245
0.7097539731561282
0.7092294079391053
0.7106290271319945
0.7082068843660512
0.7094280426167875
0.7101068387137345
0.7106199074579882
0.7077041466111227
0.7075362270137353
0.7072354368462861
0.7045048583011007
0.7009026634329687
0.701404110704313
0.7005438651369286
0.7009397665778372
0.7025393869283294
0.7028986086467075
0.701877504633558
0.7027717076843404
0.7045856150145288
0.7054869334645929
0.703619044311859
0.7042217779244083
0.7048626624017054
0.7051513874223522
0.7057841376378859
0.7059982857453759
0.7043161117076598
0.7036639989505254
0.7033310922077327
0.7059612541828326
0.7045431768380159
0.7045845405924385
0.7051618046613148
0.7028720117015488
0.7027416960545002
0.7024072159314702
0.7025657001096984
0.7042706605969298
0.7030275434711032
0.6999589581239007
0.6982122522052344
0.6986828600084002
0.69978880617418
0.6985728869854173
0.6976201111414954
0.6978575297749726
0.69794681655774
0.6979354748962785
0.6967774518883287
0.6968373225536505
0.6976691034481974
0.6983887503578193
0.7006962416297262
0.7024740279750975
0.7033544520358106
0.7039842371887979
0.7036061632863955
0.7047677205000349
0.706817676147231
0.7056077776858026
0.7075327467087258
0.7059017764106822
0.7059942265145694
0.7059281106100448
0.7074594292729571
0.7074836768313623
0.7071274634140392
0.706508902993537
0.7063271974800511
0.7076665255943261
0.7065261593748258
0.7063706392260779
0.706938691011641
0.7063763551680772
0.7060195620564311
0.706979515416036
0.7067028743087014
0.7070143160042727
0.7068928428355166
0.7072271485839311
0.7065041168861251
0.7066149684719428
0.7068728710191681
0.7071835988547024
0.7081432648431759
0.7080494100371376
0.7071831450381744
0.7069274758662907
0.7072728862087205
0.7078671732205499
0.7089516740806723
0.7094976909653851
0.7093617122367177
0.7089872968297211
0.7079967508279187
0.7073927864320376
0.7065580663843287
0.7064380278947882
0.7052221347661738
0.7046889983247688
0.7046974926610315
0.7024984885599438
0.7028205378021
0.7027594888839586
0.702249532976905
0.7018084781477958
0.7010963750838787
0.7011454848568652
0.7006592562083663
0.699917507850826
0.6998703175878757
0.699616167140588
0.7004632724534275
0.7013481568156075
0.7011527727458423
0.7005856210572659
0.7004900018198763
0.6998547772833011
0.7005831229138845
0.7006455426904566
0.6996519177484293
0.7016655895327052
0.7015852410070805
0.7017913746266724
0.701873554026101
0.7015956395775826
0.7020346170219067
0.7017073445558781
0.7013885050526417
0.7010918402205646
0.7025295464359077
0.7031681903036759
0.702361969487403
0.7047258974824893
0.7047244469500211
0.704506107393643
0.7048247326909567
0.7050185995597806
0.7047312847349176
0.7043111197959115
0.7037010005510519
0.7038207985555097
0.7031736344022611
0.7041973455611017
0.7040241031680354
0.7051013488688331
0.7049840635232846
0.7057712203482458
0.7057196808236236
0.7061338041523822
0.7064762836756748
0.7072389352753661
0.7074053970698553
0.7079932496007976
0.7081836440750037
0.7075330651030991
0.7078201516341783
0.7085013052244657
0.7085593155006271
0.7082358007416536
0.7086926799744666
0.7082018920083158
0.7073701325811982
0.7063877969899094
0.7078913853968459
0.7089522785989517
0.7091171024583075
0.7084774515263113
0.7074692448336761
0.7072800032588574
0.7073725220597381
0.7065243521997241
0.7058597998412149
0.7062084531871614
0.7069212090483276
0.7062088224220341
0.7062954955484808
0.7067624032687206
0.7065590618966823
0.7064905299661729
0.7067225419914456
0.7066777272750504
0.7057113895195531
0.7055098444813306
0.7053353307951544
0.705702587768018
0.7057468235286525
0.7061918824544707
0.7065904015454162
0.7062923038688647
0.7062333933101309
0.706330235171611
0.7061455025104505
0.7065841829865432
0.705660201661044
0.7055198356487974
0.7049542601109923
0.7047338638088481
0.7044468006254759
0.7040446347280903
0.7032585736829029
0.7023536048571392
0.7016833976963563
0.70139407418514
0.7017047158826493
0.7016830670516021
0.7013585351484282
0.7008118506065821
0.7006893795604897
0.7017685154123684
0.7012923667453276
0.7026451266892159
0.7024221975032309
0.7024857980570087
0.7018835763931486
0.7022820550306103
0.7032872825740277
0.7031714404335255
0.7031781363488129
0.704103794362315
0.7036908026866293
0.7021469353270211
0.7029097498853898
0.7026314068908016
0.7018979627074264
0.7020843340885713
0.7019000912839497
0.7017709340262134
0.7009815894364124
0.7013384401742483
0.7008484094260129
0.7001946711409074
0.6995370011403671
0.6989617428079106
0.6982196243447265
0.698467560651931
0.6979301598264586
0.6984668467203543
0.6979097967611111
0.6984577986352523
0.6985191800097079
0.6988441961019187
0.6987221850883126
0.6991090981282652
0.6992347172604715
0.6993480206194433
0.6991154014744928
0.699490426939629
0.6996832771768733
0.699798844212533
0.6993240950515017
0.6999761734006057
0.7003647219983746
0.7006546961240158
0.7009348125333746
0.7008147078228005
0.7011605577945943
0.7006504870867544
0.7001145787335694
0.700135764860113
0.7001408826213237
0.7008437894736176
0.7012080109643963
0.7006260514702511
0.7011532432160601
0.7005185862771007
0.7006194907030026
0.7000745321584524
0.6997588438815826
0.7005233890752434
0.7010540117455006
0.7014726151611896
0.7020187313744146
0.701220355931575
0.7010194769037348
0.7014808241713271
0.7009637361474117
0.7004928482116883
0.7003261503506097
0.7001916319131517
0.7003747195474169
0.7005341528640288
0.7006198912914432
0.7003610505986452
0.7012576319177797
0.700638484780138
0.7005831733093115
0.7001808741551916
0.7005593023187862
0.7008962566033117
0.7006688295068733
0.7009967913965995
0.7004875153837209
0.7000170450035667
0.7000985017416107
0.7005663383329976
0.6999550694403045
0.6990471824269121
0.6995488843997761
0.6997863075217116
0.6992433318637824
0.6992561943531801
0.699592013955001
0.6993829560727068
0.6993221808975724
0.6991697576489252
0.6990323870272881
0.6987827047553122
0.6989709736192549
0.6985593122094091
0.6986401872316447
0.6982444307491147
0.6981320509208807
0.6981909101344522
0.6980456576922772
0.6971554886483861
0.6957870712257574
0.6948450884731447
0.6949817980922416
0.6952947658965554
0.6942959651551397
0.6943381877211828
0.695045247737517
0.6955838314010706
0.6964523287229556
0.6966278193082658
0.6973819967164007
0.697277032667615
0.6970680984105637
0.6971821154140592
0.6963461393966586
0.6966351952735174
0.6967994722839905
0.6972209248844548
0.6975598295351121
0.6973028387137851
0.6970673302797985
0.6977337094475594
0.6975777786996721
0.6978420678072358
0.6973553619549402
0.6977828486714552
0.6981857469949967
0.6975381743465319
0.697573896902633
0.6974573219542521
0.6965100554056122
0.6969901519072126
0.6971853716952551
0.6977526280094404
0.6983729862367972
0.6981769772902658
0.6975176392505342
0.697978513480874
0.6986995653241931
0.6992185849093939
0.6992231338960014
0.6995297136779742
0.6994775601507607
0.6993664453763615
0.6994635929693855
0.6996172668141953
0.6998869162066749
0.7001801720267353
0.6999043818246102
0.7000164432749415
0.699944445706188
0.6998858182151132
0.6998641275261922
0.7000038389387756
0.6998104579343118
0.6994652407650676
0.7004710062464026
0.7003841798238106
0.7003378946403594
0.7001927731572516
0.7002542632815855
0.700225542871369
0.6999618640336848
0.7000505543584368
0.6999633781120572
0.70011070742862
0.7000324318642163
0.6995138781037535
0.7000713820187165
0.7001873249267048
0.6999938682282418
0.6999501726074714
0.6998780514886852
0.699241721030607
0.699188789372907
0.6993385728766739
0.6994000787789802
0.699436863481577
0.6995968129442393
0.7000338252140811
0.6994721079392109
0.6995113222620017
0.6994226481619508
0.6992529935466388
0.6993407374614901
0.6989932204529816
0.6994657761239533
0.6995222498508538
0.6996470175258717
0.6997355010548694
0.6998540306336591
0.6996483801729165
0.699335755604243
0.6993178139055373
0.699732344929548
0.6998405382111981
0.7004426117417171
0.7003136013982506
0.700576744547585
0.70083728977838
0.7004340643545688
0.7006132992261004
0.7005736466745068
0.7005256059461084
0.7006168985166086
0.700387323867056
0.7003109679319197
0.700489208836726
0.7006745072730675
0.7008988821800327
0.7008877639157134
0.7010272471074627
0.7006353820684008
0.7006504331321395
0.7008685627139036
0.6998128087348533
0.6998035857798898
0.6999314390840546
0.700358429899752
0.6999524269373871
0.6997248428586264
0.6998428324905821
0.6995930399618138
0.6994066646095163
0.6995005230942017
0.6990385510257274
0.6988164844806937
0.6983514700051231
0.6983767655450085
0.698027795851133
0.6978087738089792
0.6976571236070094
0.6973099381014504
0.6978514972726859
0.6977471525253575
0.6973312057381219
0.6963768400889956
0.6969959186967194
0.6973667471711472
0.6972894854490871
0.6972350935320446
0.697117342333933
0.6975361055837086
0.697454358152374
0.6973302411041343
0.6978731257037466
0.6974819040298689
0.6975177530811011
0.6971806126992407
0.6969973990495438
0.6959417813870871
0.6963452168435992
0.6959862880244041
0.6966971168671682
0.6971079510256813
0.6969745384750936
0.6973442358289954
0.6975651890786745
0.6975903602543028
0.6977560827580376
0.6978170717713533
0.6979099455238208
0.6979433464692919
0.6981167943430943
0.6983285403591465
0.6985214063571992
0.6984517357618841
0.6984584463407674
0.6984192755788855
0.6984586879312444
0.6985470755996014
0.6982978330795508
0.6986680942105858
0.6990435241329457
0.6989936525803377
0.6989939014013068
0.6990992018119628
0.6994904362601779
0.699159817954422
0.6988792537751441
0.6991140202933188
0.6993003793040814
0.6992660795740503
0.6993733871812886
0.699310493325012
0.6992121729684688
0.6991218195261362
0.6991048702587157
0.6990522637335761
0.6990944582352095
0.6989166301678246
0.6990796797663573
0.6994734131269469
0.6997006745506589
0.6997892272362343
0.6998181996747069
0.6996328521088369
0.6995040591866781
0.6995797839347231
0.6992639752363357
0.6996402815165728
0.6993454869872652
0.6989451002770023
0.69867545891719
0.6979743898858548
0.6977174675460552
0.6976588642422197
0.6972636566539974
0.6973261232964284
0.6971193895786246
0.6969934823085454
0.6968497171263979
0.6972706397062945
0.6970989234857452
0.6970399103319164
0.697134822852183
0.6973054722811707
0.6968917735290038
0.6965014296744572
0.6964879238899936
0.6965917431501083
0.6966814071386983
0.6965941576157182
0.6965969892459052
0.6962388693712468
0.6961483032459768
0.6960715441137725
0.6957889773969234
0.6955242141565152
0.6956596919150801
0.6960899574208943
0.6960657566608821
0.6964722276104052
0.6962027495877003
0.6955685224490934
0.6954992989344478
0.6953053089919865
0.695378901773846
0.6953152191340407
0.6953470437102542
0.6952347097926738
0.6951524430216234
0.694715226596518
0.6947722112140245
0.6948490958979956
0.6948120100634577
0.694692010685293
0.6948507000864198
0.6946902297445272
0.6953170224504213
0.6950644508648371
0.6952098626721464
0.695159938470122
0.6958587777756938
0.6961405995536267
0.6957316547668009
0.6951000983565628
0.6953295186021606
0.6952381814061944
0.6948340330931128
0.6951612921148269
0.6953356904770731
0.6951867601057125
0.6948470531479063
0.6950402761718479
0.6949754905170107
0.6948856976500318
0.6946080083172063
0.6947673832117773
0.6946720789733436
0.6947946630286778
0.6947976154258872
0.6944127297609993
0.6946307181296774
0.694539451034752
0.6942830759676217
0.694032794533688
0.6941848399729442
0.6942971128305488
0.6943055280956908
0.6943846099903458
0.6947499297904718
0.694771284220996
0.6951157543130599
0.6954068357651984
0.6952737338707311
0.6947338404533949
0.6945272479567357
0.6949840749848544
0.694841065366
0.6948356468643325
0.6948473961569235
0.6949669959510261
0.6948486714485121
0.6947080348555031
0.6949195878726031
0.6945834387278412
0.6944598469486656
0.6946167910945528
0.694456288248247
0.694225172472562
0.6940569256427418
0.6939292886937845
0.6939685778524513
0.6943119675883034
0.6946675212556319
0.6945409310396579
0.69473226500689
0.6947380205878194
0.6943519046471724
0.6944153977763003
0.6941415184703579
0.6941494258122154
0.6940721585223196
0.6942033644553541
0.6942994856208987
0.6945313639885333
0.6944709254551045
0.6944295008382444
0.6947353875034571
0.6948615844890101
0.6950123355643235
0.6950569601983734
0.6951811214622955
0.6954058466121501
0.6951786121138719
0.6950119846389577
0.6947025598482804
0.6945431664091192
0.6944755442717274
0.6949088164785573
0.6945999438864587
0.6942285617327243
0.6939813152383512
0.6939178923152941
0.6938260393665071
0.6938653867926651
0.6938531044143947
0.6935662107566218
0.6936396773732809
0.6940230894854
0.694233017018715
0.6939773078541199
0.693572730378067
0.6931741038910846
0.692643525467042
0.6927935522745986
0.6925493272167962
0.692878085122322
0.6927920077886982
0.692636207996374
0.6926544375316884
0.692681694971745
0.692582878499587
0.6921439744319023
0.69197413362587
0.6921209497165515
0.6920889117891784
0.6925172626035627
0.6924288329033353
0.6923796438902597
0.6924234681170637
0.6928169540711745
0.692729526563758
0.6925289228025733
0.6924800363557242
0.6924361200424881
0.6922278127640789
0.6924181301568549
0.6924736593647982
0.6924556812765367
0.6925597155306207
0.6924885398146097
0.6922006662917592
0.6924205411690846
0.6924691206556173
0.6926621209019811
0.6927031258964566
0.6924959657062902
0.6919929588120655
0.6921812421205374
0.6921191333790286
0.6920823490119985
0.6923687963178161
0.6922178865064069
0.6923840872439341
0.6922827431037215
0.6927939993391431
0.6927988276718163
0.6927488457917479
0.6927954151733948
0.6925728644297076
0.6928378434234057
0.6921909064026525
0.6922205829344737
0.6922199978175971
0.6924060899681116
0.6920192666184909
0.6923154609986218
0.6919257884488711
0.692115337081576
0.6921633842137119
0.6919243916028345
0.691987589995806
0.6918517009871178
0.6918854856781572
0.6919875452770119
0.6924688179307777
0.6921141472824721
0.6922650836235339
0.6921716420692016
0.6919823303513303
0.691725245501742
0.6916337247703872
0.6914610383960502
0.6915081411601495
0.6914896988781326
0.6910995751503975
0.6909332874148155
0.6911190533475089
0.6911910773323873
0.6914159358310125
0.6917637458149442
0.691934529564347
0.691941413301497
0.6918668127510984
0.691832943303327
0.6920731904386733
0.6917852704843404
0.6918132670496198
0.6918490561457908
0.6917368163930377
0.6916879437686745
0.6916951063557506
0.6916491401676902
0.6915648670553771
0.6915915700763442
0.6916934971888659
0.6916577175012457
0.6913110242580214
0.6912077928699647
0.691319663989147
0.691395592989531
0.6912894278896139
0.6910487654484777
0.6909982041361664
0.6908558106085358
0.6909436326619174
0.6910535329899498
0.691378889783503
0.6913670854862083
0.6913822348949462
0.6915273442416091
0.691646091078632
0.6918259989837775
0.6920000045484657
0.6921734685511709
0.692317836791175
0.6920912000279755
0.6918605103626551
0.6923656511179718
0.692063403484623
0.6916968177537514
0.6916423487721266
0.691932599500864
0.6918952574133971
0.6919418270660319
0.6919850078539349
0.6920650212500264
0.6919774601841531
0.6918893423255751
0.6918029186405918
0.6919168871158607
0.6920724438510588
0.6915717509434859
0.6913280120489538
0.6912877136581507
0.6912093511797531
0.6911593209346755
0.6907920814607861
0.6912885796812702
0.6912935884596385
0.6916147742917332
0.6915264090368003
0.6916141142857304
0.6913768670547195
0.6915002105013179
0.6912499140684526
0.6913295712795106
0.691088226989898
0.6904259565225261
0.6907067810837554
0.6908801523677193
0.690924462999271
0.6908608107363315
0.6910412535254802
0.6912690910317374
0.6911260406483664
0.6910341351474121
0.6910530316516463
0.6905544037196722
0.690390568719835
0.6904510711960882
0.6905019169131857
0.6907630816970476
0.6906970115084109
0.691045269327279
0.6909282206213504
0.6908495051280515
0.6910162483038146
0.6906907108183109
0.6909304149287668
0.6908834023327823
0.6910249454224878
0.690915507622259
0.6907550955564157
0.6906141818239868
0.6905932984714069
0.6904313678715944
0.690409507246598
0.6905316351071727
0.6905091615817235
0.690417862462121
0.6901989981390891
0.6903725226249089
0.6901966676019995
0.6901051525784102
0.6898469080753503
0.6901653969151307
0.6900802610567748
0.6903874318683599
0.6904317548312217
0.6905035975050406
0.6907795842472295
0.6904722319850917
0.6903090963577345
0.6901017450222003
0.6899283489635948
0.6899791642996201
0.6897499851521154
0.6894501830201158
0.689534535509923
0.6899885982865339
0.6902165842201328
0.6904943553822999
0.6904737827899431
0.6902112673134336
0.6901880630824103
0.6900907142872709
0.690388773689222
0.6907411632209174
0.690671147905041
0.6906115101290405
0.6904578772823888
0.6905541568138533
0.6906557623160982
0.6905814715991448
0.6906537421920353
0.6907850295883537
0.6907588356494502
0.6906981062127774
0.6908368787266265
0.6908150260395847
0.690963326149635
0.6911013678316
0.6912863133533258
0.6910454688683682
0.6911111510648184
