0.10911871349985353
0.3036852449638002
0.38760248151723503
0.5187689755885656
0.5361688051394335
0.5424373880382914
0.5052694745672227
0.48486369602615176
0.4963142834455625
0.47482007581374797
0.49659667038320204
0.4940440129065757
0.47742588339794506
0.5029896815238062
0.517427688776394
0.5394024671798362
0.5470568975921635
0.5502576302126686
0.5558499754884243
0.5656758446007798
0.5724663590344754
0.5750509482749797
0.5703609555635153
0.605149323913227
0.6069713315839215
0.6054403816990866
0.5905679951195211
0.599215413462825
0.5924340123881214
0.5980733859790578
0.5875097691221197
0.597782102436927
0.592540490364544
0.5897634243087684
0.5830333985885772
0.5914417142801902
0.5900438737702558
0.5941850193410123
0.5881488278303294
0.5904900063475556
0.5945444547556176
0.5977180816702728
0.6010692801079506
0.6001907225966772
0.5987945237665706
0.6003965168022815
0.6003257491320835
0.5986707201936418
0.6010294332791052
0.5963960624587504
0.5974909387300834
0.5916986586404677
0.590321900931964
0.5868113430943509
0.5893634983754199
0.5887010940616303
0.5887094614018662
0.5915138705285372
0.5824218893922185
0.5777417365685558
0.5879260586192059
0.5912198026504442
0.5897752504701331
0.5912976272872444
0.5937470567515636
0.5971128941185374
0.6029907952999456
0.6031459999623745
0.6065033277780945
0.6087531526826369
0.6088962521675652
0.6116415046359667
0.6122953429249144
0.6075466702471539
0.6112278911956535
0.6116702257897301
0.6090592704579131
0.6075446855893505
0.6070904777193514
0.6031401635665964
0.6006763014301942
0.6010636601136098
0.6010497263782367
0.5964716842284659
0.5944199176261762
0.5959800187030081
0.5934194704174629
0.5920236198734853
0.5943706790195905
0.5934624499244502
0.5927463409678321
0.5945617868453943
0.5951413306697939
0.5951259629847496
0.5935713947252056
0.5935447480079571
0.5921915293486816
0.5917425983967964
0.596784870047214
0.5979726355674453
0.5994360756860545
0.5993175553033904
0.5995919516710876
0.5974826978142005
0.5954553001404501
0.5952447748016846
0.5940149850582638
0.5964306635468242
0.5987602523394506
0.5956474391164892
0.597100352936308
0.5965448073998537
0.5982024226795881
0.600566997047404
0.602578716658743
0.603116238241429
0.6028419907483739
0.6015314404441736
0.6005382298256923
0.6011956841849465
0.6044796125512858
0.6032817658892524
0.6036017826796719
0.602390697742055
0.6008309946536017
0.599988142201516
0.599674985743609
0.5994784431660889
0.5988854007583752
0.5980739654365971
0.5986177312855754
0.5984023015265758
0.5979797639693378
0.5961997419851852
0.5973039974751714
0.5976944881983682
0.5982817710795926
0.5985661981032376
0.600632848704886
0.5993373742346236
0.6007617702115668
0.6004756255802846
0.5990898245301307
0.6008477813339185
0.6020189467183248
0.6023810640189105
0.6015573584861311
0.6030577787161812
0.6023384771206712
0.6016326770837981
0.6015906063377352
0.6039279591960661
0.6036875587981125
0.6081037200674972
0.6065301327822449
0.6065594233479481
0.6061178376849791
0.6065359235085529
0.6075956320995828
0.6079235364359524
0.6071295445490491
0.605718995814516
0.605517364795168
0.6060051012401005
0.6057770400835218
0.6054512658730649
0.6061288521574973
0.6048302891246528
0.6048782967889621
0.6064637089008895
0.6057246195244368
0.6058184661426415
0.6053311725763866
0.6073556693199231
0.6079014657372631
0.6071975472242419
0.6077160906071156
0.6072913988786626
0.6069077294721048
0.6062636504936179
0.6077998670231088
0.6089045019069261
0.6094883927979649
0.6080666336037717
0.6075357569667443
0.6100073440266972
0.6080891805170723
0.6084406994289234
0.6093672943280969
0.6095885294319404
0.6107458646274515
0.6113706328280124
0.6109446479896312
0.6106228029099704
0.6106300693597236
0.6117584604813087
0.6120205914564012
0.612196360662643
0.6123161618379284
0.6137191234580371
0.6149145290107927
0.6153766200132281
0.615794157157035
0.6157416479830494
0.6149608485062762
0.6151906087906516
0.6154316432257576
0.6158133149230764
0.6150526316117501
0.6149513450113365
0.6134745545913367
0.6129056431348738
0.6134958465199039
0.6138966706844227
0.6137609050034287
0.6132353944810972
0.6127521151001004
0.6107893128713425
0.6102558517243404
0.6108918017936174
0.6095073288402438
0.6080683593440489
0.6088576278779932
0.60816494698315
0.6077356408441823
0.6070575752291372
0.6072483038671715
0.6067379910502557
0.6065158163612518
0.6080265442807279
0.6086228777151852
0.6081465715008172
0.6079291740754837
0.607749196611636
0.6085093594924121
0.6079821332147878
0.6069122016251173
0.6070893316504212
0.6063612988636691
0.6069482020895152
0.6064083111425482
0.6080770665441633
0.6084112842523419
0.6082289148594336
0.6085962435112697
0.6081600495269883
0.608481974741737
0.6088972796716944
0.609487776275069
0.6106446897361418
0.6113124810988174
0.6108062600885221
0.6112708716455496
0.6111466382891421
0.6113114426714606
0.6124976108369653
0.6112677110903453
0.6104099767940129
0.6115005688016568
0.6104836672019532
0.6100714045829607
0.6095102524275089
0.6101495443251569
0.610473407930922
0.6093862228046649
0.6098165408626065
0.6101565405953495
0.6101341014417225
0.6094548641050352
0.6095045712045543
0.6096672622301704
0.6085369068281307
0.6075329615922865
0.6072338067119885
0.6078442823274084
0.6081050839473181
0.6074857257496833
0.6051913929649965
0.6044682252785553
0.6047250128624725
0.6066500240277343
0.6075607639745463
0.6077648290808513
0.6073472945722531
0.6077256212985995
0.607545478618436
0.6075173721670905
0.6074354246000615
0.6068830661992621
0.6075011763476191
0.6075589443105867
0.6083793387991681
0.6071170029586853
0.6071419096256505
0.6063709175088773
0.6062139779070687
0.6072275745020325
0.6065846796637585
0.6079617844996831
0.6077396501632828
0.6089252826059885
0.609460239300884
0.6096286143349307
0.610991508793144
0.6120111812049238
0.6108873261631659
0.612178345748692
0.6123903801533068
0.6124130448557371
0.6132202065220357
0.6119568864095697
0.6113031880248119
0.6105562824676071
0.6106002925047792
0.6113803590649624
0.6089664662060192
0.6092856091419252
0.6092012758905149
0.6076540986737464
0.6084190821477512
0.6090606394088836
0.6101850909201261
0.6103469245315607
0.6111754022948364
0.6116711790645131
0.610975490923044
0.610817073798634
0.6118605081197878
0.611891283803338
0.6118600208525286
0.611267763385516
0.6111421243666765
0.6118522788852259
0.6116069043124087
0.611195924571477
0.6119287508231562
0.6110106902027871
0.6088716619080876
0.6082368473189098
0.6076343254277633
0.6073682227539648
0.6085312637034359
0.6079511616901975
0.6077504741144132
0.6073589129055121
0.6077447172559479
0.6073865947072832
0.6072086211470034
0.6060903518537425
0.6069212000379954
0.6058605712269595
0.6056020251679278
0.6053660929232025
0.6051991454733066
0.6062815828575685
0.6061178151164146
0.6064912510249121
0.6066589314707086
0.6068423951174581
0.6071281502169426
0.6069690634683806
0.6070605987604659
0.6072961719370303
0.6065447626074584
0.6066923648620007
0.6060891992919504
0.6063220944486145
0.6063910971493899
0.6069493716064894
0.6073202989037388
0.607946990989387
0.6080277316262385
0.6083186296969777
0.6076440810166198
0.6071305123068657
0.6068850043869318
0.6061985845096399
0.6066371101676743
0.607311370119835
0.6073739602307952
0.6073675606371808
0.6077759263249397
0.6076855260431228
0.6069030259749767
0.6059591013180337
0.6068317828099453
0.6071984326728697
0.6074795198301518
0.6081068841695827
0.6059617909599883
0.6061424105315094
0.6066658479539886
0.6066992048236353
0.6070232307512446
0.6057401313572448
0.6052192752347674
0.6058375371025386
0.6064822542375486
0.6069554365925911
0.6064820496357598
0.6072083103458443
0.6071212979747715
0.6070298168335125
0.606492842388418
0.6067184106666355
0.6065519311846179
0.6065628076585772
0.6066105299843818
0.6057497809865428
0.6051548026273101
0.6060109984333166
0.6069963625562457
0.6066115179736725
0.6061930064776414
0.6064894538153737
0.6067642104723934
0.6067617092417584
0.6069626043373086
0.6067701355374757
0.6066376345020034
0.6056371845235966
0.6060316297531377
0.6060639828660932
0.6066459236712027
0.6063353408053964
0.6058562705327124
0.605474423111883
0.6057750840234634
0.6054551231469423
0.604627812125797
0.604089688703631
0.6032824783393748
0.6029253340616668
0.602425250442025
0.6017122448085656
0.6017463448658081
0.6018719614365129
0.60198839861031
0.6027630105847966
0.6027626604114898
0.6020351603197326
0.6015356698257724
0.6015814422498285
0.6016345930415761
0.6008560026207245
0.6003927681699183
0.5999445611354337
0.6019967986638378
0.6023685152544112
0.6030695361410658
0.6037977753006799
0.6037383316505803
0.6041184549844248
0.6045136661120583
0.6044894709876847
0.6047846472656029
0.6046816222336577
0.6045671332671954
0.6048234955672731
0.6045619066199267
0.6048920764834309
0.6053072396989468
0.6052181649061423
0.6060584430149848
0.6062723970594237
0.6062875960998522
0.6065282927219388
0.6065548506311509
0.6055269391265563
0.6057465298098739
0.6067491678118514
0.6060673313588942
0.6061546204194499
0.6068048738300971
0.6070315938037337
0.6072812906097106
0.6070154281208883
0.607094752439793
0.6072413251809261
0.6077626785240392
0.6077933807922546
0.6076586737656162
0.608224019305474
0.6080989908543818
0.607999293883421
0.6079622238118068
0.6074991675572703
0.6074502019317441
0.6082884607791013
0.6087358583511002
0.608933215770786
0.6088563192888631
0.6092468266195443
0.6098467885866713
0.6097330868220333
0.6100297073851044
0.6099155986205488
0.6097889710787775
0.6095196909044963
0.6094952361310242
0.6097078597909751
0.609599272409904
0.6097167115092769
0.6100922622097928
0.6104957558963157
0.6097297729159035
0.6097341662311747
0.6107680605010692
0.6105491957572045
0.6107718779041305
0.6104730969508032
0.6099215494934599
0.6099297218287091
0.6097269561827644
0.6096305940962545
0.6097500832095512
0.6097306900102687
0.6088869235011611
0.6079232290822655
0.6078657182719214
0.6076311658560627
0.6077200009742522
0.6077652416224437
0.6075625561607748
0.6072902576318314
0.6078004777916695
0.6081216843214654
0.6084961171871258
0.6083201521302889
0.6082568318058506
0.608848266352951
0.6088898943132299
0.6089101937194714
0.608703477206999
0.608849489938201
0.6085926822830086
0.6085533503811674
0.6084355502499545
0.6092191541507346
0.6104967632591116
0.6107538407655319
0.6103731382301364
0.6101949691210156
0.6097414016087883
0.6095936955786301
0.6094246436017233
0.609567847079936
0.6095103283782655
0.6100616296548474
0.6100288012529301
0.6099730170939521
0.6094990777583582
0.6089237670808632
0.6088371480704954
0.6087922776676409
0.6085740907224707
0.6089377147920264
0.6077826184455805
0.6079477621422456
0.6082505294096585
0.6083683199376345
0.6080802838096391
0.6075670050439147
0.6072070977420814
0.606709242524703
0.606521885380313
0.6068896351974771
0.6057076083574884
0.604814282799676
0.6048858160494794
0.60564125078952
0.6056640312430814
0.605391608119669
0.6053230195568448
0.605429170386734
0.6053179791505144
0.6054301105409908
0.6057999526318532
0.6059586199796675
0.6056380110280762
0.6051491357269666
0.6048418962421284
0.604533499076337
0.6053543318734118
0.6052261685579609
0.6054087899878927
0.6055890023735112
0.6057956267111413
0.606096872433558
0.6059930539428494
0.6064533035838194
0.6062357542505192
0.6066739748284271
0.6062326784885472
0.6063465549710703
0.6066288027525161
0.6068451900907118
0.6068740382775101
0.6068368969758405
0.6060146875725533
0.6062635912843921
0.6058329433382174
0.6062237499553915
0.6063791124515651
0.6070812591840196
0.6075352491334851
0.6073058954101109
0.606751291902783
0.6061384417699194
0.6065867904342406
0.6060980635406665
0.6056321381017472
0.6063913045926754
0.6067158452742213
0.6064552768974147
0.6065954598094063
0.6063047937675442
0.6062219767545799
0.605832264685359
0.6055304909500302
0.6054270005994898
0.6056753302537283
0.605549721447459
0.6053356079241521
0.6051608065250323
0.6051443274594795
0.6050796992448725
0.6054438183247035
0.6050372864311858
0.6054575220420018
0.6058581506709468
0.6053107354204664
0.6050125316435018
0.6044125159602216
0.6043744136482292
0.6045110535239461
0.6036592898633361
0.6040541299755391
0.6044633448352015
0.6040069696877437
0.604349547092422
0.6041686635915143
0.6040520302217427
0.6037828544492746
0.6043062774556938
0.6041766101387577
0.6042962701427592
0.6044951254306594
0.6040879298005292
0.6039106977098485
0.6038861442830555
0.6038882506157647
0.6037506400334172
0.6036621524115808
0.6034303218561495
0.6030574835704309
0.6019759972919116
0.6021519305701092
0.6022582071888022
0.6016328845079333
0.6017904464484268
0.6022297620838162
0.6022435949803987
0.6022487957737571
0.6021425871859066
0.6018955981025463
0.6023421502385857
0.6018893256185209
0.6013844539826008
0.6015140032488925
0.6012746511491041
0.6013185272208504
0.6016856355767722
0.6015420836705277
0.6014597834756915
0.6010268335810831
0.6013736795707117
0.6015959872831764
0.6013920183990041
0.6016462850427018
0.6017507948760551
0.6021693456149827
0.6024164230674449
0.6028864608001202
0.6030770414892297
0.6029189385768285
0.6036602922856562
0.6034369517543693
0.6025712524888445
0.603381121696162
0.6031322108144174
0.6026189382419234
0.6032179596606168
0.6027969861884412
0.6026392155098061
0.6027005546302083
0.6033439307533581
0.6028927329644577
0.6027135027204497
0.6024472119255615
0.602623152329515
0.6025880791926393
0.6027738577440457
0.6029766238996562
0.6033537708162932
0.6037891513381051
0.6037124356700875
0.6034818864906345
0.6030505930545699
0.6033395841675674
0.6027413911006717
0.6030135856949549
0.6030736355376727
0.6032870526632962
0.6036509381301275
0.6041203796169964
0.6047677117459499
0.6051549535308794
0.605016015266113
0.60481633079772
0.6050327180207571
0.6054351387465139
0.6057403205175278
0.6060240313503225
0.6059682187969
0.6057502171218913
0.6060723390461056
0.6063584506754645
0.6060906054365149
0.6059988363295661
0.6059939802405117
0.606272738063465
0.6068013041097959
0.606787263682972
0.6058191946812365
0.6059586576223925
0.6059860395079921
0.6069002161324062
0.6067965002027752
0.6067926915568367
0.6068395411734115
0.6067835096069062
0.6065587515685227
0.6068908047578452
0.6071409513240087
0.6071440624916022
0.6068613607581971
0.6068417477545414
0.6065001260617282
0.6064442308704948
0.6057468065872469
0.6061345410883857
0.6061458098921556
0.6054991118755199
0.6062411154127568
0.6066329397697076
0.6066034110818542
0.6063556080375975
0.6065217715024349
0.6062582061513354
0.6063227400053338
0.6068260784744877
0.6072351161474682
0.6069706317521487
0.6068703680780009
0.6067083182541712
0.6067470008323376
0.6067033784269121
0.6067135422967093
0.6069336732086036
0.6072038498936249
0.6077303351659586
0.6070319564504405
0.6069859257704716
0.606309575794375
0.6063080435456588
0.6065914851498125
0.6061211243012353
0.6064086282641067
0.6075146427437277
0.6079182972459335
0.6077417684777828
0.6075464560088812
0.607271903745965
0.6070889508910056
0.6075565821832565
0.6072308214957453
0.6070446962277439
0.6061482575924504
0.6062278528947084
0.6061389613494608
0.6059816623209922
0.6061697267891755
0.6070001455637724
0.6072496535093705
0.6068817845803411
0.6066012623815584
0.6063187965074749
0.6059980373792127
0.6055621550144187
0.6060543063799091
0.6056064060302943
0.6057614911881098
0.6057206244772868
0.6055028019347026
0.6050830621123678
0.6053420305999071
0.605772205662382
0.6057742455958537
0.6057563151074206
0.6061978844923789
0.60599081766406
0.605815046637771
0.605962081392972
0.6059841153722189
0.6059795842754239
0.6060493901206057
0.6060774353854982
0.6062288094562098
0.6060967766029863
0.6062088455892854
0.6061923864900781
0.60653873374052
0.6065288642831799
0.6063146415014652
0.6063068735534628
0.6062439572048854
0.6057943985020524
0.605636763143676
0.6055657833595359
0.6057479543264187
0.6057940157763655
0.6059649330468061
0.6058385432191377
0.6062851116778146
0.606060804001514
0.6061142401406886
0.605894357145085
0.6059999397472425
0.6057567761203851
0.6056400607037734
0.6054849439574327
0.6053627878657919
0.6046111131443953
0.6047559663168393
0.6048357447026398
0.6044248177539333
0.6046821055771293
0.6044746080156311
0.6043550718084618
0.6041332151643712
0.6040214329523929
0.6037598471210925
0.6036072557084327
0.6037608103167283
0.6034466753620171
0.6035345526077935
0.6032637710624036
0.6033130920154984
0.6031898954135076
0.602632192260876
0.602695904230148
0.6025331246548951
0.6023979904626598
0.602524623141497
0.6024436649115653
0.6023255935978793
0.6022640898520403
0.6023950081277392
0.6023232766624385
0.6026837447904891
0.6023719449877594
0.6025385716241249
0.6028952766246025
0.6033092303622313
0.6033085552950315
0.6032202897468348
0.6033249728530201
0.6033679219455255
0.6034166407734868
0.6037304245117563
0.6034355008326562
0.6035195047152296
0.6033149053663479
0.6037112888158952
0.6036605762819919
0.603597380346027
0.6037221484050965
0.6035411730062206
0.6037103090167841
0.6039769427222579
0.6040786089635818
0.6044230660324557
0.6043917493639814
0.6044687667502424
0.6045699348587241
0.6049058320191394
0.6049947660960224
0.6050022507361523
0.6050426749583944
0.6050752261667799
0.6052041565663127
0.6049407189719257
0.6047351104550356
0.605032141892527
0.6055072886881253
0.6049616335676682
0.6048335160376545
0.6047452963561337
0.6049028371076709
0.6050526420278505
0.6050521561649825
0.6055192960775944
0.6058322604843952
0.6060710527854711
0.6062195127757061
0.6064416121421137
0.6065076307402296
0.6063942131413687
0.6064724485910292
0.6066057136730949
0.6068371611472212
0.6069287126349674
0.6070086103324572
0.6070286240413388
0.6070229491695156
0.6069085364595549
0.6069661231716719
0.6068053714870887
0.6070148619354737
0.6065758202036603
0.6064910455425089
0.6063311214020047
0.6064745130576689
0.6065472055792973
0.6063724976939304
0.6061286252952997
0.6062075940626473
0.6060869622725197
0.6059183068344138
0.60607372278655
0.6065193541851566
0.6065596093879542
0.6068630838457202
0.6065731061705156
0.6064458017569228
0.6070598187351273
0.6066180962859353
0.6062906389998042
0.6063805837727604
0.6065292111776632
0.6066117529911306
0.6067238553887758
0.6068416917552939
0.6069261122253146
0.6069432921676883
0.6066760866065887
0.6065603638587074
0.606652068892809
0.6065984184475085
0.6063989041539959
0.6059832843616878
0.6057464898651388
0.6056671788717293
0.605772630506609
0.6059509643125208
0.60600746550078
0.6059277022816089
0.6054274658067612
0.6049645329980294
0.6053440963214483
0.6050514783164593
0.605195988209828
0.6049461158261066
0.605197108567631
0.6054564401658727
0.6054323684711391
0.6055616297572326
0.60537884607344
0.6053877227902058
0.6052327585068128
0.6055689721567704
0.6058957687450482
0.6063816086949462
0.6062173325103988
0.6063102949972868
0.6064241842220119
0.6066172627585863
0.6067556068650045
0.6065269178594793
0.6065134205960385
0.6067206352280045
0.6066587548856042
0.6069205361529387
0.606795623877668
0.6070670643746836
0.6071432569589361
0.6072113434171337
0.6070235667808349
0.607088162611802
