0.2937066069404276
0.38019355019671036
0.4946643048620704
0.5414357191800162
0.5677943556143048
0.5620487707424247
0.5733768374944539
0.5616356231841036
0.5732637144522417
0.5757631866132754
0.5866005796259248
0.5890518002955943
0.5834650780400295
0.6057320184502067
0.6143183281496695
0.6204898947700243
0.6156757397385233
0.6252627365962702
0.6228234915100066
0.6237811352283604
0.6210888399756316
0.6196293980692247
0.6093704916650365
0.6142487445369582
0.6168848408179471
0.6217192844143811
0.6085324698841593
0.611814554307583
0.6178098783967299
0.6220619414067501
0.6154966143129772
0.6218404017695245
0.6189116180934977
0.613348710848609
0.6028293423055844
0.6111347190753001
0.6129074342029568
0.6062164156213483
0.5996918529370134
0.5995152712072233
0.6029069370580422
0.6069415591719886
0.6088393186065478
0.6047420353159186
0.5996676045711757
0.5986477906629893
0.5955467826886451
0.5882528448493436
0.5910260941882364
0.5885703143964064
0.5919152543596966
0.5897304217955821
0.5910211329070577
0.5874332872325533
0.5866813022919792
0.5857015851074376
0.5849288377732034
0.5878098203600695
0.5840314808255986
0.5813963892443029
0.5886630877326137
0.5896515717126528
0.592334365038496
0.5923014561427546
0.5935701987600827
0.5970906824845754
0.5984122432135808
0.5973929451932002
0.6014898602059321
0.5998511737598878
0.6014525620343067
0.6036781027547226
0.6007862367552417
0.5994897642964716
0.6030531144126802
0.5994183178935044
0.595811298277324
0.5932721023481272
0.5911137879180474
0.5886569456364941
0.5853097143668043
0.5863505997987786
0.5869598978419731
0.5839609599853463
0.5822584180842415
0.5820885473721431
0.5821525707122939
0.5809925669907503
0.5812453676188771
0.580454730004402
0.5809296147185118
0.5833112124275265
0.5828765128310037
0.5822684953952012
0.5823633342292538
0.5821842448609043
0.5836036309467579
0.5830641848447643
0.5843818463340564
0.5856281585018777
0.5854801037611091
0.5865287484539543
0.5861661686202816
0.5862114682525704
0.5821677864725995
0.5819971094017478
0.5801386443271795
0.5816325602798796
0.5847228633079316
0.5822690102670691
0.5830776791014812
0.583360594530509
0.5857678958671535
0.5880827093188183
0.5890029224767244
0.5896958647042259
0.5896849101069556
0.5908160412074931
0.5906429661779402
0.5908794890685105
0.5944646210980663
0.5925041959297174
0.5937414422078483
0.5930511703422441
0.5909390446470142
0.5882060805117884
0.5870305977289668
0.5858706380774371
0.585655000711772
0.5851790952414382
0.5856252309165548
0.5859041073719639
0.5874454995558561
0.5870615192549449
0.5869854609990197
0.5872099516854744
0.5873760882578162
0.5877409089577975
0.5904414520514214
0.5889798717188849
0.5906852668282748
0.5906460935741619
0.5910173871428838
0.5928045863315439
0.592807593913762
0.5936125571081527
0.5930688160296339
0.5938597455171264
0.5927460438877431
0.5926264438830199
0.5942141151424317
0.5958912049881488
0.5967954586548465
0.5995342158428685
0.5984423515679512
0.5997782004014359
0.5989545980531745
0.5993586291287364
0.6012182994225278
0.6010570046749879
0.6001967085970474
0.6004538775739005
0.5992897620189408
0.5979287015445524
0.5977061069436856
0.5967099633243628
0.5966102071075835
0.596563942089027
0.596278323014103
0.5970428630674565
0.5989135805449263
0.5995269383565517
0.5993693428800873
0.6017339290304633
0.6043545195178947
0.6053165197118254
0.6055768445633873
0.6063065503835496
0.6067478557402114
0.6060300272034201
0.6059047092869031
0.6065625385534698
0.6063931633560414
0.6055407493239684
0.6044797435383276
0.6058443681173455
0.6054738520441694
0.6056050601177247
0.604909188575961
0.6037781497720132
0.604220385531266
0.6040210058255804
0.6033010104076797
0.6030416479956133
0.6027532647548418
0.6032203687359551
0.6032421113922269
0.6030556114811708
0.6034321255748537
0.6042957446427829
0.6042507290425222
0.6036036795254158
0.6043933856546427
0.6054970412943299
0.6054736840850019
0.6053761375887893
0.6045107473319041
0.6047076578706999
0.6046777476437376
0.6032249441907804
0.6026369097973323
0.60266486015477
0.6029166290982723
0.6030604015849866
0.603111385727043
0.6028924986525029
0.6023061376867851
0.601232785077366
0.6010348633653558
0.6023423745223875
0.602193037574635
0.6009233354959996
0.6003615041935711
0.5999024555006568
0.5994397491209386
0.5994067414246884
0.6000317244668025
0.5995286792772494
0.5992492834701584
0.5999682598267092
0.6002311011782467
0.6007979993078334
0.5998917169685538
0.6004335077841056
0.6012018596370189
0.6005812231251264
0.5996091084981329
0.6006384087365629
0.6001545323765317
0.5996849282108762
0.5996198004442604
0.6016625976958606
0.6019932524671008
0.6017152080515893
0.6018519367280039
0.6018021667023199
0.6024762329548143
0.6024796963778835
0.6029003779678692
0.6021718668300056
0.6022176935301163
0.6025768812330454
0.6026279426588542
0.601976806311621
0.6022582878995005
0.6034143405601019
0.6024329271134665
0.6016070842155884
0.6024377791152911
0.6020498270406949
0.6028574929963535
0.602662379753485
0.603074194870435
0.6028758836853433
0.6016618981292136
0.6016400616422479
0.6020148429012228
0.6019049873015831
0.6015776380882927
0.6015313784362523
0.6029089570803684
0.602967090396423
0.6020795529580932
0.6012906486922952
0.6013445848879108
0.6012208565905045
0.6022469597180814
0.6013586366525316
0.6004015723654619
0.6002795234202963
0.6007927179514663
0.6015888640133107
0.6013898364844539
0.6010786267264491
0.6015848395382961
0.6013719371939014
0.6015594346850518
0.6018022932619392
0.6008298502755721
0.6016731145840934
0.6013981851617661
0.6013872916922164
0.6009749312634347
0.6014283376578631
0.6003803703673452
0.6010607498454972
0.6022102262097973
0.6018151884151516
0.6030087981665945
0.602474375448619
0.6027923466734161
0.6032037211378661
0.6035138062873687
0.6038746841400617
0.6039075669987163
0.603542159301253
0.6048209547010688
0.6051741555865838
0.6051547972927936
0.6053788434247365
0.6043764320927107
0.6038073025725489
0.6031204133072324
0.6034908969081154
0.6042673086083639
0.6025599270722583
0.6025898102992336
0.602606660795902
0.6015098567014145
0.6023003242676879
0.6028531923896684
0.6039179405080873
0.6034647274779907
0.6046712208837628
0.6049475943513849
0.6047031152740818
0.6046501781243642
0.6061603979039668
0.6053796809642742
0.6052542462639603
0.6056097776237266
0.606713133742305
0.607230116312951
0.6068173910066242
0.6074185704628247
0.6082757174527414
0.6082815748516779
0.6083243194101753
0.6069097197692493
0.606363251279432
0.6064871301653962
0.6074678252304219
0.6072672705426024
0.6074102879335004
0.6071132388776119
0.6074354782498291
0.6068302844241414
0.6068191785213883
0.6069273235368955
0.6072045748566753
0.6064256206845828
0.6057803885090679
0.6052012982587852
0.6043498497287257
0.6058328216521193
0.6060185396504203
0.6071948202853883
0.6073081093740458
0.6073234701983506
0.6072325607843633
0.6072417237177552
0.6075005246994332
0.6079878806743071
0.6073890350867464
0.6070917013402314
0.6063841399681538
0.6064712535902285
0.6062855732893598
0.6065564179178777
0.6068706759018133
0.6073175904436674
0.6073287286441862
0.6069729058561072
0.6065820311703782
0.6062588608547675
0.6061640710579765
0.6056669990131532
0.6064783668670551
0.6070476194730815
0.6078003837047607
0.6080432362806752
0.6079935266579681
0.6085249373669701
0.6089583941995905
0.6084902511858185
0.6090725280381344
0.6099581222473095
0.6102783586307023
0.6105061148538015
0.6092509902418232
0.6095398609352519
0.6097256848136804
0.609796998255732
0.6103297197079938
0.609254361425198
0.6091412641479015
0.6100109395104105
0.6103527406784413
0.6106503337215756
0.6104094571162189
0.6111806081399977
0.611074897035041
0.610922381188564
0.6102491119154853
0.6101166387068329
0.6097233926273679
0.6098658604207527
0.6099331603873618
0.6091523510691101
0.6090030509109909
0.6089786535060782
0.6093735734531546
0.609519465852969
0.608821054244348
0.6084570182257125
0.6084122869003866
0.6085666303561402
0.608638586969729
0.6083942781301798
0.6076690463193885
0.6071397778967494
0.6073870154927266
0.60750151451695
0.6077265078165606
0.6072909457524647
0.6069079868779707
0.6065041734950389
0.6067633122238566
0.6065694438672802
0.6062019358814426
0.6056832410436536
0.605362050244572
0.6045867944111706
0.6042913116356599
0.6037896698949368
0.6038300833692731
0.6039426673994253
0.6040282923771351
0.6043461176717383
0.6043115548747006
0.6045245325039893
0.6046691458578171
0.6044328910841136
0.6042821974324356
0.6036236156470264
0.6029043765104144
0.601935888343287
0.6028075905900615
0.6019488054430875
0.6023128024522524
0.6030575063108302
0.6031028372706168
0.6032649252212461
0.6035719493141221
0.6036176906618996
0.6044006187390515
0.6042824194886443
0.604469390819351
0.6047348139443859
0.6034908688684126
0.6040273137047353
0.6046356936563003
0.6046615034045545
0.6052397755525182
0.6055982199086309
0.6055436899881085
0.6061591420350951
0.6062578779056529
0.6055081729017321
0.6060109800119915
0.605975241452103
0.6059567200168458
0.6057393501307425
0.606786042447717
0.6070217518207094
0.6069955947583503
0.6067064074154661
0.6066609419535887
0.6067245931597554
0.6069967688564286
0.6071632335425275
0.6074884740347528
0.608223882872459
0.6079434088610225
0.6078729829261618
0.6077129516936661
0.6078929417788449
0.6076924562823901
0.6078743918131201
0.608207178594121
0.608316096122203
0.6081989938138472
0.6081685589750172
0.6085836904141653
0.6085100886208
0.6085868959366754
0.6083500041762715
0.6085097743276155
0.6081345470784539
0.6081352829418404
0.6084469630700384
0.6086025824418773
0.6086989725363512
0.6090210445344332
0.6096479264045614
0.6094084784891857
0.6092250715317837
0.6098956539529818
0.6099556417320608
0.6098828987958377
0.6101702920970818
0.6097033988013915
0.6100385104610673
0.6101068789789993
0.6097762222131238
0.6098539893522431
0.6096285268610413
0.6084496461199518
0.6087103192163736
0.6083565302033423
0.6082879597774571
0.6084383027852072
0.6085263124652703
0.6085413773742705
0.6082274803073868
0.608375508255432
0.6089558846037577
0.6093357515456079
0.6093742046003741
0.6094113646036511
0.6098173872533251
0.6098041199778698
0.6096862568355175
0.6101753765621637
0.6100495216875486
0.6101403039730248
0.6103009118883361
0.6103695100364717
0.6106045024770508
0.6109632035324344
0.6108775493694226
0.6111147039140141
0.6110469136993817
0.610859830686593
0.6107776183839965
0.6109095535369568
0.6109843759384048
0.6109343852835357
0.6114494820856917
0.6114443662268988
0.6114929975977904
0.6109850117108916
0.6102581251758787
0.6102277933144793
0.6102959461158204
0.6103378007553163
0.6106100781791928
0.610112345647128
0.6103684871304448
0.6098826725328045
0.6099787856113563
0.6095072960983514
0.6089173355907282
0.6082411118286138
0.6077265376956289
0.6078370253518031
0.6082647522491329
0.6080539020870258
0.6072811480288436
0.6074249620997059
0.6079200789566506
0.6078235788507257
0.6070263449240205
0.6067569832517307
0.6068973201676902
0.6067590070199945
0.6071024794910679
0.60712723744114
0.6073090247683923
0.6070062908189402
0.606354834429047
0.6064682302194561
0.6057114493840456
0.606378469054726
0.6056139370444454
0.6057366545611133
0.6058700140007276
0.6060318484788805
0.6062853157956849
0.6061864609468681
0.6068308234875248
0.6065762626013945
0.6069214010948784
0.606460568214901
0.6065576071045008
0.6067294798470899
0.6070744281119655
0.6069585289083946
0.607232550131134
0.6062720562546475
0.6069117397861794
0.6064912803195583
0.6067533833612931
0.6064819857760455
0.6071785120988221
0.6072380414823727
0.6069007280036602
0.6064122703003729
0.6060354521731348
0.6066507342340653
0.6063229803651994
0.6065497378514757
0.6071227388251891
0.6073065784361223
0.6070248044459804
0.6070610247256423
0.6067114229623868
0.6064439421054355
0.6058628770768367
0.6056905123455719
0.6057538374412059
0.606434305812878
0.606354266934219
0.6062174104640021
0.606262547675141
0.6065290054609827
0.6064182056656587
0.6068382251850304
0.6063923563879934
0.6065583229633997
0.6070352470559182
0.6069358854527427
0.6066614071633899
0.6061698094464665
0.6062036708784869
0.6063597204874932
0.6057288564661639
0.6059659349485103
0.6061579634823111
0.6060800236391855
0.6059190209770168
0.6056774011293222
0.605488508674944
0.6052252519531476
0.6055720179954933
0.6053473614405237
0.6048151356649135
0.6049239800517916
0.6047515922207669
0.6046390846194517
0.6046846014315126
0.6049896211401807
0.6050418612250928
0.6052741456148367
0.6052927424393463
0.6048667730580746
0.604140993258249
0.6039406897633403
0.6042296269763123
0.6039392491229414
0.6037326945699905
0.603962462582131
0.604046851786688
0.6042669891687144
0.6037159617203467
0.6040175791581537
0.6042839981970595
0.6039420963392179
0.6036525017166174
0.6039712109909656
0.6041747396256427
0.60433390076788
0.6047609744457626
0.6048540173940776
0.6044726675676781
0.6041036507170181
0.604575975829461
0.604831014151352
0.6046076684298576
0.6047302794602786
0.6049518881490827
0.6051557478217576
0.6050748572466697
0.6053088577496628
0.6055618504110462
0.6054201535260654
0.6056759844566858
0.6054098552386374
0.6052519399420496
0.6054046584233166
0.6053365058667716
0.6050887205888733
0.6053248354218028
0.6051086271035044
0.6050087930578522
0.6047989117212811
0.6047960877100937
0.6047652389500868
0.6046797161688109
0.6046868119922214
0.6047620402982395
0.6048118610917201
0.6048632364294674
0.6049745779617139
0.6048918945742147
0.6052123626697096
0.6054085575167456
0.6055480066412654
0.6052096407498526
0.6051902683894166
0.6047165396756116
0.6048141637226834
0.604887674234721
0.6049228741915447
0.6052887428910718
0.6057689318824163
0.6061195454958382
0.606495986557736
0.6063370910797918
0.6064410735987402
0.6064132342519922
0.6064655087745011
0.6071133106963972
0.6070129536732598
0.6066403021113915
0.6064120920707367
0.606652289973673
0.6070215602504557
0.6069919038826413
0.6070315287846213
0.6070915818551146
0.60750538628106
0.60816099360566
0.6081096461453023
0.6077664028102375
0.6080092945968051
0.6079437669674067
0.6083000694262884
0.6078069478372987
0.6077943243083079
0.6078483880781705
0.6080328767374082
0.6086619521942044
0.6087931136171613
0.609075512455921
0.6092759819789368
0.6089717545823417
0.6089907688798241
0.6088166807483326
0.6087381971051571
0.6085279282844012
0.6088276840070237
0.6085511290176969
0.6079971533081789
0.6086013262522352
0.6089317090559849
0.6088035238454603
0.6087533273727593
0.6089752296963118
0.609167290608346
0.6090696935381832
0.6093289061396214
0.6096016959776335
0.6092143641453907
0.6092461178618637
0.6090344311476361
0.6090497293449009
0.6090305234420268
0.6090754451087332
0.6092629574022393
0.6094854233268867
0.6097176057026433
0.6094468282930027
0.6090267018257949
0.6084657926275228
0.6081174416453875
0.6085351466682941
0.6082094569420118
0.6082543814420024
0.6089304903551703
0.609461377235086
0.609138520133771
0.6089674824885252
0.6087861063311996
0.6088066841248634
0.6090010676150285
0.6086488592876621
0.6087824331053429
0.6082370003013153
0.6084256328493551
0.6083629252592223
0.6085057875420782
0.6087419589575448
0.6092973332271951
0.609675544616417
0.6093726478399253
0.6093098267237521
0.6090885373029982
0.6087850498976208
0.608803995239358
0.6094951641283628
0.6093057969016407
0.6094728675505343
0.6093792380786496
0.6093462398297707
0.6092277546321536
0.6097226490661503
0.6096326300574917
0.6093892843243783
0.6097454404462993
0.6102892899705166
0.6101745432721011
0.6101631574619314
0.6100564014549779
0.6098080940629161
0.6095945914660336
0.6099048554796689
0.6097584440536032
0.609989222719688
0.6102098260062694
0.6100847784492208
0.6101033900351263
0.6104025868864478
0.6103709162353025
0.6100695114542964
0.6099875557774508
0.6100011675302189
0.6097558662546928
0.6097720422469668
0.6096583233077432
0.6097761787125402
0.6098409111530029
0.609950430048156
0.6099529732077248
0.6103380890417374
0.6101277785927514
0.6100461892274935
0.6099241462348783
0.6099882596041043
0.6096682227572029
0.609185497611964
0.6089637085641697
0.6088119680145275
0.6084670035937003
0.6084082570455128
0.6084686309345064
0.6081928751089232
0.6085741297000428
0.6086686477134945
0.6083755916015489
0.6081968019058053
0.6082801584265528
0.608109384362176
0.6081693905908898
0.6081741939025757
0.6079937995544165
0.6080525259418544
0.6079396017423011
0.6077770963638
0.6076820450560332
0.6068792759316289
0.6068435026097037
0.6065685749092167
0.606413691367175
0.6064993573981929
0.6063105633475887
0.6062246176099784
0.6061495997507489
0.6062961430452117
0.605962746576724
0.6057837403405718
0.6056223755555459
0.6056319523100622
0.6059113833817122
0.6059266441412199
0.6058710856666505
0.605881482550777
0.6058584853005881
0.6057481543737536
0.6057058749348682
0.6060457014079262
0.606029714090021
0.6062805895962576
0.6060313921320525
0.6066108226984571
0.6067120706350476
0.6068319396941367
0.6066408493518142
0.606232833524736
0.6061981969791169
0.6063697398548038
0.6061676737839509
0.6061626750868206
0.6060523902628515
0.6063787962010807
0.6065861061117342
0.6069158207181045
0.6069572803500288
0.606897518694128
0.6069624826366599
0.6068789502436117
0.6069697168665379
0.6070859029991633
0.6068574235457955
0.606993538208355
0.6074812477020441
0.6071495140459195
0.6071379322672734
0.6073009654440644
0.6073096722257828
0.6072458609196386
0.6072682816301884
0.6078249839526451
0.6081148531184793
0.608437007870907
0.6084509322528839
0.6083314006343356
0.6082881702021338
0.6080196803139051
0.6081278939804663
0.6082797426753149
0.6084825312055028
0.6084401338014142
0.6088030740990081
0.6088609948856452
0.6089086771782629
0.6087745602307953
0.6089899143395959
0.6088290852402798
0.6088898320466527
0.6086670980893342
0.6087132593237995
0.6089335313070584
0.6089929568498775
0.6089034961254004
0.608760283452567
0.6086826253698604
0.6086479847581211
0.6086417077099348
0.6085897275290789
0.6086568399583737
0.6090594199472312
0.6093161714928709
0.6094600548971312
0.6093320207151444
0.609160568413671
0.6095652502976703
0.6094663650847384
0.6093062823345817
0.6091940781403362
0.609418084436472
0.6095095185010837
0.6095948616797561
0.6098871178072927
0.6097319421869418
0.6096262849177836
0.609732604908269
0.6100707662984032
0.6100553196334995
0.6101569516197122
0.6099998875677956
0.6096871049518037
0.6095541497195378
0.6095612140675992
0.6098176875055894
0.609865770558123
0.6097690248291621
0.6096903743461963
0.6089203321000565
0.6086695471785836
0.6088485939889868
0.6086840266329872
0.6087385985386362
0.6083824763805148
0.6083956080509297
0.6084602102369716
0.6085288958398156
0.6085697380524864
0.6084438246286513
0.6085306258960487
0.6082813939087162
0.6085465431132461
0.6086227189969856
0.6086003001982313
0.6080980722785757
0.6081563423436688
0.6082838334839472
0.6085155972793587
0.6087375976684093
0.6086890143212936
0.6087198148909647
0.6086500053607522
0.6085692135723041
0.6088679881715204
0.6088026147358669
0.6086544362387334
0.6085849629567477
0.6087014760416468
0.6085453005015432
0.6085937011842154
