0.5544679049903584
0.6100843048135968
0.619024562530219
0.6717312313474628
0.6665797410136235
0.6633539738202191
0.6445375931102649
0.6440971039647511
0.6691338194525157
0.6558553902411904
0.659468076649664
0.6656919272090879
0.6762288389079331
0.6860580975405763
0.6937000544194788
0.6997665759645936
0.7087494975257348
0.7183054695893667
0.7164091986683707
0.7259665461914776
0.7246035258440915
0.7327817625895792
0.7453299608411459
0.7558842743179979
0.7525231120890089
0.7560775631806103
0.7488839051501543
0.7529955262506773
0.7530587591505524
0.7461240966045869
0.7391195037294325
0.7453247917431415
0.7405011407951565
0.7389837600363336
0.7350054965945223
0.7436549582970879
0.7416801086156415
0.7386385229239333
0.7336193172050147
0.7343236884982196
0.7383940776092851
0.7368963202085921
0.7364193093543896
0.7330049828796792
0.7333093455083743
0.7363671541080103
0.7259366766072306
0.7268270421457819
0.7288032140634992
0.7290203052279756
0.7310738779210243
0.7274019573774394
0.7250181578118788
0.7248777063731265
0.7251039076869669
0.7254253637166856
0.7246472569991924
0.7252112534431596
0.7207909625742243
0.7171115528306268
0.7218494212106886
0.7248365818074503
0.7224317236809977
0.7203502863842306
0.7190981542773057
0.7175665730754776
0.7176432566238596
0.7150461560545623
0.7203073938841161
0.7227313993094564
0.7251970300526905
0.7268296174874616
0.7264979958583725
0.7249812846813742
0.7252374953298191
0.7227953356498138
0.721262925586077
0.717672443500797
0.7196179797882969
0.7186546526175649
0.7186524265662245
0.7180634665838824
0.7188333333266739
0.7140609437893916
0.7131802133287322
0.7121867462219703
0.7148505339503745
0.7146885389026673
0.7155282663308669
0.7134021202574338
0.713021034255771
0.7150960937448487
0.7147710591125713
0.7132706973204538
0.7117204421776735
0.7117717291302701
0.7129683396630009
0.7135225823529295
0.7149873628005557
0.7179313531324747
0.7178119459818376
0.7206535602538157
0.721045062770823
0.7209768312130402
0.7203153592478254
0.7213426456199609
0.7193944073441301
0.7207456518839912
0.7223554808460707
0.720075793258767
0.720917325117844
0.7206825872065762
0.7217053680254958
0.7224676889129624
0.7230181760836293
0.7226703237964632
0.7236113743274529
0.7249583620867415
0.7231083366882111
0.7232338274777244
0.7221056077972833
0.7248768929224748
0.7258499621354659
0.7254290087601647
0.7224326759445636
0.7190614209002105
0.716650065631314
0.7163674485286067
0.7152963520963859
0.7150382008388867
0.7162131284730995
0.7172006988707438
0.7152031707807374
0.7151407070826131
0.7162601569573825
0.7155910299366134
0.7154943904202434
0.7153950755348254
0.7153649709031394
0.7151414842451059
0.7173746350919123
0.7163891618144956
0.7160755375507531
0.7163920859995484
0.7162498050003266
0.7181516346803855
0.717446446510329
0.718793961169951
0.7179999865110224
0.7168739892280768
0.7165715526183606
0.7161166818235409
0.7171167886237924
0.7179974122507238
0.7157773760194792
0.7153724898889627
0.7145519946865674
0.714274229728652
0.715748298388419
0.7138841213986552
0.712629665915408
0.7130197772186693
0.7128667807939283
0.7129693287259458
0.7113762325222189
0.7104673788368924
0.7108198742243982
0.710323922600566
0.7107194520166582
0.711981922776008
0.7115565610228607
0.7118916256636457
0.7111723874987435
0.7117527095877657
0.7158849812967352
0.7156787522662585
0.7166646390269933
0.7159874851769542
0.7162295668972825
0.7159723243197632
0.7161560480920685
0.7167784347205028
0.7152137460533154
0.7142197924570405
0.7134292126299451
0.7147965848202393
0.7130141020157128
0.7123393097532182
0.7131808817679773
0.7126641722019298
0.7131306538047364
0.7138982435086003
0.713805265391612
0.7137120779020036
0.7133359687011886
0.714219379995314
0.7146208638638253
0.7149009385959026
0.7152900340463402
0.7156015708136849
0.7166841748025851
0.71730732300202
0.7167281248342312
0.7169072284625039
0.7169324274399412
0.7177688200858006
0.7170643122967467
0.7182812097759892
0.7185860695641724
0.717444007787351
0.7169148326518988
0.7160177514877454
0.716808672226603
0.7172686829029035
0.7166085300986555
0.7166544800511799
0.7155320832323145
0.7141146355135127
0.7141209547003796
0.7151865101211184
0.7148523962392399
0.7144921407159077
0.71490578919069
0.7147176485903837
0.7143078150083223
0.7138562181118453
0.7141889826536859
0.7138125012874083
0.713839946715203
0.7147611394964163
0.7151700143828609
0.7148094691534765
0.7144457562319745
0.7140898793862527
0.7137424252148895
0.7128861135644614
0.7116218284527798
0.7123260449153352
0.712463922977205
0.7120346361970139
0.7119762073915413
0.712387929720512
0.7127780514352465
0.7123675102473241
0.7120678841933933
0.7117259719296288
0.7113821448378106
0.7111239228812379
0.7108389267694266
0.7134666799769993
0.7129670139136927
0.7134568172341036
0.712800529323249
0.7126304531321005
0.7126571247506039
0.7133750753555685
0.713067736446384
0.7125414437527028
0.7128960166018857
0.7124830483368939
0.7115320643091234
0.7118257546468911
0.7120753869614737
0.712907705257356
0.712914479702214
0.7131067079839106
0.7126461725902946
0.7127315469769496
0.7123301720987361
0.7124860380885314
0.7118733437317135
0.711304321779854
0.7111330956322816
0.7108843237624841
0.7105843362090986
0.7101150436453476
0.7099489208839216
0.7100106154669066
0.7090296847510061
0.7089006736610554
0.7096465003759946
0.7106772147928188
0.7104901983973898
0.7099337936591656
0.7102231224538591
0.7101325047394754
0.7102597732843522
0.7103523362202561
0.7096514879259526
0.7099733606240701
0.7101735064714141
0.7100563283917503
0.7100481011311567
0.7103606749612207
0.709454879771111
0.7098506271920838
0.710151532899377
0.7098457118633796
0.7104909829771132
0.7106284999472104
0.7119229505140475
0.7115829126712272
0.7119355008786573
0.7124158593030964
0.7120805123631652
0.7120244572636925
0.7123631880516247
0.7125853559558726
0.7128675876308495
0.7127285224694341
0.7118736305394253
0.7114548962478753
0.7104934708631159
0.7099714499281209
0.7099445579074448
0.709087475590974
0.7083443080765982
0.7080458889675292
0.7070484947329374
0.7072260529029729
0.7075620008917395
0.7085631524644032
0.7074601037254454
0.707988991494252
0.7066319327221238
0.706502320290346
0.7056182671027115
0.7063233903575604
0.7057513050904822
0.7055973349970034
0.7048788411877399
0.7043838700561953
0.7056266585196268
0.7058001551633788
0.7057569515281364
0.7060752059772387
0.7054357172493922
0.70568838070936
0.7045893992930282
0.7042070885282482
0.7037855685030567
0.7041993743714055
0.7038937962928724
0.70389066705271
0.703123928574668
0.7032836652945802
0.7033406950949378
0.7033800014858463
0.7030208029721859
0.702834513499623
0.702753804898368
0.7022304859807543
0.7018597957007479
0.7021352281409724
0.7018465837951112
0.7020244861553194
0.7026156532243507
0.7031194779661334
0.7027597167425426
0.703248924073315
0.7036648381068206
0.7039523479910832
0.7035454779080387
0.7031621936081351
0.7029588363058588
0.7029008341019609
0.7021948033941734
0.7023372469145926
0.702947801727334
0.7033261004720763
0.7035592981681874
0.7037936515133962
0.7037368735500773
0.7040039933186912
0.7033458740499021
0.7038859760756849
0.7036813460265899
0.7040606244346229
0.7053596710637087
0.705533048596165
0.7058858093315737
0.7059644095961374
0.7053652708381677
0.7045161798030101
0.704160565703713
0.7055844624685466
0.7056803770880271
0.7060039149833596
0.7062141097461503
0.7056367061009591
0.7060778442196662
0.7062217834377035
0.7060744419729915
0.7062779117004536
0.7060629340275293
0.705824619003378
0.7063784075995537
0.7070039872260231
0.7070957872951391
0.706790847509355
0.7075515713394658
0.7074357505186484
0.7074551753743797
0.7067207078112414
0.7066210383475415
0.7062743391223095
0.7066484895274429
0.7068729451109171
0.7062780385689917
0.7058511273929992
0.7064407927394565
0.706574724153287
0.7060235230234666
0.7042640875139382
0.7049107646405591
0.7048130555931125
0.7048492497466082
0.7047219845511687
0.7046217164762152
0.7042805514910188
0.7036576333804844
0.7036792587285992
0.7034880009845036
0.7038855060406765
0.703608758741683
0.7033786133971298
0.7033470021991348
0.7034875414938337
0.7036062324809592
0.7039697076643645
0.7033365445959813
0.7030500853579259
0.7022924993593418
0.7016895051951896
0.702092062491712
0.702349627323984
0.7017456696285761
0.7017002366331827
0.7020657064246173
0.7020785494164589
0.7022500910486899
0.7018819485868801
0.702338747019984
0.7024285198989997
0.7023332515723462
0.7021365787067938
0.7014363268180036
0.7021397325853749
0.7024371571203147
0.7028482546730239
0.7033699115226153
0.7032560901733793
0.7035689126964477
0.7043013402194733
0.7038842304678208
0.7037326477334831
0.7033204417304427
0.7035888137881472
0.703348527565961
0.7023940378039301
0.7028549034887905
0.7032788523203858
0.7029582103089683
0.7031285809501214
0.7032226764456435
0.7035472532943496
0.7042725533952283
0.7042608897535895
0.7044101879784027
0.704698562562075
0.7049458200535452
0.7052759030432721
0.7050066236207997
0.7053691552443571
0.7058171096447897
0.7061909499171702
0.7066822258614888
0.7066732580355957
0.7068970504228878
0.7071224454495619
0.7071210484357876
0.7072551119414787
0.7074399272501474
0.7075475754292904
0.7080702061169419
0.7078869594644258
0.7076582855664723
0.7074603509630764
0.7084417569643864
0.7088406675759762
0.7088223555458115
0.7087735940653296
0.7088046320492154
0.7090459541538482
0.70856041302177
0.7085125528683671
0.7084722031275336
0.7089949357544131
0.7085884767442405
0.7089787049401126
0.7092438700444553
0.709203219268447
0.7091940147498673
0.7093171587083036
0.7094364158144811
0.7092225044466621
0.7093220393822842
0.7093294814739571
0.7100276647922293
0.7100673816380757
0.709739729565747
0.7096571207538771
0.7095064970156694
0.7091528463592603
0.7092561816917671
0.7091946758500516
0.7093503802675704
0.7086937873732806
0.7089315532660466
0.7087489634871376
0.7086414818556264
0.7085343159902591
0.7087442589602636
0.7085749028967722
0.7082475246267154
0.7084235898241484
0.7083106210052704
0.7082282919746627
0.7085821686751446
0.7087130380514977
0.7092079697226525
0.7091719402321505
0.7091658922805683
0.7096117012752183
0.7099412131141678
0.7100971189947234
0.7101755578399013
0.7101576339968058
0.7104485821339954
0.7102658174671971
0.7108642311465815
0.7108285881756342
0.7110427607902278
0.7110233146260176
0.7106369108448989
0.7106682455529519
0.7109431507503754
0.7103554987659215
0.7106521930071137
0.7106504440014378
0.7108537938205959
0.7108011566957866
0.7106233321996174
0.7105111250428505
0.7101501417363898
0.7103754808974991
0.7104298639669662
0.7101163880153498
0.7101992473636833
0.7103470910037336
0.7107841505841024
0.7100158220473536
0.7095480299012751
0.709233372069561
0.7091398722949177
0.7094344358123787
0.7099426229455686
0.7097049571243712
0.7081324432102836
0.7082603225220224
0.708585142543799
0.7084566274524893
0.7081432267393231
0.708192802865596
0.708286444514519
0.708271415983841
0.7081804969580868
0.7086505476361551
0.7085829267903616
0.708430388374883
0.7081415644388245
0.7079292851531824
0.7082488712485406
0.7087618760217063
0.7084445829724285
0.7083368383458934
0.7085505199896247
0.7088494813736504
0.7092139891540632
0.7095681391547882
0.7102007398626528
0.7103732704725333
0.7106863455210802
0.710701095651382
0.7106661085635748
0.7108746340917262
0.711431921631359
0.7114847840336398
0.7114230201973633
0.7112619937345437
0.7114426847865878
0.7114122578833203
0.7115240953532885
0.7112740951122042
0.7118199546607702
0.7118195525908443
0.711459934400606
0.7109230018052138
0.7109014675799963
0.7110923717883475
0.7110238259475186
0.7104896308890799
0.7108124796766608
0.7111529304466443
0.7109060696376036
0.710987106909684
0.7106459005903958
0.7101340283927082
0.7100566048568552
0.7095308160183693
0.7093690060559579
0.7096501840259425
0.7096270909104908
0.7094104667408911
0.7092166343508767
0.7096098189648894
0.7097852230908432
0.7099383494613788
0.7098812139142359
0.7101531217575451
0.7103805334668013
0.710072414743876
0.7100134173029431
0.7098597687587702
0.710138862478764
0.7100653714595847
0.7098576828089401
0.7093752110032079
0.7093774530935607
0.7094534257381809
0.7096864432807963
0.7097283206525055
0.7098255923381334
0.7095801767510431
0.7100950016078575
0.710034707748064
0.7096773393861363
0.7099087199677933
0.710038904097713
0.7102294162063402
0.7102718981924199
0.710814371975269
0.7111282953962242
0.7110356939820489
0.7106160502120666
0.7104973460817756
0.7101313609340039
0.7100295393502859
0.7097767502294913
0.7095575787403113
0.7087951049391447
0.7087013840193581
0.7085403623050217
0.7084903486856048
0.7086694151094798
0.7084818740347754
0.7088049209210208
0.7087158887751968
0.7084144626968564
0.7085680893494235
0.7088681434945396
0.709058783380771
0.7091106208663366
0.7089055318994182
0.7092328962890101
0.7089118949602481
0.7093287515538532
0.7090833774870212
0.708692014650497
0.708709607371437
0.7087990703310805
0.7095805170341984
0.7092323061959095
0.7095289252216295
0.7094891384785766
0.7095971025357665
0.710037694355664
0.7096035703665664
0.7094447401258751
0.7097074483219566
0.7095214429794457
0.7092579264492438
0.7097791919255764
0.7094770437265141
0.7094463245612432
0.709464320930064
0.7094016023913604
0.7095036831230389
0.7091922464788507
0.709152688154568
0.7094472796556981
0.7093306351804677
0.7096734426648545
0.7096757967073363
0.709496270514263
0.7098972474781255
0.7102113538013471
0.710139727926563
0.7095283187186083
0.7098578284739178
0.7096206041659672
0.7098828306716761
0.7097976320188518
0.7098941063334515
0.7099342647966771
0.7100660540571213
0.7099760750946889
0.7102768748768055
0.7099763318216467
0.7095694380616636
0.7097120352090189
0.7095437751691144
0.7097218943341678
0.7097660942536289
0.7095049889399099
0.7094020157478188
0.7097515372401534
0.7100761856675958
0.7098927508508889
0.7097690722099111
0.7099787702978473
0.7098998880189593
0.7100320267392505
0.7100471148884288
0.7097934373768711
0.7097136008586372
0.7099510380054552
0.7104560346514691
0.7102758586997847
0.7101385448841814
0.7103912064505465
0.7101954997054978
0.7101925456741648
0.7101307630019683
0.7101628810579245
0.7101349238161347
0.7100756405315674
0.7099176340109686
0.709770890090866
0.709698921655744
0.7095884453235526
0.7098948923916645
0.7097653376771688
0.7093476248500697
0.7095637100724311
0.7097835819759918
0.7098236074241273
0.7098702402297342
0.7100333419793453
0.7100652774594064
0.7099015233346685
0.7099943958787556
0.7102907834249769
0.7102466449644128
0.7102569235899173
0.7101285378810833
0.71023124210148
0.7101584278813293
0.7103137109861474
0.7107071447258234
0.7108282126819745
0.7109598672777624
0.7112369025399735
0.7112492875550104
0.7109141712299833
0.7107597587432068
0.7108886608888669
0.7106453894062443
0.7108019799940366
0.7114220042832872
0.7115676507811337
0.7114546609140868
0.7114669768614711
0.711201899810809
0.7110148461817547
0.7109387092884595
0.7105499939933692
0.7103209547975847
0.7100723326416739
0.7099983037793339
0.710039855227225
0.7100188130557725
0.7102793822248791
0.7104500793152423
0.7105614164944527
0.7104002800782584
0.7103838707047286
0.7100920751527253
0.710118207492016
0.7098466104112146
0.7102823029638036
0.7100699221589848
0.7102810854293187
0.7101963142536954
0.7102276671485185
0.7102126590954068
0.7103613217965775
0.7105595493290101
0.7102099722343023
0.7104515575536413
0.710736315377652
0.7103221284898855
0.7105648499503741
0.710570794330155
0.7105928855729535
0.7104964858527786
0.7107453649390933
0.7107188549591403
0.7108181915644147
0.7109873953358514
0.7109991798431003
0.7112088772096326
0.7113149215021417
0.7111088414081839
0.7112006650411369
0.7110081399804382
0.7106073671390715
0.7103548507616235
0.710331449186049
0.7098613481236974
0.7101417790986916
0.7100064187891394
0.7102559473717023
0.7104824997973308
0.7100665132857749
0.7100314794385113
0.709770492796498
0.709809463644489
0.7098041068206505
0.70997917630875
0.709844582358251
0.7098062466773574
0.7098184587386394
0.7098195633343279
0.7095024319883282
0.7095736524822673
0.7092529282679392
0.7092972320778477
0.7092214713920716
0.7089242976858118
0.708812312932481
0.7087466936392623
0.7087452944834228
0.7087237816600171
0.7088274213053699
0.708492238781547
0.7085410124767612
0.7085662013395557
0.7084161438056835
0.7082486548881656
0.7075643526370373
0.7074578787904314
0.7074057002742458
0.7072664211042893
0.7073986586125857
0.7073296679913611
0.7073175765437603
0.7073908738335801
0.7075620657007295
0.7075224445139121
0.7075078196881616
0.7071630582068759
0.7070507318122407
0.7072010728271241
0.7073026941432708
0.7073657969263526
0.7075510512222861
0.7076467215926854
0.7075870917896719
0.707773554018869
0.7076756820811249
0.7077673325840728
0.7077759555172443
0.7074818705843003
0.707777571336753
0.7077341411868595
0.7075864473917909
0.707648454708957
0.7076235717168585
0.7077030651348236
0.7078352338360698
0.7074547948741675
0.7075651856635135
0.7075958860854676
0.7076122929991576
0.7078876072576487
0.7084051551817444
0.7083551363071928
0.7083349977855489
0.7084752193223132
0.7084208945246065
0.708508871153826
0.7084563534669115
0.7082729263452864
0.7083671155087652
0.7086102723718736
0.7085445409895234
0.708641765539535
0.7089880691784661
0.7089694508813521
0.7089791173960247
0.7090328799948555
0.709403270563137
0.7094677978846553
0.7097423182111935
0.7097218127750408
0.7094212279553779
0.7094225225600002
0.7092427112538244
0.7093403928262649
0.7094428432273122
0.7093254007213304
0.7090005520685192
0.7090832885924936
0.7092493324009007
0.7090905326110962
0.7090186188822494
0.7092148622659452
0.7091366940000089
0.7093833638244061
0.7093380591892464
0.7092954167454892
0.7095882757726858
0.7096116589476167
0.7096362843782202
0.7094425437022965
0.7097937080856241
0.7097218426449308
0.709656916056882
0.7094659586756236
0.7096182903075628
0.7099039656614324
0.7098819889374494
0.7100646188592753
0.7099554088424262
0.7100045037939808
0.7100154462717939
0.7099845837712957
0.7098345336032632
0.709905133836606
0.7097518355566406
0.7098573053074672
0.7096963708909946
0.7098457261999482
0.7098808563364768
0.7098366805111133
0.7098540208694328
0.7100972838700031
0.7102223309376012
0.7104210402062421
0.7107053804452876
0.7104188097903466
0.7103455451499134
0.7103789623085685
0.7106631881248476
0.7106894036879937
0.7110003161056064
0.7108898925226577
0.7103498968303363
0.7099265885462639
0.7100228967874767
0.7099420173027813
0.7095617410270283
0.7094522998528628
0.7099595372638117
0.7101525984062599
0.7102103249502679
0.7100869147310461
0.7101407856445945
0.7099714242249385
0.7098162928619675
0.7100393038576459
0.7103703002594419
0.7103747442792997
0.7102183079263378
0.7100699191144276
0.7101212011585954
0.7102621296085638
0.7105210245814936
0.7105572079999095
0.7103673315598208
0.7103785569506785
0.7103476967268864
0.7105625773616255
0.710514892205945
0.710665750083953
0.7107028934371272
0.7107346815635451
0.7106449160409517
0.7106211759342064
