0.3325793613600263
0.4613693310791426
0.5107681715027449
0.5720279139367772
0.544044453393147
0.5435329203555361
0.4824248104441145
0.5056823851557608
0.5382179438754122
0.5370753793786589
0.554667915685048
0.5686531305606154
0.5727410127216533
0.5996982429035678
0.6097737690132135
0.6256450822656819
0.6287488422183666
0.6448245861449544
0.653555191713075
0.6659572640775742
0.6705383744103743
0.6758876271199366
0.6793688693082962
0.6984034196337051
0.6952365202861875
0.6945942035595924
0.6801936152186502
0.6870617561358234
0.6841512729692869
0.6850716168404463
0.68552890072685
0.6775475857771204
0.6799905181219291
0.6797659522427315
0.6764121917485286
0.6850397846650425
0.6942886058126084
0.695741202016978
0.6927832987211779
0.7005955568302019
0.7063330338471925
0.7077693954064029
0.7042566528322795
0.7019285456204103
0.6984586988765096
0.7085665310868381
0.7066657848015372
0.7040274202540382
0.7049174128601189
0.703343163030745
0.7046366515900186
0.7018316906164944
0.6995584300880713
0.6960763526370558
0.6930744987260716
0.6924328093883078
0.6905355191782073
0.6907921693188458
0.6890191806961594
0.6879152422115214
0.6942997469641683
0.6962948936362889
0.692633070814946
0.6928244861147524
0.6933368217153204
0.6938926210838033
0.6934193863266169
0.6930831690857165
0.6968553481774218
0.6979834886143959
0.6989003561024525
0.7013387597355574
0.6991396876648639
0.698289041794705
0.7019403081362073
0.7027093590806678
0.7011189264750991
0.6974261426742102
0.6958551218422249
0.6957390568627616
0.6946781742772963
0.6914361277691101
0.6945313858341966
0.6932907480144793
0.6936242421422587
0.6931580624563336
0.6938597462873982
0.6942963518255054
0.6944150772160417
0.6926938827038785
0.690998117569536
0.6922394757926665
0.692048844397572
0.691712020869512
0.6892401810492023
0.6874632484192658
0.687113720442166
0.6859328750292916
0.6865012958469415
0.6873258706191903
0.6886284356183033
0.6878283022708228
0.6865941115784386
0.6829420628937128
0.6822984413694627
0.6835679041694052
0.6818726236659928
0.6834568223835248
0.6849078271128306
0.6827308844550043
0.6820562352613279
0.6800861530013017
0.6798541768904157
0.6804540100157885
0.6820920360489696
0.6817475101836611
0.6821862069880629
0.6822474522204209
0.682050791025543
0.6826973919911555
0.6843903768592249
0.6859416379777417
0.6847406195460569
0.6844899197856489
0.6856113861882628
0.6841849948262474
0.6835975092243318
0.6827183195829245
0.6822782472791892
0.6799694920722983
0.680507282609582
0.6789877501363716
0.6783836319663435
0.6788499301303564
0.6791362264210344
0.6783517215162119
0.6790754105944193
0.6782456786247623
0.6810168854381755
0.6815306012571133
0.6824264566437497
0.6820161297208797
0.6812427221750088
0.6831083164592039
0.6833195446854069
0.6837332120777957
0.6835182566047804
0.6833869431433355
0.6833633810703751
0.6822813290380424
0.6816402593562749
0.6817681941798268
0.681965692677214
0.6848037477623985
0.6837068699008215
0.6826517301455055
0.682209548156267
0.6824441235206262
0.682306926333731
0.681843747444082
0.6813436546331457
0.6802146193940604
0.6796950044650953
0.6802268221215254
0.6788384396358411
0.6782517053118817
0.6784572004836998
0.6773375356440182
0.6778725060051881
0.6780682654164714
0.6780669364991833
0.6799584612925064
0.6808704099664811
0.681805405760514
0.684573713474755
0.6839684608923382
0.6839170576722509
0.6834819995002993
0.6827721878281537
0.6813568594327104
0.6812167569254953
0.681764679647574
0.6812369198550571
0.6812736241009408
0.6801946481607488
0.6813801384889794
0.679858633506074
0.6804866252317651
0.680838079445109
0.6810720742178578
0.6811619539953617
0.6812328759657812
0.6812294371322907
0.6805455736182724
0.6799648584721985
0.6802511980247598
0.6804607936196431
0.6810039870532735
0.681069580286415
0.6816915347177102
0.6825791503464674
0.6822881673639127
0.6808616997991487
0.6803832258595972
0.6800380385408974
0.6803928571004804
0.6801145220314876
0.6814531769220392
0.6818242821577063
0.6817952874262061
0.6806368442232184
0.6798520402595328
0.6804549628523398
0.6807651416681286
0.6807990196428516
0.6814297939782241
0.6824156885864368
0.6820426460467173
0.6812996957882456
0.6812061067451167
0.6801978533694881
0.6795356806963259
0.6794670165309334
0.6792822425114559
0.6791632251911054
0.6783267225992541
0.6787735582146088
0.6782432271505651
0.678332228530983
0.6788022636431778
0.6790942630234813
0.67816906072813
0.6777566631930938
0.6769991777787694
0.6776772651090632
0.677306825611579
0.6761960688706864
0.676467226855992
0.6773481051316008
0.6775387121178277
0.6779917411154628
0.6782488814522385
0.679201660010588
0.679174391144815
0.6791195855699589
0.6784269966872526
0.6780205733320324
0.6780267009851231
0.6783436531338346
0.6804970805774889
0.6805272362491797
0.6806079339328124
0.6807215676928824
0.6812306694590766
0.6814766259756786
0.6820610047447448
0.6815905010489876
0.6806841277191513
0.6807544679700073
0.6798407795151997
0.6789843808106628
0.6795353727555857
0.6796778517252017
0.6799399045449389
0.6794381931711632
0.6795959139017673
0.6794399335172435
0.6799164513248097
0.678880277062881
0.6794066831690632
0.6795742292267916
0.6795635698616028
0.679556221919732
0.6802040858209187
0.6806040851027765
0.680464277205457
0.6795386462712584
0.6790389758053801
0.6777912757379034
0.6778113587300918
0.6785956067219543
0.6799351740448986
0.6798201550262165
0.6787302014056907
0.6793975298879498
0.6793438801880483
0.678900141370046
0.6781040969190735
0.6772898147936461
0.6780036370390129
0.6780750341056568
0.6781381106358294
0.6782341879138464
0.6787073565848625
0.6781842454897083
0.6779428850650909
0.6783010889807066
0.6781863976644366
0.6777405718821685
0.6770481697118326
0.6777870020466011
0.678356696540518
0.6785101314564393
0.6793499994641312
0.6800146878064078
0.6797365613178448
0.679823118879371
0.6800338420587912
0.6801423622382218
0.6806734426001367
0.6798365209004518
0.6795084527647971
0.6791193558142556
0.6789484247281614
0.6783183915312724
0.6778776884554855
0.6775992720151157
0.6769816696807954
0.6764937574716213
0.6766947492427697
0.6766339086146583
0.6772516135005379
0.6770284930576626
0.6773482013561761
0.6769014295782251
0.6771347886574342
0.6772219569770842
0.6785476699172347
0.6782346529825266
0.6783255395387938
0.678019390930383
0.6778091824382867
0.6785955878559344
0.6784672997837595
0.677754537933548
0.678408085988726
0.6778625109248888
0.6770058741991151
0.6763414812752279
0.6760196219291996
0.6753720436081015
0.6759148118284654
0.6755255992245497
0.6752215997338672
0.6747653357566007
0.6752113945313775
0.6747404578320642
0.6749083860771579
0.6747750194203812
0.6752328187181925
0.6736774247815414
0.6736085777867833
0.6736909570937457
0.6737796604807194
0.673833443672981
0.6735887399412791
0.6743836924174667
0.6746326748596528
0.6746650826178092
0.6746628797754451
0.674590146906046
0.6743275704690938
0.6741600762430501
0.6743234280107443
0.6738810212136289
0.6735601799750993
0.6729096049002921
0.6734459189019236
0.673858763621365
0.6743687896511266
0.6746709683550457
0.6745802390423918
0.6744768973945615
0.6743792414868407
0.6738981339040542
0.6738399906415472
0.6732716315494499
0.6739112704754997
0.6744856040841459
0.6746469399434627
0.6748272355000767
0.6755695851485661
0.6758326442077404
0.6758026067678006
0.6753512566288719
0.6754943322203265
0.6757157715779807
0.6763738826201625
0.6771841768887844
0.6761781587787513
0.6763794612175877
0.6767201593839278
0.6763001535091165
0.6763318090808995
0.6761194517339719
0.67579798121742
0.6762463209729686
0.6763599009646507
0.6766732827287357
0.6767474250151965
0.6773149613173028
0.6771733332706082
0.6772266686507011
0.6768288378180243
0.6770484996315934
0.6768990640205367
0.6771520262822704
0.6773665664836724
0.6764339367602752
0.6759772759184559
0.6763314352758388
0.6772011318679058
0.6762368952808084
0.6753792466811839
0.6754455526002849
0.6753255714643053
0.6753185624320481
0.6754709299611644
0.6753954319586651
0.6748192494935642
0.6743166864251331
0.6750555474690016
0.675021097584805
0.6752475723681078
0.6751525678468807
0.674604119684771
0.6743150575222089
0.6739623291678986
0.6737089746630195
0.6728512076413389
0.6724093882004916
0.6717319771936742
0.670968656801808
0.6702325234218264
0.6703745784927221
0.6704925819478421
0.6701347117333641
0.6694368665601352
0.6700134841152704
0.6706595800917629
0.670879640592361
0.6702334848924619
0.6705408150991432
0.6703452095821306
0.6702917300429283
0.6698003856286824
0.6693153753146269
0.6702609867629842
0.6704670035234456
0.6708422425642665
0.6715379022328883
0.6709509624124598
0.671210714538785
0.6718173526893112
0.6720955429987561
0.6723038571319994
0.6725829108499067
0.6731254389946458
0.6735749993384271
0.6728554890591227
0.6729410608663162
0.6732407163955066
0.6728124070649375
0.6737420622434546
0.6737587992304099
0.6737149526160967
0.6739664908065025
0.6736814386927378
0.6731683138764912
0.6739901063840219
0.6747657658469652
0.6753093342928448
0.6754311564101122
0.6757492091847559
0.676349399627518
0.6766167432273401
0.6769295792358444
0.6771769927036541
0.6772529545092211
0.6775212486426638
0.6765115048580984
0.6763026292359772
0.6765066426149609
0.676839428933633
0.6767559955564941
0.6769047399801303
0.6768754091072691
0.6767023959447298
0.677339684173403
0.6774766933037584
0.6773853528676351
0.6772216753054986
0.6774643132944134
0.677802202824272
0.6778300931706494
0.6780021841698031
0.6779901413811887
0.6781475848967143
0.6774671317915034
0.6774189944836246
0.6777136921046376
0.6779198528573139
0.6779069357283939
0.6780572762323414
0.6782096976491119
0.677708698818867
0.6780313006000415
0.6780507441667335
0.6781399694151828
0.6788600241994773
0.6786876050319168
0.678342454235738
0.6783666178794566
0.6782550407424036
0.6778300221119178
0.6776565635727979
0.6774661559392261
0.67689154845368
0.6767899276019932
0.6770050195002639
0.6772513311701533
0.6773180386395311
0.677436054144521
0.6774728600431444
0.6773452701079627
0.678033429365809
0.6784095076722626
0.6785960458857851
0.6788157249555864
0.67887816846093
0.6788291813652627
0.67917448379595
0.678372355118899
0.6783680406506497
0.6787532295803098
0.6789243648034463
0.6791096258742888
0.6790938401215223
0.6795192559685006
0.6805388872636996
0.6805784162811788
0.6806547658401865
0.6810371879533502
0.6812619289474932
0.6811881082870416
0.6816017843043053
0.6819286480780006
0.681698478101505
0.6819633688678685
0.6819798528962053
0.6820555799881131
0.6816733366189318
0.6812729064506756
0.6813346663210226
0.6813453307557402
0.681435573750034
0.6813393198709886
0.6808486462643297
0.6810892532056944
0.6804685701041576
0.6806788043264366
0.6808794381636885
0.6807416223927668
0.6806670006874183
0.6804625929717787
0.6808575282231673
0.6812069538102821
0.6809426803795272
0.6803592527024336
0.6802999424213501
0.6805364148871045
0.6804291507303147
0.6803050997769403
0.6803546576833174
0.680729768034876
0.6805841041515251
0.6805153373026781
0.6804730189339934
0.6806300674150724
0.6806011920941372
0.6803112685232128
0.6799398990787682
0.6793447711727482
0.679640229743427
0.6791945483666324
0.6791516799182457
0.6793523975014534
0.6794449462433455
0.6798253969085944
0.680068685409061
0.6797394082962477
0.6795221182020158
0.6798762874986392
0.6796815178640371
0.6796632306704972
0.6796250326933048
0.6796107240826094
0.6797852866925879
0.6799528804700308
0.6800799402332329
0.680027374642302
0.6800612463290494
0.6797827642294918
0.6796216196478877
0.6800791843601776
0.6802165020021566
0.6801617657834389
0.6798209805324238
0.6793958172505795
0.6796015544919951
0.679163495616798
0.6788119256655631
0.6793674980658532
0.679601132470006
0.6797463858431201
0.6798427286296352
0.6797153019872011
0.6797181329484295
0.6796200297167893
0.6789858629108391
0.6792393312496795
0.6792530772118361
0.6790748033802414
0.6791845481283191
0.6791799998850615
0.6792776081750407
0.6790716942489775
0.679472316020204
0.6793404636507062
0.6793883804222899
0.6797116989079629
0.679328461479196
0.6792231206324585
0.6790584609875965
0.6785624280677872
0.6784140395778454
0.6776135834888648
0.6777562001967561
0.6776688498176078
0.6773214896229326
0.6773541768000079
0.6774243385398612
0.677172648869766
0.6769851406333246
0.6772804626409552
0.676990376032496
0.6771505196270134
0.6768338349141599
0.6769136489056452
0.67672212404979
0.6764879846585603
0.6768665889208467
0.6769812695853522
0.6767439179313902
0.6768110028017524
0.6769477021380336
0.6764752819178413
0.6764437598461396
0.6764868999434995
0.6760621542076145
0.6759173576739758
0.6762386973072395
0.6765339522992984
0.6764913755128329
0.6762523292051844
0.6761472441695001
0.6763669953612497
0.6765792754081843
0.6768239595406387
0.676853333532768
0.6771054305529343
0.6771265421677172
0.6771211708926268
0.6768595835649243
0.6774413283524444
0.6773770924952243
0.6774735602851059
0.6776390896895536
0.6774266141779162
0.6775640731113313
0.6774870896992516
0.6782207918178279
0.6778905730923857
0.6783336099455989
0.6781847173189907
0.6785139073362305
0.6786698102249353
0.678489785271851
0.6777690672324787
0.6777625218565533
0.6777156439803085
0.6775164863746704
0.6778604891108734
0.6775946458593972
0.6774819078040917
0.6773518657994796
0.6775521671726425
0.6776772109365408
0.6773742502563243
0.6769459733033427
0.6771956688847706
0.6772365532308484
0.6775127002995873
0.6778444495900303
0.6777655393343063
0.6774000069282006
0.6774856208166873
0.6775984899950604
0.6772704296972257
0.677703386225314
0.6776212761407697
0.6774851853327157
0.6773271687636438
0.6775051062606738
0.6777723935750334
0.6781387732845753
0.6783167644336979
0.6782530459030961
0.6783693946261962
0.6783320524743796
0.6784816969097331
0.6791128632650572
0.6793206755023903
0.6792787920937843
0.6792444544162931
0.6791946847624224
0.6793768383204144
0.6797799857002884
0.6795481471355341
0.6792731716248687
0.6793037002702815
0.6793593866303765
0.6799243208288177
0.6797449511416288
0.6796087736830091
0.67970789014997
0.6796403695460185
0.6801953257366721
0.6802028982998749
0.6803570841411288
0.6801888052884577
0.680162041275902
0.6802926333779581
0.6803387319952466
0.6809028219424733
0.6811980640348775
0.6812373882773546
0.6812942595633066
0.6812655824334568
0.6812355826313882
0.6810533888349485
0.6814921340556401
0.6813688684501628
0.6813451370175201
0.6816759358507007
0.6817288596033247
0.6816064945435883
0.6815434085451098
0.6814456638705926
0.6811627724488214
0.6809925121416222
0.6812661609214952
0.6813563059368198
0.6809601190631701
0.681117341291395
0.6809201729360421
0.6809104983138373
0.6809313515329899
0.6809533623254177
0.6810608480572186
0.6809783247124885
0.6814381796641544
0.6815917690668551
0.6814156881447514
0.6809760226588506
0.681073407093126
0.6812523824368287
0.6811819446073343
0.6812376029977664
0.6815722478361596
0.6816900341915763
0.6814584252716798
0.6814150197753298
0.6814037389279454
0.6814679129195222
0.681548367689007
0.6812087940354907
0.681109381445193
0.6808922218737065
0.6806930575018868
0.6809983375783027
0.680819967567947
0.6807832971661941
0.6812102613246945
0.6814673032186233
0.6811404317354544
0.6810056720127587
0.6805564673029996
0.6802392590853537
0.6800248886514133
0.680224263043103
0.6801274574326208
0.680433085523905
0.680377002087454
0.6804047047376555
0.6800360899199375
0.680067781486248
0.6803226920308549
0.680238328612785
0.68008190073513
0.6801470472695311
0.6797485793058967
0.6797906921047773
0.6798156889581493
0.6798412317761565
0.6798674260769647
0.6803882580100565
0.6803859656863037
0.6804671116860013
0.6803221721211726
0.6804869534555934
0.6805880074036887
0.6809079338908708
0.6808124535668284
0.6806668883645977
0.6805750686882142
0.6804920644512382
0.6803205171163295
0.6803728708022888
0.6800860020071783
0.6804096554992548
0.6801303804984032
0.6803678323239922
0.6799519664225764
0.6803980880594804
0.6803904505325385
0.6802291773057394
0.6803288590771361
0.6803650694429917
0.6802514593132886
0.6797656087584343
0.6797345762126187
0.6796930831658362
0.6797451987273668
0.6796537423268035
0.679718732202575
0.6793880747862657
0.6791949862666798
0.6790790997096731
0.6792042044840921
0.6790636982764032
0.6789384812210872
0.6789840419778295
0.6789161174429578
0.6789346406440936
0.6789384778941924
0.678953685400331
0.6786275747845658
0.678464625583248
0.6782275898850378
0.6780110968667781
0.6780564477797457
0.6777847499252421
0.6776352054486404
0.6776025065228343
0.6776145000294825
0.6774443637386495
0.6772618642179594
0.677552426715803
0.6775674631417034
0.6776907037258701
0.6775497284874776
0.6774100129825439
0.6773929595352888
0.6774656493203516
0.6773872279834701
0.6772472600733557
0.6773425358446683
0.6773807746543281
0.677521258459991
0.6777295041022947
0.6777571862618498
0.6775780438943185
0.677285054399551
0.6773406085261964
0.6774129242498326
0.6781482158840046
0.6786311100341069
0.678640251688312
0.6787582239198048
0.678680238824047
0.6788063766882352
0.6788350049488022
0.6789365701045641
0.6788094985785662
0.6787923415385212
0.6790780541518194
0.6791610982813702
0.6790997438570927
0.679128894963044
0.6791332237344234
0.6790656848788905
0.6789394680128168
0.6785351821061946
0.6786621781334172
0.6789654409373092
0.6786086262345895
0.6784658944753373
0.6785589960952356
0.6785825367155621
0.6786875643183087
0.678534301262441
0.6789363869434847
0.6792189082943656
0.6794408446634577
0.6790589981235652
0.6790987901979424
0.6791008733163585
0.6790269771560071
0.6789790189483843
0.6791788591061046
0.679025055540983
0.67890077919316
0.6790883700169359
0.6793820233559476
0.6791750527889366
0.679002307308935
0.6790264433018758
0.6789407716906436
0.6788993215406902
0.6790878788818359
0.6792177005221923
0.6792494062906833
0.6790536921197006
0.679304950271003
0.6791942655469072
0.6795516436524384
0.6796709997282666
0.6797739115755004
0.6796951204632664
0.6797409340156381
0.6799112447597246
0.6799743582271425
0.6799411205109316
0.6799125782145838
0.6801027462454061
0.6802967193629018
0.680151721965367
0.6798391360330502
0.6797066996599169
0.6794352786349608
0.6794641807199935
0.6794156082448842
0.6795454673376999
0.6794620836798949
0.6794622168070623
0.6794853243978438
0.6797246345844782
0.6796477685568957
0.6797058880438215
0.6797467502846534
0.6793914320233496
0.6795486388653044
0.6795212775693353
0.6796792603028166
0.6797155717508574
0.6797007177380008
0.6795976598044193
0.6789534166035223
0.6786216602154344
0.6787629698312503
0.6785618842067591
0.6785818071495378
0.6785884944691192
0.6789334477057891
0.6791269987818206
0.6790843828881282
0.6791036877258989
0.6789416732662374
0.6789543695796428
0.6787936438423735
0.6789891955945999
0.6790451465899976
0.6791668594530685
0.6790362748333548
0.6790367044538844
0.679136196340204
0.679465928119417
0.6796338250675767
0.6797479623029541
0.6798346319850452
0.6799577964870436
0.680020778710863
0.6803603207188811
0.6803325023075709
0.6803716987892596
0.6804322245393074
0.6803932602259827
0.6803189365113682
0.6802655462597708
