0.18314350286415593
0.3260688613411491
0.3590155559151278
0.4624184089064673
0.4883186674204178
0.5463361600826574
0.4966252314376719
0.49893238030677894
0.5038948590905253
0.5023255820705893
0.530731539756035
0.5503536159125084
0.5390871046866003
0.5665878424426415
0.5896532045015063
0.6072789226528167
0.6121277333898988
0.6160881378097419
0.6327661507841658
0.6517548728597391
0.6559538442190024
0.6497459034237684
0.6548651931912985
0.6659905267672251
0.6693320425297185
0.6673392926399082
0.6607619651315448
0.6629585986141545
0.6552079149520152
0.6599885559143687
0.6560853958268504
0.6512431813056427
0.6539711964208409
0.6498310387042264
0.645877765742767
0.6466055511889163
0.6501632788664948
0.6498929052612609
0.6474468907519932
0.655319975253889
0.6648222491334175
0.6662186030728415
0.6664040117245349
0.6598181754355633
0.648521724485128
0.6655554149096566
0.6616362529266513
0.6616185862820462
0.6602046764379449
0.6618678254196767
0.6612768478323108
0.6567200106995712
0.6565233264203558
0.6486735810770329
0.6471608093122881
0.6427425777999428
0.6420920944427058
0.6422975975372418
0.6368846129846101
0.6327364874316838
0.6392177921222326
0.6441318696534011
0.6408146435500699
0.6394612630002434
0.6370727808446273
0.6448134790135683
0.6463416804882148
0.6481379364894209
0.6514099690398238
0.6526791137640371
0.6572151678570151
0.65885715912184
0.6562726022155619
0.6528090534998411
0.655476407323383
0.6548386174427973
0.6540858900455093
0.6529160451612174
0.6516317372347024
0.6498204096522999
0.6435137700169448
0.6397890251825248
0.6405166868302742
0.6358859679930589
0.6363938424822401
0.6372643177701153
0.6351096829230126
0.6344032333895633
0.6350861615770542
0.6335641659162914
0.6330911100585288
0.6348469014773419
0.6365763866899874
0.6352304582976266
0.6339013218039415
0.6328644365650329
0.6303977148630825
0.6299840853075312
0.6337979454700098
0.6371398921567366
0.6418794191695076
0.6397903803529863
0.6401611115725896
0.6376423939884841
0.6354728915027118
0.6376881934138008
0.6353245544828666
0.6397307970556468
0.6387256792303606
0.6382150188582223
0.6401733454427189
0.6403553306593456
0.6389580197102972
0.6418836856774179
0.6427991769615403
0.6427974550713548
0.642927984307039
0.6426257850107329
0.6425664755315351
0.6420767994959587
0.643047942781392
0.6393104310110538
0.6403927681574152
0.6411361273672738
0.6413374305849475
0.6391551679223267
0.639170135306597
0.6398443982642845
0.6386221686920538
0.633893734157192
0.6350238784003469
0.6341353853948966
0.6334047878082548
0.6334604336785217
0.6331620966743504
0.6333735805301279
0.6347222707380374
0.6340907181275578
0.6364218505685915
0.6357673063626721
0.6376318859439855
0.6367933947384682
0.6356424618134037
0.6376934054216885
0.6365158278943481
0.6378693293346053
0.6382414565690095
0.6375310916276405
0.636601704645302
0.6354123534285683
0.6356018700346653
0.6366927199602205
0.635733221909946
0.6372510649368673
0.6371030681245367
0.6368253280958022
0.6373005334829871
0.6384402686102366
0.6374196590673704
0.6360543098141548
0.6348971702666771
0.6342109170105705
0.6335686113663322
0.6354642388496368
0.6332637191349691
0.6318944061268796
0.6327124180352424
0.6330416660910348
0.6330577846134067
0.634301881736806
0.6325643182646057
0.6342043050362124
0.634125792775732
0.6358832700821871
0.6369136583029816
0.6364363725756251
0.6366889243309513
0.6366350296497634
0.6365435315147869
0.6362326992396932
0.6345851428548244
0.6334871856086715
0.6334180842049684
0.6327099711660084
0.6327615709463191
0.634848115766957
0.63324363848456
0.6356250113918137
0.6361669181725756
0.6345743225735864
0.6348318664789726
0.6350562527734478
0.6350797216276672
0.6349047575892228
0.6338329477698725
0.6341581814173132
0.6345450202401786
0.6352849345225459
0.6356374376901233
0.6373370031899356
0.6392250637735055
0.6397346132425664
0.6385634504879594
0.6394121708204966
0.6398912267022496
0.6403300810288288
0.6408069358486018
0.6424447326773871
0.6425360398480603
0.6432091634884316
0.6426692159668724
0.6415301398717963
0.641629338025179
0.642252664276052
0.6433323815799538
0.644010660635611
0.645139604463092
0.6445941039524234
0.6443671841978706
0.6446321589204732
0.6429306468929845
0.641642622403214
0.6416087499662071
0.6412385183559404
0.641231240226036
0.6385350115242482
0.6387601472314123
0.6361908984423539
0.6371462784226412
0.6379193094636918
0.6385745469985505
0.6397346448034723
0.6401343553246568
0.6385345600835699
0.6384603794785012
0.6374631468902221
0.636858753857794
0.6378327196087603
0.6390127204304671
0.6401881390739906
0.6398923509551248
0.6410042956450426
0.6415820645232195
0.6423482960329497
0.6436106138138388
0.6433089188591155
0.6428296295584525
0.6437064637954275
0.6437457388116096
0.6455134564950118
0.6462693822109429
0.6466150130203204
0.6477159410071027
0.6484484059077614
0.6480133921179921
0.6488692923736138
0.6490471535769248
0.6467631296471449
0.6466166139754854
0.6454148350626132
0.6443254806492259
0.64478624634495
0.6452564675344903
0.6456668837714397
0.6447506417028294
0.645202851812087
0.6453653956029897
0.6463371575639747
0.6447531466868792
0.6437767567634649
0.6440307985097825
0.6438393426335782
0.6432825064328636
0.642785750133497
0.6424343996068543
0.6436601202910436
0.6432458168718345
0.6416188443660511
0.6415121169530099
0.6414910119522568
0.6427158229491909
0.6425012466619596
0.6430041656921793
0.6420657299805045
0.642869521738977
0.6432510729551709
0.642684845040526
0.6423724998268946
0.6413262513240873
0.6422064652600256
0.6416523657797414
0.6428116060147656
0.6416469464172999
0.6416274028722524
0.6405221083343976
0.640084371043345
0.6419310940796008
0.6414537226803749
0.6419507017567343
0.6414212154414062
0.6422796585889765
0.6432650950725519
0.6429705462116386
0.6437648760356262
0.6440603872096544
0.6429916101878318
0.6442728341415263
0.6451758257914367
0.6446547005610521
0.6462467373043395
0.6455860733541747
0.6448573939367367
0.6443560774852372
0.6447418441897851
0.6454749866899715
0.6447700102654973
0.6448326368776985
0.6446363678962325
0.6442011561804696
0.6459396186040385
0.646583793574594
0.6472681883199798
0.6471775059911928
0.648183629362501
0.648557422772503
0.6478613420861427
0.6474518860989096
0.6478372903277266
0.6472510150051117
0.6474788950856798
0.6470075257042002
0.6472009064144509
0.6474716808052942
0.647156339562465
0.6466350178477388
0.647446524611025
0.6468434460688567
0.6461216865598379
0.6461117273837832
0.6464977026079094
0.6460764100257547
0.6463300081837238
0.6454402794791336
0.6452275251411578
0.6447870027669936
0.6445089346848548
0.6442986916588842
0.6445135137277952
0.6439320357672534
0.6443192647859906
0.6424412571353803
0.6420676494961903
0.6423669962455201
0.6422663910541622
0.642288410629371
0.6419032465995584
0.6419748488459553
0.6423243049640599
0.6433302731653137
0.6447022716234319
0.6443227262499271
0.6445598568220005
0.6451141514477933
0.6453762860880738
0.6450028227022826
0.6447619266438135
0.6445270296125724
0.6456735182543802
0.6458766938900078
0.6463047873552558
0.6464718519652712
0.6466783865544447
0.6475026426169522
0.6468751524315691
0.6466703774319791
0.6457198954371612
0.6461065293199874
0.6464600542677562
0.6465773301562132
0.6468273061723508
0.6463770189207612
0.6466978104612655
0.6460853560873602
0.6457725031227282
0.6449657179846833
0.6456850176746831
0.6455204454746031
0.6456743194476988
0.6462954517012828
0.6449938315340854
0.6459197956271026
0.6459508309062955
0.6460662917548852
0.6466090535060205
0.6455497085452908
0.6446152089581451
0.6448901907674418
0.6451655517011187
0.6455735045352147
0.6458213739110897
0.6462525281784379
0.6471044969684421
0.6473164116186477
0.6470708126602202
0.6466931906183552
0.6468092521346327
0.6474565406799371
0.6474887934321709
0.6462193465155541
0.6461363136981839
0.6463730989610315
0.6467039641774575
0.6464024803117965
0.6461188157686605
0.6462580674950774
0.6464599591501398
0.6459619722521385
0.6457174187319024
0.6458537027230784
0.6458308058468947
0.6445320594471617
0.6454436169584122
0.6456556713623228
0.6463476610073716
0.6463560370350688
0.6457611637174093
0.6456334803853155
0.6448379625859854
0.6447464472560517
0.6439391919871534
0.6439629977194105
0.6436218654916086
0.6428138239254251
0.6424182439738837
0.6417947355789859
0.6418667550034896
0.6415931324625529
0.6408706583810739
0.6407656333915259
0.6407778348044156
0.6404884953647156
0.6400254367302199
0.6406604048993376
0.6402869740982798
0.6404737014996935
0.6398068449415593
0.6397409621418524
0.6406135035841629
0.6405128252380601
0.6409841876056763
0.6418498972678667
0.6415555716016258
0.6417632116796619
0.6423771950559669
0.6427903776178082
0.6423590885495463
0.6417418081183008
0.6419764960126927
0.642329251788619
0.64170078651929
0.6424676033904657
0.6429863005311687
0.642652329450047
0.6426865273932392
0.6426391527787102
0.6430798054901571
0.6432842838718659
0.6428514052651876
0.6418896670267515
0.6428536347954249
0.6438447474221509
0.6442767116466042
0.6443399852731184
0.6453776338895626
0.6455897466761578
0.6461224146212197
0.646166835202935
0.646786744393653
0.6468802617415146
0.6470254522973639
0.6462553834637489
0.6467082854454045
0.6469395231275383
0.6471397296098648
0.6474433658772208
0.6470461336024206
0.6469944615551309
0.6468805493189933
0.6469919421811293
0.6473348475017289
0.6476598988211126
0.6474013714015548
0.64779639890722
0.6485142843848117
0.6487902543921937
0.6489048295320101
0.6491496242306104
0.649041911686178
0.6488003778961035
0.6491313766332057
0.6492979999714595
0.6492021758327533
0.6494275294140176
0.6501176620662347
0.6503342395754436
0.6500547010808434
0.650184920571443
0.6506729663858042
0.6502186253577473
0.6497026568256526
0.6494312097736019
0.6496074014400846
0.6496899541497088
0.6496693707975453
0.6492989296520743
0.6491760370286547
0.6485898505397911
0.648390432006884
0.6478210548138214
0.6486142498344503
0.6485805547149716
0.6487580756137811
0.6485906338350104
0.6489307423353243
0.6489611079359787
0.6496081836404405
0.649648495607876
0.6499469737670013
0.6501530933912513
0.6502688243432824
0.6499830145276179
0.6501857813100473
0.6492804517106364
0.6493334571851738
0.6494285661496155
0.6489201349198341
0.6490004665268715
0.6485466457226902
0.6487120644641274
0.6496688291002337
0.6502689924888301
0.6498138939559212
0.6498791820166383
0.6501305114152867
0.6501583927341471
0.6500817882053415
0.650577864899598
0.6505863983426523
0.651052612493878
0.6511434518322581
0.6508981479686615
0.6505083276285969
0.6501964182124692
0.6496291268122094
0.6497512801879803
0.6497737151493421
0.6499312072029736
0.6492462625116402
0.6494752814969318
0.6494058553594014
0.6496643525571857
0.6495525202807435
0.6493751221569629
0.6495571893071354
0.6491812767528083
0.6491335781035676
0.6492951601139533
0.6483120030069797
0.647617849309392
0.6476298121211128
0.6477954645921327
0.6477362236223028
0.6477903623261171
0.6479803961898358
0.6481415266785309
0.6481784121199508
0.6482788589137156
0.6483641274436011
0.6485395689668453
0.6484363559605107
0.6480368408671283
0.6477388255879538
0.6475969283210669
0.6476790960671311
0.6475943572783838
0.64738226955362
0.647637126207407
0.6479199305608513
0.6480710896539901
0.6483150850839935
0.6480663310759278
0.6480809160885513
0.648395327098466
0.6483073596978909
0.6486891656620527
0.6487264864150941
0.6485990536707613
0.6486460799938256
0.6487732288814153
0.6485603504038676
0.6484531330551725
0.6475280548635478
0.6481689287567353
0.648601833993143
0.6487175289805075
0.6490612940660698
0.6489176737426708
0.6484351892958798
0.6475618206728
0.6477054530268558
0.6475666287621107
0.6474061313107953
0.648051601510521
0.6480330293212951
0.6480484717124306
0.6480145128067181
0.6477162453866917
0.6475407326760334
0.6473864232783061
0.6466631421694048
0.646716706836617
0.6468479685504637
0.6465333165730021
0.6467872449212387
0.6463698381568543
0.6462555846239438
0.6456464679646203
0.6463797087220512
0.6462504082915682
0.646446165282342
0.6472238564619368
0.6466745752746805
0.6462028135455732
0.6462878139076158
0.6458761228419551
0.6460523678019658
0.644664667757011
0.6446388954380504
0.6442495697101336
0.6440173987501481
0.6436089319224019
0.6435434143818538
0.6433609504446379
0.643356169715926
0.643172435935186
0.6428536483240189
0.6428593992726374
0.6422879239388305
0.6418745146472752
0.6420962853737442
0.641797288224589
0.6419869444411083
0.6417938975892905
0.6417038315576459
0.6419659036782024
0.6414738885630582
0.640732246707115
0.6412290385745812
0.6410862386904802
0.6403121222605961
0.6401986181539185
0.640266382394436
0.6404502930291698
0.6406894249438904
0.6400165069340599
0.6402317173299864
0.6404106964530245
0.6405459975917798
0.6405572329698414
0.640500268624931
0.6406787672822892
0.6403647715078373
0.6405324777184184
0.640245854959972
0.6404831704628045
0.6401292607910802
0.640163859087895
0.6406179857354729
0.6405742984421584
0.6408559327430329
0.6411778845972606
0.6422409146223187
0.6424882375100095
0.6427275189701782
0.6429608104504191
0.6429384306500144
0.6433790465527519
0.6432447197067709
0.6423152526145957
0.6426608034418181
0.6424960335095957
0.6423137229346494
0.6423320345915381
0.6419529386941238
0.6420241394829054
0.6417076097953912
0.6415970796553391
0.6416389967976346
0.6413412455451293
0.640776223913111
0.6408553628294853
0.6408995470504312
0.6409569918249182
0.6414008083204933
0.6414578715399634
0.6417397784788622
0.642105029612336
0.6423496105834634
0.6419133336614674
0.6421663167933684
0.6417426426138784
0.6412783682708963
0.6412552419191883
0.6412057188849464
0.6415908232113383
0.6419236975821956
0.6421055645961571
0.6417243846729302
0.6417321255621363
0.6417609482661067
0.6415856106207493
0.6424734011127229
0.6425420181164642
0.6427515006241061
0.6427755862182954
0.642854367790452
0.6432350997735714
0.6436301824118991
0.643229251834587
0.6431379479076486
0.6429093317132825
0.6431284490206128
0.6438391304783462
0.6435362327297129
0.6428804426805559
0.6431756663017767
0.6434066506852201
0.6443286154899858
0.6441253697480197
0.6443246806940862
0.6440483107526207
0.6439697745991768
0.6438878651872171
0.6438878432947096
0.6446421166981249
0.6450730298160238
0.64480254624449
0.6438273520838383
0.6437073772663522
0.643657950824874
0.6433058795301284
0.6434888049826955
0.6434861676098208
0.6429255354230654
0.6431812584803299
0.6433799685652993
0.6433539227595865
0.6433166958815888
0.6431505653203667
0.6427190012593325
0.6426054902187189
0.6430271603181125
0.643412496879874
0.6432759054567629
0.643498810423734
0.6431504106243239
0.6433235502100606
0.6436779285825754
0.6437606727948701
0.6437887274867746
0.6436946093031781
0.6443338082179261
0.6441810368778584
0.6440503080267986
0.6436516726225802
0.6439158169904258
0.6444548767536892
0.6443886195293389
0.6444810980666472
0.6452042522499561
0.6452037421489777
0.6443100843877924
0.6444071209003317
0.644324019946544
0.6443012006220185
0.6447132096931866
0.6443340828224885
0.6443572623656078
0.643576712190554
0.6436810326149318
0.643931997485647
0.6437282600275187
0.6435138557736894
0.6440384675001416
0.6442355488587969
0.6440361715799175
0.6437152533656784
0.6434968161870355
0.6427237564944586
0.6423921597075002
0.6423845271304203
0.6420580731411883
0.6427637841874785
0.6426288098361689
0.6423450583346209
0.642148552676595
0.6423794369359067
0.6427276076768202
0.6427077733198195
0.6426339535148096
0.6426903956142044
0.642325657482756
0.6425238523874262
0.6424444273403854
0.6423141613460882
0.6424010711056667
0.6428080848671044
0.642839772553645
0.6426345501858372
0.6423840157783615
0.6425735754426468
0.6428310269719085
0.6433874909051631
0.6435834153405161
0.6432830228580138
0.6431955815238072
0.643371544208297
0.6430550599151889
0.6431684206585444
0.6430700769855253
0.6433997405372164
0.6433253873411536
0.6432263090385877
0.6433224420075515
0.6436526519836886
0.6433833262558464
0.643947256557195
0.6440951992924969
0.644203575213672
0.6437645307716818
0.6440649544665257
0.6439497767593965
0.6438632203496402
0.6435513602797235
0.6431558919334768
0.6433600285223536
0.6430960316926801
0.6429795364618848
0.6422706925622562
0.6424457008693386
0.6424167232604385
0.642496279071142
0.6424448851270046
0.6424667811086624
0.6424098903605132
0.6424010985862679
0.6424900442794494
0.6424206959061615
0.6423299858271544
0.6417256737976816
0.6415713472897442
0.6417298836289589
0.6414473301159723
0.6413073895941804
0.6414964248248102
0.6415811073805245
0.6412382347519766
0.6411608566827548
0.6412823900874445
0.6410426709721361
0.6409434163815813
0.6406134458008222
0.6405865853323067
0.6408951452423963
0.6411133491615979
0.6413315169699622
0.6413490764115628
0.6417005140409869
0.6417099142320933
0.6417065229225354
0.6421573814233443
0.6418800864092159
0.6417852985006092
0.6414751851043266
0.6420822551092442
0.6418799560267184
0.6419462574781402
0.642349677173709
0.642107775020259
0.6422503006527275
0.6425283586338354
0.6426266575764044
0.6431114200857797
0.6431560739951041
0.6428428253653974
0.6429720761306043
0.6431512347952552
0.6435109015559202
0.6434965111965011
0.6435661668202924
0.6436115804127822
0.6435340316368229
0.643292282085496
0.6430153274131472
0.643213662810348
0.6439477447309726
0.643620534244212
0.6434098088956082
0.6434623964688563
0.6434486299018547
0.6436010909724806
0.6433450987437334
0.6435623132809053
0.6436645386214693
0.643473042013427
0.6434245455744716
0.6433958018804756
0.6435691047712789
0.643508358869655
0.6436425395752441
0.6438134446566418
0.6431464568848447
0.6432723883104232
0.6437226469587932
0.643889726499815
0.6437130665863241
0.6434836988450859
0.6436831151455639
0.6434421538389623
0.6434111078984394
0.6431850752599211
0.6434118453774424
0.6436237899138956
0.6436162662649602
0.6439229432159753
0.6437201196137178
0.6434882944720522
0.6433334952146708
0.6434923426066017
0.6434905810234263
0.6436012779845599
0.6439772161037909
0.6438992298245749
0.6437440762638301
0.6435963484894272
0.6436404387330852
0.6439895630960819
0.6436106817039329
0.6433673362772782
0.6436766158570199
0.6439325178105904
0.6439548021529122
0.6439904280663865
0.6440077246353164
0.6441043300338783
0.6441538737679352
0.6441368031357692
0.6445082735501765
0.6446178514191389
0.6445837955470657
0.6444956604093354
0.6444368535589667
0.6444694667613965
0.6442889016282408
0.6443070886323531
0.6440768119860968
0.6443847723456403
0.6443601902735154
0.6441114430998907
0.6439847250926394
0.6440336060350837
0.6440325016748863
0.6438980822004614
0.6439326490248157
0.6442658113744372
0.6445028763828976
0.6445012142406896
0.6448438777143812
0.6446017283341993
0.6447306599188417
0.6447238794440316
0.6447582014780985
0.644898758025582
0.645205469288121
0.6449487166977717
0.6449339346422969
0.6449572017326024
0.6452277512099718
0.6455389229450249
0.6456017216235969
0.6455676624165511
0.6459428963238557
0.6459043974517663
0.6464623994350545
0.6464817693848416
0.6469591853763547
0.6469273666795324
0.6468739309543258
0.6468669674288916
0.6468980995768668
