0.38548099941110875
0.4435462071591793
0.42841038280186905
0.5687854318747646
0.6034950553806675
0.6621080601017337
0.6609833533751244
0.6697186849906175
0.6772431134220864
0.6784394976349455
0.6865873403826733
0.6934044731768236
0.6785468606344089
0.7040214383413401
0.7091161079245113
0.7167584423084501
0.7179790196106381
0.7228871844503437
0.7194240735732346
0.7138675342851316
0.7079326078479611
0.7060799109744039
0.7027878898612414
0.7250528079402568
0.7275309901518504
0.7346119524317453
0.727276615135948
0.7302653813194806
0.7332741541149528
0.7330070830056962
0.7221706682258607
0.7254421200023907
0.7252722688081067
0.7211565011970928
0.7198543590039249
0.7232347553927468
0.7241729566228968
0.7227081886652048
0.7153010204890365
0.7161834310914275
0.7216349314423064
0.72514080706057
0.7290988171544187
0.7271349964237314
0.7209249491732361
0.72449101496028
0.7225557035552764
0.7168762243551567
0.7210430980120249
0.7182662894229711
0.7198447202379095
0.7172410109250829
0.7188405964132638
0.7185769324897724
0.7194755781773977
0.7201257462615974
0.717832425561279
0.7241658413031201
0.7214769454790573
0.7172481433120952
0.7226416460446514
0.7252257286265972
0.7219058377353001
0.7217474117254709
0.720210092709131
0.7232832150157646
0.7248746875557238
0.7229672584358797
0.7258082237484753
0.7249360378183327
0.7284076323664707
0.7312097052721467
0.7305180444616486
0.7259059860355009
0.7302628160630826
0.726907476657564
0.7244379545881163
0.7231183304043902
0.7199965700671083
0.7188240439829467
0.7166412869862486
0.7170637578314253
0.718107486683511
0.7175444499147408
0.7161347787528538
0.717001870257793
0.7162491120113921
0.7173380663116606
0.7184544820339673
0.7178586893810831
0.7175718312666998
0.7177658679036887
0.7174079170205957
0.7154226721647613
0.7151220351613787
0.7157351089699502
0.7157179421247435
0.7140182077495981
0.7152207739522336
0.7161601652123881
0.7169341601995449
0.7179379946421881
0.7183230134010373
0.7180129162558055
0.7153645020397335
0.7141508642124899
0.7132041737533024
0.7149036533781169
0.716292021239443
0.7130174659622927
0.7133255531538684
0.7129196889206323
0.715936957473509
0.718351312367721
0.7206523565446845
0.7221321666560545
0.7219989434789982
0.7213530193615783
0.7214663689254184
0.7217043632013772
0.7225667684788984
0.7215161749463147
0.7209946793889009
0.7208675452331694
0.7193192592198995
0.7173614097416372
0.7150331358684986
0.7145013698639961
0.712672342572791
0.7114350822700384
0.7116067068262404
0.7102428916126806
0.710840448463464
0.7086063715709399
0.7094340729738833
0.7095362058221215
0.7097571099746475
0.7105556995791035
0.7121540444657344
0.7113079751242327
0.7129071893989066
0.7119701853349191
0.712073606881856
0.7132936050646174
0.7130059505021232
0.7132900110337104
0.7124664173091041
0.7132327540964768
0.7147880195215649
0.7140602291979246
0.7142727102298394
0.7157736930607351
0.7161580839764888
0.7197491035945298
0.7183582381849231
0.7187776281596971
0.7185773061244882
0.7184931510875293
0.7193924330438622
0.7189904999385888
0.7183137537292249
0.7188104444265528
0.7176678716982366
0.716452447541057
0.7166151424373219
0.7155615547026256
0.7146098356359523
0.7141265031033448
0.7139557902699162
0.7152139598078847
0.7151246495170864
0.7152133396036483
0.7147576856161707
0.7160558951837646
0.7175616764485242
0.7172841987443243
0.7180408368771297
0.7180894094050304
0.7175200284879742
0.7171538219087281
0.7171504996386238
0.7180101328211288
0.7175228710493176
0.7171374406434163
0.7167577877655502
0.718284713977015
0.7177345314709901
0.7191246181724853
0.7202188394532374
0.7182596344090317
0.7190575223037871
0.7186739850380895
0.7178557115384926
0.7176383988101123
0.7171509243741444
0.7178655711596282
0.7177322679117469
0.7179127325645427
0.7180606505263171
0.7189001602985798
0.7192384962311223
0.7190894405278592
0.7201176847220531
0.7210583790680947
0.7209384956298908
0.7211564641237725
0.7210149098262075
0.7211194288944146
0.721744753020493
0.7201470251530244
0.7193091809627115
0.7183218122880302
0.7194223466927421
0.7197752743871492
0.7193610413748122
0.7190596240805683
0.7190167428537837
0.7184818818018368
0.7184941582052553
0.7196463994828712
0.7189456867838585
0.718229744212954
0.7180537351259275
0.7178273867918713
0.7174433360519269
0.7171790168765629
0.7171654795053296
0.7173255993055021
0.7165699452335798
0.7165625829998349
0.7170431588302743
0.7160585552507306
0.7156660973608772
0.71519468307669
0.7161832269816326
0.7159816590667755
0.7147666389030518
0.715044909582463
0.7143728309102694
0.7144251718506779
0.7140504980406056
0.7152228754132502
0.7156860521234896
0.7153004742894025
0.7154877285697082
0.7153838796787882
0.7162383667155909
0.7158433449151799
0.7159888045310788
0.7173723256685453
0.7182369813725838
0.7188751165455467
0.7193382673502118
0.7193645801259827
0.719844941298614
0.7207242163217653
0.7194499138253063
0.7190642483702181
0.7187477275036172
0.7186350599813693
0.718804966962876
0.7197411751544438
0.71982506006262
0.7200337494225914
0.7191336388542023
0.7190224439276099
0.7186806019915917
0.7184446087793873
0.7179037276811155
0.7178862726535846
0.718408598561849
0.7178861259025235
0.7178006558485784
0.7169412761917822
0.7174864398378742
0.7168940131856063
0.716944125901867
0.7153480203275235
0.7143455975370985
0.7144122543943416
0.7153081689888696
0.7158021645503224
0.7155381190337559
0.7152196536828545
0.7155144090342328
0.714974658012322
0.7146281522529669
0.7139147772323601
0.714205064318099
0.7142333173195352
0.7138938524011803
0.713884810628102
0.7133187645529512
0.7134869599659568
0.7124054655760882
0.7129988357264463
0.7138355617811906
0.7133643064585253
0.7142131015619433
0.7134758037094107
0.7140467347425374
0.713743676962321
0.7141359647702964
0.7143381470670824
0.7147595783708509
0.7146078215954521
0.7152301288810518
0.715283211031082
0.7152762797481356
0.715747152977713
0.7148829163813356
0.7140507433617471
0.7133654808362839
0.7130573866622353
0.713660237121661
0.7130400986968506
0.7129069177198704
0.7127678628027396
0.7118443483713157
0.7121520646726814
0.7125002407048339
0.713047733437409
0.7122151739403823
0.7135237503926765
0.7141907698341076
0.7138126417305796
0.7133566458004962
0.7146021340885966
0.713922086336489
0.7136828886544054
0.7135872397688291
0.7136876118767117
0.7143575623477875
0.7140508159172512
0.7138028749865629
0.714045047844019
0.7140853453331909
0.7140946925069742
0.7138401121137103
0.7138227156647862
0.7137126251110042
0.7143456266720882
0.7143090693940861
0.7144709382112706
0.7143229316878873
0.7146984089155778
0.7147315591992527
0.7147255629442976
0.714314524936222
0.714902669769364
0.7135098383617638
0.7129996801006697
0.7130999391011679
0.7131084115383017
0.7139176168633953
0.7138100180044193
0.713849172397307
0.714079528080199
0.7142356571956614
0.7141711300540939
0.714399346299237
0.7144087500200803
0.7144258846442417
0.7143249372030038
0.7141210460606842
0.7131051795020706
0.7128430819814566
0.7127550797562898
0.7129638151139042
0.7133781183409071
0.7136440957732276
0.7136045518947766
0.7139145913982687
0.7138531433796311
0.7138687961891617
0.7139493239849035
0.7133684194644124
0.7137203857356285
0.7144823907871738
0.7149873340386481
0.7147211708807473
0.7147602463999891
0.7151062823972327
0.7150143453400662
0.7145933024738621
0.7148142460944515
0.7151681292004831
0.7154303058382316
0.7159697426591048
0.7144062004533539
0.7143019169274651
0.7144007001214018
0.714405447499701
0.7150373440835968
0.7140878571276499
0.7134977051488612
0.714045059098446
0.7141126911330524
0.714183331459191
0.7139009548246918
0.7143209093595424
0.7142735330727552
0.7144030788458811
0.7133251235131706
0.7136436703819048
0.7134052841537039
0.7135024419766773
0.7133045237448031
0.7127155970322699
0.7128964745782257
0.7129370939538193
0.7131406624478837
0.7129831033210019
0.712636182755488
0.7126047805597377
0.7128609967025338
0.7131837245199333
0.7135459278622815
0.7132612235225335
0.7125353721785107
0.7120369350538803
0.7117965999266405
0.711950973987886
0.7122348755529087
0.7118223251256753
0.7112559396586361
0.7107835002203051
0.7107684489089512
0.710675936458155
0.7109144263843508
0.7102873667058074
0.71031956862526
0.7098581350158858
0.7100528755337366
0.7094170063172007
0.7093440799415268
0.7098012012069893
0.7098032798059453
0.7101931453876876
0.7108114901489263
0.7107008575236555
0.710539419349149
0.7105918269866379
0.7105931166438769
0.7103402134778483
0.7101404005770827
0.7092462582715169
0.709877533614624
0.7096175444233653
0.7097826072942713
0.7103121604232379
0.7102496667201796
0.7105701492153857
0.7108182096069685
0.7108617969771461
0.7111692821371188
0.7111730314686421
0.7111923200552396
0.7115939603860676
0.7109773082162335
0.7111916733808218
0.7115559326243021
0.7113508753861454
0.711901069257212
0.7123214750003269
0.712303972572543
0.712878469270777
0.712482733653613
0.7119595019931245
0.7116429149478446
0.7119454121223632
0.712453140187844
0.7126489698751847
0.7132099802454503
0.7135540634554437
0.7136563504622363
0.7133301334157575
0.7133424984405485
0.7135020752678527
0.7136128026944754
0.7136007439477009
0.7135894761244205
0.7137850924773286
0.7137301823229899
0.7139197264145214
0.7135246106207384
0.7133333959379555
0.713344413459415
0.713988727586869
0.7141279687252224
0.7142970317337465
0.7140782241010583
0.713951218418706
0.7144498127657671
0.7145356945397525
0.7145535150126354
0.7143117100207721
0.7145383934283229
0.7143988982136605
0.7143378872390035
0.7144508121676604
0.714532013325544
0.7147812444435186
0.7148605916189456
0.7153532322177681
0.714908217878624
0.7152323678309132
0.7158249110568659
0.7156245007764053
0.7160583983488911
0.7160815286134035
0.7158813550060887
0.7160753998554932
0.7161527886075013
0.7158555482711725
0.7157762747509625
0.7158102405357407
0.7154122930432013
0.7154551305599207
0.7152541399296345
0.7153430771265176
0.7152857933523199
0.7154030378277801
0.7154751721069272
0.7152038970728918
0.7150582144264079
0.7150264851329987
0.715162565010218
0.7151678969475372
0.7150331487217293
0.7153498673144968
0.7153697019790501
0.7150684325639642
0.7153503656697947
0.7153540062450656
0.7153527187974524
0.7156996290009233
0.7158244193198549
0.716078133475724
0.7166808606231245
0.716779791157022
0.716608753763407
0.7165761684486323
0.7163062013793428
0.7161896546499162
0.716348730702653
0.7164330394430781
0.7164770435836962
0.7167575615326117
0.7168064283358158
0.7167127166050316
0.7164992378332077
0.7158320967265891
0.7158030401666174
0.7158886890073746
0.715875639360201
0.7158911111659371
0.7155661860438096
0.7159286387684423
0.7157477921757788
0.7156231920786374
0.7152038923700169
0.7152041612172292
0.7147547921806897
0.7142601909697933
0.7144076804055904
0.7143676878820969
0.7138408276046553
0.7133946878793755
0.7132310965578145
0.7133062172080946
0.713258344678945
0.7128006377122081
0.7127838941424761
0.7130162160166643
0.7128613119385041
0.7131048539598093
0.7130516793767243
0.7133475281794041
0.7127633888854601
0.7128088527841087
0.7127404712218178
0.7123033095775322
0.7127470550847753
0.7122829553489947
0.7128118426799275
0.7131727363272516
0.7134607213650331
0.7136693161639798
0.7138535025238445
0.7140545216335171
0.7138633295451983
0.7142111252638499
0.7138606998204542
0.7137675658349657
0.7139267787443946
0.7140748750772655
0.7139484029894577
0.7138448895702099
0.7136116814514927
0.7136765373732606
0.713914052882821
0.713725143747976
0.713574211234594
0.7140491420249602
0.7143218901867187
0.7140331927939422
0.7135164106508153
0.7131877767423331
0.713765442658347
0.7134324950718448
0.7132387894749604
0.7136540328976055
0.7137238865750085
0.7135883266483019
0.7136659967855461
0.7137815523143477
0.7138251586158666
0.7134569799925069
0.7128217719987128
0.7128802868498596
0.7133166948497787
0.7134330259443932
0.7132676214633906
0.7133426324955233
0.7138141186696954
0.7133216523522811
0.7136195686183437
0.713262345907497
0.7132517051052948
0.7136621207858839
0.7134743754104477
0.713200627951403
0.7128412907393686
0.7128062121350124
0.7129005556302663
0.7122150533055877
0.7120914300109593
0.712176281634911
0.7122375074217113
0.7121265073442277
0.7119911091098599
0.7118391377835642
0.711559685411849
0.7118129873885297
0.7117202300214184
0.7116042098188474
0.7115514254443289
0.711426825683845
0.7112644792258048
0.7112457129271935
0.7116430299335587
0.711741533531404
0.7119880488743182
0.712121782667741
0.7119086580566863
0.7116205135429194
0.7116876938952603
0.7117060213887164
0.711390662756232
0.7112462601742319
0.7113461290746077
0.7114126987201659
0.7117189470892171
0.7113661818423839
0.7110529560138301
0.7111240389227028
0.7107187181635037
0.7106636799369446
0.7108748775722549
0.7107905156647025
0.7105759251490227
0.7109684057007563
0.7109247471607596
0.7109810234585393
0.7108477555935385
0.7111635270509146
0.7112900212399008
0.7110620681826896
0.7110992305916094
0.7111213398576477
0.7116823866053389
0.7114198055529101
0.7114088394054964
0.7115534264381516
0.7113302712669783
0.7116147894208802
0.7113163874342735
0.7109368460483614
0.7113364097133787
0.7111662116946642
0.7111430160949282
0.7113233723309853
0.7109725360110158
0.7108932808631956
0.7106329548376983
0.7107692894743378
0.7108560450816059
0.7108910283877173
0.7107126615614002
0.710501766665358
0.7104150436722632
0.7105278489218096
0.7107482268823003
0.7108437173697147
0.7113265829897921
0.7113243590688969
0.7114963753188475
0.7113309915061314
0.7117711889863162
0.7116068924313163
0.7118150446509302
0.711773001634007
0.7121091654130384
0.7122592156419153
0.7127588981720867
0.7129185899070448
0.7132151398924462
0.7131760464646305
0.7131091070368293
0.7133006802943903
0.7134709090222492
0.7136586545096919
0.713718789378529
0.7135257109046368
0.7133972901822632
0.7136324317777815
0.7138589199714174
0.713701945386984
0.7136206294993348
0.7139066682585994
0.7141698124673359
0.7148935777695024
0.7149295272359238
0.7144255127425743
0.7147552165749391
0.7149583605257617
0.7155876392052857
0.7152073181209919
0.7151705342497293
0.7150622002715752
0.7150573348489738
0.7153972226680156
0.7157491149590414
0.7160705995031352
0.7161968177947711
0.7162330654567909
0.7162270153192305
0.7161020745763681
0.7161274385828015
0.7159878628732205
0.7162555197444295
0.715791520950962
0.7154413628417968
0.7160212654428886
0.716687769098519
0.7164796869275426
0.716199112786496
0.7163082836085608
0.7162530553037461
0.7161009747253815
0.7162933372976116
0.7164297926941107
0.7159911198279112
0.71632830283065
0.7161369073551769
0.7161555727248019
0.7161411842383159
0.71617426546351
0.7163746620864792
0.7166895502663451
0.7170172808599142
0.716757670436945
0.7164641636394316
0.7162108923205486
0.7160264100983781
0.7163625756269334
0.7160390757664912
0.7160810207226417
0.7166067797974708
0.7169934575285069
0.716743881630739
0.7169613591714902
0.7166950550805969
0.7167164068491328
0.7168522059494328
0.7164067221963084
0.7163604590971946
0.7159276499657171
0.7157531854533105
0.715796908215422
0.715806697303533
0.7159133778808486
0.7166166683940471
0.716855498848495
0.71660953753708
0.7164792182310398
0.7163380615364788
0.7161482181491623
0.7160855446087712
0.7164052373889881
0.7161966887857418
0.716166033421929
0.7159907067877417
0.7159368533140523
0.7158013294560769
0.7159945570015572
0.7160976746460123
0.7160647430574062
0.7163077148765203
0.7166971398492916
0.7166492826902948
0.7168646555956534
0.7166536795685893
0.7168526777287458
0.7166290180793897
0.7168614600893363
0.7166683518435432
0.7167181006059904
0.7168082863195024
0.7167837684875515
0.7166811154142093
0.7169364855872326
0.7167147822150323
0.7164872173484006
0.7163867375289364
0.7164866819573213
0.7164385047875282
0.716436790951303
0.7164425526977549
0.7163505543810288
0.7162264379496516
0.7163258692823252
0.7163600398104251
0.7167099111827111
0.716881117278133
0.7167902254191921
0.7167346413369187
0.7167893057226229
0.7166014536595942
0.7165698604144531
0.7163867412859325
0.7163273033982197
0.7163088104031978
0.7161363254682357
0.7161505387687853
0.7159122567437594
0.7161166505113791
0.7159773390406656
0.7158528124204372
0.7158386843948698
0.7158272277946476
0.7157067206045107
0.715906869536091
0.7158986181579522
0.7158803597574294
0.7159392293099611
0.7157876058002224
0.7156425526250466
0.7155735643342681
0.715128104972838
0.7151147663914287
0.7147686056193268
0.7144525041950577
0.7144377588629504
0.7143932128979756
0.714208660493169
0.7143156514388163
0.7143964046831555
0.7141296603613195
0.7141311725756302
0.7138308241069852
0.7139166716181327
0.7142913993312457
0.7143835700158189
0.7145237061590028
0.714484250914241
0.7143937844284954
0.7142019559324166
0.7141065798505274
0.7142034017305936
0.7140019760706648
0.714026046557517
0.7137762095610433
0.7141478975015363
0.7141500336286036
0.7140377136852165
0.7141417061567774
0.7141234456829282
0.714078198792823
0.714133800645358
0.7138897368752722
0.7141997629388701
0.7141614368080377
0.7143086085403416
0.7142171802131009
0.7143279022648656
0.7142637398379017
0.71419229338718
0.7142195118546688
0.7142633123563082
0.7143970152763138
0.7143484463564439
0.7141229971849975
0.7142564554802836
0.7145419696153584
0.7141571836158037
0.7141127621080391
0.7141312338489632
0.7140832302870013
0.7139638574779086
0.7139878297860996
0.7143237400781168
0.7146499928419723
0.7148477432021446
0.7148390348892464
0.7149623761529248
0.7149667096828648
0.7147883357634851
0.7148893269085947
0.7151018871809376
0.7151368740548931
0.7151714086147202
0.7152930907099059
0.7152735519256068
0.7152794275382621
0.7151433172686115
0.7153111724284245
0.715392480100163
0.7153918496181261
0.7154766661143591
0.715527719751916
0.715574471881718
0.7156768096416897
0.7157203365405598
0.7156211026466924
0.7155218567783391
0.7156466474741064
0.7156969399711187
0.7154665663004232
0.7157119033538801
0.7159543297699233
0.716040639054455
0.71607000988052
0.7160036726031904
0.7160826231184466
0.7163233760961132
0.7160909634311424
0.7160590799832101
0.7159291275508167
0.7160309951650147
0.7160052188037437
0.7160127774484677
0.7161796039451066
0.7160926468549643
0.7160616964680221
0.7160476967596423
0.7162324449303574
0.716217359161994
0.7162570109248704
0.7159165061262759
0.7154821124795963
0.7155001066497049
0.7154905160961559
0.7156963107397962
0.7156489785494463
0.7156996797598933
0.7156554332243269
0.7154383140772675
0.7150662338792478
0.7150450502030385
0.7148262843521846
0.7148836248984813
0.7147765048058206
0.7149616800074112
0.715130428025585
0.7153406560683616
0.7153870417076875
0.7151662882952642
0.7152908411465939
0.7151328736535174
0.715395189233348
0.7155905800769017
0.7156340405526668
0.7155112269816111
0.7155314919596123
0.715597250240199
0.7157420987562922
0.7158824478892162
0.7158659647614334
0.715925239426534
0.7160848594836912
0.7160651235866928
0.7164936402774426
0.7165031775134387
0.7164152023017538
0.7163814021878224
0.7165025597478554
0.7163029478507611
0.716316352832538
