0.03940413370738123
0.20229379347076692
0.3774232777074618
0.43479190459131567
0.42299203198786206
0.4925319760171157
0.4608121611735859
0.47518604510820917
0.4983292980308707
0.5055446296332956
0.5310683195579572
0.5316286093147626
0.5208245857224912
0.5551356567708285
0.5698556685233853
0.5807593181862384
0.5895540091860507
0.6008679295236214
0.6088423281352792
0.6156058630725161
0.6216246983139639
0.628731856392444
0.6312010469264386
0.6529813602462118
0.6628842275670503
0.6696682074465876
0.6469424732844364
0.6495011171379932
0.6382158754491775
0.6509080357168427
0.6557947769496308
0.6504356555014642
0.647249909200462
0.643887338404488
0.6346931021645675
0.642436368465624
0.6397061387439672
0.6368855217820744
0.6369550228035706
0.6356730258354782
0.649637996222318
0.6550265519687604
0.6591950366979968
0.6567901511970377
0.6550920145817292
0.6640525026529664
0.6595013731151488
0.6609824175267998
0.6638993377755872
0.6612058305697848
0.6649937406308305
0.6632252812799658
0.657209522013269
0.6563045489842173
0.654992424432548
0.6514366863595187
0.6503482405025449
0.6532132584634195
0.648979510076019
0.6456806492614411
0.6553915765963245
0.6540992749413332
0.6600824606294153
0.6586022229772108
0.6562438287645901
0.6631574911207344
0.6646014034364632
0.6629308236459821
0.6650659214815545
0.6641756943472673
0.6712907622004054
0.6749846562516636
0.6724712631612746
0.66979562954172
0.6724482518101312
0.6692643969553342
0.669043982480406
0.6638918474202595
0.6658149184400589
0.6645137539223572
0.6633180778418225
0.6649915252592349
0.6606232602001153
0.6589152491402547
0.6595150985345445
0.6601165406980469
0.6615761669285425
0.661965669027114
0.6619404169889321
0.6602391646087853
0.6621155266307459
0.6637974856689194
0.6647698373314443
0.6653062213482229
0.6659129021567594
0.6673486379155151
0.6652728744675437
0.6629968679777153
0.6646755912685903
0.666492966155494
0.6673961399701246
0.6662903087795238
0.6675421933963248
0.6651902071608494
0.6640339062639636
0.6650161132915147
0.6643474835709382
0.6677331572330826
0.6663312927511057
0.6640329375251034
0.6669609065795019
0.6673911269477288
0.6681697849538211
0.6698590351436032
0.6706566492111236
0.6706794364512874
0.6706778420211436
0.6719991113159529
0.6717628475942545
0.671941458935871
0.6723313224646517
0.671790622649098
0.6737931117439383
0.6753397357706634
0.6739228230651241
0.6736433696381614
0.6731877862533577
0.672599683628496
0.6704501492812129
0.6710578433419494
0.6717006203014878
0.6716306201269995
0.6719920659919495
0.6706473238555042
0.6688342163465073
0.6708352764350491
0.6721994406409895
0.670431333031111
0.6721805219927183
0.6705683980584012
0.6724087321611116
0.6717387027622324
0.6702050611759203
0.671988128019401
0.6712618001854573
0.6710454417998634
0.6722069138483613
0.6722608764150165
0.6740068582690135
0.6724839740875642
0.6733004887192321
0.6740619974416242
0.6732522934688256
0.6747726382167339
0.6727493066058174
0.6744639929692479
0.6743916759986586
0.6743467771821109
0.6754400287696809
0.6740818500681137
0.6725753149016142
0.6717923061667711
0.6692874872684547
0.6702159534578123
0.6669364110985613
0.6658756567654196
0.6678131715086127
0.6681407026365683
0.6680374706681584
0.6688480880259395
0.6679697881093656
0.6690019917577514
0.6684281387916767
0.6706269203152706
0.6709388668959585
0.6706760006311475
0.6708585857253107
0.6707409590459663
0.6709894110419952
0.6706360530410921
0.6711827240355878
0.6715556562661674
0.671289270153668
0.6705313865521084
0.670198708490901
0.6717275621875948
0.6704414108125704
0.6710409463140767
0.672401001154407
0.6723319160215221
0.672641506348828
0.672020687898075
0.6723958842403357
0.671219446439006
0.6711083878387291
0.6718410428498868
0.6720308133891908
0.6718326750013168
0.6725881570744656
0.6742377363635114
0.6747085344979488
0.6748243826710775
0.6743343505152954
0.675282749447958
0.6749069902110499
0.6757286106844458
0.6744903365056307
0.674828682453902
0.6747223978680831
0.6747813750489012
0.6743407700904918
0.6735635474852161
0.6737641191636601
0.6737418942955249
0.6741298190970391
0.67367098263717
0.6731646072246916
0.6721118582158454
0.67102519372205
0.6708509689217038
0.6699999137077641
0.6681803524804458
0.6687269427797435
0.6692745628930679
0.6683875472151997
0.6674693840386591
0.6679922014289642
0.6662576727586674
0.666328109566171
0.6662657851035825
0.6666888101297883
0.6668554138977818
0.666297197002119
0.6674408505841699
0.6674811562838506
0.6676509114053806
0.6669551103014412
0.6664045712223211
0.6662381622985548
0.6665669338846494
0.666268058925905
0.6678320982504673
0.6680278854366862
0.6676570284135664
0.6683468099587234
0.6682442239897946
0.6693131044987044
0.6702784664728401
0.669828318225137
0.671104489982747
0.6724881509780464
0.6738727567914314
0.6744119135057652
0.6747856447299189
0.6740191970942212
0.6748337613606877
0.6743688044321833
0.6737489795636482
0.6742591372065795
0.6731417867039445
0.6723626843087248
0.6728686601456286
0.6734135938896141
0.6741378180616051
0.6735909118832839
0.6736817930994476
0.6740337517349828
0.6741497531375377
0.6736398126077291
0.6727423713132672
0.6729830089808461
0.6720854630906882
0.6716977035599959
0.6712488740063007
0.6709020273431648
0.6713762664555749
0.6719745287974591
0.6714051646791064
0.6708256153965275
0.6703656057329356
0.6699826413611633
0.6713048061059471
0.6715576609783196
0.6718688583383325
0.6735737357461332
0.6738126795917284
0.6734024676495557
0.6730287678337081
0.6733297621132789
0.6732563513113689
0.6728200096195158
0.6734640436030479
0.6730158836487268
0.6725131681254279
0.6720807855290784
0.67175533887471
0.6723552000438828
0.6725614148338115
0.672668873490381
0.6718830863622672
0.6732435912233294
0.6736893717443742
0.6742262157388423
0.6745999202319362
0.6745141396198547
0.6743440886064657
0.6753835773871941
0.6757472610302251
0.6760056271690956
0.6767936484024837
0.6756920536275269
0.6750609699743232
0.6734325311581404
0.6739366721566709
0.6751339181538994
0.6740781854414908
0.6737081348145344
0.6742030899376293
0.673881062827126
0.675662756863747
0.6772032635016199
0.6780683784441082
0.6775487891964043
0.6783092071577799
0.6786618895211494
0.6792618727897729
0.6784550876470004
0.6783021050565013
0.6781062792324832
0.6778681533535893
0.6778385400740701
0.677266041213305
0.6781138323879903
0.6776317834699882
0.6779970650384585
0.6785791243579458
0.6780980705772325
0.6769157298592088
0.6757455075440131
0.6749002664181329
0.6745081236381115
0.6746101141978101
0.6743043414833723
0.6745407998202966
0.6739148220751847
0.6735320393561429
0.67375409461425
0.6733377825351863
0.6729620572680086
0.6728763637994032
0.6728173537206155
0.6723041498926502
0.6722411703934335
0.6720221900837364
0.6730441383411659
0.6723402682675871
0.6737191750646984
0.6737772108682251
0.6737367674495235
0.6744511455655043
0.6741493339732684
0.6742851738019094
0.6746584125811882
0.6747726545418835
0.6738970059503386
0.6735091468053337
0.6732700223821212
0.6737339307958681
0.6738080152481684
0.6740635575356578
0.6746181088798058
0.674697745160639
0.674901951606124
0.6741611747066489
0.6741055089984032
0.6737429297773345
0.6730139647599935
0.6729216297431172
0.6732319837449389
0.6744297220776702
0.6741937275744068
0.6747998352746973
0.6728440421316021
0.6726701713954159
0.6718717128223324
0.6724676064150228
0.6725331930162164
0.6732214495341986
0.6734716317431344
0.6732303801588589
0.6737675357990096
0.6741233514736992
0.6737979857192756
0.674213521725012
0.6729930908792383
0.6725626078437601
0.6732272273108673
0.6734284979653912
0.6734019824917337
0.6738680846316174
0.6743748672001059
0.6747482552589631
0.6750440004887762
0.6741041616233372
0.6738847516261602
0.6737297001337834
0.6743192962594461
0.6739209216167004
0.6733405078922725
0.6733310169519464
0.673585509235776
0.6738538457649901
0.6731061700529822
0.673128570434749
0.6732763907949867
0.6732914248326882
0.6737116290919055
0.6736653587411794
0.673335514033263
0.6735394232144803
0.6732295841022726
0.674110439248143
0.674770034059685
0.6754235267451353
0.6749650735591965
0.6747024484646283
0.674456276163407
0.6743856328837714
0.6742436310203228
0.6736950755723194
0.6733348059014257
0.6729906628498573
0.6728452681443658
0.6723669555987407
0.6715903002799609
0.6708081937983436
0.6700467627371521
0.6702807004777303
0.6703747596967073
0.6708266180814774
0.670295580705469
0.6702550101641885
0.6706379808932925
0.6700829875732408
0.6701306261193973
0.6703493249759431
0.6693688232867605
0.6699797864396644
0.670440198241578
0.6706681499704932
0.6714257766788296
0.671323584070746
0.6716515899973582
0.6719445034266167
0.6720489167873704
0.6715564628675238
0.6716922545878529
0.6717333405582021
0.6712713460746073
0.6707674989736024
0.6715767304346931
0.6722414471421511
0.6724159266535491
0.6735574983766565
0.6731579295148068
0.6734109515980814
0.6742896699264924
0.6742710392326979
0.6736475986534579
0.6741716421375211
0.6740754942672865
0.6743963286378286
0.6743354544757807
0.6746093874561465
0.6755924447996922
0.6753994246298783
0.6751513829806506
0.6751998593347588
0.6755405722493537
0.6758311948329729
0.6751855102092506
0.6758155007572371
0.6762634995578535
0.676248942173069
0.6768263491813474
0.6763024638633887
0.6763318653678206
0.6766312770781805
0.6769396314810013
0.6775768666491062
0.6780627046624188
0.6779990474029185
0.6783759289465747
0.6787592042864956
0.6788075457156366
0.6787993507277889
0.6788095247530113
0.6786589161552834
0.6780225711128299
0.6782154675393403
0.6782423785193866
0.6783030206099213
0.6782334484344268
0.6787717729795516
0.6791644031340693
0.6791204579077555
0.6791520247977089
0.6791832524699607
0.6791873493274581
0.6791542819323975
0.6789281351330461
0.6787211803756495
0.6784808226211124
0.6781744196930586
0.6782464547385518
0.6778468315863793
0.6775682373722688
0.6772485488980168
0.6764693241737033
0.6765691964865812
0.6768073849156387
0.6768144184742044
0.676813680770888
0.6767056199264538
0.6767265728880216
0.6772725628476679
0.6772659800221186
0.6771641032251744
0.6776920941217165
0.677588434942994
0.6776696053715365
0.6777815299556762
0.6776490920421855
0.6779099502069522
0.6776786268231507
0.6772688999297323
0.6770605365970668
0.6770977335438958
0.6777885777730407
0.6780972933393213
0.6785885616055904
0.6787441924578455
0.6788374334475835
0.6787441241278147
0.6785517906004463
0.678462204867027
0.678714406260724
0.6783590314142981
0.6785999733576795
0.6787044743149141
0.6788533091746198
0.6781797752959361
0.67818175756253
0.678128584890272
0.6783202953292781
0.6784648520034753
0.6788158292473442
0.6782909817490883
0.6782931437399958
0.6780521145225556
0.6780503969439171
0.6780190459690694
0.6775758888220537
0.6773410258713423
0.6773213224334731
0.6772804915993701
0.6773144157007529
0.6766319518264173
0.6756326020586805
0.6757888116293556
0.6763131387591219
0.6761217966557517
0.6756057758918773
0.6758051693222433
0.675883727582716
0.675833652948121
0.6758245774921644
0.6760746752209373
0.6759925492970821
0.675791269917091
0.6754747832638716
0.6755090380221007
0.6755268474896179
0.6757884731601899
0.6753776998061999
0.6752134589835235
0.6751360193251486
0.675575234053088
0.6758781709079306
0.6756155175892615
0.6759363410436016
0.6759840621304338
0.6761633063854491
0.6761489738623665
0.6764317205877063
0.6765132095223046
0.6767046562683963
0.6767678964516662
0.6765256682757673
0.6766166168670034
0.676816723364611
0.6767231121572558
0.6769044000249783
0.6770502172101104
0.6773034738292539
0.677523726765208
0.677509233030324
0.6768543553904729
0.676407325542787
0.676430923074687
0.6762345528151661
0.6761328202745177
0.6764686195428047
0.6766470154923158
0.6765139893829643
0.6764237522689155
0.6763252139102732
0.6760715226196893
0.6758675015249523
0.6756181708882053
0.6758277831073851
0.6762181239354161
0.6759889826604861
0.6761181506586192
0.6757766649563208
0.676180746595174
0.6763764618994675
0.6767046528029355
0.6767030027299256
0.6769284866215309
0.6771385436354423
0.6767928673738386
0.6762351546590384
0.6759594898730585
0.6757329825147911
0.6759413690373595
0.6755605904961505
0.6753593576924491
0.6746081709535817
0.6744338568422364
0.6744187386758944
0.6747808416136343
0.6748960818982802
0.6744032296384996
0.6744161299964749
0.6741355916131555
0.6739874913440669
0.673756217300684
0.6736874962216173
0.6738831837257624
0.6736039317106093
0.6738341577615802
0.6735390269827941
0.6734533368891231
0.6736122907199704
0.6731139461957173
0.6721331440082724
0.6725070036509334
0.6725002803363933
0.6721152074538342
0.6721321569205164
0.6720648968198688
0.6721552231806242
0.6722585738623321
0.6720144236486961
0.6718545636056825
0.6718832829468749
0.6719063556171121
0.6718497851881398
0.6722771068743393
0.6725497322186055
0.6727584079735304
0.6729544834783028
0.6728366222237823
0.6725518446374645
0.6725063779126625
0.6728827596069601
0.6727774751524856
0.6726958632076374
0.6730333132874576
0.6734649570747115
0.6731695683811265
0.6731277695246725
0.6731012410965651
0.6732923297323895
0.6735238870259258
0.6740034006294624
0.6735896370519612
0.6726992611080805
0.6729943258048268
0.6727812470121736
0.6724574633711328
0.6726795103289642
0.6724007702893323
0.6724409144206702
0.6726894457154553
0.6726570392354465
0.6726441590761482
0.6726027203757378
0.6720429530223244
0.6724378586699568
0.6723951844529196
0.6727754058933761
0.6731189635979544
0.6729494502473964
0.6730387938606184
0.6732308427484988
0.6732987481537155
0.672484382107075
0.6727321984767448
0.6726877691120153
0.6729326860299519
0.6729289997997081
0.6730620380674073
0.6731801837426074
0.6731723622082139
0.6732574631769538
0.6731611558944625
0.6730163545198163
0.6731139810636948
0.6728775650116039
0.6735564236386812
0.6736879989887228
0.67382416000283
0.6740009336702542
0.6740286756347622
0.6743576927532577
0.6745406257460261
0.6742804579056035
0.6744624704225081
0.6743677212010237
0.6744780696912719
0.6748470687025312
0.6746786745185739
0.6745408171811721
0.6747199776139893
0.6744706286207112
0.6747198418837659
0.674500073971286
0.6745501512758943
0.6745818129637126
0.674463324475227
0.6745707965687383
0.6751531767114523
0.6755675592442584
0.6755376870180956
0.675143343044766
0.6747160535565183
0.6746064043612903
0.6746937795417475
0.6748524366746151
0.6750857971297372
0.6748765573843337
0.6742399948151252
0.6741689817742131
0.6742113262865217
0.6742026635570392
0.6740524109928966
0.6740422721060361
0.6743524100810409
0.6741716845656268
0.6745216554620617
0.6748164509609662
0.6748762084464887
0.6750538885255436
0.6749242910754615
0.6750256621302897
0.6750539093600089
0.6749589593242027
0.6751434108208751
0.6753601766253081
0.6760965959192948
0.6760338915283084
0.675514259108951
0.6750309574319711
0.67505453964199
0.6751567334216778
0.6747593904137674
0.6747248782656082
0.6753722098873463
0.6755673971550498
0.6749937911618328
0.6749078266785326
0.6748419964096133
0.67465017726037
0.674943929549116
0.6745001284091876
0.6747371983905266
0.6744102872975414
0.6747751003866468
0.6747264724912218
0.674519905783604
0.67460442239944
0.6751113445742288
0.6753142201055916
0.6752195862384642
0.6750512696384386
0.674692308438156
0.6741507738461473
0.6741212068011773
0.6743394525086696
0.6741969479947416
0.674416644459951
0.6744625300628685
0.6743839944543598
0.6742450299575
0.6743369256178939
0.6745274133488846
0.6743145627735819
0.6743442378212403
0.6747491240373484
0.6743579608520122
0.6742592858114325
0.6743530967862696
0.6744707854915282
0.6743909790690965
0.6748965811889365
0.6748821593962928
0.6746994224675291
0.6746425216960551
0.6747013544553551
0.6749222770390907
0.6750678363489027
0.6753589594821294
0.6756740475256824
0.6758056684421525
0.6755668622450732
0.6754541571445294
0.6755247739577489
0.675188544656527
0.6753642131465458
0.6755199646933621
0.6755048139809141
0.6756567978303342
0.6756101056980923
0.6758957019768975
0.67607595778204
0.6759481052038572
0.6758904618013815
0.6758287356938275
0.6756106305957031
0.675598791987575
0.67542445941918
0.6752613824731711
0.6748695199176836
0.6749647918786368
0.6747844899133708
0.6746311585354684
0.6742558287403844
0.6741975923525143
0.6740463787449859
0.6739599035070558
0.6737403206016989
0.673568001545388
0.6737092861166228
0.6734448488707494
0.673388165959949
0.6734165887167566
0.6733145241145724
0.6732130291131293
0.6727577653365157
0.672753649178386
0.6726486752945748
0.6726486616975536
0.6729188946522603
0.6728602001024129
0.6728672189464406
0.6728226606485043
0.6729172551928423
0.6724504440087776
0.672549932000307
0.6721754286853545
0.672195746422291
0.6727035470845898
0.673204198115881
0.6731317454033455
0.6731822040051414
0.6732722391558579
0.6733463550633504
0.6733429432349131
0.6732347500651491
0.6731728545537415
0.6732083657003499
0.6730346523230267
0.6732950156502296
0.673341420082227
0.673306204854681
0.6735075583556448
0.6732968781380503
0.6735475221484698
0.6736656689075357
0.6739471928791865
0.6742328739124555
0.6741931295066146
0.6744301959430561
0.6742542801126983
0.6746995195203295
0.6749084551236894
0.6748158195936814
0.6748646757798953
0.6749118503030495
0.6749585193404809
0.6746687492490976
0.6747126071962192
0.674958414752672
0.675361471780682
0.6753285613311303
0.6753884433494105
0.6754119686535427
0.675364164401743
0.6754960581167191
0.6752413958656861
0.675290941210581
0.6754576182969757
0.6754807922551135
0.6756511640666113
0.6754173844836172
0.6754220295717906
0.6753917171535495
0.6755798300386977
0.675685160971697
0.6756580055799307
0.6760224274388893
0.6761114206303505
0.6762779957080028
0.6763317615641682
0.6761673279942919
0.6759950610840031
0.6759668358917676
0.6762272966679447
0.6759160918252444
0.6758469547042553
0.6758284429308454
0.6759311491803037
0.6760683634424699
0.6757934428963392
0.6757291320482626
0.675476723162466
0.6754332880892662
0.6757865990334918
0.6758480644334381
0.6760827863804063
0.6763997472102322
0.6761691103179012
0.6756732911467669
0.6754769250192811
0.6758918831704224
0.6757080593101065
0.675262178224378
0.6754005105660652
0.6756475936717878
0.6754981652667715
0.6753419461885295
0.6751823017673441
0.6752570828382313
0.6751935790699272
0.6753328460650263
0.6755286968492672
0.6756785659077105
0.6759744395775681
0.6760147951859096
0.6758189593848628
0.6758659479730368
0.675935528446746
0.6760964925407182
0.6761537433649366
0.6762993198109002
0.6763494876440141
0.6759443899801325
0.6758210641549918
0.6759919553090046
0.6759915710864641
0.6758852463971977
0.6753916090687453
0.6754899626635542
0.6755780968776183
0.6754944748709617
0.6755108139239248
0.6755402532815316
0.6756143459714473
0.6754982504785225
0.6755353031383554
0.6756378055038735
0.6756945271295474
0.6751576799357195
0.6752844704488395
0.6753864560367501
0.6755695632481745
0.6757571701079104
0.675576087246782
0.6756235255953601
0.6759003313478903
0.6759197923661201
0.6761047662507256
0.6759392045877198
0.6759799649108862
0.6760073931660494
0.6761043784877343
0.6762098896229924
0.6761166255939551
