0.34884797445169213
0.30726001526180136
0.3457947732910716
0.40707639873260854
0.3758708498869235
0.3825348026405679
0.3277025715278039
0.32113349469924785
0.3286984452535805
0.28549746096681367
0.3021701809247918
0.3094248454649882
0.3139328132878262
0.3266494769907757
0.3722726755930808
0.3908252090973604
0.3959646080933992
0.40854678082935536
0.4211393942971079
0.4378370916429616
0.44986656605335384
0.44125637159395076
0.4475873920815926
0.47567798578125087
0.4834906416072611
0.47751287152972216
0.46346543565212817
0.47096259832024595
0.46736014751580535
0.46581457326234305
0.4679093078250605
0.4700141898300615
0.4783968859958461
0.49166009918775505
0.4802869590707258
0.4856499679058113
0.4803691455933761
0.4702118684516046
0.46593900856005266
0.4769683876154574
0.47010079800636434
0.4655561314455057
0.4527245899822036
0.4503994558691804
0.4448812928837426
0.4661796282326804
0.4631380427510051
0.4565027873059082
0.46073587418727
0.4558308675277297
0.4579406368695605
0.4576496965230702
0.45084406067739485
0.44361240591502976
0.43772780092282526
0.4322206602210282
0.4332775439922754
0.43374216056977066
0.431335723758332
0.43539919030984436
0.43771309578077217
0.4456226833356014
0.4441681799449302
0.44335557087526106
0.4421150265266724
0.4429222585835333
0.44778452847976824
0.45300586096103357
0.45614029597675915
0.4543832266054589
0.45577786285274147
0.46185521934908813
0.45675585319558304
0.4556363847219541
0.45792017932605206
0.4648506554017187
0.4610178211305451
0.4595659205919621
0.4591122039613447
0.4571770209684476
0.4602411074688487
0.4556596615868613
0.4549335980623057
0.4547595438875983
0.45953609349436203
0.4560047689064158
0.4526962088215107
0.45066624225756274
0.4479681801726803
0.4436061061313867
0.44221861312967015
0.4464846986495421
0.4476548428076375
0.44569887525134033
0.4413855196690063
0.43883010071391276
0.4370616283996738
0.4346340091884921
0.4355740634142991
0.4410249577863275
0.44756689252498644
0.4485558826769403
0.447432745496001
0.4447934877976531
0.4443705317253074
0.4479919727705975
0.4499167600009782
0.45243160820034767
0.4528188163724248
0.4535952575209583
0.4545575555331466
0.4560642641014394
0.45760573958817374
0.4602319923699467
0.46150810395065256
0.4608938218723685
0.46167407929016385
0.4607951455161595
0.4589416462547122
0.45697024640225653
0.4595711242349842
0.46381973895406853
0.4636344036580517
0.46334802869804403
0.4647003485675599
0.4614048572561708
0.460891131472741
0.4576114664554937
0.4548550710599518
0.45246103576101687
0.4533085074138221
0.4541759447704429
0.4529169100892557
0.4530623336875673
0.45328401757656733
0.4526555273730559
0.45261567534958574
0.4532639038756509
0.4564572006362334
0.4553069214358117
0.4546350233896106
0.4545267423006868
0.4520917257633494
0.4547625559076804
0.4565853934384897
0.4580122220018661
0.45758998741097684
0.4586023298623208
0.4640119513817076
0.4617682848863232
0.46247285556347767
0.46160309067365213
0.4603342705125409
0.46226410696355547
0.45940633601739794
0.4569496555731085
0.45753255976045343
0.45888415510589964
0.4573428299605431
0.4566671970570255
0.4545060362383715
0.4547799002007046
0.4541679505994003
0.4606148459267276
0.45655426644602465
0.45694166526034863
0.4579613447036843
0.4567181733988177
0.457761935140301
0.4592915737185101
0.45947301315773825
0.4606521933996449
0.45934763661465666
0.46258704771325554
0.4677145101602815
0.46640018070919254
0.4675765311821066
0.46812637502477855
0.4687339317199068
0.47011217251096077
0.47027883416864225
0.4698691543629649
0.46658734350381575
0.46662051838434604
0.46683595213982265
0.4686255034580591
0.4664658977486954
0.4667316090554321
0.4652115001645182
0.4634731108761902
0.4647103383068114
0.4645622879913138
0.4649833572545138
0.46345989844981705
0.4629997342268695
0.46261740452300815
0.461878183404094
0.46178818229792584
0.4625141659143029
0.46423397184992327
0.46502048944595387
0.46550315507269424
0.46575800684470026
0.4650314560519237
0.4642001088090872
0.4662230262106223
0.4645206027554737
0.46510815880266115
0.4641688235456601
0.46429531940108393
0.4635932898465716
0.46318558334872206
0.46119200641484703
0.4612446964895762
0.46185911784062705
0.4603962845576689
0.46086525402939577
0.4591584492925281
0.45750592683047026
0.45783508067149636
0.4578310456952824
0.4568525519609428
0.4572133268722083
0.4573211327568652
0.45581659051965373
0.4528843246494037
0.45322417995861536
0.4496645946096316
0.45183078099838947
0.45212304108776596
0.4518540566991601
0.4521722767520471
0.45088147107568277
0.4505582340239361
0.4510272673900743
0.4517177850023585
0.4501192605561387
0.4494709532691676
0.44857103575098917
0.4495651622520635
0.45135914684589096
0.45300949604754964
0.45490229058653925
0.4568732501816073
0.45703605764451477
0.45646015776644683
0.4567170794939122
0.45746450417638823
0.4575588645122358
0.4618949256178882
0.4598079483896884
0.45812789003780274
0.4586481427798625
0.45987337393868966
0.4585861442046982
0.4591039054507484
0.4592677507025463
0.45745649325041055
0.4561878041234952
0.45497965750748404
0.45448808695759085
0.4545049051693042
0.4552587378615191
0.45573657173520726
0.4554275511968511
0.45383901782921293
0.45350515432159927
0.4552982099594196
0.45334375498195734
0.45263933436133075
0.45301105290328136
0.45162296265726815
0.45185736365427465
0.45158877779278517
0.45228764745210526
0.4532821784707264
0.45353883155267133
0.45199038764236255
0.45073641706860246
0.44929176272099114
0.4509773631428061
0.45178962345159274
0.45124890553113584
0.4518731231963901
0.4540536472337265
0.45430670481828483
0.45466801270328
0.4538052009404362
0.45374961483581067
0.45432320311781005
0.4540163638724874
0.45401604675156415
0.4547771663682944
0.45436841740926426
0.4548664205766366
0.45429666300354865
0.4537357565299522
0.45384301747155054
0.453547939112451
0.45360412501131403
0.4554683280390144
0.4561072224705278
0.45609722663722385
0.45575054470565635
0.457177821741294
0.456289919804355
0.45719701826172826
0.4594287159637524
0.45851527700242517
0.46023073564122136
0.45892343752047526
0.45837601170742986
0.4567597671711868
0.4566895479003606
0.45610967266124647
0.45568510468071616
0.45535055863769164
0.45455534871963177
0.4542043889136226
0.45560290094618333
0.4571766550313325
0.4578616657104177
0.4572116491413918
0.45713024097511645
0.45811019485636073
0.45890734482349005
0.4576992719544638
0.45913426921352835
0.4599245240012839
0.4597518692903716
0.4599982962357426
0.46028264834464244
0.4617810019062425
0.4614539567563505
0.4602965217183606
0.4614655305212731
0.4606439912097487
0.4605735754331408
0.46149240669457897
0.4608295012648208
0.4600861460887782
0.46073475292197646
0.45921738985535615
0.45942747841619136
0.4582863889857507
0.45798990130312284
0.457675613508141
0.45667127696259924
0.4563947095223868
0.4562758384513585
0.45579594456934414
0.45613104361130485
0.4570913650094755
0.45869450138872964
0.4592019529942746
0.45848334981079925
0.45975494583571586
0.4598637969941802
0.46062885388555475
0.4607700160721688
0.4604326895847427
0.4614852274097042
0.4616787373911242
0.46170632167566356
0.46133053243636185
0.462252592565128
0.4616229703749212
0.46357918841884616
0.4640014147716119
0.46449434671740075
0.46420675005288076
0.463929370117095
0.46340291512407916
0.4631042558677886
0.4618003215996651
0.46216928680227753
0.46158725408231965
0.46183406702320706
0.4622406634042137
0.4614966089221075
0.4612054324820138
0.46228874387773944
0.4614779188824679
0.4607608564255551
0.45925563938132485
0.46128046362930875
0.46127654157528086
0.46162277143741953
0.4627804818368528
0.4624181404127095
0.46228173048318305
0.46309876745072764
0.4626800413934366
0.4627045756389125
0.4611909982585956
0.46110691814345633
0.46269566861978795
0.46219463542203254
0.4620029134555012
0.4626778483299257
0.46378910352299185
0.463860023285136
0.46322083075132986
0.462555487885346
0.46215567968857213
0.4623823989685565
0.4627262981758707
0.46278850411531125
0.4618141114105363
0.4620093954382082
0.46287045456072495
0.4626900550611789
0.46202175253029026
0.4615320825096845
0.46197968402344125
0.4617195715118132
0.4622131684493955
0.46186198083201757
0.4623265472517379
0.46126951793694926
0.46041858131446073
0.46091080321573286
0.46045009826034344
0.4611771348363927
0.46207806640043153
0.4611499187145296
0.46117491107088404
0.4601865900394208
0.45948953276982324
0.4581866336924925
0.4582514776622459
0.45738315435357263
0.4572281222378304
0.4562089821301191
0.45651952986354866
0.45654386677877995
0.45578093951952825
0.45544799691822846
0.4556754701568538
0.45558298164556404
0.45556315453580304
0.4551292444453902
0.45453766563247083
0.4540008597925192
0.4540563108759767
0.45364580447318376
0.4527091859406079
0.45427913937778747
0.4545797382991245
0.4547804592663234
0.4550787068797241
0.4546915513276782
0.4545129026389694
0.45474292075637807
0.4553712904038009
0.45550473247472834
0.45456647765155
0.45650170241663596
0.45638838549364846
0.4555107519603916
0.45633213783757953
0.45707973122260503
0.4569905009851237
0.45753571720425834
0.45723203795598044
0.4570021815556535
0.45697940747531823
0.4583815213223286
0.4574374786468097
0.4585471278915074
0.4603306497757066
0.46032919541649053
0.4600331584627364
0.4599317255543859
0.46042873686536673
0.46047672371744286
0.4609972249050676
0.4614895612060409
0.4611818487469588
0.4615785469945222
0.4609033666501043
0.46133734394690035
0.4612446396483454
0.46081236980029294
0.4607520578947556
0.460597314292929
0.46079727773777673
0.4596177382480963
0.45984349723606804
0.4601456607597758
0.46086618780582767
0.46051866732793495
0.46120584404080783
0.4612955522209697
0.4612694009414535
0.46112920194244905
0.4609605835337508
0.46097679098296135
0.4605049763019601
0.4606073060899575
0.46113444565990636
0.4614872181948032
0.4606336950629539
0.4609266116524025
0.46123737388002334
0.46036008865919464
0.4607229253512392
0.4615242677303917
0.46133162283430595
0.4619581555473437
0.46189889555753344
0.4619268375740806
0.46213650779923415
0.4626482566720281
0.462681355340205
0.4617166255675618
0.4614102548729718
0.4619287119047542
0.46064402664674176
0.4610687252125194
0.4610966741450473
0.46099444086860075
0.46056931862469463
0.4606301969381195
0.4598527621262751
0.4613926154104148
0.4620019137627482
0.46195878248562766
0.4621005413552357
0.46164373922884544
0.46136318475492066
0.4614438131733104
0.46166217473258264
0.4617370648292658
0.46186196804095486
0.46199098909329395
0.46188709064889805
0.46136236983883677
0.46113150939813224
0.4625362449751714
0.46328082937363974
0.46224145030064717
0.46223493832444684
0.4623826336341897
0.461786397656191
0.46206367206996274
0.46151309822734454
0.4620480497967064
0.462375695501406
0.46246219620423595
0.4627634775308968
0.4617495050063565
0.462899183489066
0.46274533829631764
0.46243371077861684
0.4627827506890393
0.46346779024546325
0.46254961591691046
0.4622768812486471
0.46250900696659025
0.4627038475850366
0.4619940151438753
0.46157812869524323
0.4612721597436493
0.46119591556015593
0.4615113012436556
0.46228644489292825
0.4618863056815908
0.460327985252595
0.461147959865992
0.46171509724465876
0.4611175403961097
0.4610723132450744
0.4612984645369916
0.4617535523125957
0.46189289346392615
0.46151885730075376
0.46169284779457215
0.4615285861792319
0.46144446846006176
0.4617704505535893
0.46057142648156973
0.46065615221241557
0.4613104248663164
0.4610709471766902
0.4604474414245483
0.45976982169848424
0.4602319020361321
0.46085539549930027
0.46016616217660117
0.46003732657594426
0.4605249036242463
0.4610970412813184
0.4607155383299071
0.4612165338338923
0.462025154467989
0.4625242561125176
0.4621748336773457
0.4616852950437555
0.461445178481021
0.4618396381524703
0.4615068511146348
0.46211688835334086
0.4617595476195886
0.4618138480850574
0.4622403213930418
0.4620007585361935
0.46125907899122837
0.46037485022978286
0.4599712823384777
0.4588167610667498
0.4592259800117721
0.46001425413531544
0.4605204469460606
0.4603452626152851
0.46039190573941347
0.46017253595216145
0.4594892704970443
0.45970789084250535
0.4600601577460459
0.4604218640427172
0.4609320532683967
0.46024135233238905
0.4607659710800321
0.4604269940976609
0.46086363060404656
0.4613430830273394
0.46190070778089415
0.4617643565389605
0.461539543725366
0.46169013805303094
0.4611654162499963
0.4609548086867434
0.4606938704431642
0.4597662978930951
0.4595778896944919
0.45973268547164764
0.45919635679764476
0.4589155076617393
0.4588006899011387
0.45893314250628975
0.4588223886866723
0.4582229400124441
0.4586447668013495
0.4590591293259984
0.45844389349519094
0.45865956431399824
0.4576533166781891
0.457416979473023
0.45726718882437106
0.4574713305447144
0.4570879009110636
0.45686802347594085
0.4570920997857672
0.4575614811587053
0.45737440023861614
0.45668178765128875
0.45715325399682444
0.4575330549165881
0.4575477659074901
0.45800018599570447
0.45858394657180795
0.4586076555388532
0.45839217502350627
0.45791002859888386
0.4578434326430717
0.45770438925842544
0.4578582462135141
0.45755903699490763
0.4575017866825714
0.45814646538409903
0.4586884963743282
0.45772488422309704
0.4574501201604129
0.4574567755610245
0.4576117776084545
0.4583714644748055
0.4580839842657718
0.45801914507153424
0.45818554467942524
0.45822571801250417
0.4587364181379811
0.45894278226198437
0.4591977247735892
0.4589762957463133
0.45947229679366297
0.4596289738493732
0.45945983507107946
0.4580521642831207
0.4586839416217374
0.4585601811241527
0.4581539567121559
0.4587737988125598
0.4587336938904509
0.45907717976696716
0.4600805820815689
0.4598705868713419
0.4593508686705002
0.4587961422851117
0.4586975305031089
0.4594399942733915
0.4594430070150817
0.4597495587083767
0.45984255240526134
0.4600183127778589
0.4604251782867489
0.46025081026960957
0.4602580304959966
0.4598276470035721
0.4599858251726895
0.4606068756137209
0.4602581234476323
0.46030075889172084
0.4603604481308647
0.4607655048821622
0.4607750743927713
0.46144062878056336
0.46111494164273714
0.46086149175605956
0.4608649872227367
0.46047018548715074
0.46094347740452635
0.4615018748160285
0.46088487866479916
0.4612995457719693
0.46125409943370266
0.46152001739400894
0.4619145219830872
0.460796816417507
0.46010869669683185
0.46001154240939524
0.46059334352406084
0.4609403013664764
0.46067846973426596
0.46039268772172487
0.45990582526620905
0.45994311261386056
0.46058149169514123
0.4606266776621403
0.4601029155034069
0.4606113686539218
0.4604136192744935
0.4612096347428234
0.4610365720814703
0.46116420777782763
0.46102063199962456
0.4602095607932379
0.46054028063467484
0.46059755964797866
0.460574003634101
0.46088632944102237
0.46142817468979397
0.4615305132060351
0.46124259367360027
0.4611739931800821
0.4610436242523318
0.46117426297254926
0.4610291397172684
0.4605833050033752
0.4605488078055466
0.4604090781711204
0.4603771076210769
0.46102740438935946
0.46080693187175925
0.4603919259592999
0.45992047360742133
0.45997878207267506
0.4597867935483368
0.4597358473737641
0.45978554215079626
0.45931602747904887
0.45984848638615616
0.4597490092042948
0.4604821264250339
0.4611312491428681
0.46121572561398844
0.46162996955735897
0.46101065492793064
0.46058784139170617
0.4615439613500087
0.4620629994443499
0.46070807954414505
0.46017445108161775
0.4606069829007973
0.4606274798693737
0.4609713820779062
0.4605297580130913
0.4601547510810375
0.45984952715951605
0.4597312375599867
0.46002146528376675
0.45909488525101433
0.45842202789028796
0.45911556297403056
0.4588992064712228
0.4584363937529545
0.4585225481206956
0.45781812595913346
0.45715034019975836
0.4561848821322577
0.456613478396639
0.4562037483555991
0.45648672233497317
0.4565424343318254
0.45635726452380443
0.45602393455335627
0.4557779607349955
0.45612883211378463
0.45614069112250716
0.45634806455342936
0.45638614538871874
0.45622548904891125
0.4561760048802262
0.45692216511954925
0.456385047971422
0.4567720719000878
0.4571527235825105
0.45767027955878914
0.4576345646408279
0.45803721560648164
0.4578288109901507
0.45814112722551537
0.4586024950891897
0.45885755465893796
0.45913588945663997
0.45960475471152457
0.4596127512903289
0.45943469779542495
0.4593493457722058
0.4588593183257215
0.4588771312069184
0.4589683528355072
0.45932424037231684
0.4592305026645409
0.4592825348508639
0.4591310476371538
0.45879221777680873
0.458438193389954
0.4583320495269179
0.45863122882514973
0.45769743945050406
0.457919739284755
0.4579473237326168
0.45834224577138083
0.4582101982808606
0.4582382964886904
0.45781275242562025
0.4572574085284704
0.4567170311143432
0.4564130384429394
0.45650710581007997
0.4564782534344594
0.4559691913810804
0.456091373554823
0.4562248174975817
0.45598838676946846
0.4558078662748952
0.4559167800795584
0.45576273540247875
0.4552232686190055
0.4548814755021464
0.45476784936194736
0.4544672303257481
0.4540882813760918
0.45418439543882944
0.4541315310180306
0.4538803188565579
0.45415571541463273
0.45426121497837596
0.45459846743407206
0.4547625065285983
0.4541288363303619
0.4540802554650526
0.45388785951560945
0.4542898451718084
0.45440653288435656
0.4544098502162357
0.4545189892407723
0.45500668824908136
0.4551242029001296
0.4553543377753642
0.45570271747398994
0.455319200552627
0.4551863100557418
0.45513386940264366
0.4551976731193473
0.4554769651138913
0.45546709972045674
0.45539145040001505
0.4554912357923653
0.45563353209008656
0.4562134203195952
0.4565492701657373
0.455761426204841
0.4555910667485596
0.45590706585487834
0.45624575551572355
0.4566746010344342
0.4566245777530585
0.4565248960709892
0.4565904785907883
0.45629255284911097
0.4561566187061582
0.4558611995145109
0.45640016173580394
0.4568461294352818
0.4568233985674084
0.4571710013565848
0.4576051540656831
0.4580704441655
0.45847958728396304
0.4582755915150331
0.4581936844935983
0.4583226818196039
0.4585325748801192
0.458472602160657
0.4587532808949186
0.4589988672202304
0.4585319403331388
0.4583710408217146
0.4583445295105114
0.4577739715080528
0.45795947134844783
0.4582534537800902
0.4585768296974137
0.45838511922381897
0.4575140017238678
0.457589682435442
0.4576714898050649
0.45773310656743305
0.45756082498100775
0.4569520588075181
0.4569234617238695
0.45671696144526247
0.4570894911406714
0.45682001262463146
0.4566931344347956
0.4562616593442206
0.45679412876808134
0.4569396904498357
0.45694933464191906
0.4569923034320254
0.45721790073093893
0.45701417178740444
0.45666023667168487
0.4569150488196228
0.4569010226133969
0.45662118402499713
0.45624169432243095
0.4561895363010708
0.4562245375966877
0.4557395115297304
0.45573301428165414
0.4554129693730708
0.45527845031401687
0.4551340744948051
0.4547513859980145
0.4547298287047027
0.4545835305257301
0.45442275901749063
0.4548140803292804
0.45465579646512155
0.454675941102835
0.45437897038335434
0.4549714657248564
0.45539926823377486
0.4553544446916428
0.4548800740832684
0.45422275227660314
0.4541960182566558
0.45477470540508286
0.45449024522720044
0.4542695511756918
0.45420347855434373
0.45459263219056895
0.4548833993353803
0.45482372122421233
0.4549744212311085
0.4552226051510045
0.45530778845236
0.4550112399097059
0.45517653242216416
0.45502578092474316
0.45548903983046946
0.4553336488118923
0.4556154191912729
0.45572294655403567
0.4560185692646478
0.4565467897779046
0.4563910360109158
0.4565529658237342
0.4567198897658119
0.4565981567603122
0.45680174682446584
0.4565383162202829
0.4571996213755905
0.457509122475215
0.457195955193614
0.4570378884508098
0.4570165875812737
