0.4304181887166452
0.5096099786010093
0.6342759850821152
0.7511876679074778
0.731241257457278
0.7180563014665057
0.7283391170299002
0.7422057383727764
0.7481545057477886
0.7340455703834758
0.7476212990238228
0.7410788211413224
0.748628305143351
0.7587340514404085
0.7586745625098491
0.7666250923318334
0.7651515328868032
0.7618176589019434
0.7684110018976881
0.7702751433368418
0.7684924355201654
0.7708783180431702
0.7787219870712933
0.7910267981630434
0.7919147449268389
0.7923778419718261
0.7909471243344752
0.7916097433571863
0.7957702882422116
0.7953371021449305
0.788784298750169
0.7918049901613659
0.7857090010693126
0.7853772670893832
0.7821841422306153
0.7849366203645293
0.7841634969094959
0.7837010285216309
0.7789514022689189
0.7822324360035102
0.7868898536983165
0.7827873847065508
0.7836674015607898
0.7793515284212253
0.7778699350552537
0.7844271768383042
0.7879147182833466
0.7893759178022536
0.7915486489055037
0.7905251606033531
0.7880518950717964
0.7801943059467169
0.7797661286240956
0.7761856374266612
0.7760850466050749
0.7768323284878239
0.7770566424815173
0.7785050431098995
0.7721157377296012
0.7689567381458143
0.772478949189644
0.7751683422996538
0.7748341576294736
0.7753294913016472
0.776342996888838
0.7767227001421931
0.7783985124010969
0.7754159730675961
0.7785920059855473
0.7785280974231783
0.7800122053968084
0.7818388997744842
0.7810247132224037
0.7790936923274516
0.7812714085487614
0.7809885705896249
0.7785518327383071
0.7790277530873878
0.7792014161298076
0.7773954683398153
0.7782023518668922
0.7776676317777104
0.7761955321857841
0.7750767483332394
0.775367113562114
0.7760876081938979
0.7789890228676764
0.7767956765804447
0.7781007865617426
0.7769428665645643
0.7773857116827225
0.7783825159439136
0.7777978521094839
0.7766586831940108
0.7753697787799279
0.7750042521017774
0.7770992967084198
0.7777070084400848
0.7783201585165774
0.7783108093628691
0.7784711541364614
0.7799622563822513
0.780769107470277
0.7819680439230323
0.7811483122245636
0.7797828374815428
0.779413728435518
0.7795136261961885
0.7811841001329508
0.7779252267499296
0.7788749130606629
0.778317578241839
0.7786633377078757
0.7792234602071413
0.7789801565051828
0.7798403063310789
0.7796375068741768
0.7816981639741334
0.7802320441221748
0.7818704609056067
0.7817871495435902
0.7816040990321275
0.7808642411711199
0.7807491683250636
0.779042938292977
0.77627488079194
0.7732608265412053
0.7733125973092596
0.7716296085649517
0.7718796900859342
0.7722978918259162
0.7724886500159532
0.7728137576834173
0.7726408853552372
0.7734017726236286
0.7737658547929218
0.7740705918621542
0.7743887970237295
0.7747452847527143
0.7737077874355449
0.7735006294061745
0.7726247307017254
0.7713668606427457
0.7708335684211648
0.7705631242775811
0.7707794837918036
0.7693196710941231
0.7698186177656472
0.7680808477477792
0.7665528394143027
0.7668846262685057
0.7672881286060098
0.7674665598238587
0.7680250574899198
0.7667204893057173
0.7669909583857532
0.7660566302637758
0.7660087056451166
0.7680573550428846
0.7668879752251639
0.766322791386499
0.766602883834109
0.7676611812489594
0.7678198964914689
0.7677756161268535
0.7675331526799677
0.768392859985185
0.7683632170787185
0.7691820367721129
0.7710454390355548
0.771074993430631
0.7711267632058917
0.7695600525186741
0.7709629605274695
0.7715517849021037
0.7718506488074092
0.7723368718514715
0.7713573584261839
0.7720691937404606
0.7730100100386214
0.7737352247653049
0.7736738889726859
0.7739997746554306
0.7751767823578372
0.7745235087064103
0.77585283461446
0.7755571569089784
0.7746189098674573
0.7753247842180482
0.7756348185836216
0.7744118156951362
0.77488100037966
0.7744093197660705
0.7740332191878462
0.7741092710702411
0.7743969080594841
0.7745070036043883
0.7741317715448826
0.7743495239994576
0.7742339114181654
0.7753477938956305
0.7741295075423839
0.7741029898761481
0.7742832081388669
0.7744713070144695
0.7749526054100166
0.7744565062097407
0.7745883686519601
0.7746327293643771
0.774381865248265
0.7732675240754794
0.7728782162419998
0.7735453629185995
0.7736143872718487
0.7738813329467034
0.7729157553487591
0.7724140760044231
0.7721042324107128
0.7724417033460168
0.7725652642392932
0.7732095490708605
0.7721630319971706
0.7711244657733506
0.7703223396523678
0.7698700937381449
0.769864479504377
0.7699792826103569
0.7689794660670758
0.7683075364668656
0.7689445303078345
0.7689252987050769
0.7685732284787449
0.7685178046952776
0.767889479729261
0.768558212485432
0.7679670726612186
0.7670423560879086
0.768039498504771
0.7677222264346331
0.7678733939609155
0.7678304665958704
0.767842219688019
0.7680527908772814
0.7678008200038963
0.7674464389143552
0.7670782986203846
0.7684034789321301
0.76852114616216
0.7684824591857873
0.7689073633279773
0.769858537634905
0.7704779507464353
0.7705117039053411
0.7705329389172493
0.7707110158882876
0.7706395373808247
0.7696824534985498
0.7697979413263463
0.7700136265112935
0.7701582248071979
0.7708442333872317
0.7707656112680533
0.770662919931078
0.7708605497248987
0.7703190265715262
0.7708925635664463
0.7711935160233838
0.7711001346029552
0.7711272023190444
0.7710681078972187
0.7713929772935397
0.7705269144924629
0.7702029701828358
0.7702149699536357
0.7697596772596952
0.7694096422783125
0.7695150010715683
0.7694641860047582
0.7695209928373852
0.7693919900267011
0.7696448517374532
0.7704724252201224
0.7705129338018935
0.7705904079124225
0.7710313886856862
0.7711120589992214
0.7710126539994202
0.7708066161679429
0.7711650736553715
0.7714535001457438
0.7716258477594887
0.7720807269259967
0.7721170533996439
0.7729323973628055
0.7723494405208617
0.7728423619068684
0.7732988573580858
0.7731800288916235
0.7731604950038015
0.7730426358129736
0.7730287208551377
0.7735316162066216
0.7733634393590432
0.7735296862835783
0.7733210963252495
0.7727898163717705
0.7730030029853314
0.7734392778106896
0.7734640450631514
0.7739475653541414
0.7732827429871844
0.7736015071709084
0.7726918616491838
0.7731320345858459
0.7727713386054909
0.771953561513156
0.7721444458916755
0.771640830821539
0.7708514190981282
0.7720002237141077
0.7722141224774739
0.773046643500582
0.7728867398011751
0.772647171002716
0.7729111784440602
0.7734912776316121
0.7735312838693919
0.773737087445627
0.7732006981822525
0.7729900748552017
0.7731042071789515
0.7734552138311365
0.7735349529912733
0.7736780975690639
0.7744303379349488
0.7749604777767123
0.7751228858259112
0.7743582153838422
0.7743078344586856
0.7746136117104444
0.7740278574737413
0.7740592028161177
0.7741534477304152
0.7741089235898567
0.774176453672399
0.7743159207002401
0.7743100589127355
0.7741866525901965
0.7736228736266233
0.7738979993002678
0.7738456491353838
0.7737119841140516
0.7730228720312707
0.7729335134604826
0.7733969753427805
0.7739107123613183
0.7743032927533489
0.7746643035214755
0.7743882318901245
0.774532232453203
0.7744403812888364
0.7744580750593152
0.7741232078716002
0.7744468481216519
0.7744422002879044
0.7743825181161245
0.774208493938328
0.7740966084892029
0.7743197157417608
0.774395847019073
0.7745512967588306
0.774471938150937
0.7744789269417095
0.7741198588071699
0.773882479566246
0.7739406985120546
0.774059123036943
0.774485500053563
0.7749870469940984
0.7754483283424605
0.7753810893328318
0.7750978912862457
0.7751823119216824
0.7744947071442464
0.7739506235646981
0.7748575409367688
0.7750386675692431
0.7751927429667077
0.7751427833860551
0.7746710734668399
0.774761586328442
0.7751946059509238
0.7750417726061181
0.7749812449882678
0.7748386137215354
0.7745597916485774
0.7749527228562177
0.7748959160166862
0.7749211139722002
0.7747334541080844
0.7752739475974929
0.7750664380575553
0.7749123003145015
0.7746716965361597
0.7748013511839567
0.7746087935445938
0.774764672391478
0.7749078159831948
0.7747892740929803
0.7745921399474105
0.7748440285578437
0.7754198220265025
0.7753002633962605
0.7751268491309349
0.7754164300123841
0.7755774261278349
0.7755044027759864
0.7755503389043019
0.7755908648650013
0.7753964484461384
0.7750472481051167
0.775431731785848
0.7754203144985928
0.7752772702765036
0.7751127873162775
0.7748899124506061
0.7747028726503551
0.7745589108742647
0.7743818778218212
0.7746276658616953
0.7748577097779628
0.7748383751866179
0.7747529763495206
0.7742386185537047
0.7743738950031405
0.7747243619967183
0.7745170490722941
0.7747393239963571
0.7751700776029198
0.7751598587759315
0.7749552800674762
0.7752979658071095
0.7754920307664609
0.7754606695805153
0.775137221959694
0.7751333862666208
0.7744780702011503
0.774673510870771
0.7744408125515917
0.7747634817663309
0.7747318071115258
0.7747322539134838
0.7749325146378544
0.7751397658156451
0.7752746808859313
0.7752158614623996
0.775007538926433
0.7754113381108806
0.7753420435481678
0.774648784217372
0.7747892945117284
0.7749084318447502
0.7744650971432296
0.7754156475607815
0.7752387009115302
0.7755070149665116
0.7760563612641614
0.7757710864846176
0.7751213600846946
0.7754569814645691
0.7755439212198919
0.7757175916337943
0.7757104026518006
0.7759500569318204
0.7760288786522974
0.7761439976142243
0.7760273501619138
0.7758820280045788
0.7760308178153761
0.7763044978843532
0.776366602139228
0.7761569305076552
0.7764872696063244
0.7765638478538748
0.7762104115615682
0.7762588432123702
0.7761552985769473
0.7761265317202464
0.7767027012814741
0.7766701395824083
0.7766888032687402
0.7765990988839874
0.7766404420732305
0.7769117934213542
0.7765355261308793
0.7763785891648751
0.7763245529229864
0.776297741781635
0.775884232768799
0.7756644761752058
0.7758761675267232
0.7758746253228774
0.7759192644711198
0.7760685457699424
0.7762351322287929
0.7758530158448991
0.7757140763974602
0.7760364142856306
0.7762377417837497
0.7758971795447229
0.7758973218285555
0.7758382163383579
0.7758571750655429
0.7757815411765586
0.7758773120437535
0.7753058285047589
0.7754598161058632
0.7750161084553214
0.7746202579730707
0.77427371097821
0.7741808166663368
0.7741677995009988
0.7742418611096368
0.7742107043399621
0.7738803778276355
0.7740017288830614
0.7745685714203656
0.7747154007813932
0.7747943793471574
0.7750424864351297
0.7753387940724301
0.7754525720478984
0.7753826607542279
0.7756888705421804
0.7759160462097385
0.7759751398982567
0.7759778427208359
0.7760127813388888
0.7761644884303314
0.7763406594943876
0.7765842423026317
0.7768213151808122
0.7767833374176898
0.7767089822446244
0.7765351976233298
0.7767314264728847
0.7769939847198324
0.7767687284838076
0.7771387102312288
0.7770309941167124
0.7773379098467407
0.7767211035579273
0.7760602712140898
0.7759664294022925
0.7755826767231064
0.7755697073769154
0.7758385670009811
0.7759209848707667
0.7758873013887813
0.7760510836293699
0.7758188625076811
0.7756347131527646
0.7752793064183753
0.7749263126117677
0.7749016845006823
0.7751914422129448
0.7752677105410469
0.774888746786979
0.7743668563972051
0.7744901821403716
0.7747317924907515
0.7748649978588181
0.7745161511114785
0.774573723334384
0.774651113827636
0.7745895082630662
0.7744524312719221
0.7747923161037614
0.7743824324566707
0.7740839010958649
0.773964434244844
0.7737781894945429
0.7733406249848589
0.7734398239198731
0.7730844035122241
0.7731937356161828
0.7734493360232876
0.7734089236147963
0.7736057290297723
0.7735447126334271
0.7739378096599027
0.7738371206044666
0.7740862244055347
0.7739794737489857
0.7739943381276893
0.7740854111607169
0.7744757648821157
0.774599654065512
0.7747008290171922
0.7744552120670303
0.7744265875631059
0.7744929459102897
0.7745571004735451
0.7742460951955309
0.774679600553633
0.7749978941083214
0.7747609926007512
0.7744206834642026
0.774131916662896
0.774426138879173
0.77433630114842
0.7744942787927777
0.7747136967320476
0.7750637408388423
0.7748661298953241
0.7749872968806125
0.7747338769704843
0.7744212538119372
0.7742220432363406
0.7742873092117201
0.7739317621312962
0.774208861307292
0.7742950734962227
0.7743624705834167
0.7743204982336473
0.7746123404356668
0.774698322468506
0.7749435699191765
0.7746955426104541
0.7746935135620148
0.7750065526638822
0.77497396645475
0.7751486147937755
0.7750353004777247
0.7750536983356652
0.7750713138725172
0.7748696038961916
0.7747651395371392
0.7749059817882679
0.7750275318278145
0.7750864582109326
0.7749588032091401
0.7748800958798625
0.7746150363756125
0.775016778063512
0.7748449956982336
0.7745227594685054
0.7748461666254532
0.7749396381144386
0.7747369494561535
0.7747900124687496
0.7748799883637438
0.7748281814890298
0.7748714139053476
0.774618962215329
0.774397523011132
0.7740263080831791
0.773815222917968
0.7738867333676811
0.7737608779384829
0.7736955562415592
0.7730357385524637
0.7733971555801351
0.7732836753743695
0.7736119643105317
0.7734430278514772
0.7734237812501739
0.7733280249216511
0.7731691767391037
0.7732557508572715
0.7732253659432644
0.773430169861757
0.773650917404995
0.7737003384992726
0.7732093810235571
0.772993098784692
0.7731255281885936
0.7731708174493375
0.7729524425347034
0.7729552269605259
0.7728737839449731
0.7727782464936249
0.7725562920195717
0.7726369738715352
0.7728875360272119
0.7730358548116606
0.7731987242315336
0.7727479568799547
0.7725048600613227
0.7726885394777612
0.7726620333064347
0.7726892506999546
0.7729561657469247
0.7727985330419832
0.7726774754876878
0.7725260370518653
0.7728094349091643
0.7731462589944162
0.7730340500683307
0.7731282128078145
0.7732130263139532
0.7731181556326876
0.7732754100904713
0.7732931618824588
0.7733056584890953
0.7734124489612876
0.773281882118156
0.7730279100730738
0.7728859398896035
0.7731318139986336
0.7731067536490815
0.7732088822422277
0.7732038065727651
0.7732553231432154
0.7733187363363514
0.7736527677850363
0.7736739950463667
0.7739476007810032
0.7738827577890971
0.7737598824741861
0.7737556023502216
0.773846158915788
0.77412898624632
0.774120140025203
0.7740920151055505
0.7742134442145285
0.7741859290117474
0.77445475707439
0.774356904001821
0.7742696460048983
0.7742423053626438
0.7743688024414295
0.7743793419656694
0.7742857407524357
0.7742648524542026
0.7746491196139714
0.7746769975559231
0.7751537290781553
0.775009984328733
0.7751068798467943
0.7749990636425813
0.7750662101115531
0.775143778881727
0.7750693987085093
0.7747545730088606
0.7748203401361913
0.7749702859509131
0.774891659238667
0.774847915328069
0.7748278330721968
0.7746706043176091
0.7749113143752179
0.7746746271159589
0.7744517130692459
0.7747635590522256
0.7748640491700081
0.7749846045094637
0.7747714493303106
0.7748907895596784
0.7746250863031982
0.774755324916768
0.7748115411984549
0.7751283234465363
0.7749276102751924
0.7750088168910731
0.7749833336491163
0.7749931206775799
0.7748926019176815
0.7749629066389525
0.7750185588487609
0.7751538393610816
0.7749377669314034
0.774921212041341
0.7749341000205927
0.7748433887521924
0.7747092559741501
0.7744769655062269
0.7742822091613524
0.774402246933947
0.7748461363608431
0.7752238657015753
0.7751321960501649
0.7748859743810018
0.7747483692883015
0.7746017856570095
0.7744820066049299
0.7742414618801741
0.7740476500680965
0.773711325846781
0.7738612075192475
0.7739719228620169
0.7740443782656249
0.7741783399035151
0.7741146513346846
0.7742238348407822
0.7741525126376586
0.7741771730260653
0.7742519806322651
0.7742912368002821
0.7742486918455278
0.7748340707180337
0.7747376715526152
0.7745956857634871
0.7745492970980298
0.7745123183416782
0.7743565720427813
0.7746389179773179
0.7746390416785278
0.7746570520854797
0.7748219626345741
0.774761346542835
0.7747581058453573
0.7750485824642429
0.7753123152868207
0.7754577291052103
0.7755016155803824
0.7754902077288078
0.7754054533772673
0.7755634210630091
0.7757128737541799
0.7757015654576669
0.7755440861684888
0.7757005610221933
0.7753450321420847
0.7752581805553999
0.7749337993375619
0.7748303299770201
0.7746731412399437
0.7747638917613551
0.7745910881887696
0.7745988396204889
0.7743328401909476
0.7741890123269285
0.7744463367945346
0.7743656787349312
0.7741870977030522
0.7741847795041265
0.774206764880159
0.7742312174936179
0.7743794150718291
0.7745071720564429
0.7746049441628985
0.7746303760735109
0.774216736499728
0.7740988678574163
0.7739910047537079
0.7738250528934061
0.7738486292316095
0.774133769616304
0.7739920306784702
0.7742420881512889
0.7741960604033591
0.7740503557676104
0.7742500897835952
0.7746137845728267
0.7744731985391525
0.7744932920814087
0.774163046443179
0.7740488697453723
0.7742745185246022
0.7738558817730496
0.773782662471479
0.773862680341927
0.7737247239642285
0.7737680373375555
0.7736922739208751
0.7737298824433471
0.7737226246944633
0.7738463136600724
0.7737433545596855
0.7737163825353577
0.7734272159129142
0.7732385797535168
0.7734050067992042
0.7734270922124347
0.7732323367609165
0.7731580202224347
0.7731710987433672
0.7732832098112632
0.7732762514801379
0.7733844839195345
0.7732277174988379
0.7733608337779903
0.7732621293651842
0.7734974848938841
0.7735303697417434
0.773609895558191
0.773658598023466
0.7737283991344464
0.7739998715664278
0.7741192275237807
0.7739553545128751
0.7740903711859501
0.7739496510636347
0.7740273983193476
0.7739655054117002
0.7741485389514156
0.7740754082160516
0.7741339777402421
0.7742017080878639
0.7742636902198435
0.7742377320260452
0.7744095322299525
0.7743485518022043
0.7744712161110999
0.7746130897476231
0.7740445019478829
0.7738737495208646
0.7737273946969161
0.7739711026810975
0.7739449974092477
0.7737026515457704
0.7740538455089406
0.7741965669832374
0.7742012189526759
0.7743444265632323
0.7744636756864103
0.7744746036156448
0.7744978592312596
0.7745003321886679
0.7745527935831125
0.774533949789051
0.7746058629446005
0.7746680514898338
0.774697776134146
0.7748040168736099
0.774787555906393
0.7748091941550768
0.7749609808443896
0.7749505406324698
0.7749265546263842
0.7748289090936644
0.7748030196312546
0.7748722070289437
0.7748888958516584
0.7747942142119568
0.775057830279942
0.7751437169661954
0.7750616632936468
0.7748991233070152
0.7747076307013846
0.7749093404384582
0.7749158303013087
0.7751246644754464
0.7750110333084269
0.774747462280673
0.7748365797142742
0.7746900270623148
0.7745088350916459
0.7743757917321575
0.7743420048936517
0.7743678611391787
0.774470469387012
0.7744429251300858
0.7743262543031278
0.7743415731204069
0.7742497218620739
0.7741905695633554
0.7743063132456109
0.7742442274946321
0.7740745574793616
0.7740434434566654
0.7740286313855266
0.7742534335404984
0.774173784565818
0.7743707238422356
0.7740274272643324
0.7740606789959965
0.7739145612681796
0.7737300305126288
0.7737639797827317
0.7737603997706263
0.7735858581340848
0.7734051875787701
0.773649752239852
0.7738037216133428
0.7738321712403542
0.773682597547449
0.7735535019284847
0.7733638257151402
0.7731412746074373
0.7733111912494579
0.7735440158542346
0.7736166568876103
0.773337147482286
0.7734025964329299
0.7732216510058986
0.77326870642711
0.7734720205889676
0.773638438857112
0.7736062892090311
0.7735400046461763
0.773461683133485
0.7735786472002034
0.7732311562830532
0.773406016819543
0.7734100727622065
0.773491501990409
0.7734336491716167
0.773387351105806
