0.9717057699401501
0.9827058399045531
0.9863643747836893
0.9895196794654628
0.9899790372596665
0.9913005133821022
0.9918880708622603
0.9923874356685106
0.992674004875177
0.9926120999486715
0.9926164151508151
0.9925993157591976
0.9925909484283163
0.9925774529015791
0.9925161049433879
0.9926675565289403
0.992825823798935
0.9929445258342202
0.9930851289236434
0.9931642572848003
0.9932348043088955
0.9934124485598121
0.9934919294743401
0.9934699379898472
0.9933205791539493
0.9933357774732828
0.9933604253150676
0.9933261797018708
0.9934001552225322
0.993411779220428
0.9934020142194311
0.9933036555669534
0.9932881391065556
0.9933218306479881
0.9933648059607549
0.9933591801135616
0.9933477601606324
0.9934217679433676
0.9935554516896673
0.9935911530823508
0.9935945417945355
0.9935826836849349
0.9936984924965508
0.993718006176375
0.9936740906899982
0.9936506664783855
0.993602725585483
0.993632251441162
0.9936635819986369
0.993634802738441
0.9937091030628614
0.9936781336429125
0.9936738066550078
0.9936367614549741
0.9936130261599089
0.9935191350633303
0.9935758562224184
0.9935924415544536
0.9935417020390779
0.993537303459191
0.9935085402744901
0.993465230651778
0.9934390986759978
0.9934200684293482
0.993442031868795
0.9934430790209687
0.9934351538958219
0.99347537096899
0.9934855636516712
0.9934601931784524
0.993484636491222
0.9934815918212287
0.9934637543036783
0.9934374682764061
0.9934516363748244
0.9934824452720306
0.9934919264817929
0.9935171890397204
0.9934713270098915
0.9934608990408599
0.9934338083644932
0.9934283768073007
0.9934490781542478
0.9934560871775538
0.9934399672320331
0.993452656524961
0.9933932380745846
0.9933853209705891
0.9933456433111111
0.993339825400331
0.9932964652582924
0.9932521297736455
0.9933037310343614
0.9933347254436108
0.9933371163921426
0.9933264590157775
0.9933484837876012
0.9933911433732556
0.9934157770597765
0.9934278943610155
0.993415080158141
0.993417095251112
0.9933939040710058
0.9933991666241997
0.9933865595540478
0.993372139158337
0.9933733780249433
0.9933442696078404
0.9933306034640146
0.9933437848961605
0.9932928905403335
0.9932957060445798
0.993299987356334
0.9932845316897027
0.9932853238630943
0.9933046463554384
0.9933173555700194
0.9933039287628294
0.9933227548731383
0.9933082898837987
0.9933138911404128
0.9933036642144869
0.9932762505620039
0.9932919905829648
0.993301957160242
0.9932993696971972
0.9932913649682552
0.993302685043342
0.9933029892013713
0.9933188414621057
0.9933415180920524
0.9933287716584729
0.9933314317950176
0.9933527355166247
0.9933523606326606
0.9933513237830449
0.9933588212821667
0.993354774933069
0.9933270671370704
0.9933145721989374
0.9933263275570119
0.9933145890686511
0.9933306815027722
0.9933207391898765
0.9933150213146503
0.9933284510778086
0.9933319707835093
0.9932972528302767
0.9932974710777452
0.9932924747453901
0.9932905293287707
0.9932987639578655
0.993304869065042
0.9932908412981111
0.9932808227541183
0.9932742756016708
0.9932603868568467
0.993264058861693
0.9932604280018484
0.9932680255385207
0.993278089483696
0.99329319434405
0.9932810490316006
0.9932937427415455
0.9933174242119058
0.9933212667612268
0.99331656643002
0.9932850687070481
0.9932832829421431
0.993286198556142
0.9932983036498695
0.9933048150808751
0.9932903107332994
0.993287539265951
0.9932858487675105
0.9932638367541791
0.9932516619505065
0.9932379448603331
0.9932440189146928
0.9932321189614461
0.9932355448220717
0.9932257565580002
0.9932169455279973
0.993202501314574
0.9932198296298482
0.993218702420534
0.9932003019621213
0.9931804125881507
0.9931746466145918
0.9931867445184187
0.9931834206835172
0.9931641804802349
0.9931529536686047
0.9931638186808764
0.9931768090324182
0.9931791568444619
0.9931791756813755
0.9931814267397977
0.9931806565800123
0.9931948165249108
0.9932071183451178
0.9932162517221662
0.9932321972512179
0.993251775798437
0.993266185193013
0.9932735647037608
0.9932824328351612
0.9932812132012125
0.9932890615336609
0.9932763072119405
0.9932819839471776
0.9932737867912299
0.993270386133358
0.9932593779153679
0.9932694792748877
0.9932597099229425
0.9932500556363322
0.9932549684268923
0.9932436512262707
0.993248170904601
0.9932610831693561
0.9932420072205872
0.9932403755818255
0.9932259688514874
0.9932261183627716
0.9932345621412372
0.9932410139713941
0.9932485984577942
0.99326064316373
0.9932647154315953
0.9932744339114951
0.9932807874960317
0.9932632568113989
0.9932452923357645
0.9932422193514906
0.9932313192865726
0.9932261253545948
0.9932316238797863
0.9932362064907989
0.9932290775624787
0.9932244230528071
0.9932302352025697
0.9932099370573555
0.9932051546229453
0.993181030160302
0.9931836009176489
0.9931923811754868
0.9931828788246201
0.9931648995994692
0.9931873660020695
0.9932042555380415
0.9932052972540681
0.9932154420983721
0.9932116810252177
0.993227299176608
0.993244901557353
0.9932399987027518
0.9932304610237962
0.9932331904559611
0.9932445604093326
0.9932452708534051
0.9932480567878363
0.9932506024425842
0.9932571893664538
0.9932450383731747
0.9932418282873129
0.9932318964689034
0.9932275004801622
0.9932224965783346
0.9932279016237688
0.9932318409199022
0.9932239096150769
0.9932266378784392
0.993238174058167
0.9932289643430471
0.9932428029248384
0.9932511490674871
0.9932534944310742
0.9932451668658383
0.9932541964257544
0.9932489373114276
0.9932425515638404
0.9932419347638384
0.9932398801201707
0.9932626816284307
0.9932655458223345
0.9932801242736928
0.9932920544105953
0.9932869936092482
0.9932967533012323
0.9933089140446488
0.9933058432095584
0.9933021452810712
0.9932993894270459
0.9932886653011247
0.9932828194351007
0.9932817632849185
0.9932921577168884
0.993297414419958
0.9932982478482985
0.9932747230348697
0.9932748306503532
0.9932736429879507
0.9932714654502331
0.993270048355409
0.9932740794777127
0.993267967663846
0.9932576677720629
0.9932495967536146
0.9932470810987697
0.9932489827746155
0.9932431207720964
0.9932325636097233
0.9932455144048258
0.9932467853830437
0.9932499261644298
0.9932479101287214
0.9932421932811141
0.9932343551685694
0.993231913141133
0.9932329592614207
0.993228937944138
0.9932208639226402
0.9932244358495905
0.9932232778400816
0.9932354084770141
0.9932400410666794
0.9932422764306902
0.9932272359844941
0.9932360428315381
0.9932504019112094
0.9932543612233332
0.9932493860732612
0.9932501746429359
0.9932601947398721
0.9932699051776347
0.9932645015210009
0.9932621777977211
0.9932613539739931
0.9932465542379347
0.9932467653912201
0.9932425541949618
0.9932366411444643
0.9932312457127023
0.9932342493139468
0.9932465997238168
0.9932419627428136
0.993246751570878
0.9932549351181843
0.9932532108198373
0.9932568941949109
0.9932609908672033
0.9932668946729954
0.9932709884422188
0.9932724902502428
0.9932636781569684
0.9932689575519206
0.9932662792486451
0.9932652318435855
0.9932598279555305
0.9932564921450251
0.9932556734344993
0.99326022501037
0.9932688223851687
0.9932717510810124
0.9932749122951037
0.9932765052205365
0.9932716722583106
0.9932654814788217
0.9932609675496297
0.9932511536465398
0.9932438108219898
0.9932517477635676
0.9932451240845763
0.9932480240900002
0.9932552591042407
0.9932552794976451
0.9932493954406026
0.9932440264346428
0.9932411331217752
0.9932435664829862
0.9932351192394826
0.9932297966875216
0.9932262991112648
0.9932233112555393
0.9932284994525162
0.9932331186746751
0.9932406753099352
0.9932353027876455
0.993236161085235
0.9932396219300714
0.9932340841654307
0.9932360038824626
0.993239067869587
0.993242025233903
0.9932340922447117
0.9932318658117298
0.9932386235681303
0.9932493968415147
0.9932477520151569
0.993252853014821
0.9932532443477694
0.9932460643891013
0.993245727724528
0.993236591481003
0.9932401872394702
0.9932383548697498
0.9932509205932772
0.9932575291019332
0.9932610537903088
0.9932619070266112
0.9932645630885439
0.9932662537953231
0.9932652341105838
0.9932661177155742
0.9932669778657339
0.9932662359452318
0.9932625511294586
0.9932642197045599
0.9932643483622129
0.9932600587556935
0.9932612230023741
0.9932619230223265
0.9932637723636784
0.9932616417405967
0.9932549659960791
0.9932510389847395
0.9932594636494634
0.9932653940728154
0.993265335644377
0.9932591007444057
0.9932679321037314
0.9932822332647394
0.9932944587743049
0.99329809383161
0.9932958170833968
0.9932941351618304
0.9932913465230889
0.9932971250664956
0.9932944747548484
0.9932958933467559
0.9932953896844547
0.9932990234593287
0.993298290337662
0.9933084061042401
0.9933140226056576
0.9933152174814669
0.9933177213834946
0.9933261787009032
0.9933276396899567
0.9933284825676404
0.9933284299262042
0.9933271429177525
0.9933161889544043
0.9933176645814557
0.993312655815302
0.9933040138088013
0.9933040405049235
0.9933014859742827
0.9933029072414645
0.9933026951755924
0.9933012234156272
0.9933079069010359
0.9933054194263758
0.9933181746908232
0.9933195159431537
0.9933271801747987
0.9933266268143893
0.9933250556524229
0.9933287009336562
0.9933224484364345
0.9933205787299317
0.9933271028556292
0.9933267902710473
0.99332305887862
0.9933260721418683
0.9933259692847028
0.9933223635949063
0.993317867158421
0.9933106564587066
0.9933138014638665
0.9933136821175391
0.993310775001792
0.9933162139609888
0.9933201364740154
0.9933256482216466
0.9933250635908218
0.9933330356227849
0.9933313545297654
0.9933336933753375
0.9933327224511076
0.9933337864452324
0.9933332843123736
0.9933352917658499
0.9933403078876636
0.9933430273015587
0.9933420495830576
0.9933369327486445
0.9933331687402588
0.9933389964019583
0.9933369081966735
0.9933362078698849
0.9933329889806717
0.9933368746944884
0.9933366618237253
0.9933378219030126
0.9933392919848645
0.9933432805220089
0.993345094403959
0.9933460029173814
0.9933466355363896
0.9933437675951481
0.9933417397937867
0.9933422157851052
0.9933398858078126
0.9933455206288805
0.9933438147936033
0.9933359376509701
0.9933323728041223
0.993331256647641
0.9933244986997316
0.9933234603985527
0.9933371532650636
0.993335332896607
0.9933339659024938
0.9933263304476275
0.9933316317016796
0.9933264265191858
0.9933261152836089
0.9933281962517473
0.9933333902373271
0.9933389631038655
0.993341038177626
0.9933376561389233
0.9933383273010764
0.9933366859176977
0.993340248059955
0.9933344870638307
0.9933344408083973
0.9933366050240537
0.9933310291493707
0.9933261049378871
0.9933191884650839
0.993310688793357
0.9933084721349495
0.9933064542210355
0.9933026006235601
0.9933003608629876
0.9932950140532941
0.9932966271921085
0.9932890503527987
0.9932909811902868
0.9932894767707834
0.9932850491624153
0.9932892663373147
0.9932831789990281
0.9932812827517589
0.99328182143554
0.993276899420645
0.9932741801047893
0.9932706818266329
0.9932771586922723
0.9932768762105104
0.9932776026564478
0.993280899682182
0.9932757368946694
0.993275923238406
0.9932801651894082
0.993279874196041
0.9932763276896417
0.993277528886287
0.9932750752119057
0.9932762257761996
0.9932729296521762
0.9932710288828963
0.9932655555368595
0.9932656976188965
0.993269507397781
0.993270506830061
0.9932751628620495
0.9932745336361213
0.9932778652614176
0.9932785137110848
0.9932790742950333
0.9932796968846256
0.9932756248910696
0.9932736279912178
0.9932721527188437
0.9932678910727344
0.9932657441664189
0.993264995283586
0.9932619491068369
0.9932592951613565
0.9932581284854932
0.9932525840881573
0.993251748251558
0.9932534370763053
0.9932491371334169
0.9932523814037287
0.993245900079906
0.9932467695063515
0.9932421248575907
0.9932374763276492
0.9932387541952292
0.9932376338155579
0.9932340884366082
0.9932318510272026
0.9932331702654125
0.9932306031651592
0.9932317896035423
0.9932297311345929
0.9932308823620535
0.9932322572709148
0.9932299026514978
0.993227445688974
0.9932327433249097
0.9932325709271724
0.9932283818876674
0.9932268440190178
0.9932323222178562
0.9932315102921576
0.9932270033410535
0.993227434720713
0.9932284845575706
0.9932309173603708
0.9932362225357401
0.9932424527090209
0.9932435402044995
0.9932531246061893
0.9932579102686919
0.9932601880498363
0.993263279095363
0.9932672080318803
0.9932718066102126
0.9932666675829541
0.9932663315732174
0.9932690935426247
0.9932700907536225
0.9932645041976352
0.9932639106600715
0.9932624418904636
0.9932608560332566
0.9932620081998637
0.9932583912845929
0.9932534917809555
0.9932517948906422
0.993249588988322
0.9932454790162668
0.99324241241671
0.9932369239355975
0.99323845895529
0.9932386333034593
0.9932320907834272
0.9932341817557744
0.9932301639590577
0.9932296885422908
0.9932292832916098
0.9932250548961076
0.9932245611634166
0.993229409673998
0.9932249698233239
0.9932196092369142
0.9932162646265181
0.9932122983861139
0.9932030783004983
0.9932032555051366
0.993202421652041
0.9931984912102079
0.9931980470438813
0.993206208053404
0.9932091541315793
0.9932108550810881
0.9932097588838513
0.9932066398878766
0.99320962274344
0.9932019272832949
0.9932030563778084
0.9932027221226146
0.9931994551078798
0.9932030500706722
0.9932055127982965
0.9932113312391517
0.9932120221893055
0.9932153048071147
0.9932184869655407
0.9932174052125944
0.9932157213164255
0.9932157162486733
0.9932181805882054
0.9932146457192275
0.993217456243806
0.993224844544729
0.9932266897154773
0.9932260886841868
0.9932230826363163
0.9932258023435218
0.9932243225342123
0.9932227291705856
0.9932216834519002
0.9932245746054371
0.9932196932769167
0.9932200699483638
0.9932197810409649
0.9932217745785781
0.9932221397149538
0.9932203851712536
0.9932244842500321
0.9932247283768021
0.9932266078067862
0.9932249626357436
0.9932312449302111
0.9932319038649655
0.9932327271372288
0.9932325267009822
0.9932284593496841
0.9932241190725238
0.9932228572782518
0.9932215138691275
0.9932171065000622
0.9932106732415953
0.9932073054495588
0.9932017156587545
0.9931954970178181
0.9931906790026608
0.9931903591970095
0.9931851652898187
0.9931873002447719
0.993185915686534
0.9931822032445871
0.9931833093916305
0.9931806814707972
0.9931764419288067
0.9931759661495309
0.9931729107442447
0.9931692559285095
0.9931676855040223
0.993168441361808
0.993166069111152
0.993168363858103
0.9931690957875853
0.9931678812824879
0.9931694852493514
0.9931717571885631
0.9931679976097073
0.9931702041640252
0.9931667162071725
0.9931669513317128
0.9931674827501786
0.9931669372629698
0.9931616920612473
0.9931641760420858
0.9931630321778717
0.9931656090209116
0.9931662437508371
0.9931672507307865
0.9931691531152087
0.9931775097571156
0.993179720703142
0.9931783613788769
0.9931813675629121
0.9931841845611912
0.9931905617897858
0.9931956123898811
0.9932021475593436
0.993202444024594
0.9932047350689004
0.9932037277291622
0.9932048247378995
0.9931994922968254
0.9931999027684278
0.9931937097536997
0.9931913873588236
0.9931937434740149
0.993190707122051
0.9931848582065843
0.9931859042852736
0.9931829663374306
0.9931840274434739
0.9931839854653539
0.993183635236341
0.9931841636055928
0.993181667764835
0.9931831953526211
0.9931811898416609
0.9931821894049639
0.9931792619956884
0.9931800827189085
0.9931800805027688
0.9931757976121581
0.993174183269599
0.9931761830364753
0.9931744864212385
0.9931761636204338
0.9931691472459456
0.9931734327682552
0.9931793102327208
0.9931821889874923
0.9931825985543244
0.9931852583755545
0.9931844038174513
0.9931878935090811
0.9931888791799678
0.9931902019393587
0.9931886569185453
0.9931901072994863
0.993189058041793
0.9931913019362402
0.9931900574746103
0.9931933677365924
0.9931914763066463
0.9931918691160919
0.9931897665720992
0.9931881592123915
0.9931895467817438
0.9931838896972112
0.9931821013877012
0.9931793294782232
0.9931802206478846
0.9931826485085347
0.993182875711197
0.9931869802357157
0.9931823492930442
0.9931856864820812
0.993190553140534
0.9931953806034715
0.9931948569466277
0.9931935642980141
0.9931896737834065
0.9931893281279053
0.9931932057148085
0.9931877169673271
0.9931828587462833
0.9931820310973207
0.99318303039028
0.9931802876482405
0.9931791738235051
0.9931788113493253
0.9931809467409847
0.9931794552461284
0.9931830748411252
0.9931822950181587
0.9931798339614292
0.9931858294607663
0.9931854448655167
0.993188227920306
0.9931919522138765
0.9931939142875781
0.9931961861277538
0.9931930391649866
0.9931955697846454
0.9931961342572976
0.9931936048178016
0.9931913392137148
0.9931919610559753
0.9931931178526893
0.993194285892947
0.9931948916912086
0.9931983600478198
0.993198799948407
0.9931976666943326
0.9932012304703499
0.9932021359649512
0.99319748484618
0.9931934483029583
0.9931950432078314
0.9931955745270539
0.9931934784631613
0.9931943473669116
0.9931956005532796
0.9931985541190558
0.9931951857921789
0.9931933497948713
0.993194330531157
0.9931919582639479
0.9931943867333345
0.9931959225706688
0.99319148397465
0.9931889381120476
0.993190418022393
0.9931926734918258
0.9931908453819897
0.9931883448914749
0.993189338752105
0.9931894420493923
0.993189447371905
0.9931900283930386
0.9931905866958677
0.993192053042079
0.9931954408337134
0.9931979724497478
0.9931993455334807
0.9931986325190341
0.9931958774461679
0.9931951677118749
0.993197620027427
0.9931987945227847
0.9931933238060521
0.9931929428019007
0.9931945284831233
0.9931933945838811
0.9931948386149007
0.9931991261668903
0.9931973226117042
0.9931987092010931
0.9931964806543921
0.9931940206910388
0.9931890335064243
0.9931893768473342
0.9931865474473173
0.9931885680100351
0.9931934240597622
0.9931946116878086
0.9931883605544833
0.9931863557052397
0.9931850213836111
0.9931838689151539
0.9931837963683317
0.9931846424684804
0.9931847659464508
0.9931824266840792
0.9931767175778836
0.9931797182223735
0.9931778960566552
0.9931781771903158
0.9931793302284766
0.9931805221562597
0.9931820160975782
0.9931820010829941
0.9931827417827588
0.993186718625609
0.9931840414598366
0.9931822658011074
0.9931826828995909
0.9931814290304987
0.9931806324033875
0.9931807219592105
0.9931814213281522
0.99318101026997
0.9931810783485892
0.9931802160018235
0.9931811288378778
0.9931836922982408
0.993181920339384
0.9931859207076599
0.9931880277436408
0.9931873617581181
0.9931840648116234
0.9931847728957153
0.9931838167472948
0.9931853172288596
0.9931856444343554
0.993187437511753
0.9931890716126608
0.9931904658807295
0.9931895355485231
0.9931880151298379
0.9931901118129945
0.9931914105283814
0.9931905268712375
0.9931935097134484
0.9931941537606939
0.9931940904295365
0.9931927569479639
0.993193190352924
0.9931969914198514
0.9931967314118652
0.993193999894898
0.9931986451438224
0.993198332784315
0.9932001634872244
0.9931977619848653
0.9931975232834264
0.993197486863414
0.9931977870713296
0.9931986700242397
0.9932007018050736
0.9932002092267098
0.9932014362824463
0.9931976872217796
0.9931989427904021
0.9931986296648403
0.9931977790388551
0.993199704321727
0.9932018389064432
0.993201313506503
0.9932036928711292
0.9932030175632043
0.9932012149066678
0.9931979018903828
0.9931955776037691
0.9931940217251861
0.993193132677737
0.9931939682772756
0.9931970778509758
0.9931936108368563
0.9931937126034944
0.9931919344327236
0.993191258902588
0.9931943269326814
0.9931958526480525
