0.9833336029546949
0.9892844203398473
0.9905993803980219
0.9929451864387985
0.9927140034401475
0.9933157610486266
0.9934936182503187
0.9934532253821146
0.9936910791993008
0.9933644644072638
0.9933710512354856
0.993375105460517
0.9934612866972703
0.993275778296129
0.9931927700506754
0.9933320798556653
0.9934578136444246
0.9934465761311714
0.9933126560463365
0.9932422792478892
0.9932606859726606
0.9934182668261288
0.9934602855467937
0.9935738337987374
0.9935170672278837
0.9935139479448781
0.9937246767096177
0.993824998574265
0.9938091470006809
0.9938809073245802
0.9938411270813292
0.9938045485818491
0.9937658517648335
0.9937280743254636
0.993617648862057
0.9935103311341913
0.9935330543193193
0.993474057493658
0.99349231391476
0.9934720101980669
0.9934168470623466
0.9933768441203922
0.9934140167191923
0.9934502704240696
0.99348733854992
0.9934841931772751
0.9935180734176798
0.9934226506571511
0.9933970752688198
0.9933284386476207
0.9933699396791406
0.9933504798796748
0.9933614822270316
0.9933796120621787
0.9933664887278495
0.9933637598971203
0.9933888261413011
0.9934351229264679
0.9934060299807014
0.9933984305953032
0.9934183408483185
0.9934110088574818
0.9934273481293432
0.9934154643523675
0.9934629986804947
0.9935056642437772
0.9934939669514813
0.9935189127937645
0.9935508519774647
0.9935705193927242
0.9935743758556853
0.9936272752729899
0.9936479032026565
0.9936666313978593
0.993680760592979
0.9936974389541896
0.9937215403441548
0.9937627596218553
0.993780997166171
0.9938046857368278
0.9938306535519627
0.9938186988707155
0.9938115681657885
0.9938380382446772
0.9938250851092821
0.9938520825540342
0.9938570865712099
0.9938909900511653
0.9939222163410826
0.9939242301942819
0.9939234910820606
0.9939408656784919
0.9939763762122328
0.9939849409396034
0.9939628560956584
0.9939340885499477
0.9939243962623655
0.993960378243796
0.9939642071192024
0.993952475960684
0.9939461806134867
0.9939426663141364
0.9939400610091201
0.9939536872932925
0.9939782506204315
0.9939704476711921
0.9939458873804914
0.9939847702836134
0.9939873348482141
0.9939899227091007
0.9940093470067923
0.993992967401057
0.9939651604332181
0.993950614790751
0.9939579870148457
0.993979666034133
0.9940007745831239
0.9940128852690598
0.9940057799322398
0.9940013928862705
0.994019629740925
0.9940112553266548
0.9940240637307225
0.9940087058606271
0.9940219524913847
0.9940212840231393
0.9940054835399543
0.9940262269560205
0.9940312606642693
0.9940532321017265
0.9940584419278521
0.9940580460133356
0.994030736782605
0.9940448296055427
0.9940545422259238
0.9940591519279318
0.9940790169921956
0.9940829246030906
0.9940567578845205
0.9940685651970455
0.9940885019337682
0.9941234378227503
0.9941828135466475
0.9942055528860905
0.9942006261566119
0.9942079884443835
0.994217753868928
0.9942110445624371
0.9941838585167073
0.9941776720589977
0.9941814671465602
0.9942026790618701
0.994185510336835
0.994167816046093
0.9941525052093367
0.9941249299123244
0.9941288456888125
0.9941156261494263
0.9941356843005735
0.9941270729256505
0.9941522253412685
0.9941480907620885
0.9941409142968349
0.9941561729266851
0.9941552945362699
0.994158820596572
0.9941597235630429
0.9941433227157376
0.9941340641553841
0.9941111264641463
0.9941124234439581
0.9941159858884676
0.9941066033455443
0.9940920897500588
0.9940837694444811
0.9940787313455957
0.9940896580197359
0.9940615743284373
0.9940713936834155
0.9940647039482722
0.994061730980104
0.9940472880948752
0.9940243880473166
0.9940293449905638
0.9940229863374771
0.9940023544445129
0.9940074700417804
0.9940145047167129
0.9940135266162772
0.9940266193245892
0.9940182020652886
0.9940166510993361
0.9940247812941564
0.9940552559198138
0.9940582443800315
0.9940599916657029
0.9940534633878522
0.9940641158919802
0.9940555709997331
0.9940674001517558
0.9940742001474768
0.9940778040282853
0.9940914410576339
0.9941197183449684
0.9941309232114035
0.994160028841405
0.9941604514395442
0.9941630610153767
0.994175876927323
0.9941724563812968
0.9941803490913856
0.9941657591954175
0.9941363700812791
0.9941150355903033
0.9940863499357362
0.9940805766799871
0.9940765385725879
0.9940850078638189
0.9940810729146283
0.9940853283502503
0.9940980700693279
0.9940816304747709
0.9940920597063457
0.9940941578220729
0.9940936137167994
0.994100137834487
0.9940955751880665
0.994092015546795
0.9940796300675054
0.9940810191800524
0.9940739515641471
0.9940854594854535
0.994085790632513
0.9940622716787352
0.9940728124566421
0.9940725407147788
0.9940918661372474
0.9941026260665083
0.9940920888670316
0.9940798824998776
0.9940693145656612
0.994066736104548
0.9940613954381667
0.9940656090621347
0.9940558580383015
0.9940617834427125
0.9940639812215107
0.9940671954580836
0.9940615664853293
0.9940662248177574
0.994076265557912
0.9940723459648119
0.9940729330952779
0.9940650233203437
0.9940642991955334
0.9940780691352723
0.9940876456180787
0.994089496290585
0.9940904666724886
0.9940950168308015
0.9941019210682025
0.994105581497359
0.9941081065180081
0.9941104445280335
0.9941217722460595
0.9941179738938797
0.9941161015572734
0.9941212639039121
0.994121965790816
0.9941158509718325
0.9941195779296073
0.9941137987616288
0.994108869806273
0.9941013902552475
0.9940864464731239
0.9940854495518129
0.9940761991221407
0.9940628963054088
0.9940547932956281
0.9940596374356305
0.9940587740266822
0.9940481284041123
0.9940340713938667
0.9940283200207195
0.9940299994726014
0.9940276597197475
0.9940113322905428
0.9940196328216672
0.9940219108727862
0.9940271330678807
0.9940295990036996
0.9940248254330831
0.9940296690538865
0.994046729252542
0.9940468767086854
0.9940405788483815
0.9940556785736917
0.9940528675664076
0.994040589775494
0.9940475650796934
0.9940360918002569
0.9940343405145569
0.9940450412709863
0.9940447888427897
0.9940390324689864
0.9940419537151128
0.9940425363189337
0.9940396920124397
0.9940476415365082
0.9940649258387517
0.9940693183069303
0.9940662150188204
0.9940818271568067
0.9940825127878243
0.9940875703665626
0.9941085897145794
0.9941105846020543
0.994103506531867
0.994110080853928
0.9941049369081291
0.9941161331159801
0.9941249115870748
0.9941260366373951
0.9941346301003237
0.9941314350569177
0.9941252381625114
0.9941296154289244
0.9941280696489215
0.9941330232094724
0.9941313235614849
0.9941422389701052
0.9941466167096986
0.9941353815816568
0.9941316147421695
0.9941415053752335
0.9941554379473518
0.9941482701425814
0.9941484247768371
0.9941418321995603
0.9941406730101169
0.9941359764369355
0.994137338913453
0.9941432686194389
0.9941497624807851
0.9941453961694231
0.9941521628927852
0.9941517704744376
0.994163686976524
0.9941537257493905
0.9941543002781651
0.9941518412587735
0.9941522348059507
0.9941518590001804
0.9941610396336789
0.9941509335922563
0.994158356803268
0.9941585772562301
0.994153380730977
0.9941525555680946
0.9941513950824895
0.9941467066309088
0.9941483965228343
0.9941473383844933
0.9941546605442586
0.9941651753183643
0.9941677979489495
0.9941690138195808
0.9941642433278607
0.9941683105899493
0.994164119941782
0.9941542604914873
0.9941480725759212
0.9941572076355244
0.9941601597980573
0.9941636274548271
0.9941642760932353
0.9941709783314032
0.9941588305640802
0.9941553799445816
0.9941559923730225
0.9941542470392039
0.9941638268115476
0.9941641094008815
0.9941613148345915
0.9941562206726734
0.9941465948215207
0.9941556748060029
0.9941596054667391
0.9941566661988308
0.9941507832094143
0.9941507994067618
0.9941391997890194
0.9941437374322479
0.9941413371536963
0.9941470287720355
0.994152958925187
0.9941493850536867
0.994152744023856
0.9941450786834933
0.9941429550061561
0.9941405991303373
0.9941455362993443
0.9941415611811699
0.9941400214528907
0.9941447555883716
0.9941522037427176
0.9941414906550302
0.9941300139938261
0.9941126360361693
0.9941067355939697
0.9940989367476801
0.9940976932376139
0.9940984517746058
0.9940961615599009
0.9940962817548565
0.9941001450167203
0.9940973394195218
0.994098680760615
0.9940976864064558
0.9940964083073229
0.9940962090146906
0.994101746168736
0.9940902687762873
0.9940868667454507
0.9940779636721293
0.9940781474487271
0.9940791431563609
0.9940840919023648
0.9940915335623095
0.994087888019239
0.9940892162737761
0.9940915664810989
0.9940921624351501
0.9940947822878865
0.9940900492516702
0.9940935896636663
0.9940907251143284
0.9940946048671174
0.9941004100555091
0.994102572454634
0.9941095725933151
0.9941235437503364
0.9941157262693735
0.9941227579327233
0.9941303226296291
0.9941299640743009
0.9941297585400197
0.9941229635248985
0.9941192601840474
0.9941096047155175
0.9941078411276898
0.9941049286298236
0.9941031093192634
0.9940961129445252
0.9940967647954404
0.9940943082768046
0.9940895933510261
0.9940917608369688
0.994086935007222
0.9940912566322964
0.9940884823413997
0.9940841086739453
0.9940916784740811
0.9940923458059243
0.9940947429056423
0.9941042700791005
0.9941093607094469
0.9941092589564217
0.9941012216364828
0.9941034864714836
0.994096960101278
0.9940918122065908
0.994090187021795
0.9940914903148039
0.9940902892640869
0.994082400172959
0.9940755245532338
0.9940756259709002
0.9940735449319352
0.9940713978936051
0.9940685262427607
0.9940708472911216
0.9940646797293768
0.9940649506368638
0.994060184593311
0.9940577233437846
0.9940625152773603
0.9940741961343865
0.9940743396257748
0.994081136617802
0.9940771760551342
0.9940866646649781
0.994084507489646
0.9940867761553401
0.9940882038522169
0.9940918039092483
0.9940921923195756
0.9940918533136875
0.994093499075384
0.9940981159009783
0.9941007350582435
0.9941017041943686
0.9941026475156868
0.9941110027669311
0.9941181132603748
0.9941214097374487
0.994123324559231
0.9941231102182164
0.994126865658341
0.9941224067658134
0.9941171646519024
0.9941173239342349
0.9941155773267237
0.9941131608853645
0.994113495780901
0.9941100291792083
0.9941060087229635
0.9941058603011618
0.9941061354878983
0.9941105802857282
0.9941099342148404
0.9941069688662343
0.9941156209448233
0.994111786442217
0.9941080946041628
0.9941012360989847
0.9940975364852896
0.9940910673846894
0.9940937178489605
0.994089947872542
0.994085336592873
0.9940899494805018
0.9940874605349374
0.9940827546786646
0.994087470446351
0.9940915591834929
0.9940930515276609
0.9940886420587333
0.9940906840478217
0.9940883141736911
0.994091723150952
0.994090519935699
0.9940888051804538
0.9940813433662972
0.9940794906909526
0.9940694912147753
0.9940688376416772
0.9940702528732084
0.9940771757367936
0.9940659420252262
0.9940669752517254
0.9940647649327473
0.9940697654051561
0.994077180067084
0.9940837695752112
0.9940876519107116
0.9940867054792166
0.9940947340881835
0.9940987381754537
0.9940952561079603
0.9940895013857847
0.9940865297958629
0.9940863917358396
0.9940887521095997
0.9940994550229365
0.9940904683976798
0.9940974977033119
0.9941027877550473
0.9941030819114641
0.9941020432107647
0.9941051632702559
0.9941070693512044
0.994105561532782
0.9941056207729079
0.9941004302116512
0.9941000207386739
0.994105256854846
0.9941110788817327
0.994115387909607
0.9941184515245324
0.9941186563851765
0.9941202676114642
0.9941165629011182
0.9941159903023594
0.9941202148820116
0.9941184297941622
0.9941244560631031
0.9941269245141855
0.9941276231295713
0.9941212682836471
0.9941250806483689
0.9941268112119988
0.994126138602385
0.9941254326388628
0.9941274949499664
0.9941268636963412
0.9941270534968288
0.9941193429099487
0.9941218750292952
0.9941231500492549
0.9941256318908193
0.9941213668591784
0.9941211343727093
0.994124112604851
0.9941301399896343
0.9941289299892238
0.9941284336649339
0.9941297080378897
0.99412539659916
0.9941293336640133
0.9941309947413576
0.9941317103345474
0.9941336051796599
0.9941287798726712
0.9941227589316972
0.9941226165589766
0.9941167464770005
0.994114535900918
0.9941095031784521
0.9941053537574492
0.9941049233261282
0.9941085760331236
0.9941051837496858
0.9941007551784385
0.9941053838837137
0.9941050361232794
0.9941033067161273
0.9941017360724523
0.9941056782936892
0.9941050263873761
0.9941068960876508
0.9941044983727253
0.9940960972293351
0.9940984242512939
0.9940951176707172
0.9940916084141813
0.9940874362454715
0.994089063064745
0.9940842061516686
0.9940794629848112
0.9940791610072384
0.994079156058779
0.9940803079824118
0.9940821992369996
0.994080824880624
0.9940789789323176
0.9940833743022326
0.9940814899594961
0.9940807514100612
0.9940840236692219
0.9940876213819758
0.994088258074681
0.9940900179832818
0.9940949611698892
0.9940938681612836
0.9941005986724826
0.9941019326536428
0.9940994658896957
0.9940950166971612
0.9940948631905375
0.9941012589315051
0.9940998281702988
0.9940990795067672
0.9941082833766887
0.9941115294322737
0.9941103166553571
0.9941053285388683
0.994104557776122
0.9941079678974618
0.9941099742709802
0.9941120585503778
0.9941151539201835
0.9941162922293573
0.9941166138993153
0.9941184429760945
0.9941161460615916
0.9941150036544592
0.9941141067313798
0.994118637314764
0.994111097233854
0.9941132642473844
0.9941139798208151
0.9941082865105044
0.9941085051954482
0.9941080416438481
0.994104622978136
0.994104150226319
0.9940998767434577
0.9940926567379885
0.9940884129358584
0.9940907000937661
0.9941007311510737
0.9941070942732523
0.9941084817915663
0.9941133818161724
0.9941101154912971
0.9941063074623493
0.994100878819084
0.994095235596033
0.9940949109732079
0.9940959211181678
0.9940925869574154
0.9940914919396654
0.9940903691968602
0.9940884619689693
0.9940880511382348
0.9940833213223439
0.9940826475178997
0.9940795755808829
0.9940791070125966
0.9940780601650289
0.9940729992606709
0.9940747498995492
0.9940746059567808
0.9940725136286224
0.9940760510393867
0.9940799195583946
0.9940816394799571
0.9940812966098633
0.9940866921886699
0.9940906877665259
0.9940900098258179
0.9940935626257207
0.9940929237403193
0.9940936834430127
0.9940929538096788
0.9940873426815175
0.9940835276707429
0.9940832745978939
0.9940841761603405
0.9940843026352718
0.9940891912227925
0.9940841452687975
0.9940846262485076
0.9940904064414894
0.9940906927334251
0.9940922063884613
0.9940889348838421
0.9940905779919635
0.9940936081593709
0.9940918368078149
0.9940950703001926
0.9940929152890398
0.9940933655256695
0.9940979509399471
0.9940959037544396
0.9941001778919458
0.9940998701652428
0.9941020579375793
0.9941014663284315
0.994103100362008
0.9941039286715943
0.9941061981147808
0.9941059006406648
0.9941071496466688
0.9941019143760851
0.9941013957995073
0.9941034626293646
0.9941043792739842
0.9941031446640786
0.9941059268745392
0.9941040431786491
0.994101832803632
0.9941022962236847
0.9941004372508878
0.9940953508373505
0.9940971968123824
0.9940987789991662
0.994098111946997
0.994096136978859
0.9940955630893797
0.9940948641437051
0.9940909569816884
0.9940911651099235
0.994086085001489
0.9940840157439628
0.9940796735254431
0.9940756601310611
0.9940767604710724
0.9940768669841834
0.9940755279970007
0.9940764247900332
0.994075029645486
0.9940724430963453
0.9940717852190214
0.9940733272736977
0.9940693045369376
0.9940693056607753
0.994069247465921
0.9940681597396418
0.9940677359481208
0.9940671307240795
0.9940649107405778
0.9940599439064318
0.9940554108338827
0.9940564732518109
0.9940576186136801
0.9940536438353782
0.9940498108921879
0.9940501293032624
0.9940437646408326
0.9940415014610156
0.9940398707981702
0.9940392115480293
0.994039944704781
0.994036919133933
0.9940320699290612
0.9940349859592414
0.9940364371432824
0.99403366383477
0.9940383710246511
0.9940398496663264
0.9940377941407527
0.9940364913256822
0.9940325584591118
0.9940293024553905
0.9940300518987017
0.9940303317017734
0.9940298654029529
0.9940299199624429
0.9940307309222617
0.9940326059080241
0.9940327826830347
0.9940334946365262
0.9940345637815977
0.9940351882424033
0.9940370149033638
0.9940398076808934
0.9940373642655321
0.99403810082357
0.9940409397317296
0.9940380920647548
0.9940374280524715
0.9940376226549694
0.9940397336026587
0.9940393525675252
0.9940424771720573
0.9940418539984908
0.9940363219257315
0.9940363165952126
0.9940324808056579
0.9940320954064701
0.9940287397393954
0.9940262932007077
0.9940232734833566
0.9940237970412741
0.9940251289203705
0.9940241247497892
0.9940224091448426
0.994025152273592
0.9940261626610631
0.9940265656789377
0.9940282172142416
0.9940249142364703
0.9940245661963888
0.994018694575521
0.9940173004857337
0.9940175350157135
0.9940124468715171
0.9940115689415727
0.9940096452289479
0.9940087523733989
0.9940112590190743
0.9940109425754964
0.9940068264776265
0.9940073532374494
0.9940053859937276
0.9940057072061949
0.9940037755714892
0.9940026812437575
0.9940002046738343
0.9940009804508981
0.9940018997055046
0.9940028957943456
0.9939990453924692
0.994001334643508
0.9940024859675927
0.9939986122826582
0.9939994710635494
0.9939982644153588
0.9939943594673801
0.9939930282455061
0.9939929438479667
0.993991730539145
0.9939929868797553
0.993991230541249
0.9939878991327384
0.9939846307622029
0.9939853259982759
0.9939827436852844
0.9939808489315107
0.993980689386021
0.9939806954855285
0.9939806829295722
0.9939781300628483
0.9939791291882992
0.993976398952245
0.9939717902136811
0.9939717330479088
0.9939653630706937
0.9939639124687595
0.9939645113908917
0.9939645251404265
0.9939664683818585
0.9939628731458157
0.9939624745472042
0.9939667776546105
0.9939672478911291
0.9939688788179359
0.9939710829152184
0.993970536810103
0.9939725978901409
0.993970737092655
0.9939741362833237
0.9939778079719889
0.993983720017948
0.9939856843483308
0.9939851902987599
0.9939910733262125
0.9939909694393115
0.9939913988501852
0.9939902032460421
0.9939917399701762
0.9939910594727459
0.9939961772169362
0.9939966572339
0.9939996338867921
0.9939987522475509
0.9940046246254497
0.9940065201426762
0.9940087868534794
0.9940088891996379
0.9940125140578754
0.9940100591868085
0.9940100492653159
0.9940149305726123
0.9940145846405269
0.9940174713439671
0.994014930828762
0.9940137854225969
0.9940144536952754
0.9940170070874902
0.9940173335864857
0.9940184707654118
0.9940179686941356
0.9940187069834413
0.9940181107191459
0.9940218322390555
0.9940206719120936
0.9940224658849847
0.9940225736293948
0.9940197867157535
0.9940220597922197
0.9940254615824039
0.9940304555430896
0.9940313845632054
0.9940302848559028
0.9940311359868349
0.9940303934940219
0.9940306131526487
0.9940320486613662
0.9940343075995156
0.9940311418972191
0.9940288607681118
0.9940265134662752
0.9940276298501105
0.9940302634405042
0.9940314192979294
0.9940282839715019
0.9940254525320579
0.9940277980337431
0.9940262419181474
0.9940267972426164
0.994027119961953
0.9940256043015536
0.9940264700000847
0.9940265766571849
0.9940251439645746
0.9940242417321203
0.9940266837958356
0.9940278562838516
0.9940307891332123
0.9940300039033635
0.9940292327500557
0.9940293226851574
0.9940306688885667
0.9940335829684505
0.9940363458531071
0.9940388721895113
0.9940374103539001
0.9940386951313881
0.9940372235738546
0.99404122273758
0.9940430159713072
0.9940432522093495
0.9940463688786499
0.9940429007944809
0.994038573244116
0.9940405959058828
0.9940425160245719
