0.9609925389067977
0.9693222268583842
0.9706838676857316
0.9720529463538993
0.9743227306985399
0.9767228944880312
0.9787409694933749
0.9794632182471728
0.9803965981337132
0.9816428630607381
0.982048865593448
0.9825194639093714
0.9830392392927366
0.9837491549460284
0.984425658551059
0.9848127976067289
0.9853911588083153
0.9857859673013797
0.986302152285229
0.9866137250876044
0.9867792168415376
0.9871083220877285
0.9873867565082374
0.9875970572737387
0.9879049171683101
0.9880304027374085
0.988359505752461
0.988381768504594
0.9883830721843975
0.9884060049008043
0.9886607524028953
0.988858130976569
0.9890055158032502
0.9890574340133491
0.9891194362608167
0.9891561815249662
0.9893182085052679
0.9893911773226639
0.9894466835984476
0.9894847895341568
0.9895354293194416
0.9895337592943334
0.9895471756984446
0.9895800359587916
0.9896044544409844
0.9896246540235584
0.9896995372814511
0.9896710544012841
0.9896548135555564
0.9896465287684845
0.9896215454515823
0.989541943088777
0.9895599145102809
0.9895638651510696
0.9895061952994598
0.989574902090776
0.9895823809591582
0.9895684702095111
0.9896622393324492
0.9896025903672862
0.98964934981203
0.98968947586503
0.989763845111609
0.9898054674997092
0.9898548186725749
0.9898368774106556
0.9898784578931421
0.9899125221037942
0.9899024667835195
0.9899034549447302
0.9898990132046405
0.9898260055016265
0.9898422894830349
0.9898698221931902
0.9898652552257027
0.9897919166283315
0.9897884724411944
0.989783182107964
0.9898099517899357
0.9897732434759077
0.9898196539504578
0.9898259323413078
0.9898597313653755
0.989864375752112
0.9898369669712709
0.989858135230421
0.9898498350161379
0.9898276895927556
0.9898145217574195
0.9897473951789961
0.9897617502555079
0.9898092909451901
0.9897993118287416
0.9898479578471706
0.9898671541813054
0.9899207456633217
0.9899173785469145
0.9898884851223383
0.9898810591329482
0.9898747381632185
0.9898617234895081
0.9898450548303793
0.9898630474453128
0.9898407312281443
0.9898374405381593
0.9898262416603593
0.9898282263339063
0.9897976391095361
0.9898170702966583
0.9898667037753517
0.9898675010822641
0.9899258149392713
0.9899629688073032
0.9899478376262663
0.9899667459620329
0.9899854029929789
0.9900073871810273
0.9900083273827893
0.9900009711837858
0.9899771665039627
0.9900029064888257
0.9900370977132601
0.9900189448874692
0.9900515894318335
0.990067961578412
0.9900772301370955
0.990066882853854
0.9900753886167571
0.9900426802777851
0.9900296460104783
0.9899783898329017
0.9899728919459683
0.9899344567798384
0.9899631326748084
0.9899839286199632
0.9899817675312907
0.9899939240054986
0.9900056168389534
0.9900183211599312
0.9900488934231954
0.9900251769486895
0.9900063342728841
0.9900054440761683
0.9900238642451912
0.9900462725024144
0.9900592065716814
0.990046043004919
0.9900507488778097
0.9900477405013608
0.9900640789758397
0.9900793857816995
0.9900795594951985
0.9900862668448899
0.9900712688322085
0.9900594243551153
0.9900801135759858
0.990061957018747
0.9900603146490645
0.9900605620838033
0.9900418158113992
0.9900431338709779
0.9900280318592086
0.9900442911517388
0.9900502309835173
0.9900385835120191
0.9900293586622884
0.9899937751660062
0.9900036330625923
0.9899792662629435
0.9899929270619761
0.9899652320359973
0.9899538593577784
0.9899413974767379
0.9899388271913538
0.9899241789591008
0.9899224024403909
0.989910798649212
0.9899089719141206
0.9899003141155721
0.9899181839798439
0.9899579141671715
0.989964698736071
0.9899813449818181
0.9900058863554688
0.989999043602463
0.9899857427322367
0.9900010318730704
0.9900139499224061
0.9900116340097508
0.9900234237175636
0.9900195137293132
0.9900342032193208
0.9900238847136041
0.9900084333566812
0.9900300384705704
0.9900146603607672
0.9900321706454758
0.9900544562929517
0.9900356560206983
0.9900504100441434
0.9900399887764756
0.9900154533185109
0.9900032701531557
0.9900030720151433
0.9900156911847355
0.9900031753984357
0.9899946858073965
0.990006120906694
0.9900130698398791
0.9900082478438768
0.9900288661229247
0.9900223330134446
0.9900241624602937
0.9900273203848192
0.9900343834388334
0.9900117544261647
0.989991780158125
0.9899805384974043
0.9899822982178546
0.9899891724647388
0.9899957512995775
0.9899927879340065
0.9899952902319191
0.990011411154202
0.9900149179507084
0.9900192253836897
0.9900222612001648
0.9900135932500036
0.9900013352189535
0.9900049912982178
0.9899839769920794
0.9899901211665306
0.9899812124764773
0.9899481979703014
0.9899397190478783
0.9899594596533304
0.989954757948581
0.9899638959518758
0.9899564617527581
0.9899459310838952
0.9899516550177645
0.9899471517343492
0.9899447002919259
0.9899424184391454
0.9899405812364036
0.9899601892450444
0.98995138666154
0.9899620156189347
0.9899644308792546
0.9899619503473798
0.9899569094776238
0.989958514396501
0.9899523360467052
0.9899560840521089
0.9899590581886651
0.9899491989819588
0.9899632885274785
0.9899609977795202
0.9899523339248387
0.9899464447647194
0.9899123361581085
0.9899059475436105
0.9898995324915604
0.9899037239587839
0.9898993206238286
0.9898939221909221
0.9898953470733647
0.9898856622239159
0.989896670326925
0.9898984882412466
0.9898866192455805
0.9899044583597454
0.9899170197336131
0.9899062874504367
0.9899087557688171
0.9899211946084007
0.9899231434143715
0.9899430289173201
0.9899469515400274
0.9899366746290699
0.9899231858446519
0.9899055850887443
0.989899070972745
0.9898935933386229
0.9898794714062042
0.9898960403105191
0.9898821376840857
0.9898847742397652
0.98988198018716
0.9898601836618357
0.9898523485762059
0.9898423168483663
0.9898385366974118
0.9898450387528982
0.9898427902805625
0.9898287326855314
0.9898327366658953
0.98983033346135
0.9898258375971997
0.9898154172331615
0.9898446426124929
0.9898357214212516
0.9898490137126073
0.9898384205102403
0.9898193199886762
0.9898165009954883
0.9898175918402599
0.989822003432774
0.9898202422918039
0.98982500095099
0.9898225321473422
0.9898197929771542
0.9898159771059519
0.9898179989308815
0.9898130225591892
0.989807344227374
0.989812899058616
0.9898026781523359
0.9897979125731869
0.9897931559556524
0.9897976592591579
0.9897995622954795
0.989801252989949
0.9898077776928444
0.9898033520357181
0.9898090046824318
0.9898105994745007
0.9898086940501697
0.9898111725583186
0.9898185313482794
0.9898120955942298
0.9898240878079935
0.9898392648774337
0.989836728171471
0.989830666882704
0.9898140250298888
0.9898122142008945
0.9898012143555999
0.9897918062743958
0.9897977738005481
0.9897937360395906
0.989798553410699
0.9898081378713591
0.9897979600686914
0.9897984092832948
0.9897957803108336
0.9897987405724421
0.9898049440363517
0.9898014608163506
0.9898120291143723
0.9898070697561402
0.9898030608216627
0.9897993327346303
0.989795833233802
0.9897883516537098
0.9897894156028763
0.9897925410733336
0.9897924279748928
0.9897907783382742
0.9897738443719416
0.9897730084384305
0.989791077999522
0.9897993509034229
0.9898066176561938
0.9897984909699404
0.9897866337993855
0.9897818411567837
0.9897815660667427
0.9897807398023294
0.9897885896188052
0.9897893920182407
0.9897919129636477
0.9897918922328895
0.9897945209782971
0.9897991265968334
0.9898128753447125
0.9898145912955535
0.9898037444399035
0.989796526019321
0.9897966501264428
0.9897956205639769
0.9897941619965986
0.9897938273255121
0.9898021325807856
0.9898028871415959
0.9897970557788565
0.9897945764442281
0.9897829762212792
0.9897769139551867
0.9897840481870434
0.9897878102985175
0.989788731690576
0.9897856190081948
0.9897764445653731
0.9897989098914199
0.9898001143191181
0.989795067591123
0.9897940113369805
0.9897782863686673
0.9897672405506387
0.9897675918194714
0.9897661927445064
0.9897683179774351
0.9897621060705318
0.9897598023491717
0.9897690522790973
0.9897741971160336
0.98978428208355
0.98977074609155
0.9897769831954457
0.9897879109235708
0.9897815285799185
0.989778675569611
0.9897711469943878
0.9897741789821006
0.9897757203179571
0.9897844543452072
0.989791674064881
0.9898019871686078
0.9898067948405608
0.9898029456350775
0.9898058614885108
0.989806119941075
0.9898176931492765
0.9898042349035743
0.9898181669634429
0.9898247406699745
0.989825514965252
0.9898168321674153
0.9897991733929411
0.9897887910248815
0.9897975041233197
0.9897971871707015
0.9897867645594259
0.9897908948296567
0.9897834529272594
0.9897640291026715
0.9897610092600089
0.9897526606727435
0.9897418697447119
0.9897379359836016
0.9897417714876613
0.9897348443210046
0.9897384156998269
0.9897294562006861
0.9897202414969943
0.9897136381924011
0.9897186923041393
0.9897146261432894
0.9897072271744739
0.9897132101567357
0.9897082876319512
0.9897028549666144
0.9897007921056398
0.9897147584794292
0.989717617996778
0.98970950582208
0.9897144843035419
0.9897154833067244
0.989717239319574
0.9897107336941656
0.9897081521218518
0.9897180705309793
0.989717232491384
0.9897141534916133
0.989719683088931
0.9897197631923246
0.9897146069253105
0.9897146603077719
0.9897205590193647
0.9897134265709737
0.9897121402105036
0.9897034216560352
0.9897097270223852
0.9897039140905745
0.9897048711763171
0.9896984727147894
0.9897041410539558
0.9897016568254938
0.989695105220805
0.9896984318781449
0.9897051588917456
0.989708681991314
0.9897059333833658
0.9896992444734198
0.989693955220659
0.9896914955432153
0.9896832879505438
0.9896839622656746
0.9896869813310912
0.9896847543814705
0.989685521322449
0.9896939598920776
0.9897010421697603
0.9897066339959287
0.9897069804178584
0.9897045331989826
0.9897084568517137
0.989713992765298
0.989713393550227
0.989719101479641
0.9897201067560814
0.9897243577318346
0.9897297344032991
0.989736224565554
0.9897320102461153
0.9897212333559323
0.9897188872849815
0.9897269437307323
0.9897274586614119
0.9897281616579402
0.9897393325697278
0.989739521959798
0.989740749011115
0.9897366615861298
0.9897304350600008
0.9897211735171989
0.9897282234600827
0.9897294904262374
0.9897291693190353
0.9897277043658408
0.9897285773799233
0.9897269256841051
0.9897285619230405
0.9897262533711987
0.9897274704477691
0.989714774023929
0.9897119571750413
0.989713710863277
0.9897117447042751
0.9897075974377129
0.9896920688372104
0.9896918342507499
0.9896886474570321
0.9896937324033908
0.9896865075863288
0.9896828534190424
0.9896828533027222
0.9896795294985209
0.9896726548798774
0.9896771139388362
0.9896813778516773
0.9896799688654171
0.9896813090137387
0.9896872665335643
0.9896965556266388
0.9897042460684531
0.9896998640576533
0.9897010752086588
0.9897075511963848
0.9897115318416578
0.9897055721015808
0.9897065532856931
0.989709212819284
0.9897064961151438
0.989706353918234
0.9897043380118179
0.9897122921221235
0.9897148936575497
0.9897171077336598
0.9897146390355077
0.9897145585265795
0.9897114316071375
0.9897174893456392
0.9897126732847319
0.9897097114803365
0.989706323765071
0.989705476783459
0.9896978704909882
0.989694095118884
0.9896875291479532
0.9896982835077838
0.989704639258169
0.989709549759782
0.9897146553041237
0.9897073273314824
0.9897161654274357
0.9897134745852423
0.9897087103168004
0.9896998178317693
0.9896994571167608
0.9896981629319167
0.989690534438563
0.9896891646913505
0.9896851987580834
0.9896831797814308
0.9896878865435228
0.9896923238796155
0.9896943569610086
0.9897007197701172
0.9896968097873224
0.9896963519683808
0.9896947047111258
0.9896944663237266
0.9896838586711869
0.9896792194737298
0.9896801721399576
0.9896828368093036
0.9896797211359675
0.9896817738667563
0.9896811246930716
0.9896824858010578
0.9896821604017153
0.9896749978646067
0.9896791552475611
0.9896756718053714
0.9896785919906779
0.9896802105656519
0.9896810745153248
0.9896775187290304
0.9896742717305703
0.989677441057007
0.9896792626335525
0.9896730705653712
0.9896743945791309
0.9896787795696884
0.9896834034990858
0.9896757136874199
0.9896784261583901
0.9896741679747371
0.9896660518041802
0.98966216147371
0.9896528258592026
0.9896472274263102
0.989647581391701
0.9896443965772801
0.9896410353475755
0.9896424040968286
0.9896414002884315
0.9896395843036322
0.9896353724497338
0.9896377553889371
0.9896436483496759
0.9896445834412638
0.9896400466336887
0.989638362047271
0.9896331311311413
0.9896325676392478
0.9896338921257886
0.9896341638074064
0.9896360553559274
0.989630858694488
0.9896304799998461
0.9896288889587923
0.9896254663937943
0.9896225357561642
0.9896275062233935
0.9896276953838986
0.9896294564068038
0.9896338315257054
0.9896373174039519
0.9896401055394533
0.9896454231673805
0.9896466960784048
0.9896527096653018
0.9896508424554412
0.9896463340590339
0.9896408459695271
0.9896397554739006
0.98963081996736
0.9896298305155908
0.9896269132020706
0.9896305684957468
0.9896294154248532
0.9896308601462478
0.989633776308782
0.9896352959850574
0.9896368334768905
0.9896344639987693
0.989629336757357
0.9896300793939894
0.989625988226718
0.9896280203827216
0.9896330271427934
0.9896362496145779
0.9896420945072835
0.9896437540017273
0.9896459820430411
0.9896443238933726
0.9896387214112128
0.9896384615453675
0.9896414301930299
0.9896359762326519
0.9896386060472872
0.9896342492520164
0.9896360259147614
0.9896351867236779
0.9896399378641254
0.9896420195555309
0.9896367406802713
0.9896423748146513
0.9896362408490359
0.9896276105175742
0.9896182873542175
0.9896199605064546
0.9896180678415039
0.989620834763447
0.9896250061095087
0.9896285037441999
0.9896255021451783
0.9896261805147291
0.9896277363449439
0.9896255174436667
0.989629480895978
0.9896255251581743
0.9896287617985031
0.989633919126734
0.9896400153745296
0.9896409985103166
0.9896400223985305
0.9896364560439773
0.9896366667389004
0.9896359222626419
0.9896316664050466
0.9896359726668188
0.9896285213685533
0.989634442233284
0.9896317483131427
0.9896317399709541
0.9896291138483526
0.9896292170821047
0.9896276411245094
0.98963549431493
0.9896422024565831
0.9896405032166684
0.9896456128300051
0.9896489153531657
0.9896471028710964
0.9896498883960235
0.9896513419145331
0.9896580346786024
0.9896612998797127
0.9896590907413286
0.9896611468695632
0.9896611876258343
0.9896577348188325
0.9896571784778094
0.9896567652739575
0.9896612829008627
0.9896642310821482
0.9896713478127627
0.9896739342782117
0.9896691190404926
0.9896795348173963
0.9896765730020101
0.9896742219678679
0.9896713627460834
0.9896750846798837
0.9896733913619986
0.9896747044566857
0.9896751760146425
0.9896704545040217
0.9896681587971118
0.9896695808898387
0.9896756387794531
0.9896787597402914
0.9896740637470617
0.989669568379077
0.9896705212215319
0.9896681107244836
0.9896640652831947
0.9896590337771871
0.9896573008704507
0.989656289912125
0.989655698066279
0.9896565362653811
0.9896591063153322
0.9896628091190808
0.9896597280202724
0.9896585680431871
0.989652431602915
0.9896501314815372
0.9896470391059637
0.9896477457664549
0.9896522807470557
0.9896484660358105
0.9896439487709877
0.9896484601371649
0.989651687853014
0.9896514074352419
0.9896553626378489
0.9896575532897602
0.9896581338464727
0.9896558399762807
0.9896575298006817
0.9896585797969266
0.9896561494499323
0.9896620844062481
0.9896642856064646
0.989661028410745
0.9896589998590576
0.9896623074381173
0.9896622715399404
0.9896631803325335
0.9896606520621535
0.9896614064447292
0.9896599758366468
0.9896554426364627
0.989653336886755
0.9896523834667769
0.9896464441117322
0.9896421446883078
0.9896421762116347
0.9896409351715908
0.9896415353736642
0.9896416720881623
0.9896298829822419
0.9896286480766535
0.9896258945941384
0.9896229007575745
0.9896194745453718
0.9896150916087356
0.9896191254999445
0.9896110453196547
0.9896092387717464
0.9896129239781994
0.9896129113084401
0.9896163061402526
0.9896218683480924
0.9896208585211501
0.9896189074304873
0.9896164250475676
0.9896154201316463
0.9896121726864329
0.989614364192405
0.9896139631534515
0.9896097409574355
0.9896086692806528
0.9896081913900996
0.9896010881483069
0.9896011564350033
0.9895934069491682
0.9895916843066223
0.9895879803162219
0.9895885048306429
0.989585659979882
0.9895874657277254
0.9895891661031062
0.9895854408504734
0.9895835431414727
0.9895850390236529
0.9895858486374791
0.9895861819974816
0.9895886022844902
0.9895837033516148
0.9895820337985118
0.9895874858378266
0.9895854996445423
0.9895852298377819
0.9895825462055786
0.9895794834865084
0.9895796867161729
0.9895816531119643
0.9895852396324019
0.9895893306268139
0.9895924089866273
0.9895940088111539
0.9895973650331967
0.9895943072416368
0.9895977716915086
0.9895970697578973
0.9895964036299724
0.9895990592680998
0.9896014614506515
0.9896065250487767
0.9896056086044603
0.9896081501157458
0.989609098290754
0.9896063746297002
0.9896054937325177
0.9896068666528993
0.9896038357278102
0.9896020019118917
0.9896010651035793
0.9896062693072067
0.9896094542678529
0.9896046882479017
0.9896054664503331
0.9896050018993617
0.989602848831209
0.9896040025322406
0.9896066391709111
0.9896148083843863
0.9896146656470893
0.9896184191340804
0.9896140075851633
0.9896144934678227
0.9896179189117846
0.9896144296982246
0.9896149793735248
0.9896200802320066
0.9896202927746441
0.9896192755183755
0.9896225056657554
0.9896219554648822
0.9896248081975288
0.989626716121985
0.9896239163400933
0.9896248815019728
0.9896283884099427
0.9896290968174883
0.9896246401461248
0.9896255933642377
0.9896269076253142
0.9896244169032896
0.9896209098476599
0.9896206039052509
0.9896208127868223
0.9896259095380141
0.9896261140556888
0.9896309824373981
0.9896321123086436
0.9896365364143219
0.9896335605440711
0.9896314283535169
0.9896399614542783
0.9896352339262827
0.9896366163622414
0.9896402108312747
0.989644172322404
0.9896460569010362
0.9896459664117258
0.9896482759038085
0.9896489986004808
0.9896437296547662
0.9896424810178597
0.9896433087784714
0.9896462099021854
0.9896431103834186
0.9896407006162683
0.9896399365387849
0.9896360284182079
0.9896327884107734
0.9896364336831499
0.9896411609716279
0.9896436201454261
0.989645558458721
0.9896450202434376
0.9896483103528044
0.9896457312581747
0.9896411275612489
0.9896411108116352
0.989639919814184
0.9896402792463823
0.9896424105195959
0.9896382667587585
0.9896376651725342
0.989638813582149
0.989636551952724
0.9896394421040198
0.9896436697777012
0.9896401294765189
0.9896402528219234
0.9896421841520993
0.9896429662155152
0.9896432455998384
0.9896447186273178
0.9896421679914479
0.9896404675678201
0.9896395821558608
0.9896396906175803
0.9896401631137743
0.9896370595270556
0.9896388220509323
0.9896349880690767
0.9896355772962312
0.9896368494992066
0.9896342043600376
0.9896334706823032
0.9896362383567626
0.9896378907170849
0.9896424304430561
0.9896431408301399
0.9896459331318759
0.9896460392487969
0.9896475052101174
0.9896474652536418
0.9896433027468425
0.9896401646682045
0.9896405197659895
0.989640333468622
0.9896430351895026
0.9896398647729543
0.9896389028173576
0.9896398156212836
0.9896404020675578
0.9896398946600077
0.9896396402909546
0.9896408383594922
0.9896436261014105
0.989647585854399
0.9896488739097815
0.9896517667151733
0.9896554815131605
0.9896533543812168
0.9896559896996321
0.9896543528975046
0.9896512178748123
0.9896455480191458
0.9896434374405114
