0.933785003745649
0.9513016655688898
0.9588819030507238
0.9673186102699352
0.9719187017106155
0.9769312913934214
0.9804549761549894
0.9823281266856585
0.9840132542099399
0.9854374207646536
0.9864039682242722
0.9873635488833088
0.9884725381841245
0.9891344334645902
0.9894618049716567
0.9902078025134157
0.9905956910585025
0.9906605301510988
0.9910996125303418
0.9914044228489444
0.9915231164586379
0.99171972269841
0.9918582009889259
0.9919706047031316
0.991945551235687
0.9920231877716497
0.9922736246071582
0.9921897654119425
0.9923411365109955
0.992522086922749
0.9925561543033876
0.9925845879804314
0.9927069649267802
0.9927251713268531
0.9928186872648702
0.9928883196971128
0.9929851812738618
0.9930690926576048
0.9931888483733815
0.9932828897762983
0.9934025852108687
0.9934556334656874
0.9935440276792248
0.9935674001623496
0.9936260811739834
0.9936944519436817
0.9936422876443364
0.9936562801018365
0.9936716147514715
0.9936701076346313
0.9937235616786357
0.9937421781703104
0.9937795636500261
0.9937711056471796
0.9937362602743671
0.9937374766100703
0.9937424935695393
0.9937515057966089
0.9937706591963141
0.9937726313166201
0.9937699421130488
0.9937403293212048
0.9937489335088269
0.993713220787219
0.9937270105629423
0.9936999171169264
0.9937211696896642
0.9937611765461778
0.9938048056548467
0.993802523510866
0.9938324439580739
0.9938664990717534
0.9938609603250257
0.9938191339780792
0.9938124152716894
0.9937971740805256
0.9937873448331862
0.9938023211177954
0.9937378986694421
0.9938043966598443
0.9938455304263973
0.993816795622269
0.99384967734199
0.993865476743374
0.9938434217677312
0.9938766418884175
0.9938433943717611
0.9938121732254241
0.9937992111300108
0.9937631801695888
0.9937736110005948
0.9937280012252733
0.9937607616925096
0.9937961334274512
0.9938071931975734
0.9938183724174495
0.9938217190542031
0.9938400529337932
0.9938459087029726
0.993831981505438
0.9938143364919412
0.9938444754764193
0.993866128064238
0.9938629619879149
0.9938491160570817
0.9938425364842549
0.9938377891108015
0.9938526784637449
0.993832701160362
0.9938236077052374
0.9938172141768441
0.9938259985673041
0.9938276484107186
0.9938051951611795
0.9938323964075954
0.9938649883239405
0.993862838218973
0.9938658228357359
0.9938578787884693
0.993859769016263
0.9938830732630094
0.9939074064305221
0.9939113141265248
0.9939112967256942
0.9939390045371923
0.9939179813968273
0.993921671629066
0.993923171906204
0.9939086555454153
0.9939103808467041
0.9938942788424227
0.9938713598791297
0.993883349686996
0.9939054371469298
0.9939098840943258
0.9939144958988332
0.9939175115894407
0.9939173329864558
0.9938996696535617
0.9939057514673043
0.9938981659156074
0.9939064615552664
0.9939180003757515
0.993927803414347
0.9939226852384221
0.9939395020580504
0.9939287667661438
0.9939355081451083
0.9939285039233114
0.9939263855458074
0.9939320457076012
0.9939296158248859
0.9939428835451559
0.9939393459980337
0.9939532049301564
0.9939427368869344
0.9939418225814045
0.9939606809537604
0.9939728952049778
0.9939573628482958
0.9939428602666482
0.9939738042425738
0.993960004045371
0.9939568248142073
0.9939533044031544
0.9939527958786474
0.9939438118278437
0.9939288772411946
0.9939430751135747
0.993957483999715
0.9939543862002977
0.9939406664018998
0.9939353962576606
0.9939380601958488
0.9939428544087922
0.9939263581916912
0.9939370292318999
0.9939264816748704
0.9939304490404323
0.9939108674777075
0.9939143690752622
0.9938818960978097
0.9938646786719928
0.993843354072171
0.9938327592493212
0.9938276904729734
0.993835258866388
0.9938273907245818
0.99381527602226
0.9938064305346694
0.9938021925673879
0.993795612910362
0.9937900037392723
0.9937971349173239
0.9938243839431141
0.9938263057460147
0.9938318971853959
0.9938393081451105
0.9938395734869543
0.9938297780161774
0.9938376506658217
0.9938377197562308
0.9938485693843965
0.9938615795046717
0.9938698252628894
0.9938710883753094
0.9938572070553371
0.9938575208180725
0.993856502283303
0.9938561987874037
0.9938460983266981
0.9938526549342888
0.9938391250587865
0.9938273822890668
0.9938398913970442
0.9938462598114267
0.993844631087018
0.9938528581341225
0.9938556406605256
0.9938606600752001
0.9938604012885404
0.9938422209646528
0.9938356169451966
0.9938227662165078
0.9938348091864608
0.9938346449483715
0.993826400415213
0.9938089277775396
0.9938183769420118
0.993819078333524
0.9938187909688913
0.993832731603714
0.9938325975681392
0.993807322777184
0.9938128818417862
0.9938092867894354
0.9938059233054295
0.9938056064637438
0.9937965716754252
0.9937894227340984
0.9937898965626157
0.9937985201663161
0.9937702124054377
0.9937645355273831
0.9937545757768997
0.9937597285576488
0.993752435125525
0.9937637934274309
0.9937576648032325
0.993770493022428
0.9937805302401491
0.9937801095133796
0.9937775024163085
0.9937692755034884
0.9937859063808304
0.9938022177906143
0.9938110072855506
0.9938063012598941
0.9938199341836067
0.9938334388659273
0.993815751499755
0.9938261892273401
0.9938197118176336
0.9938278084238653
0.993821043386897
0.9938135295559407
0.993795129188952
0.9937894768192849
0.9937858509058134
0.9937799625982211
0.9937727269341615
0.9937639896363154
0.9937575073357037
0.9937667516508149
0.9937546408555169
0.9937641723124272
0.993771562163827
0.993778393417175
0.993777427665518
0.9937731627567067
0.9937726814942671
0.9937715070190412
0.9937562243867328
0.9937545102987179
0.9937554975707097
0.9937528780636322
0.9937535706008125
0.9937580131517819
0.993758724045274
0.9937618869553808
0.9937650702112968
0.993761212812017
0.9937537718619106
0.9937567600731245
0.9937513747953792
0.9937415902933225
0.993737526106995
0.9937376524336327
0.9937385985415023
0.993732171048733
0.9937249749713528
0.9937232621996134
0.9937176738635219
0.9937147217502758
0.9937215548046804
0.9937240594122289
0.9937272937432465
0.993727321218718
0.9937403220589274
0.9937480092561812
0.9937513181446408
0.9937517013786394
0.9937410593718939
0.9937413555672421
0.9937313949863192
0.9937319995561842
0.9937295376115157
0.9937269268034161
0.9937327127543726
0.9937301962417173
0.9937486916839614
0.9937464562350027
0.9937430561218571
0.9937508137470246
0.9937507227431963
0.9937557295885306
0.9937644379585177
0.9937638713702726
0.9937576301162312
0.9937610666343579
0.993775195958824
0.9937755799931293
0.9937703174636904
0.9937626846817357
0.993774044968636
0.9937882818783864
0.993781334890418
0.9937824644931034
0.9937964034971477
0.9937975080223772
0.9937910053387067
0.9937953893956001
0.9937848521184461
0.9937857557478184
0.9937892259907818
0.9938010765967782
0.993789840149385
0.993796459754941
0.9938052485104848
0.9938000723328354
0.9938023433709047
0.9938029535414264
0.993808049725386
0.9938137463489721
0.9938167452837237
0.9938131543249734
0.9938098518793983
0.9938032509325583
0.9938001349014093
0.9937997838962424
0.9937998041546899
0.9938027437160721
0.9937994400266503
0.9938072252062791
0.9938142760633017
0.9938169883514605
0.9938117970903205
0.9937963471159378
0.9937999129895343
0.9937962612314457
0.9937927443088629
0.9937968857030424
0.993790832339626
0.9937828827938414
0.9937901830536641
0.9937891463807215
0.9937955221522751
0.9937968882712871
0.9937951004006693
0.9937969548502533
0.993793789199812
0.9937921288068696
0.9937882669120182
0.9937924687587935
0.9937889649686218
0.993778154857873
0.9937850975522109
0.9937853399765244
0.9937846822204988
0.9937779800491664
0.9937874703133057
0.9937906951431595
0.9937836513213826
0.9937840789043884
0.9937883592166716
0.993792971770139
0.9937940583298149
0.9937996472731804
0.9937903683788772
0.993787883049137
0.993791498248324
0.9937975356056935
0.9937915657448323
0.9937975235976838
0.9937908700732548
0.9937869789697041
0.9937828636895095
0.9937848997778777
0.9937846191969513
0.9937887985965924
0.9937888382424401
0.9937850656141554
0.9937798489125752
0.9937716958241145
0.9937683620339959
0.9937668280764254
0.9937770449632538
0.9937888291097141
0.9937810941156284
0.9937860062342804
0.993794587702815
0.9937970234856442
0.9937965250418372
0.9937978759171463
0.9937954965395037
0.9937993711802904
0.9937938055741666
0.9937981729131894
0.9938039900532043
0.9938031652397341
0.9937994883001734
0.9938060322112083
0.9938072654858626
0.9938071530897672
0.9938074973832639
0.993805949571473
0.993805792963985
0.9937982409015012
0.9937961526565345
0.9937957126545197
0.99380076280541
0.9938035024496392
0.9938128823340548
0.9938179162658783
0.9938202162257567
0.9938237001730323
0.9938221746497751
0.9938268897720491
0.9938244283728853
0.9938275672555994
0.9938281553719173
0.9938296396960272
0.993834966985205
0.9938377666511494
0.9938370435591828
0.993837964533327
0.993838107532988
0.9938339260743239
0.993835297073912
0.9938385757083198
0.9938385882259241
0.9938414373251389
0.9938422964493011
0.9938465506628563
0.9938595881095375
0.9938626699114941
0.9938642716655218
0.9938668073542632
0.9938632408770613
0.9938666012437584
0.9938610711370639
0.993862505286971
0.9938621436451577
0.9938652889369203
0.9938591518148808
0.9938640123338852
0.9938649952016338
0.9938619962554452
0.9938649652867306
0.9938621572724116
0.9938587958862682
0.9938585038765193
0.993856423612307
0.993858052287284
0.9938580350396042
0.9938640559368344
0.9938633458247164
0.9938659751546842
0.9938632449486925
0.9938670308777637
0.9938697378730817
0.9938706738806569
0.9938741768383044
0.9938782711008635
0.9938881865891018
0.9938961154559746
0.9938945453158229
0.9938951505297005
0.9938899779544459
0.9938921990056399
0.9938857581226545
0.9938849303767575
0.9938755049300897
0.9938739819278956
0.9938770296359984
0.9938778798107532
0.9938791129317641
0.9938764569371562
0.9938732598619606
0.9938630732293884
0.9938627901167241
0.9938655860862705
0.9938677703987122
0.9938672676259753
0.9938653902558063
0.993868380840795
0.9938667497858189
0.9938616075922457
0.9938592805029013
0.9938605202262748
0.9938538069112555
0.9938544108155268
0.993859057624102
0.9938591681301185
0.9938513882024844
0.993847022061922
0.9938490225856704
0.993851864242915
0.9938510761134622
0.9938499297750797
0.9938501348985889
0.9938492898057134
0.9938511779503794
0.9938498732514991
0.9938531992521772
0.9938494275296748
0.9938460642651048
0.9938392907280718
0.9938373850802925
0.9938422998313985
0.9938406871316826
0.9938341467038009
0.9938348666627153
0.9938285331805337
0.9938262373815482
0.9938250798682854
0.9938255828150739
0.9938207224670431
0.9938161242933852
0.993812540529846
0.9938096165229866
0.9938050221830644
0.9938022149282459
0.9938010185026495
0.9937985798343344
0.9938008032790521
0.9938033443131494
0.9938068939222636
0.9938037550698782
0.9938009858636582
0.9937985779574983
0.993806727048964
0.9938011716731938
0.9937995389526827
0.9937971043577019
0.9937950642521736
0.993796257449658
0.9937988720382692
0.9937941754991967
0.993795191126983
0.9937927148461831
0.993788737812186
0.9937893222619303
0.9937877698869256
0.9937932987652368
0.9937905606204911
0.9937903054539872
0.9937965647233137
0.9937953231925883
0.9937977912659728
0.9937985139627403
0.9937950054726177
0.9937848676380389
0.9937849369499135
0.9937880287097467
0.9937877545267798
0.9937899039500508
0.993797090983405
0.9937952192486081
0.9937941602370449
0.993792523574098
0.9937820048505549
0.9937769025297268
0.9937773876806738
0.9937785069657753
0.9937764283692546
0.9937699220805924
0.9937649675843221
0.993765415465992
0.9937606060681777
0.9937579320653712
0.993759778671005
0.993761431323772
0.9937640035239368
0.9937672048015256
0.9937662766148452
0.9937629497651532
0.9937644712170991
0.9937655760449156
0.9937634834974716
0.9937623804536899
0.9937626748766181
0.993762302701578
0.9937542704404335
0.9937499416738944
0.9937498891675289
0.993751858257351
0.9937551061585503
0.9937523417307449
0.9937523857403787
0.9937519317998332
0.993756453744979
0.9937579190934526
0.9937556420699842
0.9937590468137871
0.9937606130956194
0.9937615086153335
0.9937631178221983
0.9937738858970012
0.9937729836116617
0.9937723204469513
0.9937712776923409
0.9937693600648434
0.993771101899525
0.9937667227584918
0.9937698457219376
0.9937729126153088
0.993775373314842
0.9937704151216507
0.9937704540599341
0.9937681582359775
0.9937684983397695
0.9937688380346389
0.9937711492881158
0.9937697632066336
0.9937668833036127
0.9937667799994366
0.9937658266952356
0.9937619533032137
0.993760292188066
0.9937620987469594
0.993762689234023
0.9937608277592697
0.993762291403688
0.9937616669320101
0.993761539687873
0.9937678505363471
0.9937656741964479
0.9937606911153295
0.9937586544152405
0.9937619210223065
0.9937559534602965
0.9937568669182198
0.9937567218677434
0.9937550650934276
0.9937574599923644
0.9937537071407821
0.9937553041699052
0.9937553961946525
0.9937559537215618
0.9937620753852412
0.993759933033515
0.9937617029941378
0.9937617906101058
0.9937629935971636
0.9937577929431187
0.9937633151015917
0.993761467405472
0.993758718086439
0.9937550967955632
0.9937542599923614
0.993757416770927
0.9937558857208153
0.9937558809183772
0.9937573292496912
0.9937580710425484
0.9937554237985138
0.9937570170196018
0.9937561847285737
0.9937526223801377
0.9937580299586259
0.9937661399817607
0.9937665937670908
0.9937707013390125
0.9937696771805369
0.9937660049970211
0.9937601880226052
0.9937560475149153
0.9937576170826996
0.9937638790322368
0.993758673443515
0.993760727118491
0.9937600286947116
0.9937645559942445
0.9937647140907574
0.9937611819910861
0.9937637364781663
0.9937683320910071
0.9937705394876633
0.9937700570147673
0.9937700286932547
0.9937668909424342
0.9937695002049204
0.9937705418471349
0.9937679495518326
0.993768999203508
0.9937704317677203
0.9937695773455287
0.9937726763743663
0.9937724512317178
0.993767904151554
0.9937715576325161
0.9937696362967314
0.9937726807994275
0.9937720010824677
0.9937660330615887
0.9937690176602167
0.9937671571325342
0.9937668713107154
0.9937663112491024
0.9937646399832676
0.9937646653209807
0.9937602048713225
0.9937601039665209
0.9937634115164506
0.9937610557901556
0.993757909064605
0.9937537218015858
0.9937556463809087
0.9937515002757351
0.9937497975383555
0.9937546336100833
0.993754482613126
0.9937537225650128
0.9937518515296014
0.9937469145124991
0.9937501980332093
0.993749595543888
0.9937480800758746
0.9937470612049871
0.9937494974957144
0.9937528741880499
0.9937552341036452
0.9937534188654393
0.9937555493044887
0.9937566645428257
0.9937599370137988
0.9937598511997254
0.9937622080160815
0.9937661975644992
0.9937680030477473
0.9937652539014256
0.9937637387012095
0.9937676635996688
0.9937677212952595
0.9937651709137995
0.9937683907770103
0.993772638247402
0.9937724954426571
0.9937737276229156
0.9937726744043555
0.9937687098696649
0.9937675458296676
0.9937686135529615
0.9937676419669053
0.9937701936051254
0.993765181249654
0.993762477780784
0.993762675599564
0.9937622056787047
0.9937584800010482
0.9937582020277291
0.9937619053315783
0.9937626172748201
0.9937606011955655
0.9937572045553924
0.9937556416863588
0.9937578128672403
0.9937576353023722
0.9937558461906372
0.9937555826185245
0.9937563002794237
0.9937577630200704
0.9937559474636448
0.9937588567089607
0.9937629058912076
0.9937608658405797
0.9937606348207195
0.993763186548686
0.9937637478305341
0.9937637778004319
0.9937589014927329
0.9937556782178665
0.993757086414495
0.9937621692223312
0.9937639308618333
0.9937630668700026
0.9937620333780516
0.9937656797739689
0.9937651724849784
0.9937689071838796
0.9937656895927933
0.9937661095968366
0.9937651833931456
0.9937654373670314
0.9937666424644048
0.9937643867363191
0.9937630549604716
0.9937632585281597
0.9937594868245723
0.9937593061076057
0.9937611457351772
0.9937634380280451
0.9937648011273184
0.9937727119562899
0.9937703645733763
0.9937687531904198
0.993768040153813
0.9937678458987422
0.9937689883103784
0.9937677264844313
0.9937685558115381
0.9937686934524821
0.9937740111701638
0.9937747418477596
0.9937753874102476
0.9937737383638238
0.9937745002423356
0.9937701033181846
0.993769223770536
0.9937743504160115
0.9937728497856951
0.993774531160731
0.9937761528185826
0.9937768442547031
0.9937776848352444
0.9937767373719333
0.9937759400814055
0.9937753610210257
0.9937762128963734
0.9937787988399737
0.9937798377238588
0.9937807917540594
0.9937816926288444
0.9937830839175799
0.993784303224155
0.9937865906617027
0.993790150846949
0.993788036529628
0.9937904416180484
0.9937895876426092
0.9937885504339466
0.9937861479961293
0.9937865457327647
0.9937891265461414
0.9937912144924137
0.9937910930507827
0.9937913936901449
0.9937902427451333
0.9937894236869184
0.993787316748512
0.9937868006871038
0.9937880901650742
0.9937859537039448
0.9937829921276587
0.9937839824804118
0.9937805953153873
0.993780070971315
0.9937757792100337
0.9937741841167382
0.993772704783714
0.9937702017642088
0.9937719070252284
0.993771742078307
0.9937756064656069
0.9937761009663924
0.9937751599911268
0.9937777128995183
0.9937786153068107
0.9937783952075221
0.9937788503033621
0.993778659674425
0.9937772826619904
0.9937763959221583
0.9937731651205377
0.993773886321595
0.9937708894202744
0.9937664443701664
0.9937645573795105
0.993762020512905
0.9937605225344127
0.9937621738665708
0.9937594104122881
0.9937569095665173
0.9937541851358443
0.9937540297795998
0.9937536167835164
0.9937531144518934
0.9937533446214034
0.9937562719586587
0.993760500176069
0.9937608795304742
0.9937598014127806
0.9937624821591445
0.9937622001146379
0.9937625347125584
0.9937637298468618
0.9937631698361326
0.9937583373672138
0.993756876414786
0.9937573015990953
0.9937596651246754
0.9937611840159876
0.9937637544419069
0.9937619203767366
0.9937614479559042
0.9937607625679924
0.9937605361318158
0.9937624966647411
0.9937594608254031
0.9937563871541564
0.9937569594439193
0.9937616345749924
0.9937610333013884
0.9937643800197782
0.9937687258821172
0.9937679186355545
0.9937671316458268
0.9937627131809758
0.9937639841462906
0.9937626618294182
0.9937643410151014
0.9937651760830951
0.993764861589067
0.9937645727094995
0.9937662770585344
0.9937661854975463
0.9937650699066238
0.9937635752245624
0.9937670764370494
0.9937698681141095
0.9937716495584789
0.9937729150866602
0.9937684063858231
0.9937679320469679
0.9937637192268947
0.9937641494342428
0.9937663882340657
0.9937634553605803
0.9937655277569388
0.9937647832726537
0.9937641333778371
0.9937621209248707
0.9937612144824388
0.9937602997775119
0.993760584881969
0.9937605664296472
0.9937618501052741
0.9937623881022448
0.9937613454209867
0.9937619969193586
0.9937586868581587
0.993758295314641
0.9937556065610428
0.9937552680417479
0.9937556520743825
0.9937550238044766
0.9937516296163347
0.9937488926414536
0.9937450895768174
0.993742521914569
0.993745307965173
0.9937441604915956
0.9937450864572563
0.993746113838943
0.9937474517157178
0.993748989854556
0.9937471120714924
0.9937452107139735
0.9937430828347282
0.9937405911392497
0.9937412765828486
0.993740086945512
0.9937413101562816
0.9937402203843929
0.9937411538390359
0.9937380907735537
0.9937351619397256
0.9937372455245145
0.9937404545096193
