0.9774138234729697
0.9857797800872742
0.9865826583790112
0.9892069274338396
0.9901313856772054
0.9906484226414202
0.9916867243445383
0.9923757438132959
0.992509935864067
0.9931924265077308
0.993243523326549
0.9935259788382972
0.9937263465797089
0.9937606346796825
0.9938804466649742
0.9940284656208048
0.9941643561285505
0.9941877391791575
0.9942669484463703
0.9943497426177679
0.9944115910333533
0.9945561603989251
0.9944876732514314
0.9945210583446162
0.9946046022371062
0.9946734277637207
0.9948833740939282
0.9949403134504925
0.9949547679158659
0.9950377126125737
0.9951067844269298
0.9951892634874572
0.9952315947776024
0.995253128363988
0.9951761030833902
0.9951433480022077
0.9952085290592344
0.9952614400246341
0.9952737376595041
0.9952992255309236
0.9953752394287326
0.9954242691133351
0.9954531963080926
0.9954949973142874
0.9955267823394321
0.9956021291759934
0.9955869545340373
0.9955377513422572
0.9955194071346372
0.9955193736455216
0.9955348374530754
0.9955564685736463
0.9955791494742494
0.9955756987356065
0.9955563385627291
0.9955470651919588
0.9955585108283115
0.9956022447839652
0.995579496471317
0.9955443259027056
0.9955734043770738
0.9955758222373873
0.9955657164197668
0.9955130819140625
0.9954767563953393
0.9955047394436094
0.9955611245109006
0.995526426667225
0.9955958879460252
0.9956100855631852
0.9956248503640247
0.9956724393243075
0.9956969536458466
0.9956990005523855
0.9956913666838508
0.9956986123078102
0.9957121688912077
0.9957253459137796
0.9957390304075748
0.9957615668822762
0.9957955697673495
0.9957827244603711
0.9957848885350797
0.995765411887194
0.9957536735720035
0.9957560780207091
0.99576828018773
0.9957861192461112
0.9958112878863924
0.9958299556396482
0.9958307424147176
0.9958132125762544
0.9958119015496665
0.9958168690559357
0.9957945097698244
0.9957902010169165
0.9957714017603984
0.9957840554391224
0.9957795126307109
0.9957915523212586
0.9957980547409943
0.9957897535689975
0.9957857110012388
0.9957992794695346
0.9958011555046176
0.9957759595022825
0.9957765666008728
0.9957697315681864
0.9957596003562683
0.9957737402987382
0.9957798247605101
0.9957790869262624
0.995783602067579
0.9957819699620314
0.9957850345086368
0.9957852136289388
0.9957754239002279
0.9957558992671885
0.9957500109257744
0.995747522558442
0.9957611176438673
0.9957581468559906
0.9957359808113329
0.995726102613907
0.9957379987245599
0.9957430192213157
0.9957520699043179
0.9957711631018786
0.9957631193911423
0.9957734966354411
0.9957757638149164
0.9957725062087034
0.9957653330010934
0.9957731056010218
0.9957815630836802
0.9957702698149001
0.9957747215230589
0.9957602637760633
0.995771513756034
0.9957685394167928
0.995779014043894
0.9957890698970057
0.9958178406033614
0.9958306349918579
0.9958523089348598
0.9958563970759516
0.9958591311918955
0.9958661428154647
0.9958465663720321
0.9958512276760171
0.995855438769179
0.9958492445416236
0.9958448342837987
0.9958306224818895
0.9958402322514087
0.995833185350545
0.9958437064633787
0.9958568502787564
0.9958629919533584
0.9958641270308832
0.9958589407861966
0.995844762650873
0.9958458621154764
0.9958726710259734
0.9958790247994561
0.9958917098426153
0.9958856912323287
0.9958914185160181
0.9958812020164768
0.995877911113037
0.9958704056733364
0.9958711601383464
0.9958742831746653
0.9958736522169898
0.9958817336987459
0.9958855024408619
0.9958840552319697
0.9958836094285922
0.9958702843436825
0.9958649845885518
0.9958720618848136
0.9958651537493417
0.9958628930714237
0.995857836767566
0.9958458105080865
0.9958527919184317
0.9958452015468601
0.9958300248275551
0.9958327357436245
0.9958372758175232
0.9958313395863972
0.9958330971153128
0.9958349118778984
0.9958525580943406
0.9958578787077107
0.9958650789126546
0.9958578768475593
0.9958596673814155
0.9958565436899379
0.9958564819083968
0.9958635299948764
0.9958742919096458
0.9958858969712973
0.9958984035285746
0.9958971605254843
0.9959006119786169
0.9958981708561296
0.9959017014960805
0.9959008318768047
0.9959108344045362
0.9959246753547554
0.9959263320738492
0.9959213760799285
0.9959135756422577
0.9959232140462176
0.9959108677387511
0.9959089362107425
0.9959044700202921
0.995905706763275
0.9958966385127966
0.9959049463241109
0.9958986059367588
0.9958967634933437
0.9958996573384375
0.9959071620214259
0.9959216676940288
0.9959088276619843
0.9959068096310943
0.9958935868631956
0.9958899680663823
0.9958826465187969
0.9958848284813916
0.9958778610487933
0.9958714654442448
0.9958738215614217
0.995868416437162
0.9958751411358713
0.9958784847618352
0.9958709145333209
0.9958733844776659
0.9958845148624774
0.9958914874060377
0.9958904350679545
0.9958874228468155
0.9958872203744735
0.9958861518176733
0.9958758562997354
0.9958716964377266
0.9958674552604085
0.9958763973246862
0.9958715680284316
0.9958695049465764
0.9958739210575235
0.9958838136323935
0.9958866424601994
0.9958803029781502
0.9958808701473779
0.9958814522272876
0.9958783556601911
0.9958833037597155
0.9958914494945292
0.9958958122497447
0.9958871296296611
0.9958937961640982
0.9958960807704521
0.9959018815906069
0.9959029148543179
0.9959030772344576
0.9959086518762219
0.995909199909396
0.9959095646470028
0.9959045017519182
0.9959087743325918
0.9959105720691402
0.9958986811925021
0.9958936842943125
0.9958925330277384
0.995892734298857
0.9958900209296968
0.995888193015979
0.9958856567877034
0.9958850058852644
0.9958723258891968
0.9958742220806938
0.9958672532685041
0.9958670874025507
0.9958657716586218
0.9958772393759158
0.9958730834225986
0.9958685690512115
0.9958698147795452
0.9958686971245422
0.9958592176360802
0.9958661219559847
0.9958652465005894
0.9958592627449961
0.9958627866062502
0.9958602912271113
0.9958616956778267
0.9958673379709614
0.9958664443307887
0.9958627008650421
0.9958625276851673
0.995870085577341
0.9958608216922681
0.9958593132994848
0.9958596618575337
0.9958628188219072
0.9958692756237583
0.9958762096041328
0.995878221889931
0.9958663700946861
0.9958659081381799
0.995868136833219
0.9958759333463377
0.9958714373255616
0.9958720730201592
0.9958766060549953
0.9958903760676542
0.9958969798925584
0.9958926667417348
0.9958902858651781
0.9958905894841571
0.9958920424490307
0.9958865234017978
0.9958829659990005
0.9958884856237863
0.9958890627090434
0.9958867621986958
0.9958878938775055
0.9958874216374953
0.9958874666957974
0.9958900411032701
0.995893067987398
0.9958926174067237
0.9958903120408935
0.9958865749703995
0.9958845452710541
0.995884855692049
0.9958750961658722
0.9958766483861322
0.9958703698093752
0.9958724306980546
0.995872522751399
0.9958701707922212
0.995872396277922
0.9958724501306804
0.9958770303844233
0.9958681738957779
0.9958656502298535
0.9958682441148422
0.9958704345410173
0.9958713183171523
0.9958691058516458
0.9958736317314936
0.9958673976234368
0.9958683417019567
0.9958697406749635
0.9958681931959842
0.9958585019407897
0.995857218784593
0.9958585161362007
0.9958602240867053
0.9958608066513643
0.9958629551418984
0.9958623870971152
0.9958653874844291
0.9958648045324486
0.9958656362293502
0.9958655912269643
0.9958728228699905
0.995874641650183
0.995877268881266
0.9958733185333556
0.9958756033997205
0.99587676133379
0.9958791404546075
0.9958767551258327
0.9958855537572984
0.995889693483326
0.9958895332106447
0.9958896203932586
0.9958952697075291
0.9958912829195592
0.9958959410159457
0.9958956697665728
0.9958917148216799
0.9958876877855298
0.9958818231922327
0.9958813294831992
0.9958838412863544
0.9958848694576207
0.9958856936189465
0.995887083672758
0.9958846408316759
0.9958907129342273
0.9958955271392587
0.9958900734306312
0.9958861629455454
0.99588933744035
0.9958915728027192
0.9958986257744399
0.9958990598965172
0.995902485651882
0.9959035126027338
0.9959038669604248
0.9959027581881418
0.9959006893598411
0.9959047702437647
0.9959043840953871
0.9959031730142452
0.9958990496810557
0.995901476162566
0.9959018095858623
0.9959009554732737
0.9958992518666685
0.9959008548734442
0.9959003256641006
0.9959034999450115
0.9959021848224037
0.9959018134428949
0.9958986719534209
0.9959033130689743
0.9959064085882807
0.9959044967173726
0.9959045328830586
0.9959072958784356
0.9959080092034025
0.9959038860959992
0.9959070433210135
0.9959061613883413
0.9959071680305754
0.995910595661442
0.9959160030973667
0.995911907179458
0.9959136977551675
0.9959173982529947
0.9959213712683154
0.9959247724495313
0.9959200615508088
0.9959241805988024
0.9959323268311366
0.9959350622498724
0.9959296425108388
0.99593009118637
0.9959288557037497
0.9959285886780556
0.9959353522420193
0.9959313022686118
0.9959267806712053
0.9959261136526919
0.9959248743204935
0.9959272138562884
0.9959242669831528
0.9959261581443781
0.9959248035643002
0.9959257110602966
0.9959243409355172
0.9959222608888657
0.9959213717059519
0.9959195544915661
0.9959139237192979
0.9959145732451422
0.9959112512290874
0.9959102966313867
0.9959151840790404
0.995917209409699
0.9959178872072183
0.9959162667069104
0.995916534654398
0.9959170307906069
0.9959182792382314
0.9959214391271712
0.9959187124594593
0.9959114233807116
0.9959122056074434
0.9959102320410782
0.9959111024966312
0.9959127634635144
0.9959083139432597
0.9959086316826957
0.9959092419410214
0.99590674691974
0.9959048695631468
0.995908523934965
0.9959124401041206
0.9959098500453262
0.9959168458598251
0.9959156481275864
0.9959148131826828
0.9959149243180159
0.995912650038347
0.9959126357257446
0.9959155113102832
0.9959239914782815
0.9959257531742198
0.9959256547141631
0.9959232379942157
0.995917957080683
0.9959142132961758
0.9959186770360474
0.9959241628838874
0.9959259349880117
0.9959254497446443
0.9959271450903416
0.9959312292696544
0.9959313295792845
0.9959307193338971
0.9959263052637943
0.9959248310637053
0.9959237295317774
0.9959266516020621
0.9959225022188162
0.9959207289561138
0.9959238035813687
0.995924501269152
0.9959239253724822
0.9959212794635264
0.995919747958187
0.9959210001516426
0.9959230632186659
0.9959226669221907
0.995922682775846
0.9959220233545965
0.9959233851981261
0.9959238354146163
0.9959289346662897
0.9959271991322854
0.9959278572207668
0.9959313820302581
0.9959305094880568
0.9959317800741556
0.9959288693414856
0.9959292550079988
0.9959326507431329
0.9959373051727409
0.9959417154635651
0.9959396135483398
0.9959384147010059
0.9959414314463915
0.9959400783157123
0.9959377090631168
0.9959333094155435
0.995932264279097
0.9959340910072095
0.9959261102660962
0.9959226479277404
0.9959200597624667
0.9959216320011774
0.9959209821862839
0.9959202091581669
0.9959170625270817
0.9959158229710052
0.9959117441521759
0.9959151740494565
0.995918915134034
0.9959205604644179
0.9959262050678143
0.9959276826894943
0.9959283646484279
0.9959260776538196
0.9959237554418895
0.9959219950804913
0.9959230040510102
0.9959228983404291
0.995922582194264
0.9959196174475594
0.995916067025427
0.9959118367366533
0.9959097950881988
0.9959098157632083
0.9959070608729886
0.9959075742363657
0.9959021674529944
0.9959039717298004
0.9959047600090617
0.9959064635759731
0.9959122073657763
0.9959161892242334
0.9959174074345057
0.9959204871380031
0.9959220241176155
0.9959232627416672
0.9959196305738816
0.9959199870334255
0.9959179776966227
0.9959160751028671
0.9959178766633779
0.9959194816101932
0.9959185523364271
0.9959188755167963
0.995914756466136
0.9959183465070158
0.9959189362167538
0.9959207765488428
0.9959209890742117
0.9959165192377497
0.995913826393771
0.9959135656089472
0.9959159888830279
0.995917873576614
0.9959152486433045
0.9959172070644575
0.9959150688488903
0.99591044433238
0.9959095511758617
0.9959135856081865
0.9959164929548672
0.9959168229521582
0.9959164294077464
0.9959200795646264
0.9959223520023022
0.9959216853500612
0.9959180318479124
0.9959206879174868
0.9959210925691625
0.9959240296549015
0.9959270146990875
0.9959294817425944
0.9959303392658173
0.995930613144103
0.9959329039107382
0.9959334722194356
0.9959294235836431
0.9959305713876861
0.9959287189801147
0.9959264932957906
0.9959246344699259
0.9959250535842108
0.9959243218432624
0.9959253970934877
0.9959239426022056
0.9959206917150082
0.9959219105033308
0.9959201288175502
0.9959179399237791
0.9959203823931806
0.995921410508172
0.995918213309239
0.9959185697615905
0.9959155456480877
0.9959172476760243
0.9959177734765468
0.9959180463687136
0.9959171560430493
0.9959206281860647
0.9959245417457527
0.9959272988103217
0.9959250267518437
0.9959261695962434
0.995928207052942
0.9959236334699866
0.995925622453451
0.9959267858116096
0.9959267206030543
0.9959254573325255
0.9959227774550774
0.9959227984730163
0.9959195614937019
0.9959183036589683
0.9959181242450282
0.9959181030325613
0.9959205509673646
0.9959255339337478
0.9959278340923857
0.9959252249547924
0.9959238036144762
0.9959233966797825
0.9959231768033565
0.9959233690936661
0.9959241971265756
0.9959211905414819
0.9959218668908429
0.9959210592112476
0.995919738734321
0.9959158473999944
0.9959154797183553
0.9959174463237004
0.9959153644820976
0.9959156992814313
0.995917066351854
0.9959205365536974
0.9959179476121515
0.9959202537429461
0.995921664248882
0.9959187255330442
0.9959178184091918
0.9959219030286983
0.99592364340529
0.9959246233310652
0.9959241124796734
0.9959213672286423
0.9959199621706384
0.995918788186925
0.9959186661604885
0.9959197290413406
0.9959190544076252
0.9959203194195996
0.995918754967193
0.995915924177406
0.9959156437218851
0.9959119517041586
0.9959124802330594
0.9959119190679161
0.9959096635091161
0.9959099298161797
0.9959083336406073
0.9959087031116713
0.9959082635987005
0.9959069887340332
0.9959063351441297
0.9959042449436957
0.9959072180570523
0.9959066741824228
0.9959065182982539
0.9959094050431306
0.9959121802345292
0.9959147147269931
0.995914425547538
0.9959155619955206
0.9959164756323315
0.9959184005846489
0.9959173775480851
0.9959167370946878
0.9959181345516135
0.9959138283951702
0.9959116851073986
0.9959114256767804
0.9959113106760235
0.9959116466826773
0.9959091698416072
0.9959123808065092
0.9959148250882053
0.9959191981951656
0.9959191840312589
0.9959175362020878
0.9959212192372634
0.9959254131184672
0.995926744398885
0.9959286392835276
0.9959292767680408
0.9959301677412566
0.995931081252409
0.9959303028807085
0.9959335247155071
0.9959326923582498
0.9959339693792577
0.9959341016628837
0.9959340661040375
0.9959316379910201
0.99593364785136
0.9959366368515974
0.9959404233304244
0.9959402514748774
0.9959373605033044
0.995937642983274
0.9959334588700223
0.9959318648159776
0.9959338830140255
0.9959359125840637
0.9959382446118942
0.9959372820886098
0.995936549995573
0.9959398175462336
0.9959454258858799
0.9959446949083842
0.9959462911571181
0.9959502951262177
0.9959513394035031
0.9959502908029421
0.9959494772140927
0.9959460574231146
0.995944185538629
0.9959433721518508
0.9959439186651089
0.9959429821317012
0.9959420257765956
0.9959405428667051
0.9959393102812634
0.9959391066147044
0.9959408008022945
0.995942551470063
0.9959452226836311
0.9959484433454711
0.9959465126793712
0.9959462641638777
0.9959484635544752
0.9959476303955073
0.9959464954140856
0.9959475402085625
0.9959469655092578
0.995944765436599
0.9959463330939606
0.9959485805517196
0.9959486887139217
0.9959490461064915
0.9959501241090243
0.9959523721366275
0.9959511482686849
0.99594979597555
0.9959487628934365
0.9959463727197646
0.9959429319557942
0.9959430967340098
0.9959435931672695
0.9959442057095186
0.9959439718641638
0.9959434665144552
0.995943562068057
0.9959438853087743
0.9959419405096681
0.9959431454707438
0.9959464699771364
0.995942668715167
0.9959436056387168
0.9959438768870583
0.9959431424564539
0.9959450141945484
0.9959466248011584
0.9959439820040075
0.9959467280652422
0.9959468927281175
0.9959462849434636
0.9959466682307817
0.9959460773210738
0.9959443633338182
0.9959465680577707
0.9959464931707375
0.9959446930531957
0.9959440653608259
0.9959425287338901
0.9959442028833794
0.9959444475914518
0.9959454408338118
0.9959450611286791
0.9959452716342523
0.9959492755963464
0.9959503189441172
0.9959480380342203
0.9959483107888486
0.9959492717977088
0.9959489089441972
0.9959510476634659
0.9959505947426844
0.9959498691735553
0.9959501610215281
0.9959508577680626
0.9959510801334779
0.9959502129091989
0.9959500671154333
0.9959500455250452
0.9959499180021467
0.9959459651941684
0.9959465034404891
0.9959459528521247
0.9959447615468605
0.9959431197518313
0.9959402857234023
0.9959402345573485
0.9959415732219858
0.9959427729946868
0.9959410032823728
0.9959406328666396
0.995939516475071
0.9959423140724949
0.9959434829403926
0.9959445977364159
0.9959428234164293
0.9959440951653455
0.9959440430568256
0.9959404891910439
0.9959394119487736
0.9959399257991072
0.9959414531950181
0.9959436069140295
0.995945952544663
0.9959432901517412
0.9959385700356548
0.9959358538679466
0.9959332474675356
0.9959329193790281
0.9959305169312678
0.9959280707190847
0.9959292348323514
0.9959286952831777
0.9959285293990879
0.9959297308960106
0.9959272923375891
0.995926850145808
0.995928833099376
0.9959269928620166
0.995928151386862
0.9959300228395148
0.9959304237784835
0.9959292243159981
0.9959286024739619
0.995928295731646
0.9959278766362457
0.995929900419411
0.9959279252224855
0.9959259107581251
0.9959264237981413
0.9959260256655412
0.9959247699660271
0.9959226105679556
0.9959243669407012
0.9959269069402154
0.9959277993573994
0.9959274394931481
0.9959306672854443
0.9959322056753619
0.9959312164661839
0.9959292815532312
0.9959291813468746
0.9959279665132579
0.9959292096659051
0.9959306195795363
0.9959309393328143
0.9959318621686548
0.9959322105147327
0.9959328685403586
0.9959326883976052
0.9959325594787724
0.9959360076748843
0.9959352733447151
0.9959357648569458
0.9959359302728645
0.9959402494867026
0.995942041726175
0.9959434536591433
0.995944183048118
0.9959439453817961
0.9959456392403772
0.9959471378370875
0.9959476087901044
0.9959471619607805
0.9959458220249932
0.9959469180145438
0.9959464645030196
0.9959449384309255
0.9959429765227986
0.9959404576342717
0.9959393584313435
0.9959387108389488
0.9959370475938254
0.9959357710092818
0.9959353267534133
0.9959362639756855
0.9959357433313891
0.9959372951867538
0.9959358660173129
0.9959354273811628
0.9959362499184393
0.9959339821853886
0.9959351479763134
0.9959368887045925
0.9959363817987371
0.9959367441084692
0.9959365600411997
0.9959352283233494
0.9959337654116341
0.995933119065575
0.9959297228369092
0.9959288851479362
0.9959274253387861
0.995928290626175
0.9959304108764664
0.9959279237793612
0.9959287483429093
0.9959295218735054
0.9959299683284284
0.9959287683302247
0.995928339129983
0.9959290741763789
0.9959301709118453
0.9959307682234165
0.9959282449903877
0.9959251362536565
0.9959262748802802
0.9959278320370404
0.9959264877494386
0.9959285357145596
0.995927495562273
0.9959285769854658
0.9959261238147674
0.9959267875904182
0.9959274632564779
0.9959271055721222
0.9959277384987969
0.9959291968454237
0.9959286530558386
0.9959286700000364
0.9959298029679254
0.9959312329009151
0.9959289186828812
0.9959296455189796
0.9959302999156895
0.9959311893981956
0.9959322394984419
0.9959366588182793
