0.9636438937402986
0.971641247517445
0.9750660495045823
0.9787554153031034
0.9817955358920519
0.9847516015513211
0.9871020648868789
0.9884028831607613
0.9889236640687329
0.9893343431054782
0.9894597496763269
0.9894722139613633
0.9895891510725323
0.9895494787625735
0.9891737330754516
0.9891183408965541
0.9890639801696733
0.9890136137261298
0.9895043390243791
0.9895822688632553
0.9895022915153817
0.989266162140818
0.989301846050487
0.9893842660888704
0.989542285162022
0.989678301693318
0.989645260760235
0.9896834993243486
0.989754135838174
0.9897580402269648
0.9896983427029025
0.9897515067325364
0.9898563222020248
0.9899094455496299
0.9900331972614965
0.9900499141295039
0.9901003366192049
0.9902937361477792
0.9903021843140783
0.9903077103353305
0.9903851712779391
0.990445465143703
0.9905212952593978
0.9905513734948664
0.9905378336961814
0.9905661796448018
0.9904979251473299
0.9905137471653245
0.990627715998103
0.9906853941235815
0.9907595487888023
0.9908061836339661
0.9908147958326368
0.9907670812801248
0.9907599664846019
0.9907914249841401
0.9907310507435059
0.9907237072943369
0.9907439891779979
0.9907153922909979
0.9906528597598757
0.9906623332526039
0.9906312678476625
0.9906748076800743
0.9906487477847623
0.9905900160888479
0.9906320858673944
0.990672317982573
0.9907203604519528
0.9907719218581055
0.9908172584977206
0.990845573733154
0.9909189843974416
0.9909731597407659
0.9909713940600862
0.9909723048939738
0.9909731552145172
0.9910285394181122
0.9910709691582177
0.9911347227939776
0.9911807156201137
0.9911821049438937
0.9912361865127463
0.9912635614817407
0.9912804784394518
0.9912740905528323
0.9912888506066421
0.9912881320178658
0.9913012148834098
0.9913195109507849
0.9913591984200947
0.9913713806856066
0.9914097858681992
0.991468897800669
0.9914851329856962
0.9915111121424233
0.9914738013703501
0.9914609072444486
0.9915124403649008
0.9915017381065421
0.9915475418752098
0.9915391358382738
0.9915402022552083
0.9915165933151615
0.991512286342737
0.9914874009658154
0.9914836341658123
0.9914869209532131
0.9914656875937676
0.9914969570577586
0.9915321016419597
0.9915324430642285
0.9915270596622598
0.9915610005814178
0.9915990441942881
0.9916164812370286
0.9916263666846408
0.9915940892908837
0.9916092582081577
0.9916249633170283
0.9916457062593635
0.9916712057765631
0.991646158354845
0.9916244020150587
0.9916591963996803
0.9916604157901548
0.9916846505256317
0.9916765465927205
0.991672710223594
0.9916641463471901
0.991653670760742
0.9916796929670552
0.9916724173539242
0.9916995416928315
0.9916915984961013
0.9917112527590127
0.9917545973920737
0.9917360226698826
0.9917422968259905
0.9917605258186235
0.9917618670811827
0.9917816976828506
0.9917710761708364
0.9917671249904217
0.9917830480925396
0.9917770617422527
0.9917768226385761
0.9917783727587829
0.9917656439610525
0.9917626750218174
0.9917601328941763
0.9917739611418691
0.99175883012423
0.9917801320759504
0.991787688594938
0.9917903847614125
0.9917945660814176
0.991812067746816
0.9918108652576136
0.9917907491654762
0.9917859058709335
0.9917862799181811
0.9918077242240042
0.9918122732153322
0.9917881095129014
0.9918052693854651
0.9918476982038039
0.9918941436721729
0.9919265565460468
0.9919066093430867
0.9918988187912593
0.9919161290137456
0.9919306895550152
0.9919373516785787
0.991934324829573
0.9919493100972088
0.9919653761892387
0.9919766053174125
0.9919642273166629
0.9919705476162881
0.9919865528073635
0.9919816488272908
0.9919948089305327
0.9919975990485116
0.9919878481789887
0.9920012656341802
0.9919961130761333
0.9919974697739344
0.9919906826330573
0.991987017227282
0.9919728132384481
0.9919770003886978
0.9919769458524859
0.9919885650553323
0.9920142565222337
0.9920134259774561
0.992018484165472
0.9920299721994619
0.992026536232915
0.9920366420081217
0.9920398754572491
0.9920656617146966
0.9920778409758293
0.9920845724721201
0.9920834901338634
0.992080893036202
0.9920776427931751
0.9920806291523386
0.9920706463211592
0.9920787153065288
0.992071727309545
0.992067195118955
0.9920635413894501
0.9920685825228533
0.9920655262056021
0.9920739847709392
0.9920487509647848
0.992031858566257
0.9920155667500965
0.9920227216768672
0.9920119803135108
0.9920201331555547
0.9920187351288483
0.9920309835515251
0.9920321209121483
0.9920391779401145
0.9920288222448905
0.992023335725998
0.9920218254598626
0.9920124790323297
0.9919970310951115
0.9919902160699358
0.9919986281626666
0.992002942813045
0.9919974224468359
0.9919839896403765
0.9919724369967651
0.991971778450634
0.9919664220880762
0.9919739305482171
0.991992032989709
0.9919951110452685
0.9919879297388166
0.9919925875644585
0.9919969492237487
0.9920084679478169
0.9920004008553053
0.9919936847962085
0.99199042089118
0.9919623230396704
0.9919586370180573
0.9919630919596729
0.9919785218211782
0.9919810352623473
0.9919713824835605
0.9919791505205587
0.9919928122822187
0.9920021275826812
0.9920073410822602
0.9920061719883857
0.991984845682657
0.9919926448838684
0.991988498463033
0.99198959592907
0.9919828101529797
0.9919777341787505
0.9919886259378363
0.9919986487108999
0.9920070616697917
0.9920043495303857
0.992024152831633
0.9920406905664326
0.9920391220226835
0.9920386737977378
0.9920300942537228
0.9920171076140171
0.9920273940084766
0.992033229548887
0.9920331250611504
0.9920312159194029
0.9920144434622682
0.9920118451920417
0.9920042484377859
0.9919894222962526
0.9919838819072725
0.9919997312203521
0.9920008000532317
0.9920236455957728
0.9920230808846416
0.9920158993782887
0.9920220875465675
0.9920031494671517
0.992006177985057
0.9920110052255875
0.9920111577106179
0.9920133441705008
0.9920255735334776
0.9920176102598425
0.9920148016121845
0.9920054246320839
0.9920020577691298
0.991999993019269
0.9919856567415064
0.9919847840120652
0.9919800790900127
0.9919776232520054
0.9919772168354961
0.9919759309953212
0.9919858109179572
0.9919883131115758
0.9919825848590439
0.9919738834379237
0.9919791006854463
0.9919805737199044
0.9919629766302572
0.9919513933640839
0.9919451349237314
0.9919365376263886
0.9919435030006379
0.9919469339286232
0.9919414228582129
0.9919327517221326
0.9919260923059042
0.9919302374471766
0.9919264384726225
0.9919214459810967
0.9919065160914229
0.9919096818592801
0.991919874951179
0.9919256554559216
0.9919193248390002
0.9919099026092211
0.991904415209948
0.9919022061440714
0.991907102691365
0.9919084243647109
0.9919048557200631
0.9919089389970256
0.9919133760718142
0.9919116999561665
0.9918998475386501
0.9919027086987877
0.9919095224075437
0.99191049747677
0.9918980870346169
0.9918858369510225
0.9918816222133673
0.9918841018243415
0.991877584012166
0.9918749902081581
0.9918671054578767
0.9918674652522603
0.9918732953492078
0.9918788602049499
0.9918933692081707
0.9918980726888209
0.9918984715774858
0.9919087728889998
0.9919112483205036
0.9918999351507597
0.9919067428783018
0.9919131269730979
0.9919177454037904
0.9919236547661173
0.9919239039318924
0.9919203255810434
0.9919237521421714
0.9919266309324372
0.9919293615515692
0.9919334028066443
0.9919346887719344
0.9919301705670694
0.9919268944418209
0.9919229804199045
0.991918761974155
0.991918273545564
0.9919292868391384
0.9919285152655781
0.9919311403168463
0.9919276290781154
0.9919278152903486
0.991927774569424
0.991932244850579
0.9919451276347102
0.9919546315173527
0.9919427990246363
0.9919388918072135
0.9919340764460313
0.9919348526027769
0.9919332904551205
0.9919353850856256
0.9919423619814973
0.9919480273267264
0.9919398265145162
0.9919359998080547
0.9919493592836216
0.9919628671876745
0.9919715693995181
0.9919616103388486
0.9919715186391963
0.9919678963921033
0.9919657576698603
0.9919688234679898
0.9919702289685673
0.9919756672212345
0.991978374438694
0.9919850634717722
0.9919837958153525
0.9919858310953296
0.9919922191222296
0.9919966379062831
0.9919892422864292
0.991981171462678
0.9919766630197977
0.9919746529033839
0.9919712176336116
0.9919803338746096
0.991984130640075
0.9919796710136131
0.9919857104293353
0.9919926529151727
0.9920057568190457
0.992008526038732
0.9920170453390127
0.9920217114017438
0.9920227779352946
0.9920269992476978
0.992027206521699
0.9920250543511796
0.9920229460516878
0.9920225308920915
0.9920284898050434
0.9920212030156691
0.9920232005852782
0.9920212160435319
0.9920207835657838
0.9920097019927197
0.9920145218486631
0.9920164347091622
0.9920147386005884
0.9920152401480644
0.9920193991498625
0.9920260226222464
0.9920258672827715
0.9920187904473445
0.9920134053282301
0.9920123395818643
0.9920117869869033
0.9920043572599917
0.9920010272089433
0.9920028183119542
0.9919995451538863
0.9920019384501699
0.9920116056540457
0.9920079680291379
0.9920093423764549
0.9920080702460737
0.9920109034223
0.9920097419704461
0.9920023875744595
0.9919935214257589
0.9919893158407262
0.9919877059667863
0.9919928134189236
0.991999944625849
0.9920044000343352
0.9920126876514397
0.9920233968166671
0.9920270720923645
0.9920338653636142
0.9920378227283303
0.9920482492187934
0.9920425725889435
0.9920402738285284
0.9920347593270004
0.9920386688163657
0.9920329128349656
0.9920357861373729
0.9920402400890427
0.9920343846914886
0.9920278288175418
0.9920211205120865
0.9920175752276666
0.9920095791769342
0.9920103211118667
0.9920140461060472
0.9920125434096164
0.9920119613572763
0.992009248193096
0.9920067588837964
0.9920099331555218
0.9919965922915072
0.9920013305763471
0.99201023028017
0.9920099991414031
0.9920110244946657
0.9920020112108329
0.9920038538992643
0.9920026568642238
0.9919999892238187
0.99200155009868
0.9920067851560682
0.9920087904253452
0.9920134137538726
0.9920135709568659
0.992009357381212
0.9920096964705921
0.9920039164382923
0.9919961530893213
0.992000615122396
0.9920038614896859
0.9920103818725108
0.9920106452208228
0.9920113625365864
0.992013832226186
0.9920148305536344
0.9920136589225111
0.9920188361003681
0.992021664156466
0.992019440662363
0.9920195491113408
0.9920153171561751
0.9920104969800426
0.9920089259238051
0.9920080205245658
0.9919996426617105
0.9919940196350676
0.9920043796901291
0.9920069934590752
0.9920087679718532
0.9920118714065193
0.9920088453082981
0.9920126097712502
0.9920185830866066
0.9920169479289433
0.9920184514858028
0.9920272029093936
0.9920245407473586
0.992027627887755
0.9920215604416238
0.9920208545684914
0.9920174683134179
0.9920146746066005
0.9920103485192581
0.9920083120099223
0.9920041339051547
0.9920036236136528
0.991999679243955
0.9919894045443926
0.9919894706219194
0.9919912626302111
0.9919979702645012
0.9920015791389677
0.9919981291237358
0.9919908612421257
0.991996584052749
0.9919962660336841
0.9920012127855001
0.9920061862723432
0.992009199792492
0.9920125640539067
0.992016177990997
0.9920202452970468
0.9920221953150375
0.9920167440082988
0.9920201240172296
0.9920225639513457
0.99201787118706
0.9920145082022334
0.9920150659393541
0.9920107185989916
0.9920109390865807
0.992007328815637
0.9920130740560108
0.9920177892727646
0.9920193995769773
0.9920313409031629
0.9920317400656717
0.9920289544993838
0.9920246713474588
0.9920317911022136
0.992025843808898
0.9920248732068324
0.9920219109344133
0.9920184848280176
0.9920199485817024
0.9920247642458867
0.9920322680500446
0.9920380650854185
0.9920394289175307
0.9920368195917539
0.992037540537293
0.9920379054401129
0.9920432832557534
0.992049663852187
0.9920456730951632
0.9920396066579937
0.9920337685448396
0.992039879147208
0.9920422167961644
0.9920441355111242
0.9920459303554658
0.9920514698550865
0.9920501589719906
0.9920457024594033
0.992041678281719
0.9920381329142514
0.9920396236121211
0.992047541514318
0.9920459097960632
0.9920463505748786
0.9920443721001581
0.9920433673872263
0.9920386156682367
0.9920400270834201
0.9920398520505336
0.9920470678207426
0.9920461360396536
0.9920521707198874
0.9920498673593914
0.9920477316591207
0.9920516446210546
0.9920509575312919
0.9920474810830173
0.9920466062815533
0.9920442137274434
0.9920419224797493
0.9920427600096864
0.9920451928727516
0.9920467472137235
0.9920479314958408
0.9920523985008194
0.9920533194872602
0.9920560553291019
0.9920587433683559
0.9920566211726
0.9920559579237368
0.9920604955197053
0.992062628876662
0.9920657052817078
0.9920789667717883
0.9920844773926548
0.9920843760901119
0.9920922880040751
0.9920925358900661
0.9920953370941162
0.9920972932093608
0.9920996143232257
0.9920986196631809
0.9920994999117481
0.9920978327243489
0.9921015911352576
0.9921027808392914
0.9921047089897859
0.992108088772956
0.9921103877107816
0.9921114521309119
0.9921111599937057
0.9921091254493201
0.9921060078139465
0.9921048379746616
0.9921050530787251
0.9921000008870849
0.9921029057820745
0.9921007317871179
0.9920972983306144
0.9920955242094149
0.9920952583335073
0.9920948107770158
0.992091384783788
0.9920914340169302
0.9920973030330829
0.9920979994265485
0.9920980491549262
0.9921035672811742
0.9921008699418945
0.992101054905742
0.9921035746465819
0.9921037238257664
0.992102033563217
0.9921035016223322
0.9921059815894167
0.9921031249994862
0.9921129774023595
0.992114239071211
0.9921137984989873
0.992118149044799
0.9921201091882003
0.992124533901342
0.9921248074468826
0.992123811510511
0.9921215381797153
0.9921156061648045
0.9921138501775527
0.9921119843081635
0.9921071493875407
0.992106814088269
0.9921106011675399
0.9921078944689196
0.9921064550192727
0.9921068029881956
0.9921093203639446
0.9921107768984462
0.9921103742670119
0.9921088393215888
0.992110044464722
0.9921054352590232
0.992107253431063
0.992105554113622
0.9921027168430023
0.9921008827395645
0.9921081901653654
0.9921118939629545
0.9921084863758458
0.9921113757294246
0.9921139808342314
0.992112257201549
0.9921173718010917
0.9921226167226601
0.9921232309681051
0.992120574754503
0.9921231535206433
0.9921291979226236
0.9921334625374073
0.9921312415825913
0.9921290427834588
0.9921267740385694
0.9921281794356331
0.9921319904867355
0.9921278289625199
0.992129405535971
0.9921284298630698
0.9921277352420699
0.9921321328846037
0.9921341147810089
0.9921383748936606
0.9921370728308989
0.9921383215743564
0.9921418881379206
0.9921395860662855
0.9921390785823282
0.992140554195479
0.9921448711026208
0.9921482500816454
0.9921464437203009
0.9921413146283319
0.9921441296248552
0.9921443839083901
0.9921459687521242
0.992148544207746
0.9921473952071592
0.9921509221116982
0.9921552568114027
0.9921569104284221
0.99215703417717
0.992157727760737
0.9921538481645675
0.9921494858706891
0.9921539303263026
0.992158977852878
0.9921556743509453
0.99215561349708
0.9921547224004074
0.9921574870964162
0.9921613114824777
0.992163809945501
0.9921659316408228
0.9921680312718143
0.992174286452686
0.9921712157168382
0.9921691294803431
0.992166492331358
0.9921605629669038
0.9921592212525616
0.992163391401268
0.9921662272064131
0.992157101685195
0.9921586127005427
0.9921586481474343
0.992154390485901
0.9921529240275296
0.9921550423629983
0.9921538972766553
0.9921589116174434
0.9921568308728427
0.9921550509450053
0.9921583626392865
0.9921619151321082
0.9921597769852712
0.9921618683942692
0.992163790980847
0.9921654771925422
0.9921650714149954
0.9921692079336306
0.9921671268549008
0.9921681591499001
0.9921680280302073
0.9921687545590249
0.9921690004737911
0.9921688156622215
0.9921671239076091
0.9921653561768865
0.992161437131966
0.9921624012711152
0.9921646030050554
0.9921626492221044
0.9921554633577373
0.9921555975082834
0.9921521883156381
0.9921503565934241
0.9921502277810721
0.9921529856165023
0.9921547122351293
0.9921534390177684
0.992151145237482
0.9921530002734915
0.9921547712075767
0.9921555196989996
0.9921576614871852
0.9921564156548847
0.9921532760535544
0.9921513763396358
0.9921559781670134
0.992152466418173
0.9921527785746129
0.9921520799099453
0.9921540203905276
0.9921533744243474
0.9921581439340637
0.9921636335067995
0.99216352777869
0.9921670177424584
0.99216899614268
0.9921730025099854
0.9921764144802266
0.9921743563619239
0.9921752379757346
0.9921772758312464
0.9921724565157238
0.992168537211242
0.9921749191482605
0.9921777446226149
0.992182136972091
0.992183938711391
0.9921850821293532
0.9921851946433983
0.9921841207957813
0.9921841744148325
0.9921841569556112
0.9921810220667971
0.9921789993154398
0.9921768586978097
0.9921776665548163
0.9921745199572231
0.9921777137877519
0.9921803384059211
0.9921817586715636
0.9921814861801521
0.9921789164982798
0.9921806722254345
0.9921803133414036
0.992179216025066
0.9921801269757095
0.9921850210193107
0.9921858285609539
0.9921913672222646
0.9921947376985072
0.9921994490419896
0.9921978614546832
0.9921929495126584
0.9921957003022983
0.9921986675864342
0.9922016171935052
0.9921998244443496
0.9922011921934275
0.992203371375997
0.992199449892863
0.99219756093295
0.9921919394428291
0.9921875751776281
0.9921851687424169
0.9921792508380256
0.9921835659726206
0.9921865059456332
0.9921867536682268
0.9921794419763492
0.9921820527579762
0.9921824405280504
0.9921787904896914
0.9921782278362901
0.992181492920593
0.9921790482351729
0.9921764742286916
0.992178899778259
0.9921792747341387
0.99217851278735
0.9921791775502774
0.9921764371723363
0.9921785193825021
0.9921793532194317
0.9921762969669472
0.9921685459633897
0.9921669580926906
0.9921651530187731
0.99216019413382
0.9921579234416468
0.9921585814248836
0.9921637725862787
0.9921686414227637
0.9921747658183496
0.9921775875923211
0.9921776427736192
0.9921779561327573
0.9921780101912214
0.9921787720678978
0.9921771149915084
0.9921770506720584
0.9921738019033979
0.9921743238576434
0.9921772228478656
0.9921819587732159
0.9921817277761252
0.9921854335649453
0.9921855797658982
0.9921820805699794
0.9921814741188629
0.9921841687518936
0.992188352783282
0.992189243738263
0.9921856839935358
0.9921887374960329
0.9921876651463841
0.9921849746255833
0.9921849885160988
0.9921870813160224
0.9921886105080656
0.9921893803928377
0.9921915236986956
0.9921910904181542
0.9921954115482439
0.9921920018889232
0.9921912917897401
0.9921932484240428
0.9921912469560666
0.9921867036769559
0.9921855653226568
0.992187508342378
0.9921830530347276
0.9921831545134421
0.992184872391486
0.9921849725908412
0.9921836496878604
0.9921843995863222
0.9921799707444572
0.9921763425976239
0.9921732865923919
0.9921720583901779
0.9921725563505752
0.9921713325917951
0.9921716217867521
0.9921742536818754
0.9921713750772699
0.9921717261990919
0.9921736841640048
0.9921711617608433
0.9921753980360578
0.9921759066515402
0.9921748874769083
0.992178548048372
0.9921784669443918
0.9921810922779788
0.9921815628258843
0.9921848828426268
0.9921869984332091
0.9921855454905925
0.992186142391216
0.9921819750555884
0.9921813745113517
0.9921825316084524
0.9921821532374815
0.9921822242152687
0.9921848650851588
0.9921862913300642
0.9921893622862514
0.9921904198208952
0.9921895746025593
0.9921891788486389
0.9921873255166553
0.9921883760176673
0.9921937175383132
0.9921959830034653
0.9921986565316738
0.9922019807238175
0.9922028688675858
0.992201581260168
0.9922020087388856
0.9921985663707557
0.9921997165722739
0.9921985397881908
0.992203011284496
