0.9752646337701613
0.9803854169447189
0.9837015428376447
0.9862985348052227
0.9885110444619665
0.9901012993905475
0.991464808957649
0.9920449283923588
0.9922693937024681
0.9924879682386469
0.9926130991535307
0.9928394189271553
0.9930305871366707
0.9930889291901024
0.992994911142743
0.9930795641166835
0.9930343737815599
0.9930610629096478
0.9932275421397672
0.9931597635115517
0.9932051633197777
0.9930822583171243
0.993151760656395
0.993196750382893
0.9932299914173557
0.9932854837985178
0.993344939964919
0.9933528779037754
0.9933811458837105
0.9935233663771305
0.9934719390436169
0.9935103174127288
0.9935562059754197
0.9935488888847132
0.9934839163538983
0.9935405889353676
0.9935471840143683
0.9935448354181345
0.9936098702051624
0.9936221172867853
0.9936200288821879
0.9936422348933682
0.9936335975510802
0.9936140435168094
0.9936221840684265
0.993624512448391
0.9936337959662921
0.9936467610469745
0.9937161867573336
0.9937971548953609
0.9938435309885962
0.9938485516237052
0.9939119517505317
0.993949197448643
0.994021939344334
0.9940531582415238
0.9940883607643164
0.9940818460176056
0.9940797504358043
0.9940904042510367
0.9940736394812177
0.9940757258384098
0.9940768160620168
0.9940778899720082
0.9940525126581117
0.9940299566973338
0.9940453164002082
0.9940720821345237
0.9940445559314331
0.9940575606310305
0.994052085795282
0.9940478711675426
0.9940884556740093
0.9940710427105146
0.9940744540235908
0.9940866341209129
0.9940740866538078
0.9940735514027043
0.9940685832045421
0.9941041884996614
0.9941315065251433
0.9941234719759114
0.9941306924797696
0.9941506252381745
0.9941256946525715
0.9941527071581208
0.9941635719166032
0.9941681468989718
0.994190450746384
0.9942150727257412
0.9942364365506359
0.9942323100497088
0.9942462432622192
0.9942372256792098
0.99422664526895
0.9942425050879734
0.9942188790104085
0.9942300529784336
0.9942278283589143
0.9941949739090691
0.9941973522441364
0.9942024131340372
0.9942061637761179
0.9942013167059649
0.9942210021019743
0.9942135847215748
0.9942380708235321
0.9942427991725943
0.9942324619900734
0.9942459208907402
0.9942690560816936
0.9942621600209682
0.9942545123571563
0.994264822588427
0.9942966541455465
0.994285748120967
0.9942879295734971
0.9942883358822658
0.994270554288823
0.9942696244849784
0.9942823499348526
0.9942741336983576
0.9942965159048074
0.9942843941688447
0.9942904629855568
0.994270931508424
0.9942785325837215
0.9942747984030365
0.9942677146278612
0.9942669575426131
0.9942684135331598
0.994256402898502
0.9942612878844053
0.9942393922248158
0.9942301169139846
0.9942291499539684
0.9942206312230891
0.9942133790895824
0.9941966916831227
0.9941997902261851
0.9942076498877916
0.9942136131367465
0.9942015708780199
0.9942119262849565
0.9942315890240153
0.9942269601645193
0.994237133991
0.9942458854529301
0.9942329078229636
0.994220612920046
0.9942400394545432
0.9942388036256751
0.994220307031181
0.9942218569592945
0.9942301895372319
0.9942389937595748
0.9942579708508027
0.994282498566237
0.9942972868611756
0.9942886973458505
0.9942816535462097
0.9942948064922095
0.9943028974077481
0.9943128447714592
0.9943202433318997
0.9943219060160599
0.9943374146306185
0.9943382962974079
0.9943505435207102
0.9943442198416743
0.9943568982421233
0.9943613355801033
0.9943775125033705
0.9943854525293521
0.9943934648328582
0.9943982612288781
0.9944233439790131
0.9944394333961758
0.9944479466180883
0.9944464840671976
0.9944452208715823
0.9944287970159026
0.9944370573686254
0.9944465568735446
0.9944513015754282
0.9944522511413846
0.9944646243766071
0.9944671689798475
0.9944679034173156
0.9944493286887556
0.9944354380640495
0.9944501264397942
0.9944538433178639
0.9944478637863938
0.994451431109087
0.9944587526218089
0.9944596077958484
0.9944580920167565
0.9944593045064422
0.9944382890989936
0.9944344123747446
0.9944546211372868
0.9944482058152333
0.9944479694790348
0.9944404610922419
0.9944384011092194
0.9944254929836265
0.9944309368407618
0.9944198989296812
0.9944227150319473
0.994414775294813
0.9944170209016568
0.9944189437261695
0.9944490140073133
0.9944531059767172
0.9944626814643328
0.994465271888945
0.994464890254999
0.9944665289058774
0.9944771608802371
0.994478528816239
0.9944816262241252
0.9944793524402089
0.9944839295295631
0.9944700842899439
0.9944736375690729
0.994471255005908
0.994458649919383
0.9944566542596646
0.9944430189938814
0.9944284316965813
0.9944316276492978
0.9944311628290667
0.9944408342017522
0.9944484117553788
0.9944490040286289
0.9944389747992828
0.9944300222137877
0.9944187574068564
0.994420295001225
0.9944300576828947
0.9944370674412767
0.9944281995156201
0.994448410627111
0.9944583184819503
0.9944635890164435
0.9944523459685974
0.9944438860536269
0.9944466598885263
0.9944383743463098
0.9944388889646346
0.9944351294603064
0.9944422289567689
0.9944385934518227
0.994435731300397
0.9944371804780324
0.9944357522877644
0.9944391184476393
0.9944431303713809
0.9944356985552485
0.9944150286254513
0.994420179464899
0.9944209830781015
0.9944231705922438
0.994413375916198
0.9944101402735943
0.9944109445199744
0.9944104722066687
0.994414883353283
0.9944186466651104
0.9944141690596432
0.9944141482424934
0.9944182052439864
0.9944230266071539
0.9944133577347422
0.9944222269356099
0.9944208779733656
0.9944173757032708
0.9944088647472639
0.9944005691155481
0.9944024077998547
0.9944073454771863
0.9944018117612733
0.9943878914835148
0.994391781148035
0.9943863846912934
0.9943882687709537
0.9943859596225065
0.9943789597576467
0.9943729121060854
0.9943660784188476
0.9943559498448389
0.9943497718110569
0.9943542658347948
0.9943469986532034
0.9943560190217683
0.994357057924188
0.9943519352668222
0.9943606037357808
0.9943618950704606
0.994374196793164
0.9943685378709405
0.9943620184216376
0.9943712714301348
0.9943768566199709
0.9943793511084669
0.9943886816313161
0.9943962920647905
0.9944071520658511
0.9944066879580565
0.994393839986012
0.9943944993421969
0.994395835387399
0.9943959495257992
0.9943822101173903
0.994372652250703
0.9943725661031667
0.9943783185812043
0.9943832559149962
0.9943933097929909
0.9943934916039665
0.9943998612535648
0.9944046079974238
0.9943988359415612
0.9943952675633078
0.9943986468343206
0.9944009599762405
0.9944069487355873
0.9944123202566236
0.9944205636032932
0.9944212877599067
0.9944257775128194
0.9944252604180771
0.9944186059903943
0.9944213822451445
0.9944298542115775
0.9944249467860165
0.9944249220910942
0.994429948389581
0.9944290860858264
0.9944274307017844
0.9944159500248912
0.9944119150780534
0.9944155887205929
0.9944089366349029
0.994405996699051
0.9944018128019748
0.9943996401251197
0.9943987643455781
0.9943962677656181
0.9943957238509905
0.994391662758186
0.9943895964900261
0.9943856620045994
0.9943885320563716
0.9943925229761499
0.9943907069143206
0.9943943482664557
0.9943950672293496
0.9943960501130722
0.9943924489662223
0.9943952455301672
0.9943895731145073
0.9943928193670171
0.9943962807649365
0.9943972640992566
0.9943957988690628
0.9943942935651141
0.99439179585625
0.9943931792931712
0.9943870583411598
0.9943902916515871
0.9943853638822837
0.9943839030128159
0.994380007719372
0.9943713071380407
0.9943748687370809
0.9943766911473333
0.9943795727055512
0.9943761109055106
0.9943717635864832
0.9943751839861769
0.9943740283141961
0.994373783167992
0.994369544100727
0.9943624906414388
0.994364965206973
0.9943657121427628
0.9943608873698648
0.9943555262749869
0.9943584260958486
0.9943588854792952
0.9943540203307322
0.9943480729462435
0.9943439335451694
0.9943417714703577
0.9943436145520241
0.9943426642510985
0.9943392128894065
0.9943417950669159
0.9943478279310449
0.9943461048370359
0.9943458174383878
0.9943460547356751
0.9943503333405406
0.9943455553356741
0.9943466544987354
0.9943486899913454
0.994349353668646
0.9943528642460978
0.9943595141761989
0.994360642373403
0.9943605448277008
0.9943625662249161
0.9943690641995472
0.994370747043267
0.9943717839554865
0.9943731048733085
0.9943752115082104
0.9943844366671901
0.9943899810096671
0.9943951347448252
0.9943929525973284
0.994394893930174
0.9943975447314409
0.9944003227110181
0.9943993903724997
0.9943928605611744
0.9943903041577582
0.9943916411195336
0.994392390424393
0.9943937354729501
0.9943895874191178
0.9943829324089212
0.9943823550244532
0.9943810414794372
0.9943833348170954
0.9943875519218833
0.994385493581813
0.9943802718500361
0.9943802071916461
0.9943794737962064
0.9943788449592252
0.9943822456395636
0.9943843433503944
0.9943865826948007
0.9943777593548682
0.9943783380231319
0.9943755722073445
0.9943764356656909
0.9943795434189555
0.9943837436383369
0.9943925759206261
0.994398955475852
0.9943967258829821
0.9943973797693757
0.9943989034687067
0.9944023437861874
0.9944007020266222
0.9943940321418739
0.9943931635427589
0.9943952822263985
0.9943872088830891
0.9943889604955639
0.9943945633521746
0.9943946383548102
0.994399072870644
0.994401054257261
0.9944066353889756
0.9944095839412779
0.9944118898758487
0.9944112452886463
0.994408019417239
0.9944136601872124
0.9944096223351395
0.9944146106357324
0.9944174320944733
0.9944197766536588
0.994421794568816
0.9944189184086253
0.9944155694785942
0.9944139613548582
0.9944063344995869
0.9944111008935803
0.9944142760709398
0.9944142911607696
0.9944188788682407
0.9944190097275243
0.9944177588805042
0.9944232958559809
0.9944307976942954
0.9944243657430791
0.9944259709818982
0.9944265552722718
0.9944296306331076
0.9944275781238374
0.9944278530385944
0.9944313069946698
0.9944323165112108
0.9944365128789417
0.9944379067282312
0.9944443598258311
0.994445717271937
0.9944509566632062
0.9944552654730452
0.9944519973417381
0.9944480045227112
0.9944464776517759
0.9944478821021031
0.9944411077591552
0.9944402910559543
0.9944440487461499
0.9944422148822895
0.9944395924662636
0.9944445219571197
0.994451195996733
0.9944518807955294
0.9944532761591148
0.9944520420595575
0.994454962732092
0.9944509423821034
0.9944504672251134
0.9944439903062597
0.9944456396842832
0.9944401098895066
0.9944302551519018
0.9944338477714855
0.9944360435277131
0.994437873723587
0.9944320711776865
0.994431942594844
0.9944277509255185
0.9944285466189947
0.9944260005857828
0.9944292556431095
0.9944278806770441
0.9944265056106151
0.9944269652899588
0.9944270707053173
0.9944210364941363
0.994418535606186
0.9944177121133965
0.994420752050473
0.9944240267661322
0.9944226789106507
0.9944235356830136
0.9944230165685152
0.9944214072654243
0.9944174690402796
0.9944122326528574
0.9944102582868655
0.9944088628956881
0.9944055061288307
0.9944012190889165
0.9944015394045935
0.994404607284247
0.9944082039752834
0.9944074619807061
0.9944071773356187
0.9944093558673266
0.9944095436351439
0.9944087637813149
0.994405728854926
0.9944049255231627
0.9944019536503635
0.9944125073113459
0.9944130445352855
0.9944134508703552
0.9944146084937275
0.9944160776324787
0.9944170265606254
0.9944116768048512
0.9944140615879428
0.994418961516038
0.9944181833808996
0.9944224643463768
0.9944246282205762
0.9944266320653251
0.9944239498894744
0.994423491373905
0.994428465515518
0.9944252634443506
0.9944279868522017
0.9944246024040745
0.9944261246034741
0.9944293067933927
0.9944285874743632
0.9944335483713049
0.9944316981257172
0.9944265480543778
0.9944256515720045
0.9944260448030822
0.9944232438113175
0.994429158392796
0.9944333994559122
0.9944323411774373
0.9944297602524886
0.9944276408266272
0.9944260491317215
0.9944232169729369
0.9944192441666521
0.9944222007601462
0.9944236055083245
0.9944251426893805
0.9944214303894946
0.9944186006006277
0.9944137113095253
0.9944152395908741
0.9944182542545177
0.9944187953354687
0.9944154163570776
0.994415094388562
0.9944094163188554
0.9944129748638427
0.9944163956661801
0.9944143814396177
0.994416945048032
0.9944205698974034
0.9944219305266185
0.9944221381275035
0.9944181550439262
0.9944222767606208
0.9944241075168094
0.9944281767736403
0.9944276927160057
0.9944256928611492
0.9944227809595704
0.9944216860837604
0.9944266156758568
0.9944249109499044
0.9944210668408651
0.9944189263240334
0.9944184040357438
0.9944185687331099
0.9944198020170862
0.9944199500287694
0.9944189446171251
0.9944190685302592
0.9944239000381914
0.9944226462249616
0.9944275896907382
0.9944274454521327
0.9944252160227666
0.9944276941562065
0.9944276387186771
0.994429462322468
0.9944316057461694
0.9944345520345075
0.9944287091252021
0.9944301396889949
0.9944271425392588
0.9944278410176468
0.9944241212526554
0.9944248409753883
0.994426721554775
0.9944299438239469
0.9944352442763258
0.9944341214152377
0.9944317467344599
0.9944272272699409
0.9944255334461821
0.9944223638434102
0.9944189176127852
0.9944195018345207
0.9944213357479098
0.994425260858367
0.9944208836054196
0.994421286861737
0.9944220571919085
0.9944214617359701
0.9944227890902371
0.9944231241194001
0.9944273257209053
0.9944250692819734
0.9944262279129326
0.9944231701671369
0.994425651845068
0.994428363337018
0.9944263588167215
0.994425378542647
0.9944227246878693
0.9944261490859408
0.9944236762973359
0.9944243151171105
0.9944226900826206
0.9944218926117888
0.9944207811946069
0.9944222440801622
0.9944258034413079
0.994423260577344
0.9944229160561461
0.9944252355387693
0.9944288339640807
0.9944339509347632
0.9944373202565514
0.9944364887752394
0.9944319682744682
0.9944314302152699
0.9944294249343414
0.9944312726950065
0.9944325199467455
0.9944330190109767
0.9944350492039613
0.9944360740609864
0.9944334032617795
0.9944318900119451
0.9944291441977542
0.9944307403493071
0.9944313358825893
0.9944289310788821
0.9944273762667197
0.9944229403245501
0.9944230458644758
0.9944220477719923
0.9944211838170288
0.994422160843891
0.9944198311250624
0.9944213450187288
0.9944255204641917
0.9944257154704564
0.9944256336749525
0.9944249400464512
0.9944227889120754
0.9944229490419688
0.9944196381187278
0.9944194348082906
0.9944175853234155
0.9944192327436242
0.9944209726955573
0.9944200919498356
0.9944218373211687
0.9944189696907434
0.994420501557969
0.99442142417617
0.9944260634224139
0.9944268964953394
0.9944241933550704
0.9944237746417777
0.99442408751169
0.9944190228587462
0.9944149041556918
0.9944132421242142
0.994410518309427
0.9944114236382893
0.9944116264453471
0.9944092741399697
0.9944100444159487
0.9944047319482207
0.99440697078127
0.9944074787601201
0.9944047340433456
0.9944044363145776
0.9944037961796661
0.9944008287991648
0.994395711980208
0.9943959629590242
0.9943965440975254
0.9943960947197867
0.9943953350810703
0.9943949420310739
0.9943912766649382
0.9943915723443326
0.9943904244611091
0.9943926714401418
0.9943938825181708
0.9943936194372085
0.9943930684066263
0.9943947898652186
0.9943953565571413
0.9943905379177562
0.994395855649713
0.9943956269163521
0.9943920820420239
0.9943913477890077
0.9943936854449563
0.9943954681056713
0.9943932837679775
0.9943906352504277
0.9943884686090387
0.9943881702460694
0.994386014394933
0.9943862661152753
0.9943878979332238
0.994390274394317
0.9943896558242811
0.99438803128843
0.9943851375808316
0.9943833379900444
0.9943829342897065
0.9943869742095888
0.9943880985112946
0.9943862621146085
0.9943890512449672
0.9943905615785323
0.9943877861960729
0.994387650390997
0.9943874878342497
0.9943879111297922
0.9943890852981145
0.9943885530181507
0.9943873126910812
0.9943835095879214
0.9943863189873652
0.9943877082409607
0.9943915810644228
0.994392777861157
0.9943929564183424
0.9943978157251829
0.9943986851448804
0.9944002616261816
0.9943994062500479
0.9943970821063258
0.9943960164984171
0.9943958300296961
0.9943978907224001
0.9944004238941964
0.9944005498848323
0.9944021145797143
0.9943994887475948
0.9943994547713959
0.9944004482659001
0.994401105086349
0.9944049674673605
0.9944054429886046
0.9944074073024696
0.9944086541370522
0.9944068293366096
0.9944057916862732
0.9944099981300776
0.9944143315107983
0.9944177438375936
0.9944199907721688
0.9944221055529122
0.9944233769082353
0.9944262178767557
0.9944238665691435
0.994422968627719
0.9944241173280783
0.9944206651343572
0.9944170907922615
0.9944166427943505
0.9944132224306751
0.9944113806024883
0.9944085249860096
0.9944066016619018
0.9944089986637706
0.9944063307692714
0.9944053956915961
0.9944082282098482
0.9944046909037558
0.9944071468604522
0.9944055936784059
0.9944082279718148
0.9944091739889508
0.9944077667885882
0.9944105545504341
0.9944093305293102
0.9944102986333516
0.9944117656619309
0.9944147756212199
0.9944146098915901
0.9944128346773191
0.9944103801165153
0.9944087760122498
0.994410444016442
0.9944118457981824
0.9944065297690782
0.9944078722272389
0.9944075085109828
0.9944078419117601
0.9944080637939414
0.9944088273588971
0.9944084098107833
0.9944114901448774
0.9944102143468244
0.9944111975260211
0.9944138198631607
0.9944152767965915
0.994413939637565
0.9944153419505832
0.9944115240938824
0.9944066353191912
0.9944061951953044
0.9944062984077143
0.9944067805176862
0.9944060514533433
0.9944032505769232
0.9944036459867196
0.994403175339279
0.9943986289451481
0.9943984200697735
0.9943966912225104
0.9943942841154275
0.9943926456885752
0.9943898670429502
0.9943887523780749
0.9943882248090979
0.9943899552287777
0.9943929968522738
0.994391953056097
0.9943930734742416
0.9943914387892361
0.9943881749914455
0.9943861174712023
0.9943830052046595
0.9943834072254871
0.9943842332193137
0.9943892213661109
0.9943920101642203
0.9943932505813842
0.9943935250825994
0.9943946141854897
0.9943957873667342
0.9943984617579509
0.9943986330390702
0.9943989766014589
0.9943985460473236
0.9943962919340085
0.9943924058109758
0.994390014387913
0.9943894513493903
0.9943890930010413
0.9943899941116394
0.9943901113760895
0.9943886999621989
0.9943882602435782
0.994387287960034
0.9943857745286662
0.9943834283083219
0.9943840327510757
0.9943875546955235
0.9943880523415768
0.9943862934103609
0.994384864227104
0.9943848602132783
0.9943860141787073
0.9943861673696242
0.9943866738490277
0.9943841780716405
0.9943864161383085
0.9943881124760668
0.9943926627940731
0.9943957328450106
0.9943931041873256
0.9943916852767218
0.9943907741940372
0.994392772853578
0.99438896754574
0.9943880591582557
0.9943876816424086
0.9943840587686518
0.9943834453227407
0.9943828631917265
0.9943805989569549
0.9943766466200926
0.9943728473771944
0.9943741431134475
0.9943753610705475
0.9943761372011864
0.9943766862947825
0.9943752133103709
0.9943769979059975
0.9943758094093897
0.9943762099129893
0.9943731199608417
0.9943768654842163
0.9943782282559575
0.9943772425977188
0.9943779130988135
0.9943768842593419
0.9943765126206566
0.9943735201808944
0.9943746127111136
0.9943744069111566
0.9943743786692044
0.9943710805044007
0.994369615447778
0.9943709486035218
0.9943737234430462
0.9943726031227057
0.9943693264163345
0.9943698478928694
0.9943684393008818
0.994368353287174
0.9943677373271657
0.9943657182455803
0.994367067221503
0.9943638121304386
0.9943629401342976
0.9943613479742992
0.9943602315591169
0.9943610729537015
0.9943599314891393
0.9943552628750086
0.994354738856973
0.9943547934808623
0.9943547656044909
0.994355104559992
0.994356395104945
0.9943606228980909
