0.9751939520742254
0.981626856067438
0.9842386392415107
0.9873849335240505
0.9889210378263866
0.9910575671524908
0.9926061083116955
0.9934620490011156
0.9935740093628409
0.9936661740917159
0.9937902334344801
0.9937692314456642
0.9939648998959185
0.9940570248075344
0.9939587245393993
0.994060284176619
0.9940126166704524
0.994038752105917
0.9941941105128935
0.994159596164264
0.9940589656685569
0.9939442901869457
0.9940079726364848
0.9939154453258849
0.9938544132113576
0.9938321743002738
0.993776297021587
0.9936927000195567
0.9937079359097835
0.9937957472745318
0.9937407763905403
0.9936592971429603
0.993678037099928
0.9936791176241522
0.9936519896384907
0.9936216424475417
0.993622542612968
0.9936744637615805
0.9936971490539545
0.9936825744684048
0.9937155808380751
0.9936963160712182
0.9936713967277879
0.9936355171024214
0.9935823605834335
0.9935889768133631
0.9935479223448483
0.9934939815523064
0.9934959771109733
0.9935103829623703
0.9935340043934628
0.9935283261404031
0.9935244839195404
0.993475983752032
0.9934921975342615
0.9935242326134432
0.9935137636143928
0.9934611004997485
0.9934176351659098
0.9934182696207267
0.9933626772803591
0.9933381952760209
0.9933487256319972
0.9933496333862534
0.9933550180002604
0.9933297756073733
0.9933321369642252
0.9933760089993591
0.9933592650425096
0.9933450531666432
0.9933340569905792
0.9933356428188707
0.9933818009209257
0.9933762063555208
0.99336536066929
0.9933911866052871
0.9933908641321598
0.9933855239855092
0.993310513429954
0.9933080158141168
0.9933031580333047
0.993268398116116
0.993261246693953
0.9933078349860724
0.9933070392211978
0.993324708088215
0.9933065804916639
0.993294590253297
0.9933018669680134
0.9933432735498837
0.9933330695154521
0.9933384118493356
0.9933821395766856
0.9934036107179645
0.993388419695425
0.9934221376346566
0.9934026923133767
0.9934296358838328
0.9934614567679698
0.9934617210066066
0.9934613902932052
0.9934542008782657
0.9934294776367996
0.9933935876659303
0.9934034054588724
0.9933730320217694
0.9933482070221586
0.9933339392621036
0.9933323692996006
0.9933069632966358
0.9932843834486087
0.9932427857004277
0.9932175203686874
0.9932253337031682
0.9932443410521173
0.9932459949299083
0.99326100260929
0.9932470132005475
0.993244049630795
0.9932526560758231
0.9932513864869895
0.9932720680006639
0.9932531855959142
0.9932651806976434
0.9932884085596188
0.9932732021244103
0.9932888802498647
0.9932927209177502
0.9932974525975894
0.9932858267626979
0.9932801992990989
0.9932904268008806
0.9932991304873792
0.9933135042693455
0.9933145567661724
0.9933328664303182
0.9933273473541296
0.993323261869178
0.9932990457534642
0.993298042116376
0.9933212216079818
0.993327202115831
0.9933164199387291
0.9933076576173937
0.9933205929299656
0.9933321803445198
0.9933475882969436
0.993344788338042
0.9933318843152329
0.9933203975772023
0.9933167907049295
0.9933242378284795
0.993326294944925
0.9933178231573416
0.9932858457877527
0.993269244063682
0.993258715613845
0.9932660750815057
0.993272346058239
0.9932628309789848
0.9932670317898656
0.9932628340068792
0.99325141727632
0.9932508687779721
0.9932423621538324
0.9932398070901786
0.9932535504288184
0.9932585747916269
0.9932714885724753
0.993259469528301
0.9932665759075416
0.9932643816491692
0.993261684573472
0.9932572755597356
0.9932413241776988
0.993234303350593
0.9932320910780292
0.9932262206121739
0.9932269444785714
0.9932183738596172
0.9932237513971033
0.9932149624367836
0.9932162518824199
0.9932107698403138
0.993205594799326
0.9932012368559712
0.993204630264923
0.9932096260362755
0.9932038126629146
0.9932066556491319
0.9931965520572918
0.9932069814767328
0.99320426395864
0.993221425737778
0.9932333028180087
0.9932352611838192
0.9932453825236605
0.9932548737418865
0.9932484092490207
0.9932417529522005
0.9932517379347016
0.9932587277067844
0.9932628430411083
0.9932773896931267
0.9932849304338564
0.9932835911943431
0.9932760199183162
0.9932764883357674
0.9932714161263412
0.9932626533431871
0.9932562582826893
0.9932558597687766
0.9932386065850265
0.9932225555811746
0.9932216679840672
0.9932313579292847
0.9932068649938909
0.9931952696488062
0.9931884740656903
0.993194838041661
0.9931898399304634
0.9931851579970212
0.9931876705688527
0.9931720499789731
0.9931642333496663
0.9931690703193246
0.993160963046292
0.9931615618188696
0.9931728740138863
0.993177692190945
0.9931797870016589
0.9931772846336192
0.9931757574445397
0.9931627053710916
0.9931569608746889
0.9931496220523256
0.9931400574429022
0.9931366129410297
0.9931266146496182
0.9931270265368888
0.9931369488124648
0.9931351596978586
0.9931200833110699
0.993128556474734
0.993116338913523
0.9931218579734947
0.9931255829816381
0.9931288171095254
0.993127193349445
0.9931236464396963
0.9931381304769836
0.9931483964095918
0.9931604301629343
0.9931387337667226
0.9931427405219266
0.9931552585834507
0.9931639513042787
0.9931629582110763
0.9931610835489247
0.9931574047237033
0.9931545144689289
0.9931552796232299
0.9931578567657703
0.993159133251889
0.9931505931974653
0.9931446057510981
0.993137936309112
0.9931415102611131
0.9931277765310466
0.9931147718678498
0.9931219466794033
0.9931218846951723
0.9931132027580933
0.9931220445721601
0.9931142539171655
0.9931143906757041
0.9931211936465123
0.9931121655683767
0.9931116380794377
0.9931204532242696
0.9931137661499454
0.993105780139828
0.9930922428973804
0.9930851231667142
0.9930943091323959
0.9930979887190459
0.993089821675256
0.9930948941536801
0.9930956824112835
0.9930991928344522
0.9931088858933197
0.9931038695390161
0.9931043467508386
0.9931032631658855
0.9930884689952294
0.9930786239904994
0.9930701662003442
0.9930641282321463
0.9930594429896117
0.9930558072530699
0.9930423710475835
0.9930457641817214
0.9930367917086479
0.993039699419813
0.9930395908619
0.9930428264822446
0.993048393597117
0.9930445640550253
0.9930405893166201
0.9930404556064102
0.9930338102474972
0.9930379953497193
0.9930400396880362
0.9930489878811363
0.9930364554689441
0.9930332282382563
0.9930354624709897
0.9930332356450946
0.9930378331934454
0.9930441433430409
0.9930506920628623
0.9930556739375781
0.9930542751490898
0.9930547466595897
0.9930512795657478
0.993058062758906
0.9930502881124935
0.9930457968590467
0.9930496462568457
0.9930538179157933
0.9930678782460343
0.9930693674393822
0.9930528052482692
0.9930557512760211
0.9930640435906468
0.9930629879021894
0.9930587174417529
0.9930594590763082
0.9930535207235847
0.9930568638146362
0.9930554008853683
0.993053411885421
0.9930512289954126
0.9930477119585442
0.9930470934776763
0.9930489865013448
0.9930450058535458
0.9930455901142285
0.9930468102049714
0.9930509831808052
0.9930459855296431
0.9930507524820539
0.9930592061126802
0.993055139132982
0.993049220876096
0.9930593803396427
0.9930628141595769
0.9930683608856707
0.9930695384906416
0.993065245415695
0.9930699935086645
0.9930742241075838
0.9930705643820228
0.993076124731093
0.9930728762906761
0.9930744146252093
0.9930762820134377
0.9930716133697955
0.9930665344927702
0.9930705180640895
0.9930570206270125
0.9930537414152906
0.9930588865243644
0.9930537624437664
0.9930583631223323
0.993067986563587
0.9930785021375372
0.9930770007662562
0.9930726738052535
0.993065042532173
0.993060956230689
0.9930575440168228
0.9930563187545072
0.993059954157691
0.993059869231362
0.9930525523736511
0.9930553359006065
0.9930552943421923
0.9930562794017583
0.9930609574700687
0.9930663158953901
0.9930693347691459
0.9930748762379744
0.9930733398024872
0.9930619243935026
0.9930606412160664
0.9930670192234902
0.993075726661647
0.9930806439459382
0.9930895485539213
0.9930932479429254
0.9930918657155431
0.9930864547757371
0.9930842857510948
0.9930799741944738
0.9930791579877923
0.9930796218711526
0.9930825509031588
0.9930826901675368
0.9930846956343571
0.993081707676597
0.9930848061888635
0.993076068879784
0.9930743009012885
0.9930724827224428
0.9930651318236445
0.993064097063753
0.9930628104228258
0.993061594700385
0.9930718682318934
0.9930768099300512
0.9930833290343748
0.9930738889498923
0.993075644512445
0.9930787087014471
0.993074488853442
0.9930757454161965
0.9930746011853981
0.9930847488931149
0.9930838810512417
0.9930885837793703
0.9930965293377806
0.9930961865020043
0.9930986052374143
0.9930995480606187
0.9930969717580228
0.9930914417474351
0.9930964189957133
0.993100706055517
0.9931044525525984
0.9931035630708559
0.9931073705264238
0.993112961572792
0.9931139976602015
0.9931196668380531
0.993125635289927
0.9931223812517251
0.9931178029513168
0.9931164298297845
0.9931128360699929
0.993112336416701
0.9931135208566446
0.9931117411311977
0.9931136484356423
0.9931063523231837
0.9931014734257838
0.993089321638177
0.9930848677181675
0.9930802783227937
0.993072996916567
0.9930736865762132
0.9930765756149629
0.9930799964404173
0.9930807055702784
0.9930896771754659
0.9930886798928092
0.9930969912640827
0.9930954347370663
0.993096075077754
0.9931004913983733
0.9930929552344931
0.9930946554838388
0.9930946667161585
0.9930961619469659
0.9930976338446043
0.9931023879481559
0.9931012988240505
0.9930974509251455
0.993100479368
0.9930945617854688
0.9930959379638536
0.9930877775427699
0.9930787716128749
0.9930811397907753
0.9930807419922042
0.9930861333202625
0.9930903181133054
0.9930977832219533
0.9930980914508909
0.9930946055159322
0.993095487649735
0.9930892259160446
0.9930904097082989
0.9930929391632429
0.9930932226731551
0.993098112534884
0.9930953213934882
0.9930965763258758
0.993097769296446
0.9931007903945144
0.9930999355235248
0.9931064911611736
0.9931071323314301
0.9931164333159789
0.9931234533671648
0.9931259211105595
0.9931334379030428
0.9931405108217317
0.9931458761968344
0.9931504823514873
0.9931504371602013
0.9931513846067863
0.993146109387745
0.9931454498288594
0.9931448915080923
0.9931464672232183
0.9931475427887121
0.9931477393205285
0.9931476877556625
0.9931477071071706
0.993140607693705
0.9931407244957483
0.9931442149249093
0.9931447117981775
0.9931380531419755
0.9931268702060327
0.9931272554183704
0.99312519648083
0.9931237011095303
0.9931194043679558
0.9931146252979047
0.9931164084212472
0.9931173305069658
0.9931142218973931
0.9931134062341024
0.9931091855227924
0.9931089602571634
0.9931028135986351
0.9931024551370744
0.9930963675427416
0.9930913785206761
0.9930905181832883
0.993089539577748
0.993078845416662
0.9930705929022124
0.9930629607861159
0.9930605453415231
0.9930639692020402
0.9930612771192189
0.9930539410169761
0.9930516246216888
0.9930551897744104
0.9930580635417615
0.9930591413489755
0.9930624366184637
0.9930664731428166
0.9930686731350346
0.9930694815434189
0.9930688185726053
0.9930609983449026
0.9930570873176907
0.9930576684434561
0.9930551094513724
0.9930543979077309
0.9930583244202279
0.9930625927952071
0.993067863993827
0.9930691939362399
0.9930686340837048
0.9930709477212142
0.993070806196006
0.9930709905331839
0.9930701056156601
0.9930715097413818
0.9930717843472623
0.9930723827595834
0.9930750162591467
0.9930729708450544
0.9930705597720092
0.9930686495545353
0.9930689580212484
0.993065402621973
0.9930632152999809
0.9930618191903834
0.9930607092162991
0.9930637211410938
0.9930604154787561
0.9930619286654868
0.9930609358149581
0.9930607643427073
0.9930620632903467
0.9930605610733401
0.9930580286965238
0.9930589537813769
0.9930596419867858
0.9930599228786439
0.9930574156818794
0.9930522066206716
0.9930567965755823
0.9930511513403065
0.9930497941348608
0.9930457743744443
0.9930451224026734
0.9930507204454437
0.9930486934025451
0.9930414514412466
0.9930380041058402
0.9930373053797893
0.9930397803867951
0.9930344468485703
0.9930287457234138
0.9930318143513303
0.9930275331999505
0.9930235086101683
0.993020367549076
0.9930181929856623
0.9930191164725365
0.9930202169147232
0.9930235171612725
0.9930191179376328
0.993013725832153
0.9930116602609872
0.9930094074789642
0.9930065603814938
0.9930047105960444
0.9930036271803557
0.9930063123795302
0.9930058533287931
0.9930121330051921
0.9930139492045331
0.9930102326399322
0.9930057060998759
0.993002593126398
0.9930020376162343
0.9929950306266221
0.9929922179108053
0.992994229082454
0.9929931608086108
0.9929886524241188
0.9929852095841945
0.9929868712633865
0.9929863607576531
0.9929778368709402
0.9929760332667263
0.9929747913769138
0.9929730703230163
0.9929695047567072
0.9929642026393726
0.9929623168197822
0.9929597883505558
0.992958829995447
0.9929610784288232
0.9929610257190573
0.9929638144660126
0.9929621820185324
0.9929658254752654
0.992970127334582
0.9929658626058063
0.9929635504397619
0.9929647817444285
0.9929702728847754
0.9929683096308176
0.9929625704839543
0.9929670426146671
0.9929656838761645
0.9929685694680728
0.9929678751795995
0.9929739453000416
0.9929767096486457
0.9929817044049911
0.992985795628557
0.992992641731786
0.9929906290793683
0.9929882972946338
0.9929942091982059
0.9929911307753955
0.9929877406440774
0.9929885368324017
0.9929847100651596
0.9929870088721711
0.9929899774126935
0.9929960836583973
0.9929931107736306
0.9930011726357898
0.9930045907638505
0.9930029997817688
0.9930023502066359
0.9930026291392378
0.9929998271721313
0.9929955658246332
0.9929955877978047
0.9929999231876517
0.9929996262610058
0.993002912952961
0.9930003555612011
0.9930017779456187
0.9929985341771139
0.9929974079836004
0.9929971791527238
0.9929965080395144
0.9929943096479452
0.9929941096460978
0.9929879682491554
0.9929860139726274
0.9929847049806377
0.9929860795265403
0.9929836641449185
0.9929867731793748
0.9929895183185766
0.9929902249951916
0.9929920582677019
0.9929922601552158
0.9929908939819639
0.9929890273457196
0.9929839590263813
0.9929826188371649
0.9929772868219713
0.9929759635098786
0.992975835636295
0.9929763069361152
0.9929740985728627
0.9929764628614476
0.9929773208069149
0.9929806098765827
0.9929806969644558
0.9929788337506545
0.9929792338657958
0.9929810891186371
0.99298227225648
0.9929833616393003
0.9929813055689147
0.9929804531997241
0.9929791822383894
0.9929765015810945
0.9929829718026282
0.9929862286133377
0.9929887703549488
0.9929885273846195
0.9929916522987554
0.9929909570769574
0.9929895940437614
0.992993002551578
0.9929981138514633
0.9929986968450479
0.9930000329416383
0.9929950382486312
0.9929993827865545
0.992999203236669
0.9930015587901698
0.9930007426288648
0.993000827615396
0.9930004560930014
0.9930025727713988
0.9930048797971783
0.9930056616242307
0.9930067497541186
0.9930117612864362
0.9930111950326216
0.993010596458585
0.9930097986556898
0.9930038443388911
0.9930019364044547
0.9929998269647361
0.9930033209197585
0.9930042480620341
0.9930039904977338
0.9930037300258215
0.9930037169697954
0.9930047295442104
0.992997051740623
0.9929938679882365
0.9929941766855777
0.9929939038555842
0.9929898150649072
0.9929880300617606
0.9929872668756249
0.9929790734818839
0.9929699637421989
0.9929715984939619
0.99297284770389
0.9929703951166117
0.99296930526539
0.992967828031195
0.9929721167902463
0.9929738366883815
0.9929735401021815
0.9929741458022318
0.9929751094634142
0.9929718840881252
0.9929696109039684
0.9929710687821813
0.9929683149189932
0.992967751771649
0.9929691835585064
0.9929686613758781
0.99296808736783
0.9929681397178381
0.9929663949233676
0.9929702368934586
0.9929752985640578
0.9929766049185413
0.9929746926750963
0.9929734482662208
0.9929739630562389
0.9929773948185189
0.9929740187040677
0.9929710514420838
0.9929729126794392
0.9929739223761674
0.9929767922928964
0.9929762827889344
0.9929749895820378
0.992971532525378
0.9929723834906199
0.9929707001778388
0.9929709737477367
0.9929741697831671
0.9929743944992987
0.992974697462452
0.9929738320255534
0.9929744270298373
0.9929753050578147
0.9929816090477029
0.9929833859441175
0.9929885748086194
0.9929889086848513
0.9929883903039473
0.9929896599657453
0.9929906131011242
0.9929974473542653
0.9929985999570606
0.9929985953125166
0.9929974521322691
0.9929981889995398
0.9929956619267257
0.9929948181161918
0.9929932953641869
0.9929958652065489
0.9929965492211953
0.992999957930347
0.9930042402786988
0.993003278735528
0.9930009586851986
0.9929939165679531
0.9929952715722082
0.9929969328562179
0.9929989933468933
0.9930010313851535
0.993001793758406
0.9930026840409814
0.9930021550384526
0.9930016282040316
0.9930028544183855
0.9930017299092463
0.9930063968407782
0.9930091710890223
0.9930110690171414
0.9930142074593628
0.9930144090112616
0.9930156442402917
0.9930180277138205
0.9930189828668814
0.9930188640202238
0.9930181596128116
0.99301725303979
0.9930209737899074
0.9930174514656072
0.9930193674368387
0.9930201329010538
0.9930188220426613
0.9930174985959481
0.9930184079424127
0.9930189745820583
0.9930155183932537
0.9930160493205263
0.9930176424839148
0.9930157522125981
0.9930169185292695
0.9930145747328895
0.9930118335715993
0.9930107784247593
0.9930064234400044
0.9930084495920292
0.993008278507493
0.9930089864064672
0.9930058213035461
0.9930083872403666
0.9930081363042347
0.993007021392746
0.9930045145351215
0.9930044329853974
0.993002350543608
0.9929967367300115
0.9929951970389412
0.9929931340743701
0.9929935612709847
0.9929887104588229
0.9929855813571558
0.992985589764831
0.9929849656073925
0.9929840288985728
0.9929797883341553
0.9929779896942927
0.9929789484968766
0.9929742452137739
0.9929719812945258
0.9929724506212868
0.9929780164761972
0.9929799795976032
0.9929844083668485
0.9929855985816384
0.9929872253779523
0.9929896852738608
0.9929942484452057
0.9929984446754444
0.9929964870698907
0.9929978254952714
0.992998500412123
0.992999136707955
0.9930036320193348
0.9930070315991703
0.9930124284907014
0.993013998868535
0.9930142974411403
0.9930109819656094
0.9930085262293012
0.9930069680462591
0.9930069179949543
0.993007891165474
0.9930090479094967
0.9930118799821971
0.993011513678685
0.993009880904275
0.9930085766897637
0.9930088013730313
0.9930097481736194
0.9930101707041762
0.9930114677779422
0.9930121389624844
0.9930157371492118
0.9930174540485306
0.9930245179795278
0.9930276490010078
0.9930295688616347
0.9930303312987356
0.9930320665751059
0.9930304081268542
0.9930288475107124
0.9930270316583624
0.993027776134885
0.9930246536867499
0.9930229875579273
0.9930241688156443
0.9930241047728386
0.9930222025867822
0.9930179475393579
0.9930183466734044
0.9930186431722785
0.9930184989565446
0.9930225225479204
0.9930212298946711
0.9930228869064882
0.9930215684811892
0.9930216221385301
0.9930220554798267
0.9930273088931354
0.9930288491779917
0.993030034088739
0.9930314580654214
0.9930288327300636
0.9930307071448334
0.9930297114669989
0.9930351385152155
0.993036006136556
0.9930329604888172
0.9930335544479675
0.9930315935528192
0.9930304964672338
0.9930285700513783
0.9930286929476306
0.9930286069406703
0.9930281707230584
0.993028322486968
0.9930320495465043
0.9930353663155143
0.9930361513442714
0.99303841997241
0.993037289052061
0.9930363955507306
0.9930391665626752
0.9930397352504922
0.9930405127481732
0.9930431804369084
0.9930431336686165
0.9930385898394509
0.9930423192866923
0.993040561359552
0.9930382800764637
0.9930377244270164
0.9930414299198493
