0.11109623988265675
0.16331024046279688
0.22118593525066818
0.263683140721742
0.28980360740279104
0.30527344944903684
0.3217046435570606
0.33882448268219806
0.3611701074320322
0.3632844041226186
0.3676478483415487
0.3782602323353308
0.37687058327155426
0.3753723693530172
0.3811329686405602
0.39601810628868256
0.41277938897587474
0.43010572226317273
0.4445759967387258
0.4577131683122636
0.47088334261773923
0.48055316329067854
0.4872383894966891
0.4949991936322285
0.4989289143699691
0.5036407759622186
0.5051508859698642
0.5059660977458169
0.509027363689752
0.509781444848776
0.5105020316246525
0.5084208874591828
0.5093800352392984
0.5113951557172632
0.5151427783910879
0.5170584189035483
0.5231703702698498
0.5300171739948504
0.5358851177553839
0.5418668379636181
0.5489258878853025
0.5571251322454664
0.5651326688205367
0.5717767185002951
0.5779216770435898
0.5850498488511264
0.5921697893237414
0.598406485208951
0.6045735573804147
0.6097407447486318
0.6133918450419266
0.6161419959504778
0.6192427417637472
0.6216265510545379
0.6250937496791795
0.6287942109876032
0.6338645852938387
0.6380395643777228
0.6419710898020532
0.6458721304387379
0.6498494338191486
0.6544624656606355
0.6597116141199731
0.6641456390912808
0.668611997785318
0.6727646624996354
0.6775671762213158
0.6815388686037095
0.6848271527096765
0.6871594977586701
0.6894086042896349
0.6921682975319664
0.69496404367241
0.6970385913707374
0.6997325489432246
0.7028386057372354
0.7056755676382233
0.707495338358207
0.7078472478383552
0.7078663738383495
0.7079241095113996
0.7076832114940727
0.7074912215546584
0.7075787705891442
0.7073383897554707
0.7072435407424486
0.7066640857932825
0.7065891436531841
0.7064380961469944
0.7063521471518934
0.7066358241297053
0.706469422372513
0.7068203332842672
0.7073298483006649
0.7075149543009875
0.7074123723862867
0.7073242431335484
0.7070578938051669
0.7069679100202281
0.7073426621881806
0.7083725150426938
0.7097373681800275
0.710531254147524
0.7109802841135956
0.7109798663365056
0.7109328650432146
0.7111524066691131
0.7117645995756874
0.7124575741917907
0.7133472399848076
0.7145071786464432
0.7155606482683495
0.717082022216658
0.7186705763816683
0.7198205300664635
0.7209078992270014
0.7223464948340907
0.7240843172016762
0.7255356040962568
0.7268495749079018
0.7280606757626134
0.729226484983096
0.7304819119083309
0.7325538321053215
0.7347861412430189
0.7368976628222019
0.7393531564502958
0.7414795114564329
0.7433952807482516
0.7454389706033915
0.7475353540783439
0.7495017019264901
0.7516683642188173
0.7539983213808781
0.7564777575894887
0.7588378722598209
0.7608298185088357
0.762760407131858
0.7647513580371395
0.7667180669796749
0.7687976779059407
0.7708208177862558
0.7728483502797929
0.775015467189903
0.7770509903035402
0.7791993153243056
0.7815130946736327
0.7834870845640343
0.785116325442771
0.7864664701969124
0.7879654362078377
0.7895141993344565
0.7909539365149268
0.792283517535857
0.7935117059123226
0.7946956492781427
0.7962418407529648
0.7975433684724337
0.7984643420330091
0.799614448229963
0.800561830866824
0.8013828163045575
0.8018252716107828
0.8024566011221504
0.8030186805127606
0.8034602669642443
0.803992661881917
0.8046163385004169
0.8054663089882007
0.8064642878046601
0.8075886129653753
0.8086900900697345
0.8097241838784045
0.8109092611193756
0.8117046840936513
0.8126503514319617
0.8136492706129775
0.8145848399244765
0.8154036326310363
0.8162762285068056
0.8171963182758092
0.8179675036647537
0.8187353209789675
0.8194374232627003
0.8198998074369016
0.81996000996273
0.8198102529485276
0.8196890532141627
0.8196198429718632
0.8198355689145125
0.8200981426543442
0.8204865945537683
0.8206431150330468
0.820802583939747
0.8211519298155114
0.8212684790274771
0.8215447905068398
0.821761100910506
0.8218540859853412
0.8217940281906497
0.8219922318532775
0.8221906725970765
0.8222478272673523
0.8221267338560728
0.8219735491437297
0.8217531360976995
0.8215827600290221
0.8214837224216484
0.8215444459164797
0.8214359516555958
0.821465232769669
0.821628691644194
0.8217597201846306
0.8219614220164679
0.8219017588991677
0.8218495455253495
0.8217443756071402
0.8216912519600125
0.8217287827851141
0.8220967360904045
0.8224874437382538
0.8224631355379887
0.8224588990193973
0.8223507992874107
0.8222688701908452
0.8222353177000571
0.8222717147732633
0.8224268146098345
0.8224163569608663
0.8222476066559861
0.8221869145795696
0.8220933210068164
0.8220110892181565
0.8219877061177551
0.8219512507957785
0.8221895046651183
0.8223565046421615
0.8224397289105846
0.8226156948094366
0.822680780310787
0.8227655166698734
0.8227480922588849
0.8226907848793857
0.8226842081282296
0.8226709712492667
0.822720698509178
0.8226604721992452
0.8225947932088268
0.8226283257240078
0.8224446934896708
0.8222384776094352
0.8220611013324987
0.8219310277229511
0.8219811428154971
0.8220341524221009
0.8219459747393482
0.8216753148989444
0.8215717094124145
0.8215651570869473
0.821594837438063
0.8215359325810734
0.8214661565492258
0.8213779008611947
0.8214028161862971
0.82137668433217
0.8212793228144377
0.8210970551569132
0.8208559699010021
0.8206041592042588
0.8205664411204018
0.8205246285094192
0.8205695288335042
0.8204923414315312
0.8204581470313574
0.8203849024446671
0.8204449592052524
0.8204900688056707
0.8204723297996285
0.8204417915460304
0.8204906753816245
0.8206939520804716
0.8209263814284703
0.8210811362778072
0.8212485572003839
0.8215075203882791
0.821654875739325
0.8217009199375247
0.8218680370765317
0.8222020664299521
0.8226605008651486
0.8230460347254337
0.8234605792497837
0.8237967998221908
0.8240217675532122
0.8244343263565562
0.8249155091881105
0.8253728071462089
0.8257860224150589
0.8261727633302224
0.8264727923675852
0.8267896047482938
0.8270855950137256
0.8272385890117779
0.8274587807436865
0.827762547480935
0.8279255145759086
0.828161196047867
0.8283069334084249
0.8283725634795853
0.8283875377308532
0.8282559033162157
0.8280182536602975
0.8278033649344031
0.8275217735769986
0.8272424685466931
0.827012572028788
0.8268161849573189
0.8265565535684534
0.8263339299934882
0.8261591825463815
0.8260079549139914
0.8259056565893903
0.8258574081935062
0.8258718804935861
0.8260042923066897
0.8260868931788394
0.8262003480236393
0.8262440769972615
0.8262869880237976
0.8264221761601798
0.826711783624747
0.8270617223605516
0.82730253446339
0.8275642652730564
0.8278239760138824
0.8280487920835702
0.8282639569070641
0.8283750591325688
0.8284505440925275
0.8284996079428738
0.8285103251265165
0.8284561090085398
0.8283798313045203
0.8282490813356028
0.8280536356102638
0.8277980867729459
0.8277159643576616
0.8275995347682252
0.8275027120985397
0.8273419374149654
0.8271533822242254
0.8270184971523241
0.826790866684475
0.8264649566149478
0.8261759266828405
0.8257989965147211
0.8253950828201083
0.8251240273055863
0.8249246130304753
0.8248375349030332
0.8247259998732036
0.8245606503106578
0.8244435800581564
0.8242683507283355
0.8240762155070106
0.8239720864907895
0.8238812344541725
0.8236669233866629
0.8234715985336748
0.8232815339746051
0.8230418352876702
0.8228992233368789
0.822853578115882
0.8229496188560339
0.8231767033327851
0.8234067839813809
0.8236379928947244
0.8241369211819906
0.8244836588689474
0.8248616401970038
0.8252401590428444
0.8256161698744099
0.8260684798302188
0.8263466838171512
0.8266496010736588
0.8270268890955923
0.8273708282970423
0.8277672890339918
0.828240915217821
0.8286446779814215
0.8290247814075802
0.8293833093391819
0.8297993067212358
0.8301416765029327
0.8304339763380547
0.8307238392673443
0.8309652459359735
0.8311948201192373
0.8314291406099587
0.8316038524807919
0.8318092022978951
0.8318591460162735
0.8319410010729587
0.8321063264140037
0.8323101270554824
0.832469801039024
0.8326481399523428
0.8328644866338484
0.8329512536095702
0.8330706126143814
0.833227767643586
0.833511533622323
0.8337833271238333
0.8340991248209892
0.834525761172267
0.8348122434303634
0.8351292290573586
0.8353981185302011
0.8357162105926365
0.836029911113001
0.8363531811978319
0.8365908125176088
0.8368045337142584
0.8370148839872267
0.8372602623549864
0.8374585762998245
0.8376233981969307
0.8378257948698472
0.8380179283230953
0.8382107573727775
0.8383564868091634
0.8383759060283964
0.8383922556776318
0.8384865793779834
0.8385551273556435
0.8385878410359414
0.8386735466683622
0.8387838600021831
0.838896355345288
0.8390039711010382
0.8391208249504837
0.8392101084129993
0.8392618481239981
0.8392647785138676
0.8392792410132034
0.8393524138065637
0.8394773106886727
0.8396085411344414
0.8397069056639973
0.8397183577306326
0.8397511760342566
0.8397693585311972
0.8396904974277574
0.8396357238972287
0.8395868482721897
0.8395266596680349
0.8394720506380184
0.8393159396576987
0.8391347173499538
0.8389344831707523
0.8387435842432642
0.8386175363197913
0.8385882499379143
0.8386658470767274
0.8387182106796915
0.8387822916473425
0.8388051376475468
0.8388778355703365
0.8388977156175909
0.8388354610981439
0.8388028593782177
0.8387939966086629
0.8388994232890779
0.8389397489200995
0.8389668370370882
0.8389211032376823
0.8388712658997803
0.8388740453189785
0.8388361027657107
0.8387855674807816
0.838847283836256
0.8389186696724084
0.8389362722904983
0.8389668156171083
0.8390020534834265
0.8390960778536811
0.8392345077909993
0.8393246612136928
0.8393446522603455
0.8393304002761558
0.8394166361289963
0.8395652667534781
0.839679535205706
0.8397680878890527
0.8398757594296657
0.8399448846562235
0.8400634310268663
0.8401771045881188
0.8403355229112711
0.8405389296017598
0.840747445335012
0.8409999088843748
0.8412904019507914
0.8415395503244626
0.8417391733359052
0.8419415004898568
0.8422229897267839
0.8425004554690568
0.8427073001679979
0.8429046701347221
0.8431844707831724
0.8433301165682173
0.8435011768201142
0.8436332261968134
0.8437638833269093
0.8438272946756636
0.8438483789555172
0.8438470473240661
0.843878240425692
0.8438992691126658
0.8439184985477377
0.8438929373024656
0.8438441292976618
0.8437281583597502
0.8437371768928081
0.84375870106807
0.8438572153468235
0.8439306740472342
0.8440041231785945
0.8440815227059192
0.8441743992071885
0.8442476813731776
0.844346518882416
0.8444623233998632
0.8445669265413053
0.8446494855086345
0.8446996584476939
0.8447883907075117
0.8448935766411273
0.8448928213074914
0.8448898647495859
0.844888822101414
0.8448698823717827
0.8447773589044473
0.8447355017415232
0.8445931283290686
0.8444630523943544
0.8443700307933374
0.8442977183870829
0.8442429921104463
0.8441389388783052
0.8440628563079376
0.844005674186925
0.8439044267519463
0.8437781188612088
0.8437162275282664
0.8437316183209663
0.843805029161847
0.8438743165031192
0.8439049160798807
0.8439075696381177
0.8438598483103259
0.8438764341203122
0.8438956592294035
0.8438836919725621
0.8438784818171848
0.8439290785999422
0.844026540679723
0.8441730825264703
0.8443337806750086
0.8445019786378257
0.8447442033107823
0.8449048892623106
0.8451051372827042
0.8452939072786758
0.8454335959351696
0.8455349076265964
0.8456816636512058
0.845825062445
0.8459014927220473
0.8459523994779019
0.8460250806819726
0.8461151541503886
0.8461761842668251
0.8463074654907675
0.8464506339145033
0.8466510238016102
0.8468066194432167
0.8469045800629483
0.8469855907083589
0.8470447494650332
0.8471030928263352
0.8471278752434255
0.8471308846580046
0.8471655733798678
0.8472050455386265
0.8471809546150958
0.8471644641634217
0.8471385417638211
0.8470518607932406
0.8469936527613485
0.8470036216345745
0.8469993315111173
0.8469794561757704
0.8469412729781364
0.8469071397480786
0.8469008931831034
0.8468451210293355
0.8467725577956398
0.8466723850657727
0.8465920079654581
0.8465373856651557
0.8465055244620431
0.8464617284978072
0.846446991494516
0.8464855234847499
0.8465512174830826
0.8465593450794453
0.846638401649823
0.846673947146422
0.8467565696807751
0.846858658903031
0.8469777100434248
0.8470979801445095
0.8472015640733822
0.8473421546900072
0.8475093268192568
0.847633171246781
0.8477722177145298
0.8479077426284063
0.84803076559994
0.8482177139381498
0.848390586060393
0.8486242664896914
0.8488633090543123
0.8490627074689706
0.8491886853262479
0.8493275766243694
0.8494334134584847
0.8495449774895933
0.8496670434419509
0.8497761365719689
0.8498394242455881
0.8499420330523176
0.8500229062541923
0.850124214477084
0.8502468752606782
0.8503401511471923
0.8504053562009117
0.8505109854168745
0.8506115442190649
0.8506989032209022
0.8507827083002005
0.850917419521825
0.8510939941846315
0.8512422128355787
0.8513530792157009
0.8515171991170419
0.8516554044586441
0.8517810939247908
0.8519129319344683
0.8520674376390531
0.8522150571522589
0.8523849164197091
0.8524871458583247
0.8525811647656341
0.8526390785539739
0.8526743343860848
0.8526683669801334
0.8526872842277131
0.8526958235730043
0.8527078779531014
0.852759104813544
0.8528409368415769
0.8528670328410536
0.852861118064229
0.8528479819210449
0.852819164628008
0.8527980944534295
0.8527415399860409
0.8527075637156204
0.8526004644237504
0.8525561626360484
0.852486082552417
0.8523484479063084
0.8522309607015487
0.8521838710018844
0.8521132320911264
0.8520367548666433
0.8520380227225159
0.8520118586948751
0.8520294329199513
0.8520246143698338
0.8519914680524333
0.8519549198039856
0.8519397087261603
0.8518723459390376
0.8517781918646415
0.8517197430913047
0.8516792858338719
0.8516467157911649
0.8515960825929156
0.8514965284129713
0.8513866739402225
0.8512800321654965
0.8511308506515164
0.8509802997422418
0.8508578350288399
0.8507633431752052
0.85066679476146
0.8505650209013308
0.850521435849741
0.8504725323857372
0.8504048753066692
0.8503002939111518
0.8501958183941315
0.8501034623152318
0.8500044456619149
0.8499117369363951
0.8498525884688717
0.8497636804601904
0.8496626683062292
0.8495501982106954
0.8494418676306369
0.8493655868470604
0.8492525061110799
0.8491651158463379
0.8490992945284327
0.8490542750235108
0.8489850100110873
0.8488725314647748
0.8488324184524576
0.8487834064493615
0.8487317771849702
0.8487556277701954
0.8487421802347133
0.848672638229528
0.8485968125458476
0.848567257777552
0.8485069860907144
0.8484790900966577
0.8484409421024064
0.8484222986301281
0.8484376310685281
0.8483446763124677
0.8482600937080048
0.8481757007166383
0.8481340205824409
0.8480924977144334
0.8480425006989276
0.8479942459538465
0.8479756493932827
0.8479173572333696
0.8478766344390393
0.8478284946359221
0.847773308373535
0.8476449806450803
0.8475590351658806
0.8474773182608147
0.8473608046734591
0.8472809891566518
0.8471395160245901
0.8469401947071848
0.8467779423822355
0.8465990346753153
0.8464303799160832
0.8462673967232602
0.8461267800616422
0.8459525937483005
0.8457965948840245
0.845667488302986
0.845565022825812
0.8454656122644495
0.845400210910263
0.8453618039499953
0.8453152173363699
0.8453691679076187
0.8453548489497685
0.8453063371016657
0.8452498173348287
0.8452095595196732
0.8451602958581357
0.845097030513168
0.8450786351678268
0.8450537430140623
0.8450652186773315
0.8450953922170859
0.8452038978820542
0.8453223406791104
0.8453839668513151
0.8454065216486619
0.8454570479620382
0.8455311026804619
0.8455749245031166
0.8456074862491031
0.8456318155440229
0.8456273222717163
0.8456137522005316
0.8455910428273717
0.8455500749962632
0.8455065078596045
0.8454495836800148
0.8453955773263447
0.8453348559603584
0.8452690025129813
0.8452038091491879
0.8451019816599459
0.8450300680055282
0.8449420216991363
0.8448317074707921
0.8447367965461341
0.844649000813225
0.8445956590099629
0.8445469457750474
0.8445247899645859
0.8444651467146297
0.8444026118437415
0.8444091045403164
0.8443896800120337
0.8443767532339608
0.8443201903765513
0.8442708400156931
0.8442226538508137
0.8441923496396914
0.8441774764723321
0.8441799166910605
0.8441749098008532
0.8441453321805511
0.8441084935182189
0.8440575444660585
0.8439768159765969
0.8438922285050295
0.8438023312440415
0.84369136830343
0.8436211478502974
0.8435739891761145
0.843518136686485
0.8434811850490522
0.8434435296275633
0.8434058577013739
0.8433312866019623
0.8433098743352591
0.843275430367864
0.8432926192633705
0.8432539803029232
0.8432104864889649
0.843143577145641
0.8431109297514493
0.8430566011155036
0.8429859284464786
0.842864168757046
0.8427267993895013
0.8426227506672276
0.8425274552077189
0.8424538354652281
0.8423938050014216
0.8423428856533323
0.8423186203236256
0.8422492347505637
0.8421709551628713
0.8421042739445621
0.8420880847730196
0.8420351181172943
0.8419824908755958
0.8419323536903371
0.8419019157835685
0.8418453034113256
0.8418111010981327
0.8417935319695594
0.841792498338238
0.8418335390665628
0.8418697396860519
0.8419308647130508
0.8420177761196065
0.8421097311524088
0.8422322726508684
0.8423731993407009
0.8425054784225906
0.842627641378241
0.8428119134499361
0.8429677115553701
0.8430958712256149
0.8432245253097311
0.8433635636835618
0.8434789737217803
0.8435675601924829
0.8436696541205003
0.8438141289282622
0.8439292959041078
0.8440773821944717
0.8441909249434283
0.8442566348534182
0.8443324892786517
0.8443911136712587
0.8444642197719612
0.8445564881346417
0.8446079604417321
0.8446459639604355
0.8446476013268442
0.8446618876694871
0.844695330918139
0.8447225160304159
0.8447422081412823
0.8447626875086941
0.8448402504264714
0.8448921228572946
0.8449299729843563
0.8449882217994833
0.845001489385417
0.845031609792318
0.8450406409968402
0.8450400700697606
0.8449852743439251
0.8449644653407341
0.8449140667456594
0.8448555037916253
0.8448185807369867
0.8447953730227971
0.8447123848701064
0.8446198484264418
0.8445408738898642
0.8445080254167194
0.8444658371720956
0.8444022772231728
0.8443263137579999
0.8442317033446792
0.8441673641459977
0.8440908674035481
0.8440080692992413
0.8439426295136976
0.8438877623317588
0.8438243498455655
0.8437684436599341
0.8437140914616761
0.8436720593857581
0.8436322009355233
0.8435995130919698
0.8435747768139665
0.8435594325399496
0.8435327456363044
0.8435152874765046
0.8434814120675109
0.8434443755796195
0.8434430214874175
0.8434367469649683
0.8434733342201444
0.8434908509788401
0.8435236850854396
0.8435677278129052
0.8435972504815287
0.8436463901707928
0.8436941664104965
0.8436735154119724
0.8437150302589529
0.8437344098459061
0.8437360475049924
0.8437274352472676
0.8437296431133704
0.8437447896939773
0.8437409776432779
0.8437212085702012
0.8437266676285416
0.8437785429164427
0.8438049522065585
0.8438548375839149
0.843871814320552
0.8439151145076803
0.8439856224309751
0.8440641402707373
0.8441830216091233
0.8442940919856322
0.8444204918085603
0.8445615633105128
0.8446905092969798
0.8448226236948095
0.8449152238674567
0.8449817907478483
0.8450262839447169
0.8450180288665811
0.8450179678117771
0.8450205445885298
0.8449739747659609
0.8449517209333333
0.8449457104856817
0.8449233606385789
0.8449133790920303
0.8449551273194172
0.8449726305696893
0.8450019322078747
0.8450676401004169
0.8451114041957726
0.8451927315234555
0.8453084768319581
0.8454110972598484
0.8455177995264093
0.8456709757096329
0.8458040630437044
0.8458937325962078
0.8459730306120191
0.8460060164433691
