0.13483650621470442
0.19840725133980544
0.25258575894895396
0.2936328409579053
0.322298193898171
0.3409244895170356
0.37140631672081853
0.3847476429140418
0.40978209466609944
0.4158792354509289
0.42537146569247253
0.4352271612310974
0.435165899558957
0.42878973906084766
0.42915262180480535
0.44105231865809935
0.4533551550563086
0.46706325097133045
0.4793711421752139
0.49200607927528417
0.5053714030216143
0.5141346953336141
0.5187460053258829
0.5265695656736571
0.5334821564905737
0.5402784748116752
0.5430693863185075
0.5452272050628049
0.550977599507663
0.5563101426924162
0.5630731783786991
0.5661739747358128
0.5724202302987536
0.5784352525370422
0.5845128144751504
0.5886723692299242
0.5984954978542819
0.6082885053201336
0.6171734676867184
0.6264452066539988
0.6367451468040851
0.6482584133210976
0.658831362764818
0.6679490570181258
0.6757303115689511
0.6844266847695402
0.6921582316757676
0.6989020251146563
0.7056683365885357
0.7118456244878397
0.7167425241737241
0.7209437682580885
0.7243243633139652
0.7269880870956548
0.7307908997728443
0.7345589561276985
0.7393118379633848
0.7435383431390801
0.7464541654971456
0.7490807179756893
0.7511041572830797
0.7537787881171538
0.7565736172744054
0.7586589353424998
0.760793796616697
0.7628574078002219
0.765473097895904
0.7672534333465909
0.7688142129726956
0.7699732740462086
0.7711983694739082
0.772333511008845
0.773333726714225
0.7738420029138501
0.7743684493763824
0.7752878903647688
0.7759021377804972
0.7760537296072286
0.775605716246774
0.7749312680738509
0.7744079909018179
0.7743802225156262
0.7745227417410308
0.7745348485604259
0.7741477755418249
0.7739281889784676
0.7734225292429004
0.7730263329342298
0.7728667932843954
0.7726863686421583
0.7726763578607327
0.772562848107045
0.7728634220867197
0.7728695864884879
0.7731701449272237
0.7731638770434092
0.7729744766750787
0.7729917796513649
0.7729686431666035
0.7732140837341965
0.7737874825017579
0.7749524027739008
0.7757417257704737
0.77630436609838
0.7765654044187958
0.7767543694052504
0.7773563917346566
0.7780072575582593
0.7783986015403137
0.7790163321870373
0.7799091128687496
0.7806630028551916
0.7815900736664437
0.7825798303473288
0.7833090345302629
0.7837490752848453
0.7845195465611532
0.7854235161314722
0.7860534235212446
0.7867498859987658
0.7873340118037647
0.7878654265241289
0.788282970430704
0.789241038113846
0.7904992879617269
0.7915630563179289
0.792820767143775
0.7940829602819873
0.7952685749865863
0.7968624635669378
0.7984827255084961
0.7998207539878007
0.8016551245377386
0.8036541166438721
0.8057937592196878
0.8077447201925603
0.8095424255351849
0.8112273538887654
0.8128361850796036
0.8144951084793887
0.8162789725524141
0.8179523086008472
0.8194613244398871
0.820740421983735
0.8221807397841812
0.8236596641918077
0.8253613842597948
0.8267190952016498
0.828196156388698
0.8293692690460621
0.8306820723825522
0.8319413638783709
0.8331842187369222
0.8343945261549729
0.835638544095808
0.836661291603681
0.8381464167584316
0.8394905292675973
0.8403730913109363
0.8414796006282933
0.8424002065892289
0.8432686451843003
0.8441532029780803
0.8451491572128316
0.8458924078930368
0.846472962999962
0.8471466357819931
0.8478508219001684
0.848556407672674
0.8492657545441341
0.8499051063834793
0.8506048297929077
0.8510837438790366
0.8517521482748608
0.852518788019337
0.8533118628429393
0.8539115660476276
0.8545108471019857
0.8549513134232205
0.8552974474927946
0.8555935683779153
0.8557966707956012
0.8559833632484107
0.8561036743014316
0.8561493303476096
0.8558560941156532
0.8555136756021625
0.8552307802662756
0.855040410184642
0.8549555512647036
0.8549863789525295
0.8549855601702737
0.8548473231332392
0.8550722845595081
0.8553304462476057
0.8555834668636041
0.8557260978619385
0.8557060009288453
0.855843887690512
0.8558683938470046
0.8559062652332554
0.8559513838843269
0.8558298837051339
0.8558031453366552
0.855759542834523
0.8556089087491309
0.8553974330572107
0.8551944160641596
0.8549300133066027
0.854513519962403
0.8542534069862281
0.8542098262330613
0.8541202823075873
0.8540583339107236
0.853815921023362
0.8536448087704549
0.8533645729320956
0.8530342762591313
0.8528325656404165
0.8527205229870314
0.8527229301766164
0.8524660263607293
0.8523626362953163
0.8522236759059971
0.8521274228151323
0.8521534627228463
0.8522737013865337
0.8526166281159357
0.8529238950579869
0.8532387331041578
0.8538876274106825
0.8544786681583466
0.855070897007762
0.8556064269998834
0.8561599493915013
0.8568149456480129
0.8574178318297583
0.8579043458272212
0.858333034793522
0.8586999730742068
0.8590272352108825
0.8591379188375057
0.8593366780716937
0.8596123660429257
0.8599345919346362
0.8602269514961995
0.8603615169678739
0.860490379947542
0.8605493480726778
0.860578725232663
0.8605575235630263
0.8606700611213083
0.8608968956236972
0.8610995727151284
0.8611803847461679
0.8610230167865472
0.8608798431195247
0.860766844582015
0.8606498736949945
0.8606207001078328
0.8607370838465606
0.8608240820406461
0.8608427480054913
0.8609765458495574
0.8609717817450054
0.8608751407866946
0.8607365713265919
0.8603842906885711
0.8601034678370132
0.8600310485969509
0.8598074328118797
0.859649480645514
0.8594257347325387
0.8592732067659287
0.8590861372570383
0.8590334393809109
0.8588880351041733
0.8587462124526091
0.8585114259649111
0.8583234629407603
0.8582238207272599
0.8582398891937467
0.8580465532299536
0.8577479454234821
0.8576143528973912
0.8575266635320189
0.8574538168390352
0.857462946170989
0.8575860264414042
0.857731027302859
0.8579415219178838
0.8581125447701355
0.8582624418946232
0.8582616389517662
0.8584293360567296
0.8586861805732399
0.858933112185548
0.8590932162674928
0.8592405316613067
0.8593887215987238
0.859448304703214
0.8594283992200493
0.8592816810390176
0.859056560384829
0.8588438956160006
0.8586005960569774
0.858443345295894
0.8582375050695813
0.8579936627720639
0.8578525015775187
0.8576902766274856
0.8574221636808614
0.8571675746333511
0.8568059225067268
0.8563933339385863
0.8560831265689518
0.8558069513657994
0.8554337917501111
0.8551771496048706
0.8548661000366279
0.8545245011297428
0.8542557297932671
0.854029013695224
0.8539883988514216
0.8540450830494665
0.8540498782208753
0.8540536018827408
0.8539751745523205
0.8539671130068894
0.8539750035037252
0.8540875721064922
0.8542428901638803
0.854246357467362
0.8542315396205534
0.8542232509580466
0.8541406109810754
0.853976393642423
0.8537401824463009
0.8535933467516529
0.8534036486003179
0.8531678581205384
0.8528790812881483
0.85252074808375
0.8521120548824481
0.8517966490129748
0.85136462089845
0.8509534009648344
0.850456799581423
0.8500839592497568
0.849790151246566
0.8493678767644428
0.8489984630641986
0.8485279772264365
0.8479318628443211
0.8473708388341652
0.8468659351034324
0.8463795157616757
0.8459269639389153
0.8455344933192283
0.8453230035557304
0.8450374679403048
0.8446889641309137
0.8443424713046978
0.8438728849555184
0.8434183450526707
0.8431409113618195
0.842847779869934
0.8425251143419352
0.8423235216298709
0.8421471514163806
0.8419822062990967
0.8418441681241626
0.8417644489230091
0.841822256430423
0.84191724906065
0.842100506116439
0.8423702433627865
0.84281948165359
0.8431470038298249
0.8433962818870426
0.8436573722964241
0.8439569805289562
0.8443345738204544
0.8445593744387581
0.8448116984752941
0.8452076985796629
0.8456113691783744
0.8459493777473893
0.8463243757815436
0.8466532291286656
0.8469790557897887
0.8472556687177324
0.8475124533841214
0.8475911339861675
0.8477341704732578
0.8478758024528283
0.8480944189077818
0.848325080589938
0.8485305950308403
0.8487343019753139
0.848987764193319
0.8492704278999431
0.849547079014471
0.8498487344604575
0.8501795310586362
0.8505236580243648
0.8508516637303585
0.8512483950632586
0.8515684185487807
0.851882483904597
0.8521232151834596
0.8525194007131338
0.85292805024185
0.8533098923119655
0.853720665986493
0.8539976441144561
0.8542455646570756
0.8544737640232913
0.8547398378105326
0.8549846262676453
0.8552343232035594
0.8554176669830869
0.8555119103314912
0.8556124759030801
0.8557409358762196
0.8559427614646087
0.8561245751975854
0.8563561164204928
0.8566314452564472
0.8568555287385418
0.8570059772007605
0.857012864084642
0.8569497358701751
0.8569831908665834
0.8570280310493406
0.8571063657331102
0.8571826018580191
0.8572705190296409
0.8573847243352308
0.8575175002193941
0.8576757804149947
0.8577921066430386
0.8578331843202952
0.8579506506847446
0.8580312956311882
0.8581055867860486
0.8581303018346434
0.8581001928677943
0.8580950447757559
0.8580491246004743
0.8580279995791152
0.858042874134672
0.8580623994158549
0.8579808948060901
0.8579200696530375
0.8577852154449639
0.8576473520293346
0.8574023984489991
0.8571978020095593
0.8570219691598675
0.8568805694975349
0.8567396327177333
0.8566717179662178
0.8567209931038878
0.856739337611383
0.8567288287332588
0.8567565988242534
0.8568696433057006
0.8568985836138937
0.856838694916781
0.8568271759911164
0.8568143235916287
0.8568024692515138
0.8567766951446415
0.8567316280991153
0.8566127381976708
0.8564896957367756
0.8564222124859343
0.8563454324325166
0.8562007326182433
0.8561194964711695
0.8559926209967402
0.8558759099955738
0.8557855078691007
0.8556911844308275
0.855633184601157
0.8556687399825439
0.8556538903622773
0.8556058952076149
0.8554986492049289
0.8554711818303182
0.8555033610439473
0.8555042534198252
0.8555555163579444
0.8556034083687712
0.8556852559236803
0.8557960374143061
0.8558721551322607
0.8559296487963276
0.8560638961680336
0.856176860490397
0.8562424673967665
0.8563291496881072
0.8564164407898754
0.8564862605720256
0.8565628637987489
0.8566894879835466
0.8567678577292458
0.8567850185080419
0.856834711506064
0.8569912744034178
0.857081673353523
0.8571498295766758
0.8572780737849757
0.8574085898413505
0.8574785178021295
0.8575426243092124
0.8575056973560977
0.8574520955988729
0.8573844348339551
0.8573492531591961
0.8573002626534414
0.8572358558290973
0.857119071411048
0.8570577507994902
0.8570298400666452
0.8570633725436642
0.8570767534961495
0.8570989229766948
0.8570537520120914
0.8571202493470604
0.8572242854025324
0.85729274220431
0.8573721513403895
0.8573859667412067
0.8574396684829996
0.8574900613022608
0.8575597394125749
0.8576274907014407
0.8575631901156954
0.8575150355877238
0.8574849162446287
0.8574425515614892
0.8573656572679681
0.8573115139939037
0.8571285486594433
0.857004176044107
0.8569078752879145
0.8568259480745345
0.8567656463788279
0.8567340840351174
0.8568038964778352
0.8568430298098232
0.856893784896492
0.8568636703561763
0.8568741847663868
0.8569023187536813
0.8569943830942164
0.8570752467768774
0.8571893008835734
0.8572728977977652
0.8573800539025205
0.857483213303117
0.857519625849856
0.8575459871100302
0.8575880277388409
0.8577036736332937
0.8578741566690729
0.8580806973160804
0.8583309094935743
0.8585877043926481
0.8588989572076784
0.8591796784722757
0.8595086524566814
0.8597692093146302
0.8599867988486959
0.8601687983259594
0.8603686609016014
0.8605706908185391
0.8607934048337238
0.8610296064227746
0.8612117733668714
0.8614175103468269
0.8615851861979025
0.8617734904497449
0.8619966628355805
0.8622383082923938
0.86244727097909
0.8625937444596119
0.8627600805283634
0.862912338891251
0.8630874184576047
0.863208158967834
0.8633521203639064
0.8634489424374215
0.8635321899048192
0.8635864801332087
0.8636416227982774
0.8636772483900781
0.8636754022892109
0.8637056054977358
0.8638100496670574
0.8639141474275885
0.8639783316029518
0.864030759626933
0.8640010034081498
0.8640042807485862
0.8639576863581023
0.8638652334826235
0.8637263631648782
0.8635684521261295
0.8634567667307919
0.8633405889468686
0.8632506633391889
0.8631751531935672
0.8631140912514487
0.8631080331745393
0.8630567259345014
0.8630216392312423
0.8629554573862228
0.8629873540891828
0.8630326879454184
0.863089047233486
0.8631766421614637
0.8632603339316476
0.8633709219385381
0.8634838281114069
0.8635991948863118
0.8637277196471163
0.8638573975253865
0.8639916529745709
0.8641589663245783
0.8643138067477114
0.8644921343989612
0.8646245769108337
0.8647569577395401
0.8648550458268314
0.8649424032985831
0.865037097972374
0.8651725406758707
0.8653277245560381
0.8654712818185173
0.8656030632142283
0.8657842975449263
0.8659643983888723
0.8661516288945802
0.8663982752722137
0.8665306486699764
0.8666166212115421
0.8667522232960112
0.8668472529216653
0.866939933369502
0.8670113780691104
0.8670748639842156
0.8671851454427244
0.8672441613645084
0.8672205235657463
0.8672355451650563
0.8672296536597224
0.8671781347381753
0.8672116964045532
0.867231797425352
0.8672984389404214
0.8673651860443062
0.8674203824103205
0.8674839869057409
0.8674808300402703
0.8674962677750266
0.867506621511322
0.8675880992010364
0.8676379966337993
0.8676986157295318
0.8678282388451474
0.8679640398853276
0.8680141101324507
0.8680589536683306
0.8681056398994017
0.8681459945291367
0.8681901832436024
0.8681779951507241
0.8681494455823845
0.8680682473414425
0.8680617237702453
0.8680256262402167
0.867966303015962
0.8679006718220753
0.8678492470042913
0.8677549199701613
0.8676812645247626
0.867635273351224
0.8675933651837228
0.8676110771081921
0.8676420887478803
0.8676415298416379
0.8676688865693108
0.8677214372894304
0.8677749831995804
0.8677812980471147
0.8677976168688795
0.8678750624872902
0.8679653968457769
0.8680499811262022
0.8680318760203358
0.8679653152524023
0.8678960516002353
0.8678113506937587
0.8677349072162013
0.8676763831900244
0.8676432367272386
0.8676094585718178
0.867535605355618
0.867481792991558
0.867376053264614
0.8672894468966176
0.8672395268003437
0.8671973105174507
0.8671230689906859
0.8670508544335557
0.866963060278854
0.8668946062159961
0.8667956236042536
0.8666983695347799
0.8665635632569171
0.8664369887618789
0.8663073790097645
0.8661852048884914
0.8661071044333732
0.8660935415101285
0.8660961699331853
0.866057858412176
0.8660484685153511
0.8661277639728991
0.866232151740204
0.8663220604480303
0.8664433377565721
0.8665400697223739
0.8665879343267262
0.8665675465396343
0.8665950034996522
0.8666210709779348
0.8666238398323174
0.8666802706003691
0.8667688596160587
0.8668788776145311
0.8669595165372774
0.867018869738177
0.8670830889772316
0.867180034076338
0.8672654563401799
0.8673403715962418
0.8673878453579001
0.8674256107663126
0.8674555059068847
0.8675218342329342
0.8675792501011398
0.8676412641232566
0.867668366030495
0.8677217537412654
0.8677797686298616
0.867845068264267
0.8678912378634204
0.8678759082970681
0.8678275200477406
0.8677977051526833
0.8677423017970938
0.8676870190525936
0.8676781992719207
0.8676845659379755
0.8676411251448174
0.8676441573929239
0.8677500981968301
0.867839579453583
0.8678956223891198
0.8679878738773176
0.8680731652840353
0.8681887612682935
0.8683041333297498
0.8683738833549245
0.8684208803111153
0.8684390033413364
0.8684748837753872
0.8684316321715899
0.8683410058709505
0.8683126572260466
0.8682583035815373
0.8682018209358731
0.8681801545589805
0.8681837935852483
0.8681849524777457
0.8681431105055749
0.8681400316017067
0.8681744996375106
0.8682274242133087
0.8682266442430531
0.8681812708448003
0.8681636923251632
0.8681136562073147
0.868103320930316
0.8681230067940139
0.8681372075686262
0.8681503197743802
0.8681994336068026
0.8682251004881392
0.8682404006647317
0.8682461752092997
0.8682489783699262
0.868276835018116
0.8683038515582963
0.8683008577490735
0.8683065575289425
0.868343750716702
0.8683480409606008
0.8683425741100558
0.8683621736920865
0.8684063399167029
0.8683997717326957
0.8683328402862861
0.8682749584026901
0.8682359129221199
0.8682067591755263
0.8681193135320379
0.8681066641653373
0.8680962609066821
0.8680704985271931
0.8680230777453259
0.8679470952702626
0.8678967345838758
0.8678534453572799
0.8677980466216224
0.8677218528177282
0.8676288428635803
0.8675003124671641
0.8673877808994039
0.8672688036797193
0.8671967540324084
0.8671372959537402
0.8670698166194986
0.8670366969345618
0.8669768384574524
0.8669378680523185
0.8668510826989729
0.8667726760100942
0.866712822815206
0.8666959569364441
0.8666580050001447
0.8666320154459107
0.8665867826163227
0.8665549824533192
0.866509039862053
0.8664302275501943
0.8663599192997029
0.8662797375111931
0.8662568811594942
0.8662474301302965
0.8662279722879996
0.8662182814294739
0.866184810676439
0.8661795340822439
0.8662069342924771
0.8661843685783274
0.8661952853475312
0.8662495547308534
0.8663067220177891
0.8663533842485872
0.8664311000939569
0.866536227706676
0.866637249162442
0.8667263585845502
0.8668109620717511
0.8668793060015572
0.8669600598653056
0.8670170342307452
0.8671524891459158
0.867284934241709
0.8674344432504756
0.8675552563089703
0.8676852018219026
0.8678128069253194
0.867925228585439
0.8680911318967718
0.8682325423785524
0.8683431128074357
0.8684340443498474
0.8685133333309193
0.8686095905605921
0.8686889677927688
0.8687789447162299
0.8688702468660927
0.8689803327127547
0.8690950897979057
0.8691507933095634
0.8691419502167617
0.8691726453235645
0.8692034835602116
0.8692522840156881
0.8693113431182833
0.869363382626231
0.8694027736044592
0.8694542360060523
0.869543890241579
0.8696334261831232
0.8697151622981337
0.86979045050741
0.8697941660357645
0.8698129537372226
0.8698373520311417
0.8698574847202115
0.8699108231228686
0.8699533179511605
0.8700310394679134
0.8700527517422973
0.8700227937106012
0.8700175836530639
0.8700454276328164
0.870067290327891
0.8700526901828843
0.8700388260743297
0.8700191927288914
0.8699403246694785
0.8698705129360027
0.8697812707103536
0.8696905238636377
0.8696232521518
0.8695002001194163
0.8694076698950526
0.8693316582988273
0.8692682603254391
0.8692107419957297
0.8691062587864199
0.8689903778039851
0.8688949738765329
0.8688123322911505
0.8687289624523599
0.8686636902556344
0.8685821719365242
0.8685512702242948
0.8685189374371486
0.8685260063347017
0.8685605011921619
0.8685891749991691
0.8686282258300249
0.8686560560310703
0.8686867208740627
0.8687293669872439
0.868765230339222
0.8688015362198341
0.8688623825511302
0.8689247266421062
0.8689387205158502
0.8689742368083828
0.8690131987686178
0.869042393227746
0.8690410813222944
0.8690534277568238
0.8690331247573219
0.8690104672656352
0.8689887196168169
0.8690529725773037
0.8691017136525693
0.8691401902547639
0.8691500138416649
0.8691869950140184
0.8692431519780545
0.8692926801355314
0.8693447078952827
0.8693961625373259
0.8694716762404736
0.8695993558394239
0.8697389105703586
0.8699010151402873
0.870060582939951
0.8702268730128213
0.8703657379675862
0.8704948076335706
0.8706025695678388
0.8706771394956179
0.8707264273307384
0.8707769262901913
0.8707908271497427
0.8708146306094415
0.8708131740466114
0.8707569100588369
0.8707316786336199
0.8707162365981816
0.8706663971758297
0.8706242492398037
0.8706329902065841
0.870649783908675
0.8706343308053195
0.8706206581234205
0.8705977687277232
0.8705633877272607
0.8705412234999287
0.8705093375964004
0.870486131497928
0.8704962474455153
0.8705125471557938
0.8705301217393461
0.8705635889824697
0.8705348813083409
