-0.026571006270129878
0.03532692773320386
0.07140903956307747
0.1365517668365068
0.16700746599656846
0.2042321181910495
0.2268849872184593
0.2410511562553237
0.26450526820324144
0.27787868654292286
0.2927411411405408
0.31492942364422427
0.30846974572327873
0.2967770169317343
0.29892042928416834
0.3097270073856976
0.32406967135729886
0.34277818930414083
0.36284079806301345
0.3767313009421442
0.39101824938684165
0.3994374751441453
0.4046544210362452
0.4113661820822936
0.4150388268573947
0.4190283271547957
0.42278685535354055
0.42512881906752803
0.43064357219326294
0.43413521082962425
0.43848796717453503
0.43919519124447326
0.4437032522824972
0.4490000932519943
0.45467926246503165
0.4577852941437391
0.4674350787944082
0.47762730567454603
0.4840642010476352
0.4904619951072364
0.49736424368517995
0.5065510056670436
0.5151345760386155
0.5220204043457585
0.5292169352801674
0.5381320763529096
0.5469812158259493
0.5557899934843734
0.5648119859236211
0.5736437086063525
0.5804560841575106
0.586325178147655
0.5914868322895878
0.595554001469554
0.600729269134556
0.6056638619299674
0.611995666219406
0.6176371822163447
0.6224662057480183
0.6269662182311329
0.6308851809135296
0.6351079646143516
0.639191023576722
0.6431530252638356
0.646540892815493
0.6504563773041505
0.6551470664671386
0.6586092361191622
0.661874576210417
0.665688583125226
0.669529984855079
0.6731147520595553
0.6764154024034464
0.6783695786555779
0.680390326580739
0.6829403899979424
0.6853989643882222
0.6867024621201309
0.6863487743537152
0.6858228942492508
0.6848716981684165
0.6838961749463837
0.683600734177136
0.6837182635743212
0.6833737448164481
0.6827418855601447
0.6816887634346648
0.6809180570355079
0.6804524947360352
0.6796493301368133
0.6793326281703103
0.67875189909068
0.6783566066217627
0.6776664713209629
0.6765073615681524
0.6750985510992423
0.6736273786174186
0.6725673781480267
0.671829697272839
0.6711963561549471
0.6713716240102964
0.6722997195335387
0.6726761221474082
0.6731938224706133
0.672894020970163
0.6718360967775742
0.6717611623987879
0.6719429354450513
0.6722596490464448
0.6731658502169982
0.67459463232875
0.676105961830343
0.6775713195757643
0.6789286250541704
0.6798428360407139
0.6801891543185441
0.6807842010700045
0.6818673840288073
0.6825340501961448
0.6831367001027722
0.683317935575433
0.6832980520069386
0.6829868537957484
0.6831073191234321
0.6837515559907816
0.6844424703479288
0.6855403537316848
0.6864597258811947
0.6869587130223378
0.6877163614664313
0.6885475615368983
0.6890924189926038
0.6904057952147925
0.6916520253155581
0.6928525311795679
0.6944243392538851
0.6957109627317206
0.6966789672663666
0.6978646965603937
0.6991262855783635
0.7006577134659654
0.7022224463928568
0.7039645902290741
0.7060658095400012
0.7083092147529363
0.7104565933257173
0.7125397331850778
0.7141225979686212
0.7155499887018316
0.7165066607028734
0.7175628771511844
0.7184349573787007
0.7198168345393599
0.7210938313170382
0.7223470164696997
0.7231777500671349
0.7246289484175467
0.725833670339146
0.7265241457328284
0.727730511530943
0.728578232997844
0.7294124308080995
0.7298373166395109
0.7305374111899341
0.7308387753215555
0.7306195462261389
0.7305977501906717
0.7307448977789461
0.7312416948672809
0.7318568682312432
0.7324726483306359
0.7327911168641729
0.732830606009951
0.733202968455622
0.7338318090435381
0.7344358356730347
0.7349728838485325
0.7356675174089682
0.7359879338987806
0.7365010801742489
0.7370016390879484
0.7375974878981124
0.7380253347810203
0.7384637708385543
0.7385990669284113
0.7383931996869724
0.7378694681029929
0.7372116850431023
0.7367066812010271
0.7362689618545377
0.7357278431895982
0.7352915709477128
0.7346884992035078
0.7343283323984775
0.7340615704352972
0.7337493080308004
0.7334396642809837
0.7329910235510684
0.7326653516703913
0.7322527772086748
0.7319201851163601
0.7315423670618216
0.731121984167655
0.7308429174651226
0.7306525293178674
0.7303903689074386
0.729989417555441
0.729531857176324
0.7289968561694629
0.7283897416580817
0.7281288753367545
0.7278348621454509
0.7274277878461087
0.727161002841176
0.7265102944638349
0.7259304529041763
0.7252523586570848
0.7247654310125091
0.7243715388094994
0.7244261943736056
0.7244707179551874
0.7240602633441167
0.7237351850944331
0.7233164084357803
0.7228396809638262
0.7224661184448727
0.7223884847858876
0.7225370978647822
0.722515994427027
0.7224453333220361
0.72262336712312
0.722731132278615
0.7229017158659832
0.7231046029243805
0.723273560952604
0.7235394965880556
0.7238181579750687
0.7241732897791067
0.7243690724449984
0.7245246741446291
0.7245822374842802
0.7244557462176567
0.7242698461718692
0.7242427915951886
0.7242934862177111
0.7243639285713124
0.7242615695057384
0.724259897563631
0.7243144963341562
0.7241227589973068
0.723882881335852
0.7239774985524721
0.724078124530134
0.724463456792082
0.72466690657143
0.7246921482178736
0.7245031585590833
0.7241641420280022
0.724001478323087
0.7239703197454412
0.7240650661087291
0.724068821591328
0.7238976736491772
0.724025072375216
0.7240560732575168
0.7240574579290683
0.7241358460907847
0.7239834652486739
0.7237836348251886
0.7240194291515772
0.7241132603727877
0.7242218173298038
0.7243047111534936
0.7245072375134637
0.7245324688425033
0.7248532622949992
0.725058187480604
0.7254572137232836
0.7256704284456632
0.725871817910404
0.7262602308281901
0.7268159721240003
0.7272578980790515
0.7274838732554407
0.7278703383097141
0.7281920008406764
0.7284752174542328
0.7287370613731343
0.7292263424434934
0.7298280639387559
0.7303752593935914
0.7308868430139115
0.7313622284851634
0.7315924524062413
0.7321030989199687
0.7327637306180433
0.7333958298604035
0.7339850531178862
0.7346421892223064
0.7353311581471189
0.736093081777774
0.7367730383433527
0.7371487822959636
0.7376021325239472
0.7380060890825689
0.7382712389915121
0.7387750614042315
0.7391053009265173
0.7392295231789182
0.7394928496140952
0.7396043477429907
0.7395892230236394
0.7394585560955936
0.739333394161953
0.7393604969260228
0.7395688689998879
0.7398300694835039
0.7399531037013027
0.7401407941593374
0.7402629609559642
0.7403621783634908
0.7405756446693347
0.7408752893532815
0.7414508356375558
0.7421224340716658
0.7427098774262925
0.7433366409001587
0.7438134632249398
0.7442639710902781
0.744654433961147
0.745138935396491
0.7455761935903938
0.7457585257094358
0.7459998810134002
0.7462186988940291
0.7462911540299909
0.7463500380685826
0.7462538063742833
0.7463280262007697
0.7463348515352113
0.7462406562667415
0.746152091021861
0.7459283807429826
0.7455199915161126
0.7452639767423499
0.7448489154742234
0.7444944164298988
0.7439765534469994
0.7435936166079335
0.7431689358329205
0.7426048463147401
0.7421105739938104
0.741593379913767
0.7408768646103108
0.740199787347253
0.739450270606639
0.7387203990469197
0.738036849754378
0.7375101642343291
0.7373196320748572
0.7370826644678712
0.7367848836749771
0.7365292029755786
0.7360999412186503
0.735621807107393
0.7353197049636527
0.735001864020276
0.7346664475478998
0.7344545113605754
0.734314364857884
0.7341805456069297
0.7340925705985747
0.7340982225346836
0.7342862674371454
0.734601411671678
0.734878767678301
0.7352251951447506
0.7358831275680258
0.736374192830039
0.7367921627326373
0.7372602145055346
0.7377764403073971
0.7383203474281201
0.7385758154845468
0.7388289763938211
0.7392159060540976
0.7395585271032157
0.7399430538595326
0.7403572665609367
0.7407545188388032
0.7410956472820645
0.7413658896044877
0.7416747380594106
0.7418489849397073
0.7421340725327155
0.7423882811838651
0.742666693316656
0.7430219969131484
0.7433265084687424
0.743651961606591
0.7441128496032225
0.7444841396497721
0.7449205734149769
0.7454222255388382
0.7458818645966642
0.746338924630323
0.7466881380085546
0.747166753066097
0.7473970034552463
0.7476083537997334
0.7477490789839126
0.7481497410316997
0.7485379280058484
0.7488870184838082
0.7492445470477194
0.7495389476882023
0.7497485806191841
0.7499432378964875
0.7501634083849479
0.7503044454022562
0.7504550366575901
0.7505161529145989
0.7504949182467575
0.750468694601532
0.7504844434560769
0.7505805880025942
0.7507583393152698
0.7509985584406904
0.7512838806826675
0.7515275904253559
0.7517045068816872
0.7517016565188525
0.7515987407520839
0.7516189628231625
0.7516424724979994
0.7517311874481633
0.7518655361933385
0.7521205854472042
0.7523153602032576
0.7524942243839252
0.7527179889786477
0.7529540201961205
0.7531500447847425
0.7532935608076926
0.7534458892730069
0.7536888759172433
0.753924340607475
0.7541391249567297
0.7542774899352724
0.7544085178410393
0.7544668099607851
0.7544716481181831
0.7543861332649313
0.7544271769329577
0.7544664648215356
0.7544244959749747
0.7543585634943899
0.754192046164283
0.7540736906413117
0.7539805720945432
0.7539736332455412
0.7540106540535287
0.7541496128773065
0.7544186533819479
0.7546602035892884
0.7548727097560952
0.7550921297796277
0.7554300832881237
0.7556850509166997
0.7557168660936852
0.7557939514897107
0.7558779916655065
0.7560162243385184
0.756092791418815
0.7560647695794719
0.7559614237998228
0.7558790978222784
0.755817484250703
0.7557104594532104
0.755542278371543
0.755511335847262
0.75537825998156
0.7552660642483133
0.7551855217860588
0.7550855658753356
0.7550629601873409
0.7551200498070082
0.7550744237285616
0.7550755405473429
0.7550539287552552
0.7551888906134808
0.7553281196512523
0.7553640641633351
0.7553689772727333
0.755363886936675
0.7554111210160053
0.755551291383344
0.7556295488712091
0.7557581129969078
0.7559715248427678
0.7561832342916697
0.7562913258217646
0.7563815843250686
0.756437008918193
0.756454348452651
0.7565042710937333
0.7566173144726458
0.75670551895018
0.756622502566838
0.7566196935937736
0.7567409689165292
0.7567819550363768
0.7567721413499322
0.7567818433939985
0.7568059644209388
0.7567344083855102
0.7566207856379925
0.7564290713138218
0.7562203590953931
0.7560880409171277
0.7559115575662599
0.7557499447798353
0.7555613124518509
0.7552717116503708
0.7551314818383895
0.7550143741337124
0.7548734088481881
0.7547552215272203
0.7546431058266599
0.7546132613592398
0.754661140275279
0.7547871490099254
0.7548542629916516
0.7549300592438613
0.754988378732721
0.7550612807880641
0.7551144225056
0.7552066704894483
0.7553115676361266
0.755225359200821
0.7550905017504868
0.7549298151202133
0.754785832255663
0.7545900255602087
0.7543758515867512
0.754088823052794
0.7538112158876487
0.7536175367099718
0.7535000149732481
0.7534239446766966
0.7534158030532933
0.7534180305207733
0.7534246472805647
0.75342464460232
0.7533955555719268
0.7535123227939972
0.7536456249844086
0.7539066735772347
0.754233474384688
0.7545728325727151
0.7547817819394526
0.7550058881901656
0.7552253026322067
0.7553502676928653
0.7554110097180049
0.7555796973452311
0.7558658002315028
0.7561303984134368
0.7564370204988149
0.7567135391185656
0.7569157719646754
0.757238328219147
0.7574922861710486
0.7578150489068576
0.7581629432246303
0.7585078051329548
0.7587432383788174
0.7589841599166309
0.75924481019936
0.7595322300370945
0.7598128666770768
0.7601095328190511
0.7603785952103479
0.7606893163440721
0.7609792678527896
0.7613470697109572
0.7618128669520654
0.7621617118774384
0.762389760187674
0.7626328053691565
0.762833903766548
0.7631132065693828
0.7633831370300278
0.7637055182777563
0.7640095270731064
0.7643192505164662
0.7645669350435901
0.7647846213725761
0.7650403268332866
0.7651457200005439
0.7652487400208818
0.7654673492173322
0.765647951828841
0.7657769763356901
0.7658879822835015
0.7658985329771543
0.765944664517136
0.7659511583854918
0.7658635633809983
0.7657537911226984
0.7656319022964946
0.765519001789463
0.7654558071746635
0.7653911378152382
0.7653711680090688
0.7653798316912943
0.7654437896383913
0.7654231129435607
0.765434022769876
0.7653561140882316
0.7654171921988989
0.7655195472873618
0.7655711522392109
0.7657127324753997
0.7658300427724822
0.765994056488568
0.7660927895486263
0.7661799928396166
0.766307115001004
0.7664111565911763
0.7665658866884972
0.7668291431038282
0.7670871236793555
0.7673687630626118
0.7675799784823103
0.7676766718671708
0.7677753743247245
0.7679282773737185
0.7680514907882396
0.7682130599349636
0.7683833156823399
0.7685456990716185
0.7687142538900217
0.7689469792448658
0.7692048942860323
0.7694447878984048
0.7697489661763499
0.7699977385804828
0.7701721370407693
0.7703734678770738
0.770573103454503
0.7707176679909478
0.7708413249630393
0.7709203092113049
0.7710373204152365
0.7711677086519547
0.7711895588568983
0.7712997818843456
0.7713983455191987
0.7714807706251414
0.77159971316355
0.7716963950091222
0.771810289562225
0.7718782621647087
0.7719528955581947
0.7720569578508754
0.7720722710523322
0.7721118366318487
0.7721665535151723
0.7722187827141743
0.7722478651356469
0.7723061728594048
0.7724329995599554
0.772600855400081
0.772673285968637
0.7727371537299558
0.7728699277791572
0.77301008740657
0.773118428820146
0.7731440615465688
0.7731519296668435
0.7731318435728574
0.7731888597490046
0.7732505800107351
0.7732389846741339
0.7732605361237407
0.7733298839149237
0.7733050076373146
0.7733095960805983
0.7733306848727686
0.7734003052247136
0.7735601213224516
0.7736957447323217
0.7737924542167218
0.7739489525119863
0.7741029424307144
0.7741789581995727
0.7742288012814522
0.7743235380611405
0.7744418029032373
0.7745528138533381
0.7746080769147086
0.7745662774995431
0.7744741328318587
0.7743822206044539
0.7742485757098785
0.774067135772832
0.7739715709623175
0.7739557323360108
0.7739244475791314
0.7738474535467129
0.7738035597322195
0.7736684355722171
0.7735434164642145
0.7733337966893228
0.773201899558737
0.7731109570485346
0.7730455657001873
0.7728829876155899
0.7727692624823868
0.7726680938291933
0.772485381015621
0.7722845038230196
0.7721260706526297
0.7719633554462889
0.771872830467041
0.7718146250806542
0.7718336182612784
0.771904622136144
0.7718896100427104
0.7718873212600309
0.7719764418614489
0.7720994266080785
0.7722275478467062
0.7724334193973361
0.7725857353249465
0.7726541868304331
0.7726595790357478
0.7726555184720012
0.7726380830250252
0.7726003571276491
0.7726339685638136
0.7727349319780705
0.7728313880421892
0.7728243111145368
0.7727869640738321
0.7727564334680839
0.7728714061299723
0.7729341268710287
0.7729817729243539
0.7730444092213261
0.7730666428963853
0.7730374607612592
0.7730322479072695
0.7730808141570431
0.773147147450732
0.7731511926144615
0.7731966521190573
0.7732169901731285
0.7732069480779035
0.7731885576680532
0.7730619064524592
0.772915814357923
0.7728248745279273
0.7727466597762496
0.7726245266952488
0.7725965153045146
0.772533226499238
0.7724440046818175
0.7723638829251156
0.7723835762830115
0.7724269213926237
0.7723799766848317
0.772349617975599
0.77235844703113
0.7724117729380122
0.7725273905008597
0.7725904272875299
0.7725920005004996
0.7725387995651273
0.7725542715250603
0.7724750457882504
0.7723435802813036
0.772317471091396
0.7722211652261435
0.7721427175677505
0.7720543768890622
0.7720110975406109
0.7719694659280213
0.7718293966341934
0.7717017608755629
0.7716190764740208
0.7716091741742432
0.7715788331879271
0.7715026486660388
0.7714268142877329
0.7713261704872127
0.7712654437962312
0.7712619760928072
0.7713033138697267
0.7713342846026381
0.7712977740052608
0.7712312588986915
0.7711689739575981
0.771127591877659
0.7710353405109044
0.7709237968314363
0.7708449187012375
0.77072879600443
0.7706459534446827
0.7706154052739873
0.7704935277193622
0.7703791143661864
0.7702394742309328
0.7701845180689845
0.7701179686051928
0.7699772778373088
0.7698989051611954
0.769855105628091
0.7698219089091954
0.769722654631191
0.7696413337890476
0.7695472733654135
0.7694153350163194
0.7692663765122327
0.7690819532897978
0.7689552937753158
0.7688532992472683
0.7687912911644699
0.7686770610699285
0.7685403821736899
0.7683711499582696
0.7682377130731811
0.7680891521447006
0.7680033260367852
0.7679305752307349
0.767898397244474
0.7678679440889564
0.7678145185941411
0.7678245742998899
0.7678072659923398
0.7678295971063811
0.7678902962162836
0.7679980470492624
0.7680928483225836
0.7681991773466703
0.7682850392032897
0.768350109495279
0.7683269034178449
0.7682597218143823
0.7681895975039111
0.7681244694760915
0.7680996361076888
0.7681091813424793
0.768099235753038
0.76812993057786
0.768169120688075
0.7682776062433027
0.7683276661142696
0.7683156615922859
0.7683353267518251
0.7684467349392325
0.7685243392867721
0.7685571750235318
0.7686615756919263
0.7687760126687939
0.7688934596901172
0.7690578508788044
0.76919998215576
0.7693335062832926
0.7695144466694238
0.7695955291472574
0.7697814470924066
0.7700027509273538
0.7701868663811945
0.7703016793714469
0.7704855658125824
0.7706395025357469
0.7708254437501217
0.7711069113695846
0.7713607638470792
0.7716281869950591
0.7718997362391005
0.7721665062064396
0.7724367936915606
0.7726284359860173
0.7727888392692871
0.7729714222753593
0.7731808975020688
0.7734213446637123
0.7735664432236175
0.7736252367262426
0.7737351912623031
0.7738407573735742
0.7739679670766372
0.7741598739724623
0.774330947090576
0.7744968838175054
0.7746678847173208
0.7748115874516934
0.7750101563968126
0.7751727123688569
0.7753262483520066
0.7754079692874949
0.7755667590247096
0.7757237404260141
0.775847825772186
0.7760089088570203
0.7761309541186858
0.7762863866829602
0.7763993257428753
0.7764720888769107
0.7765363028956714
0.7765810169383484
0.7765793570191409
0.7764907843436487
0.7764195694882094
0.7763341517080294
0.776136906157453
0.7759392976699938
0.7757517327522507
0.7755787726294686
0.7753972007835966
0.7752182955938784
0.7750697585620475
0.774935404463789
0.7748017391755799
0.7747032057401537
0.7745882718100544
0.7743922949144374
0.7742173039837974
0.7740850967229442
0.7739188622898542
0.7738276144869769
0.773723057960513
0.7736522289759119
0.7736206735883754
0.7736128768892342
0.7736654072864918
0.7737153903515964
0.773759282710351
0.7737622354250256
0.7737978722885696
0.7738091557881411
0.773809392123333
0.7738144064960942
0.7738172289545494
0.7738363197612406
0.7738247540445738
0.7738571166076084
0.7739005642931509
0.7739305381960007
0.7739276817735236
0.7739604101922765
0.7739043522634035
0.7738666594248603
0.773815354908304
0.7738533214031633
0.773846970417731
0.7738024207105357
0.7737551897666186
0.7737466764843669
0.7737585767258521
0.7737383835775864
0.7737458502720616
0.7737462198800572
0.773768273066484
0.7739176515459116
0.7741041836168641
0.7743175438242134
0.7744914507124266
0.774643832001085
0.7747619349807514
0.7748994790654555
0.775069558645823
0.775185932124213
0.7752249036259354
0.7752139422258183
0.7751919186126115
0.7751868940353259
0.7751617129424702
0.7750355977662426
0.774965262501507
0.7749086572129458
0.7748682369567722
0.7748605583110276
0.7748504399253889
0.7748302350082943
0.774841217901514
0.7749266206660369
0.7750010520495345
0.7750636648502779
0.7751642114661631
0.775248643847332
0.77530309881955
0.7754328446038924
0.7755809227077128
0.7756930243856461
0.7758046367365022
0.7758397042441423
