0.10110979252515663
0.16272171585778736
0.19075833287087562
0.23106458958724924
0.23878949043061354
0.26111812036175497
0.26906545527559705
0.27502607966027137
0.2948841826753128
0.29413714788596307
0.29863704560512166
0.319456751046156
0.32876582518940833
0.32771752250928793
0.33075039070911405
0.3425029992060071
0.3621699614796434
0.38450279693041156
0.4055379493422474
0.42284301912533273
0.43810048927357875
0.45032320997033976
0.45970995304597206
0.47064317021539537
0.4784240578222781
0.48738491831368946
0.4935226408148023
0.4977029183192679
0.5057340259424306
0.5082732063147017
0.5104555647828483
0.5091784827514342
0.5100183774768465
0.5106612402954743
0.5141962604381248
0.5174115286095896
0.5274132784123758
0.5368923352929441
0.5446049587013629
0.5523292400234527
0.5605632131345732
0.5690542331096747
0.5774932607752449
0.5851556388391249
0.5935069633600193
0.602414548491571
0.6102485620046777
0.6191449174777044
0.6277044275414082
0.6361836030739276
0.6418107142743052
0.6469384812218817
0.6514549603395844
0.6551332514269806
0.6602119818407478
0.6647353409978857
0.6708291633407123
0.675590739248615
0.680278537452493
0.6843623105945251
0.6879395066259957
0.6913997995254818
0.69419545136453
0.6967390105260515
0.6988102902997237
0.7005000958087699
0.7029237454656397
0.7039641124519678
0.7052503480990978
0.7060385291022591
0.7067526480146147
0.70790931250875
0.7090849349444613
0.7100736188502657
0.7109489811862467
0.7124982861572204
0.7135751996475449
0.7140235098378196
0.7136740648656347
0.7134153943537636
0.7134997546577779
0.7136583654552677
0.714119864537188
0.7147135557361955
0.7149486756505555
0.7150279171622544
0.7148539714604198
0.7151900601757488
0.7153550772789006
0.7158369770545063
0.7167999579992061
0.7172911414686562
0.7179390445557502
0.718352875599892
0.7188102536080125
0.7192088032508864
0.7198762505254512
0.720721048845089
0.7214997754109115
0.722258690602328
0.7232509233944197
0.7249467875338086
0.7262712477726951
0.7266979502038089
0.7263218379506705
0.7256522240423524
0.7258160845908458
0.7258665936054436
0.7255746801727828
0.7255351969978542
0.7259038511911924
0.7262611447489828
0.7263569367417954
0.726554711188499
0.7263985571784745
0.7259740463125486
0.7263101847503131
0.726676891962825
0.7269740509848907
0.7272490164402151
0.7273377801687555
0.7273121754803573
0.7273078371222891
0.7277878560565423
0.7285354356303121
0.7295796290515462
0.7309689500484089
0.7321334915742477
0.7329533073751148
0.7341169064044482
0.735515677261664
0.7366024164476688
0.7375890125673256
0.7387700264260977
0.7402943564613896
0.7419899612304044
0.7435388895104521
0.7450979815638049
0.7466143608520178
0.7483599039279771
0.7505927295763127
0.7526570511810519
0.7543145118958203
0.756141459291333
0.7580773381268909
0.7601029880769744
0.7620580055670346
0.7638544616850615
0.7656938495978831
0.7674908910209448
0.7693144315477619
0.7708746823908157
0.7723967099930246
0.7739655861346311
0.7754230098362259
0.7765376750763671
0.7779275600388956
0.7790992900412236
0.7798265862462412
0.7809429240148608
0.7816774565657222
0.7824536318643395
0.7830810576421471
0.7839306691160638
0.784500189358852
0.7850224291384271
0.7854853679153332
0.7859073466610632
0.7863251343920303
0.7868504854867492
0.787327726004285
0.7879030748746065
0.7884506379719566
0.7890787868247772
0.7899164487314986
0.7907879238504616
0.79172060388989
0.7928001697577067
0.7939090727101615
0.7949759008480033
0.7959778040310812
0.796567820012889
0.7973174685606278
0.7979955558716844
0.7985297520953284
0.798679168919922
0.7987324466961361
0.7989651173930178
0.7992750874343509
0.7994031944281202
0.7994957199606413
0.799556927065076
0.7996438559531397
0.7999057246387159
0.8001827776625963
0.8004720192182778
0.8009176742245161
0.8011459974254915
0.8013563973915606
0.8015712665546929
0.8019595817972576
0.8025559184378693
0.8031339660583348
0.8036204195206179
0.80410964673904
0.8046466106991966
0.8051498965031116
0.8057188389128472
0.8062519251751102
0.8066745980737303
0.8072087464866289
0.8077587490175341
0.8081628951396235
0.8087411807389512
0.8090831628401184
0.809575942073774
0.8099875009209142
0.8103253800004896
0.8107047769316835
0.8112554227356306
0.8120202511904123
0.8124171167735674
0.8128903105882116
0.8132441414740283
0.8135743852938632
0.8139633170844573
0.8145070614884207
0.8152829600468922
0.8159703380141252
0.8164744361009548
0.8170856977588992
0.8175990396982749
0.8180749655159177
0.8186949425519263
0.8192445864975675
0.8197518928759184
0.8203035772593839
0.8208707937160901
0.8215024146507032
0.8220571197463558
0.822532284489243
0.8229712474705312
0.8232564283978765
0.8235547862575969
0.8238217242421533
0.8240089930349735
0.8240673097592975
0.8241118285992449
0.8243094222463967
0.8243742477907365
0.8243825915614789
0.8243804028555324
0.824393855382559
0.8245582460717753
0.8247850363162853
0.8249691058235886
0.825128246342974
0.8253700193728855
0.8258207107700885
0.8262929080159327
0.826834389581062
0.8275071754355041
0.8280682574338762
0.8287615151615416
0.8293775267494852
0.8299271734839683
0.8303965373509216
0.8308272739954837
0.831218447350981
0.8318057815739222
0.8322413139674807
0.8327096326011968
0.8331802639650688
0.8337852796919847
0.8343651710434488
0.8352205619927604
0.8360763175549993
0.83684469712535
0.8375217278317092
0.8382042795263294
0.8389279029940077
0.8396920414317539
0.8403603955899541
0.8408523759020903
0.841453386502172
0.841931510228563
0.8424216277637798
0.8429379629726879
0.8436532210356897
0.8443133399301538
0.8449429721335098
0.8455116182966533
0.846129057800743
0.8465317207270757
0.8470811954999581
0.8477878970764645
0.8484427160534576
0.8489813346172373
0.8495330197567065
0.8500916060194427
0.8505545352564725
0.8510654337800811
0.8514753154930396
0.8517648227075645
0.8520150479785767
0.8521649765976692
0.8524198312434843
0.8526313329925513
0.8528049940480458
0.8530292784383984
0.8531727463900511
0.853303316490734
0.8533726774148405
0.8534411506584899
0.8535546806581716
0.8537040610717391
0.8538812589200047
0.8539029661850401
0.853916889094614
0.8539311661236993
0.8539700024424726
0.8540276334963793
0.8541864647544455
0.8543928156239083
0.8546388970717937
0.8548792206002374
0.8550801637949262
0.8552631611802499
0.855523335370986
0.8558042697949758
0.8561472344029182
0.8564821489714632
0.8567053724374166
0.8568727227709722
0.857079776300849
0.8573736776671043
0.8577229435476545
0.8580783240511071
0.8584229402561248
0.8587019151440521
0.858910289982678
0.8591244118862246
0.8592782921850363
0.8593462173179206
0.8594210353564915
0.8593755304604292
0.8593616324856033
0.8593080691213982
0.8592408303032234
0.8591008827639133
0.8588293481958063
0.858709387438343
0.8585169568163485
0.858211361820672
0.8579037032437008
0.85761480507989
0.8573125402358217
0.8570915002511974
0.8568314922990939
0.8567218558289913
0.8565519613933651
0.8563659346116278
0.8561786725355104
0.8559659569257037
0.8556630212620012
0.8555116035307482
0.8553891439689597
0.8551961506386523
0.8551017397148251
0.8550185619412083
0.8547626416099419
0.854559164283204
0.8543875364106179
0.8542892333656011
0.8542815208379121
0.8542899195585059
0.8542853787970336
0.8544008283847346
0.8545094019754207
0.8546219572676632
0.8547786670002901
0.8548795131381227
0.8550151811436968
0.8550803831086141
0.8551408581385919
0.8552285601107988
0.8553356140054548
0.8554450880876532
0.8555687823425165
0.8556196649912869
0.8556812619437619
0.8556862161889464
0.8557485692208817
0.85577636451058
0.8558912415165209
0.85602070467225
0.8561488076866132
0.8562491825209593
0.8563434978541494
0.8563520375421525
0.856381853232786
0.8563989646070576
0.856297625145643
0.8562191342654482
0.8561873489839411
0.85618854219616
0.8562506277623393
0.8563574446508639
0.8564132342148943
0.8565502950084336
0.8566504700925888
0.8569345375228847
0.8572176028851634
0.8574518387283384
0.8576560680666445
0.8578000695260765
0.8579335586353667
0.858055053952364
0.8582030551588528
0.8583136820047922
0.8584179920264132
0.858433922850745
0.858356278908991
0.8582840447786936
0.8581666041215538
0.8581388383044685
0.8581542035952339
0.8582653308388779
0.8583913816170603
0.8585579763075122
0.8587040753295552
0.858743718754703
0.8587351648904146
0.8587770174342998
0.8588012746355375
0.8588986231830121
0.8590545831704411
0.8592362765386803
0.8593902802728935
0.8595309796725231
0.8597110436613491
0.8598290253324649
0.8599330094534718
0.8599901495139535
0.8599573625202092
0.8599683033578711
0.8600201797018703
0.8600516025166278
0.8600651221602884
0.8600684417986201
0.8600070878207788
0.8599482154086593
0.8598709647441889
0.8597624214594992
0.8596183486812307
0.8594750212481548
0.8593162987445673
0.8590598699124382
0.8587063825335837
0.8584394803350824
0.8581712278605408
0.8578931437277841
0.8576683768668354
0.8575403977134428
0.8574762144937629
0.8574194273751163
0.8573865933973144
0.8574046354759813
0.857382579447881
0.8572829924600112
0.8572487119221877
0.85718151637047
0.8571310620743512
0.8570375463434993
0.8569550673935022
0.8568594267952535
0.8567684202340102
0.8566288258659467
0.8564639752199069
0.8562539430594575
0.8560862912489429
0.8559378771865285
0.8558236985899595
0.855831858012104
0.8558080142494565
0.8558334919192578
0.8559017931543671
0.8559275737915591
0.8559312996182115
0.855932910394255
0.8560174528129733
0.8560880470521832
0.8561263709840861
0.856094450865107
0.8560348217816539
0.8559228743595041
0.8559096501020742
0.8559001804910578
0.8558753009284412
0.8558821226997341
0.8558609546451811
0.8558597525216686
0.855840596539075
0.8558024359906867
0.8557167301848666
0.8556814306763002
0.8556624983464809
0.8555912459092062
0.8555025718075768
0.8554498964509107
0.8554889600293535
0.8554563269113815
0.8554237838896455
0.8554096788099156
0.8554980250537189
0.8554761670425166
0.8554558884989706
0.8554095244822619
0.8553375920531585
0.855222542733167
0.8551162350683109
0.854992878319286
0.8548888881198529
0.8547644586134843
0.8546774390502774
0.8545816078417695
0.8545037181673779
0.8543863648002584
0.8542423665802649
0.8541523859055739
0.8540619264762418
0.8539645501673787
0.8538234643927348
0.8537031642545231
0.8535318766252339
0.8533841105038202
0.8532495490005713
0.8532033666472805
0.8532508140549927
0.8531988854415499
0.8531428225193093
0.853108787900119
0.8530872154652696
0.852956141207889
0.8528028982241771
0.8525857004025824
0.8523593419248071
0.8522001515561453
0.852015780549361
0.8518454827701175
0.851722401336755
0.8515802532666339
0.851431948534098
0.8512996646484754
0.8511809672351972
0.8511216590609553
0.8510813854669116
0.8510840234198018
0.8511245433212091
0.8511244334393001
0.8511050404920432
0.8511017532816672
0.8510563780630971
0.8509742742711588
0.8509203675122067
0.8509198956875841
0.8509762520435148
0.850949789549879
0.8509884724125619
0.8510614669109706
0.8510882992215049
0.8511265435616011
0.8511199893977174
0.8512304495070179
0.85131922010548
0.8514304350589891
0.8515065009444398
0.8516607010807795
0.8518219340275258
0.85200417093765
0.8521389362267975
0.8522352730829382
0.8523330715083527
0.8524395365484748
0.8525481454749091
0.8526442390318547
0.8528325122802682
0.8529376159808517
0.8530149399514607
0.8531434192193629
0.8533130149267938
0.8535207643868439
0.8537313778879091
0.8538906817531993
0.8540421094734153
0.8541920979932138
0.8543310416732085
0.8543968708896232
0.8545053349051542
0.8545525729990769
0.8545441142455045
0.854635419987757
0.8547089452656812
0.854844781415878
0.8549676267611669
0.8550515644545397
0.8551425711290738
0.855116647018841
0.8550467329284869
0.85499973875558
0.8549385893391299
0.8549024536524535
0.8548728947711897
0.8548676594811284
0.8549119238546021
0.8549660117257013
0.8550634717397516
0.8550818584761962
0.8551084190699404
0.8550793395031746
0.8551492705399287
0.855211363038719
0.8552575620995656
0.8553120381249093
0.8553569815578963
0.8554490230343823
0.8555601891409714
0.8557062428052328
0.8557997974157179
0.8558812890123915
0.8559367176565416
0.8560443399778321
0.8561582496141847
0.8562938250216389
0.8564283798955754
0.856571228791207
0.8566622674426813
0.8567877540181498
0.8568628806646478
0.8569481309540672
0.8570500756779018
0.8571693313704152
0.857314842778221
0.8574658635557059
0.8575300689862503
0.8576290757402882
0.8577785492309304
0.8579306722616199
0.8580075069293863
0.8580989866262486
0.8582046147756416
0.8583139959373826
0.8584138157062877
0.8584713231265169
0.858599951992541
0.8587043175555158
0.8587059902300852
0.8587471277303462
0.8587503387082053
0.8587496823621186
0.8587524485190167
0.8587682012676037
0.8588072763167901
0.8588602460455338
0.8589031068568301
0.8589307298395017
0.8589232824769109
0.8589096253598616
0.8589644980922446
0.8589908506902852
0.8590124588271887
0.8590299746261394
0.8591069127396492
0.8591889250316637
0.8591601166198803
0.8591055193853891
0.8590711695571858
0.8590335900672451
0.8589422005504522
0.8588441437600608
0.8587766619709009
0.8586784075054037
0.8586578999818526
0.8586406036133445
0.8585607084046046
0.8584778202357337
0.8584359021895343
0.8583930066692831
0.8584034331042711
0.8584506819109649
0.858555434704652
0.8586620585380993
0.8587481215926934
0.8587735541318134
0.8588139049158623
0.8588515011143187
0.858872981348654
0.8588482401373878
0.8588575257804975
0.8588858494769516
0.8589591734156645
0.8589799194356484
0.8589455362978635
0.8589025442289134
0.8588676423819576
0.8588058748901185
0.8587857139195607
0.8587348319163915
0.8586840526405581
0.8586528359294123
0.858567295986851
0.8585071119947816
0.8583832824008153
0.8582880879642382
0.8582011363212555
0.8581183854417195
0.8580128197860827
0.8579216692939882
0.8577784513318629
0.8576373419258632
0.8574725371061362
0.857313595896682
0.8571386373817631
0.8569488158972626
0.856821154452315
0.8567543883689138
0.8567006942317897
0.856711846151051
0.8567300730135488
0.8567333709254251
0.8567198186672704
0.8567676632416721
0.8567861903398207
0.8567871273239052
0.8568178800870908
0.8568325260640186
0.8568343716206912
0.8568039804102784
0.856781676543109
0.8567682135339114
0.8567131117550582
0.8566679141491396
0.8566148336039624
0.8565612833402106
0.8564311009525013
0.8562929445968163
0.8561195933743992
0.8560272318777354
0.8559024264436518
0.8557581704381066
0.855628140643719
0.8555591566373199
0.8555283977574965
0.8555525224476945
0.8555911364499661
0.8556161596891578
0.8556441919771923
0.8556762078850345
0.8557380001774896
0.8557188736169334
0.8556754168350402
0.8555723742551163
0.8554436281387969
0.8554082189951973
0.8553198173743586
0.8552687869447937
0.8552322782677199
0.8551722948350612
0.8550905055804824
0.85501368895377
0.8549733328602412
0.8549522163951835
0.8549200792424558
0.8548721561831608
0.8548765652331137
0.8548786544774521
0.8549037885848273
0.8548900488406698
0.8548687845825343
0.8548284151318047
0.8547486048580731
0.8546609090965295
0.8545736665643558
0.8545430204718307
0.8544788230721696
0.8544323695597412
0.8543743751970247
0.8543776240937495
0.854392514810545
0.8543652201832366
0.8543480648568037
0.8543193079690707
0.8543634023104731
0.8543673703643256
0.8543703616227968
0.854357028748291
0.8543106504436943
0.854266799422947
0.8542652528215323
0.8542779839641974
0.854271620506221
0.8542420881420298
0.8541933560580485
0.8541371608501375
0.8540850262886441
0.8540007743341176
0.853906792500722
0.8538403255347666
0.8537662018327836
0.8536845022196093
0.8536175233472508
0.8535453630491233
0.8534712047940883
0.8534186603044077
0.8533655634485421
0.8532664174919403
0.8531729015918482
0.853133199343727
0.8530838572168253
0.8530362665956207
0.8530063818825262
0.8529713397795031
0.8529613825316393
0.8529208387104293
0.852860901922971
0.8527903103364065
0.8527515292017367
0.8526649787590419
0.8526345671741536
0.8525851925000858
0.8525025726036444
0.8524366440337783
0.8523554765228405
0.8522761156754162
0.8522312761114746
0.8521921669642673
0.8521682016716792
0.852150556089162
0.8521312708693692
0.8520929473434043
0.8520459643625273
0.8520359511848693
0.8520450694324738
0.8520723472709825
0.8520428749902544
0.8520426051830486
0.8519995215635385
0.8519556848788626
0.8519134310195651
0.8518538129042007
0.8517620297702586
0.8516339470819924
0.8515473012416899
0.8514805583126857
0.8514494615938175
0.8514440956643883
0.851444953046369
0.851459392201861
0.8514803779016336
0.8514915525148576
0.851513335919349
0.8515597929538623
0.8515605622002661
0.8516087943883844
0.8516613402850006
0.8517379516169008
0.8518000992694184
0.8518912575845841
0.851980590905869
0.8520401618137358
0.8521475446187153
0.8522256773346221
0.852343935494655
0.8525121186720915
0.8526307380000203
0.8527494961838383
0.8528605062751513
0.8529358580505485
0.8530460474762209
0.8531997588260022
0.8533069417674567
0.8534238384597884
0.8535499090111167
0.8536947076222214
0.8538313960046965
0.8539373888360566
0.8540940031445869
0.8542907424360483
0.8544813702771041
0.8546912350805707
0.8548460511238829
0.8549420728590756
0.8550451285311251
0.8551746228008659
0.8552917068694875
0.8554134241301203
0.8555152410892123
0.8556130632823031
0.8557475149871495
0.8559031992586206
0.8560728728620537
0.856218186030249
0.8563482915263809
0.8564520173474794
0.8565764802979074
0.8566770271512183
0.8567863444226903
0.8569152794291603
0.8570056206364931
0.8571377258106545
0.8572506023740942
0.8573186687654192
0.8574079955044496
0.8575342131946074
0.857664503464396
0.8577793814935007
0.8579036146901485
0.858038731078322
0.8581471699213733
0.8582692417469879
0.8583605124976812
0.8584432574910865
0.8584849357060901
0.8584751142624913
0.8585138203038407
0.8584708540603228
0.8584445372824109
0.8584156238622535
0.858367906750471
0.8583096533859781
0.8582447577331127
0.8581872504207458
0.8580713039831986
0.8579471537142
0.8578348666193046
0.8577847961271006
0.8577897808941386
0.8578102759932357
0.8578698641778729
0.8579282335983067
0.8579899190892759
0.8580362104128653
0.8580722913895614
0.858104217232952
0.8581675887850599
0.8582188914678264
0.8582821486194107
0.8583723033524838
0.8584578090516565
0.8585279816109095
0.8586443719683668
0.858770359768411
0.8588271446081142
0.8588784967178832
0.8588950307239348
0.85891724292889
0.8589073728671339
0.8589170074241652
0.8589003783687011
0.8588384469911586
0.8587739577028499
0.858750903128204
0.8587703402206862
0.8588034725516258
0.8588580805502394
0.8589252925910794
0.8589904761924436
0.8590523864480342
0.8591076482939836
0.8591848836150543
0.859287101111273
0.8594212415803819
0.8595880715296693
0.8597608902412579
0.859912576620906
0.8600239398773711
0.8601139226762342
0.8602025964333226
0.8602487695731121
0.8603208164612165
0.8603453789829262
0.860347951205385
0.8603614565957577
0.860349805869607
0.8603214419786057
0.8602720856686626
0.8602682737530291
0.8602603203793231
0.8602793346650766
0.8603331346914287
0.8603566659849351
0.8603795902068517
0.8604367731365176
0.8605343132381205
0.8606192011960557
0.8607686479807178
0.860872832925538
0.8609461994054973
0.8609887089924629
0.860995432347329
