0.1850304114813011
0.27847886708243047
0.3147498471541687
0.34621629077694144
0.37334112099487354
0.40360081628594446
0.41924731942394705
0.43135663619027276
0.4564552173880276
0.4621880906680776
0.469263213862451
0.4801698069240281
0.4809075823150896
0.4740567608592163
0.47442102667912156
0.4836149407281163
0.4955815678119534
0.507303260466544
0.5208592801671653
0.5306149012620668
0.5395102855691248
0.5466097862966582
0.5494313731849791
0.5540561447731287
0.5556999357731138
0.5581111812868407
0.5597150308247015
0.5608346140262561
0.566886445424337
0.5713462894500017
0.5743536162352194
0.5751887191935057
0.5787629203110717
0.581439356897422
0.5845788766850619
0.5861923163988166
0.5929756081197838
0.6004447583466767
0.6062245828690176
0.6120873618026759
0.6197497471944597
0.6278797740932612
0.6349047583343215
0.6408805708355902
0.6464145370278855
0.6518820160566006
0.6568085377601093
0.6612568274885103
0.6654934814013628
0.670257868087576
0.6732548302116198
0.6763960343962395
0.6803952329055414
0.6843610350667971
0.6885586448347353
0.6935986323301875
0.6993694584839536
0.7039625711970537
0.7082943892360672
0.7127134563458193
0.7161922717744766
0.7198813965584615
0.72293114911286
0.7257556075408388
0.7287009801709752
0.7316404488054588
0.7355515424046453
0.7382621079518948
0.7411169794478877
0.7443341170867277
0.7471938671025918
0.7500695258013147
0.7525429829142151
0.7552884606377831
0.7577318722726905
0.7601605638477912
0.7624369900050335
0.7639435791037611
0.7653591124602397
0.7664577270232222
0.7677951442100228
0.7693303437714347
0.7709566406406368
0.7730921481704808
0.7747307420894454
0.775992343552995
0.777264707465391
0.7787891261335436
0.7798763314364348
0.7807318356596403
0.7820303973177658
0.7830225761012016
0.7840742616522353
0.7847699119855026
0.785512601117923
0.7860716392666699
0.7864888470823675
0.7874907078652919
0.7885422771710501
0.7894275595284876
0.7904428281103406
0.7918348237171423
0.7930322452660988
0.794133689917038
0.7950190981915836
0.7955714015651835
0.7967072101440965
0.7979895595935427
0.7990334900009971
0.8001497337892358
0.8013753936570263
0.80233729340749
0.8033340656070657
0.804576308510567
0.8060103312470659
0.8070769006229319
0.8080094770474929
0.8092110976197473
0.8106960632934854
0.8119232781579466
0.8130925574188501
0.814040833681571
0.8148674525995377
0.8158118573660009
0.8172283242766328
0.8185275074853907
0.8199511514259671
0.8212828933655022
0.8220566146562507
0.8230734438526016
0.8239873287808122
0.8243723792551494
0.8249159021341925
0.8257472092027595
0.8267244808187435
0.8277997996250135
0.8290062423451482
0.8299422750452157
0.8308700533441231
0.8316682023430875
0.8324606018738584
0.8333940390975229
0.8344246662788369
0.8353339401296258
0.836251611793099
0.8373334228195246
0.8387998189245754
0.8401210887724602
0.8414844631465274
0.8426083412648718
0.8437435859986754
0.8449352046751706
0.8458652415968511
0.8466942364723615
0.8476234892037231
0.8483262909344593
0.8492187797109046
0.8498457768393992
0.8501889308180619
0.8505925268483199
0.850852052073636
0.851098960679093
0.8512727223176327
0.8516182776745765
0.8520615607057671
0.8524061077370179
0.8526438695062125
0.8528390889515498
0.8529721957649005
0.8531344200408505
0.8531589018328604
0.8533142065560468
0.8533338858166754
0.8534578738251678
0.8540075593671073
0.8543890305172513
0.8548922556575623
0.8552089901604583
0.8554155687008518
0.8554163419033745
0.8552983118517505
0.8553659256192505
0.8552376619992363
0.8551844837291152
0.8550989869853347
0.8549633085655679
0.8546041538826034
0.8543524924693977
0.854184513211956
0.8541624910749617
0.8541695475317367
0.854132293346017
0.854051331748606
0.854137176938226
0.8543167566630522
0.8543049413124646
0.854387026802858
0.854412263119465
0.8545430970862612
0.854811504400449
0.8550652783963257
0.8553210533029184
0.8556291166098843
0.8560057480507999
0.8563661704157798
0.8567275686887984
0.8568951703233231
0.8568853771977254
0.8568735574341235
0.8567528586541872
0.8567739254097816
0.8567492356018097
0.8566659125678875
0.8566682615485524
0.8565934941614213
0.8566366789057824
0.8567934482026988
0.8569281375733275
0.8569841928318435
0.8570645781746268
0.8571540819001776
0.857286706443322
0.8576380335567413
0.8579255797632018
0.8581289190416461
0.8583556459407629
0.8585997147063187
0.8589565406546784
0.8591630253782828
0.8591481265302342
0.8592253318235409
0.8592895774009822
0.8593814652569208
0.8596432901580887
0.8598660522846124
0.860138981973511
0.8603630867329104
0.860750451909815
0.8610613423673183
0.8612004143447676
0.8613046106951429
0.8613383874873157
0.8614374751715017
0.8615105962871172
0.8615355542151909
0.8616017207320884
0.8616512250191146
0.8617545480881039
0.861843954222485
0.8618368432312862
0.8617669751372942
0.8618281846198468
0.8620572828672655
0.8623241560503034
0.8625364256544567
0.862749183001685
0.8629279141933937
0.8630696832676276
0.863090272351772
0.8632515470022916
0.8635542628644655
0.8636936716813733
0.8638925607363802
0.8642911199196278
0.8646314293454573
0.8648877167457347
0.8651632889492598
0.8654553269853119
0.8656848568551967
0.8660051964166665
0.866317571581085
0.866647260182617
0.8670414461598606
0.8674548982339049
0.8678635516675378
0.8684117888901162
0.868933286847304
0.8693144224494362
0.8696376225946578
0.8698748714876329
0.8701314100353312
0.8703639811937005
0.8706073151723106
0.8705553746251083
0.8706101432905696
0.8705311198830851
0.8704344136283343
0.8703060787931208
0.8703188199480881
0.8702897133294141
0.8703758889148813
0.8703999359811314
0.8704588818327451
0.8703948073892454
0.8703612763189995
0.8703801279204156
0.8703797016288336
0.8704358163523049
0.8704824244862668
0.8705898595457418
0.8706757082969498
0.8707385602300942
0.8707853966566845
0.8707659590287632
0.8707082789936029
0.8705888654792165
0.8705556549778742
0.8705593173375457
0.870489486757309
0.870378479986246
0.8702596444724807
0.8699938118851156
0.8697449802664637
0.8695385316207183
0.869355294886569
0.8691764672804159
0.8690254607578943
0.868788434677771
0.8685213733827705
0.8682971357625401
0.8680266898751877
0.8677850544149417
0.8675685621730111
0.8674913757627449
0.8674141435609134
0.8673790185204695
0.8672587356494155
0.8670654440425541
0.8668648251223179
0.8666742490446051
0.866583417460497
0.8665521549387954
0.8665339408577846
0.8665099286098893
0.8665545892794152
0.8665871201633001
0.8666083606925802
0.8665613853275516
0.8666255861654761
0.8666692272298204
0.866633487721845
0.8665544658430299
0.8663767680620446
0.8661718235815292
0.865974064799046
0.8657843888234845
0.865683381406128
0.865529631982497
0.8653772737425477
0.8651727531720389
0.8648766626945815
0.8644545600553066
0.8639716540606057
0.8635048707009372
0.8630477388683727
0.8627024206007345
0.8623746280534246
0.8619659391595422
0.8615115816852116
0.8612377136376298
0.861003849781437
0.8608390840901157
0.8606950058688028
0.8605112703515686
0.8602217580451396
0.8600454716471531
0.8599329141386627
0.8597900135716853
0.8597046868895167
0.8596511721818456
0.8595610427973508
0.8595049024425959
0.8594141373036618
0.8594117431490276
0.8594474150529049
0.8595679046754323
0.8598244805838429
0.860208185783208
0.8604904847858196
0.8607137104879061
0.8608906655174323
0.861022466514539
0.8611650293829313
0.8612987967963711
0.8614362306756544
0.8616146768986485
0.8618015509919699
0.8620452768635057
0.8623540918822146
0.862684405295127
0.8628787403547885
0.8630393350381431
0.8632972414322012
0.8635508915965567
0.8637902802903304
0.8640429579488321
0.8642588078940202
0.8644804450382764
0.8646648245438872
0.8648923545247668
0.8651581733565988
0.8654582943119522
0.8656897054535214
0.8659367382790853
0.8661698991637464
0.8663941546599961
0.8666362216407353
0.8668678596424112
0.8670321858172102
0.8671753580800367
0.8672382244927097
0.8673622558526991
0.867583137931072
0.8678310442031896
0.8680260453088969
0.8681280245698163
0.8682052398664735
0.8682913275009219
0.8683993254748607
0.8684358180576464
0.8684874977811096
0.8685379138528511
0.868533267486865
0.8685762061223135
0.868667671454431
0.8688520752205924
0.8689898839481839
0.869162753015597
0.8693083721763553
0.8694972663405994
0.8696477377345471
0.8697397873952145
0.8698333473216067
0.8699582029251455
0.8701130344690794
0.870207313824607
0.8704082113987393
0.8705738122555952
0.8707235881892745
0.8708338291492749
0.8709637859535535
0.871158313082902
0.8712922811227116
0.8714460127965478
0.8715355523703032
0.8716091178759245
0.871674155022824
0.8717387930586893
0.871787100981205
0.8718446533222736
0.8719246795583
0.8719773866983236
0.8720029980241539
0.8719874424266683
0.8719548050188765
0.8720050749974085
0.8720406727749432
0.872038243296682
0.871974820135149
0.8719500691032843
0.8718736602804794
0.8718812834586257
0.8719386652078501
0.8720533738626683
0.8721463287222898
0.8722742981301017
0.8724120166679188
0.8725618102738758
0.8726954730466684
0.8727488000715983
0.8728513299822717
0.8729579585411551
0.8730858650108807
0.873205688163926
0.8732716596133044
0.8733275629752537
0.8733025055381352
0.8733222747890158
0.8732267349869658
0.8731300736708101
0.8730739100121336
0.8729948957653421
0.8729388557725705
0.8729440523352286
0.8728996380073542
0.8729510710823887
0.8729682240140123
0.8728447185894234
0.8727873214347693
0.8728468919912982
0.8729232093655621
0.8730744580086656
0.8731945782872539
0.8733017977374731
0.8733906477518366
0.8734841801037637
0.8735692628055198
0.8735231037459782
0.8734420969842627
0.8734288141616501
0.8734160414428048
0.8734119378437728
0.8733706020910262
0.8733877218452243
0.8734036169855764
0.8734431392033652
0.873522015476111
0.8735473533604976
0.873483717029289
0.8735043429971424
0.8735744176956379
0.873641533199431
0.8736829229469343
0.8737217553048059
0.8738290418521656
0.8739122314228407
0.874031772066204
0.8740201451735368
0.8739928866876292
0.8739916882153738
0.8739711771732681
0.8739566660791388
0.8739187848268267
0.8738846190590746
0.8738498315366732
0.8738783450400006
0.8739867426458398
0.8740836506042332
0.8741548438378466
0.8741916645022135
0.8742598514339425
0.8743215881378485
0.874421230773945
0.8745444845126973
0.8746344458028559
0.8747462103411687
0.8748464023961361
0.8749045909503849
0.8750542320275755
0.8750828647463429
0.8750517324792836
0.875063889995442
0.8749967968984961
0.8748548352336596
0.8748017281501376
0.8747425945892833
0.8746971655883014
0.8746904823319798
0.874683955681599
0.8746859418534422
0.8746871205926051
0.8746865273875842
0.8746738026926925
0.8746781541962563
0.8746008556377102
0.8745470186273857
0.8745189239697014
0.8745329408699227
0.8745366472370404
0.8745606307115473
0.8745887355557047
0.8745695495603723
0.8745642953004986
0.8745913637175319
0.874617888560281
0.8747273197700546
0.8748533400617874
0.8749729888361906
0.8751269359787425
0.8752851359249028
0.8754318526100294
0.8756162757834788
0.8757745485121615
0.8759959664231081
0.8761981530919806
0.8764032389549851
0.8766213798296257
0.8768420675224068
0.8769944964162182
0.8771836038295358
0.8773860047674961
0.8775801539092948
0.8777451675732177
0.8778924029604037
0.8780407369969659
0.8782150116974858
0.8784172897566839
0.8785481914233
0.8785858683516876
0.878694978099806
0.8788028050856393
0.8789529596281244
0.879050394083574
0.8791849782349734
0.8792717567481398
0.8793343724715941
0.87935337373699
0.8793186186906872
0.8792894506581809
0.8792659751690696
0.8791879716843246
0.879149036263092
0.8790810229517835
0.8790363200451957
0.8790672693564905
0.8790452483705596
0.8789951013063543
0.878915232592943
0.8787927115258936
0.8786783946706475
0.8785935123168394
0.8785698971757794
0.8785414583415391
0.8785030862521765
0.8784581884426284
0.8784679497758621
0.8785154754332639
0.8785064963998034
0.8784737173501771
0.8784555097047781
0.8784908164525302
0.878454896739349
0.8784308232259016
0.8785353751134549
0.8786153002760294
0.8786973751754841
0.87874596588845
0.8788128645717861
0.8788990878063238
0.8789579256170129
0.8790358749637904
0.8791202285999176
0.8791413898788227
0.8791907169671733
0.8792723659968428
0.8793302818287173
0.8793383269063778
0.8794171254485867
0.8794324801278288
0.879490955110635
0.8795621249002739
0.8796477441124152
0.879742058067685
0.8798231457493906
0.8799276314776521
0.8800116354174472
0.8801310251198999
0.8802339707246084
0.8803407074304727
0.8804438730364395
0.8805421522310789
0.8806733273232391
0.8808246701729052
0.8809407586486153
0.881084529995575
0.8811933340029974
0.8812692496662993
0.881329500831915
0.8813688565512604
0.8813823834245269
0.8814127308262797
0.8814257696979613
0.8814892683337952
0.8815627750308517
0.8816212916406991
0.8816991935565136
0.8817486863530132
0.8817910979808848
0.8818506384275697
0.8819472109040143
0.8820546080101382
0.8821676450771958
0.88230564058185
0.8823997002495593
0.8824432573130209
0.8825077282470253
0.8825475842482052
0.8826303711980892
0.8827114521731386
0.8827550990799158
0.882792890242779
0.8828277390471153
0.8828939067202538
0.8829667950753447
0.8830087553288125
0.8830166312041482
0.8830410788466491
0.8830670810925147
0.8830443274225105
0.8830247088749891
0.8830018252630384
0.8830107053570603
0.883030593103174
0.8829881339938471
0.8829534980895748
0.8829688682569401
0.8830190994930132
0.8830498916672653
0.8830681537086132
0.883069595052206
0.8830740939219829
0.8830383467532315
0.8829799657944657
0.8829259986917168
0.882870633162173
0.8828085164944127
0.882731971004759
0.8826347899182949
0.8825739584236505
0.8825126333926587
0.8824452352844917
0.8823957321609144
0.8823041865844911
0.8822553444178161
0.8822119010895119
0.8822363546645422
0.8822373258786163
0.8822673489570485
0.8822456295480025
0.8821943416838822
0.8821522511447556
0.882074332167301
0.8819815013336981
0.8818927612907639
0.8818301999240074
0.8817684416139857
0.8817343325493581
0.8817441637629567
0.8817770624584021
0.881773278180038
0.8817255553713715
0.8816633175670615
0.8815571668746989
0.8814594014687928
0.8813804987905591
0.881259497710427
0.8811312125375983
0.8809882608909784
0.8808977376819253
0.880847838142466
0.8808069192344018
0.8807612877190555
0.8807323358026615
0.8807103803137013
0.8806629291753714
0.8805950227620098
0.8805674101315563
0.8805496075780532
0.8805814776849519
0.8806053092599164
0.8806173409220375
0.8806285019403269
0.8806800321077451
0.8807392540662694
0.8807825374852138
0.8808330246979955
0.8808610576253139
0.8809219093895821
0.8810049591230715
0.8810556882856232
0.8810745575408466
0.8810307993388734
0.8809492081747886
0.880916843066933
0.8808513026975708
0.8808059583626806
0.880794236153883
0.8807719916128565
0.8807305086192646
0.8807196692948759
0.8806955896543488
0.8806734917259494
0.8806839827731945
0.8806770425982662
0.8807272283661832
0.8807403151382277
0.8807616482844559
0.8807670329423379
0.8807562338665836
0.880730293298607
0.8807102561175646
0.8806525735147878
0.8805767549167699
0.8805506899546949
0.8804715797153154
0.8803982712745853
0.8803175457433985
0.880258783199098
0.8802047998403154
0.880122241883813
0.880021005006816
0.8799369027548046
0.8798760725937637
0.8798044028863496
0.8797162899503856
0.8796168920797679
0.879495352775247
0.8793656188434757
0.8792317065497378
0.8790727229626334
0.8789133114197704
0.8787413840806289
0.8785926192912906
0.8784708742071992
0.8783331843973974
0.8782005487177178
0.8780953222227849
0.8779726475156306
0.8778553399568793
0.8777122660345509
0.8775377560056549
0.8773759956874697
0.8772379580870967
0.8771076137141935
0.8770102862522783
0.8768933780605987
0.8767657965945601
0.8766519805368528
0.8765421351896399
0.8764233375385548
0.8763245732119936
0.876257833945325
0.8762040938238832
0.8761088895291534
0.8759838968103688
0.8759135754265366
0.8758737896425498
0.8758445856934581
0.8758309910501426
0.8758313736926475
0.8757934314408765
0.8757780464356559
0.8757245489648953
0.8756362832650724
0.8755766251607939
0.8755123639487999
0.8754672159513014
0.8754348905763818
0.8753682405352677
0.8753109865217302
0.8752159378739564
0.8751403445539563
0.8751042395351446
0.8750989766101324
0.8750795799067527
0.8750809264437154
0.8750579736436385
0.8750516463608015
0.8750257922390592
0.8749820261657383
0.8749057777549148
0.8748321001635101
0.8748089904246187
0.8747570651690375
0.8747205975504109
0.8746430773424354
0.8745667715500368
0.8745249041598147
0.8744517726532747
0.8743528056448973
0.8742635732567469
0.8741990137826358
0.8741009594533283
0.8740404648741916
0.8739892310552498
0.8739619238095677
0.8739132103365496
0.8738965932938051
0.8738789256515448
0.8738253907949876
0.8738011556652885
0.873765127842263
0.8737471834217054
0.8737751786584843
0.8738044347531027
0.8738416590420521
0.8739012270777652
0.8739433225201664
0.8740156187427565
0.8741168106248901
0.8741961760542175
0.8742473937943915
0.87428306975884
0.8743145152185953
0.8743521828828538
0.8743799741031351
0.8744474515906051
0.8744922262091224
0.8745127133707704
0.8745655768442272
0.8745753978960159
0.8745594964641286
0.8745361655662781
0.8745257765211963
0.8745206991422145
0.8745236476881925
0.8745187907512404
0.8745099488911354
0.8745078560397356
0.8744973171671478
0.8745284291396219
0.8745453609937552
0.8745800454556975
0.8746165242204396
0.874674670614563
0.8747145416548313
0.8747752731852273
0.8748352160804781
0.8748956624380724
0.8749628237722671
0.8750651613781729
0.8751473136159408
0.8752091849683449
0.8752472853636027
0.8752811481977641
0.875323030945007
0.8753918482993115
0.875454592403917
0.8755135880678332
0.8755987549952178
0.8756645469586594
0.8757217620792538
0.875778440163454
0.8757756539359237
0.8757248847441459
0.875672537388439
0.8756212179863087
0.8755595374689142
0.8755121328430826
0.8754707097868171
0.8754046963515626
0.8753229425616176
0.8752309328273961
0.8751652335552196
0.8750930196699275
0.8750761730411285
0.8750752303510467
0.8750619454897474
0.8750750158797259
0.8751047838884993
0.875133153492849
0.8751798666290622
0.8752280199479987
0.8752781093674888
0.8753033988423577
0.8753438850771321
0.8753751339274064
0.8754132860573898
0.8754826908978468
0.8755396250993217
0.8756201849962214
0.8756935724666791
0.8757341513414442
0.8757580353057302
0.8757528699376294
0.875757698726767
0.8757359357377342
0.8757523239273862
0.8757535552917926
0.8757141061460676
0.8756638719566517
0.8756451686070137
0.8756779161627177
0.8757116924923604
0.8757471152399995
0.8757788644606092
0.8757856765128037
0.8757768987050667
0.875789762021605
0.8758115373935091
0.8758162712170651
0.8758476048054474
0.8758804778415042
0.8759093174808757
0.8759256523708341
0.8759444670203882
0.8759360132419587
0.8759339201313779
0.8759294010552993
0.8759411493687066
0.8759545227635627
0.8759367317684619
0.8759073201171713
0.8759236705556691
0.8759493793449487
0.875973460433876
0.8760624314849432
0.8761157000977967
0.8761680427581398
0.8762040762182464
0.8762307995020611
0.8762493919376736
0.8762681772232566
0.8763090980625851
0.8763759242243857
0.8764684800791332
0.8765561411593545
0.8766333886237906
0.8767266013805957
0.8767763176580804
