-0.04680137010109556
0.13908484607593688
0.19804293649138172
0.2440484148234987
0.2692961932368594
0.30356347255036104
0.32896236147984165
0.36258049323709735
0.3900986389763584
0.3981771474667152
0.41182578434074046
0.4303791322093884
0.43715412859829733
0.43690119922861387
0.4414247917454839
0.45819820348488505
0.4755604060682501
0.4915966667735891
0.5073171049548864
0.520992461278166
0.5290777199976655
0.5351406906760764
0.5384875424169686
0.5384777190241167
0.5352404381784215
0.5317673696165814
0.5254367319424255
0.5221941520213615
0.5219422169333484
0.519610300305005
0.5175763321616306
0.5146724154273821
0.5143563910429467
0.5135753630643995
0.5130881670983481
0.5112290671484252
0.5162164779521404
0.5221201557421441
0.5267762338855343
0.5314159439731166
0.5367752220950924
0.543318871761897
0.5510251645142891
0.5565142426968517
0.5602585159767083
0.5661869796002129
0.5720801810475146
0.5782888255757658
0.5848797519843079
0.5900946268825674
0.5937774178299617
0.5964047061659322
0.5990869345383443
0.6000503378253127
0.6019009008403867
0.6038033234389453
0.6070744065313312
0.6098216030936509
0.6121071677068368
0.6141968794958999
0.61547629767483
0.617783288639052
0.6206027543401385
0.6227913880055824
0.6255431894143108
0.6277426509949449
0.6312598095940353
0.6336954306008473
0.635978497046253
0.6382010971702134
0.6402224642033915
0.6421365545612973
0.643879554002889
0.6455129863800638
0.647924889792512
0.6506148932572672
0.6525457842328322
0.6532014864790812
0.6522780932670297
0.6512556185400125
0.6504476464175927
0.6506191209719308
0.6512439232715306
0.651540595224725
0.6509208172559996
0.6502924016179685
0.649007285491214
0.6479803581318593
0.6474049506088423
0.6468006587399773
0.6463338318444535
0.6453769471232308
0.6451958266017942
0.6450585064495916
0.6445143667928329
0.6436246637444314
0.6424066680955446
0.6415696287356201
0.6410907498085252
0.6410234661472095
0.6415137692750641
0.6426172468967432
0.6428325789611119
0.6430069103401787
0.6426075541206235
0.6415342465061469
0.6409409864068532
0.6410623041026067
0.6410245972924213
0.6414294897747383
0.6418217720602224
0.6422326000455286
0.6425580991760986
0.6431986988808448
0.6433675945356647
0.6431073362055997
0.6433638702737289
0.6438737332454901
0.6438962922063789
0.6439538114570589
0.6439269602222758
0.6437354655223879
0.6437197329811879
0.6444541038741035
0.6455981446530983
0.6469091413199652
0.6488070389707064
0.6505670595503229
0.6519572623012447
0.653949310915178
0.6563925508305868
0.6581747380785936
0.6603519017068155
0.6630355687025551
0.6658921529809211
0.6691293858774199
0.6720241077537963
0.6746106295440256
0.6770605096415795
0.6796953749490717
0.6822775091079065
0.6847260061400446
0.6873062342665762
0.690116041505449
0.6930563840187813
0.6961393731461545
0.6995361543781895
0.7023326867896251
0.7050702952205932
0.7073909559297253
0.7093340494283024
0.7108658758240971
0.7122154697829555
0.7135269230163406
0.7145433128762585
0.7151586443560979
0.7162650828071063
0.7171339897254677
0.7177032221903928
0.7186819343550729
0.7193125246807184
0.720106066634441
0.7206904479227438
0.7217177240829196
0.7223584467053511
0.7228080057048527
0.7238330781224669
0.7248994592195457
0.7260814034150569
0.7274940690924904
0.7290385097376996
0.7304670801688606
0.7314639189965728
0.7326195154426577
0.7337198431392736
0.7348467256412784
0.7360245944560216
0.7372226250053593
0.7382666182649079
0.7392395897883698
0.740220210969331
0.7409657605000868
0.7415147524632871
0.7418345453499076
0.7421182119246745
0.7420959725244621
0.7420330068055329
0.7418995339983194
0.7417615684703736
0.7417548569813429
0.7416971798438204
0.741762758948267
0.7415855195822187
0.7416988080262463
0.7417415073083005
0.7416804838113504
0.7414161483568715
0.7410216431694009
0.74062173343161
0.7399548119314185
0.7394872550446061
0.7390660285289264
0.7383636679817628
0.737756358017583
0.7371420043884988
0.7365682704280748
0.7359335470613406
0.7353843110910744
0.7349533807844476
0.7345423611297138
0.7343663191575529
0.7344777750742748
0.7344920852817977
0.734597402864633
0.7343792267157284
0.734226493120294
0.7339654874956734
0.7338389016484879
0.7337072239237861
0.7338277871337816
0.734201416186533
0.7340435198678262
0.7339560770353698
0.7337506499705027
0.7335325834191775
0.7333329556173491
0.7332505203014358
0.7335426666300275
0.7336928971045323
0.7337571926124186
0.7341267787700818
0.734300927406572
0.7345718627202229
0.7348501852403588
0.7351834988140787
0.735807026890013
0.736365068976179
0.7368643243907771
0.7374096274274913
0.7379721777706642
0.7385191501693102
0.7388078940727885
0.7390733800951221
0.739369130054086
0.7397709443256195
0.7400882024697711
0.7402612635136233
0.740336467400056
0.740670917992782
0.7407520223580877
0.7408396468758166
0.7412048784760377
0.7415874770827724
0.7420762593008393
0.7424649619663679
0.7426002703328944
0.7425252144301275
0.7424058302778953
0.7425540744407235
0.7426530137722249
0.7426403524438073
0.742609487568843
0.7425185379475191
0.7426861259413637
0.7427292584283055
0.7427080587925027
0.7426695590364862
0.7425588897313976
0.742398515070256
0.7426074038055747
0.7427550901428375
0.7430465071821222
0.743194433345117
0.7434713558962304
0.7436403570149661
0.7439861689284413
0.7443052281545854
0.7446881939186285
0.7449823895504272
0.7453349570956698
0.7458666370636531
0.7465349082066074
0.7470363611085509
0.7473036467268102
0.7476901296690107
0.7480083420491511
0.7484007880634098
0.748836669114662
0.7493259677502134
0.7498257381355508
0.7501977235844065
0.7506287186989478
0.7509495711639348
0.7509789541753925
0.7513053772834444
0.7517716495258839
0.7521870175541131
0.7525507344942097
0.7529330028633741
0.7531297590658014
0.7531940332923802
0.7532473158732487
0.753140076681179
0.752921863197176
0.7528107592664253
0.7526465189393793
0.7527075716921289
0.7527325706292395
0.7527097913818284
0.7528285817568001
0.7528254870794157
0.7526790489712483
0.7524992808529019
0.7522471841615415
0.7520161640249807
0.7518869742614733
0.7517350925508182
0.7515616353168161
0.7514923638581928
0.7512332213463543
0.7509991236463531
0.7507095060184269
0.7504411966305151
0.7504119650974057
0.7505175664438106
0.7505951988330577
0.7508124664526942
0.7509322083321105
0.7511464812525722
0.7513401415382764
0.7516318843140617
0.7519853698892269
0.7521092933341138
0.7521881995337313
0.7523964172894364
0.7525764791011709
0.7527089670825644
0.7528474306039608
0.7529389038847176
0.7529390144954015
0.7528723612394767
0.7527040608254962
0.7525388158949692
0.7521540727123381
0.7518357884808655
0.751353281590078
0.750962416754334
0.7505042466654289
0.7501145572325386
0.7498146515674271
0.7493225212640462
0.7489874949485544
0.748601579197845
0.7480511314326052
0.747584691785395
0.7469925715425094
0.7464581327506408
0.7460913065411225
0.7457951612524734
0.7457783202935601
0.7457163397727161
0.7455358551280602
0.7454215000968178
0.7451012627847718
0.7447352258566177
0.7445055546542512
0.7442346820991178
0.7439302608437648
0.7436922912665161
0.7434483202580799
0.7432813387024628
0.7431768349910679
0.7430939137985264
0.7432442916077485
0.743460708551856
0.7437314615142708
0.7440551093316035
0.7445312670114951
0.7448629256184778
0.7451672283067835
0.7455550284365584
0.7460107041821106
0.746555182573485
0.7468893573494889
0.7472686071801827
0.7478118795079767
0.7482441288506421
0.7486908557728125
0.7492301164857945
0.7497921509474862
0.7503276883228199
0.7508049981226286
0.7513094180427448
0.7516865054961909
0.752175729955322
0.7527017540652865
0.7531370971561897
0.75363626929121
0.754054099539789
0.7544201130182676
0.7548591150467309
0.7552580480249917
0.755611555738366
0.7560279806895621
0.7564538785928275
0.7569667376979875
0.7575321635098592
0.7582381842728454
0.7588314054706295
0.7594397969451229
0.7600676815119811
0.7607665702964298
0.7614385374972965
0.7620286011594667
0.7627052441393904
0.7632342063925225
0.7637397324668725
0.7641894066442322
0.7647035996573643
0.7652120769045744
0.7656698937092109
0.7659904042615838
0.7663787651552155
0.7667342011802878
0.767153210770087
0.7676445649842546
0.7680887335941238
0.7685706013763705
0.7690387784071816
0.7695221250291883
0.7699052761579018
0.7700684946065643
0.7702172078225197
0.7704194128558286
0.7705705261690935
0.7707055611500463
0.7709093535405387
0.771177119907172
0.7714163882882444
0.7716693928699415
0.7719912384198624
0.7722529989427509
0.7724553362297726
0.7726782708904589
0.7729699250056602
0.7733647702400621
0.7737012128666904
0.7740107250947311
0.7742713325437337
0.7744704470736677
0.7746948038580179
0.7748944232168463
0.7750210584116796
0.775030903197646
0.7751114587177251
0.7751003840237252
0.7751336559355366
0.7749650491923437
0.774749275343225
0.7746486285629812
0.7745831699444078
0.7745682801316668
0.7746328316053444
0.7748941282352161
0.7751286129244452
0.7753005196201478
0.7754939617999178
0.7756918480259307
0.7758082681989698
0.7757935328738158
0.7758126425976446
0.7758095187644175
0.7758658648037008
0.7758944419468065
0.7759157009374584
0.775906071886673
0.7758555196245627
0.7758081356453302
0.7756279615587025
0.7753730632449372
0.7752172124967742
0.775068587113899
0.7749856239483807
0.77492896077816
0.7748998766956944
0.7748881699572991
0.7750228345101016
0.775130234990718
0.7751965831526167
0.7752174823049014
0.7752674856463255
0.7754016212135413
0.7755157808825973
0.7756100847137988
0.7756587089726092
0.7757173387477673
0.7758466075029647
0.776013019136002
0.7761967953964342
0.7764291256848294
0.7766575995407597
0.776902700659507
0.7772124578068209
0.7774183018982884
0.7776008144752797
0.7778215263414533
0.7780975959252995
0.7783634515387767
0.7785756481058238
0.7788451454035029
0.7792479889070271
0.7795996172524554
0.7798882193020323
0.7801984834493016
0.7805503653679255
0.7807717366092548
0.7808896982607211
0.7809167891510841
0.780965674318625
0.7809892587308456
0.7810079754921257
0.7809006271203042
0.7807624854114207
0.780505580846516
0.7803485696268572
0.7802483450178617
0.7801926089313613
0.7801237480482041
0.780039327721501
0.7800076722351287
0.780064877739066
0.7801704767055953
0.7802556887865623
0.7804519857410979
0.7806053545142796
0.7807471928073662
0.7808925420253228
0.7810779112594726
0.7812982776174391
0.7814825356021305
0.7816346755726432
0.7816969559572896
0.7816962167715901
0.7817037778313155
0.78175426824753
0.7817584122464534
0.7817805220842479
0.7818950982321068
0.781970080819718
0.7820380357721297
0.7820468497354719
0.7822085352079279
0.7823562790595291
0.7825217037149539
0.7825928389365354
0.7827127193947433
0.7828956732346004
0.783208932224938
0.783551450149016
0.7838266391522029
0.7841143019563088
0.7844122599984183
0.7846657636750565
0.7847467296115244
0.7848102513811295
0.784920089697724
0.7851955169018411
0.7854414464410304
0.7857254509641546
0.7860166949478732
0.7863103307467233
0.786615941767446
0.7868124163559594
0.7870503741052156
0.7872880303008634
0.7874895359364461
0.7875276870784008
0.7876111750278016
0.7876586833359068
0.7876798584570145
0.787709064690873
0.7876783905008204
0.7876985953345064
0.7877442744369824
0.787843484445013
0.7880193535307846
0.7882117131268356
0.7883274776325869
0.7884141216626698
0.7885196990362742
0.7886246318395077
0.7887506321925285
0.7888456265578867
0.7889761497907174
0.7890597743783675
0.7890767103983717
0.7890783204293312
0.7891097079074104
0.7891845473163339
0.7891868584897911
0.789248236548574
0.7894282675216353
0.7895392908748177
0.7896655120251108
0.7897521577036383
0.789800397212519
0.7899128467923936
0.7899341648332003
0.789955133289374
0.7899421493455867
0.7898808604762696
0.7898954238260735
0.7899535312670334
0.7900190912760799
0.7901244035196412
0.7902212994524062
0.7903438612392737
0.7903780136191442
0.7904371641478086
0.7903877164299794
0.7904736749860554
0.7906225791845759
0.7907747910636026
0.791002828233465
0.7911267016792067
0.7913135301828391
0.7914636093112638
0.7915645397496613
0.7917018645614781
0.7918421092104204
0.7920089945352966
0.7921947711124424
0.7923670222685598
0.7926177016078627
0.7928746568532065
0.7931101068559122
0.7933507808179024
0.7935690755538585
0.7938252526330787
0.7940392993310191
0.7942102795399548
0.7943693284926361
0.7945339103546176
0.7948277127787842
0.795008850492767
0.7951849286136212
0.7954622843069632
0.7957137593496031
0.7958882737913653
0.7960588677445681
0.7961632027281357
0.7962682068783173
0.7963346123412913
0.7963644271824093
0.7965153696340314
0.7966238067935462
0.7967249415431352
0.7968812401784912
0.7970543740754651
0.7972611094574303
0.7974768914132374
0.7977051567667987
0.79786343096064
0.7980689392494213
0.7982276376946521
0.798339621099
0.7984263482242283
0.79852012402488
0.7985807267146756
0.7987303426665162
0.7989084150008048
0.7990678720118358
0.7992263665666995
0.7993761219380954
0.7994217877035226
0.7994389260260771
0.7994710273550483
0.7994221389767462
0.7993510561997875
0.7992226376049172
0.7991092844221845
0.7989352917149241
0.7988577121366879
0.7987528531891173
0.7985778074016072
0.7984205494886392
0.7983359387492258
0.7983078453351395
0.7982939428326936
0.7982707436560899
0.7982786412654166
0.7983682198233754
0.7983701071909377
0.798342129614256
0.7983362144963926
0.7983493327842565
0.7983491807426383
0.7982587174031257
0.7982340046479169
0.7982274532338839
0.7982615317117944
0.7982923799208069
0.7982390246132237
0.798139192611183
0.798058326997452
0.797973057116934
0.7979494427028975
0.7979208578068743
0.7979042037966
0.7978591596192222
0.797740966678168
0.7976350093522404
0.7974888777828677
0.7973952127610638
0.7972671857548955
0.7971596807386473
0.7970931481405984
0.7969870805824967
0.7968285878169514
0.7967504616595522
0.7966092353475899
0.7964102292962915
0.7961883464968149
0.7960009399427411
0.7958229426141266
0.7956542905977327
0.7955049795487878
0.7954582371878774
0.7954017966691339
0.7953637001524596
0.7953461763649358
0.7954420950456147
0.7955089372519236
0.7955899666347142
0.7957460720834504
0.7958811047935151
0.7959692542724124
0.7960145091852425
0.796136748648752
0.7961897274923408
0.796211070989589
0.7962239748263351
0.7962752904238064
0.7963562331869651
0.7963561837114669
0.796357428392946
0.7963292967969878
0.7963339861430138
0.796263403128748
0.7961094128712711
0.7959857259901302
0.7958910256897151
0.7956965677689243
0.7955565086941285
0.7954103833575219
0.7952194697021694
0.7950147918186604
0.7948655220712855
0.7947234069711828
0.7945399207370782
0.7943477448988235
0.7941181134361855
0.7938498950975333
0.7936181407817823
0.7933684232145146
0.7930847558863825
0.7928434353754724
0.7925816708364224
0.7922874025497858
0.7920238156392555
0.7917831351151126
0.7915715419993508
0.7913599619726268
0.7912052080135971
0.7910821606421905
0.7909474355786701
0.7908417847988235
0.7906993431679713
0.7905335353676026
0.7903122174552405
0.7900837678074227
0.7898603501067122
0.7896302776549161
0.7894761651020809
0.7893327147041193
0.7891697933524636
0.7889664945431459
0.7888935181856028
0.7888104363449285
0.7886601174680627
0.788551657564336
0.7884764207322024
0.7884549332785402
0.788406585601741
0.7883493455044432
0.7882926616772687
0.7881550634866138
0.7880824453037433
0.7880643273629142
0.7880602857369582
0.7881173549763982
0.7881703404714016
0.7882084823620801
0.788203985473759
0.7881785203816978
0.7881091556060443
0.7880773437993731
0.7879977418956238
0.7878917912710391
0.787729870418259
0.7875786306635986
0.7874634410281688
0.7873666081671293
0.7872499855393444
0.7871536359980305
0.7870017996714737
0.7868444741696653
0.7867794816831236
0.7867097829224473
0.7866882301066349
0.7866082358214432
0.7865239195257454
0.7865083900527314
0.7864341459876184
0.7863610921118013
0.78629826319621
0.7863179726004366
0.7863015976036827
0.7862973987714876
0.7862515331317346
0.786187214609784
0.7860936645379119
0.7859515550258315
0.7858390053801707
0.7857932090278563
0.7857458389195022
0.7857315581603721
0.7857000006566709
0.785703418802668
0.7856965209383805
0.7856378102730203
0.7855945163934107
0.7855552991002366
0.7856026864972007
0.7856102411822917
0.7856337440832823
0.7856423845838915
0.7857039360278666
0.7857394382076243
0.7857736348346902
0.7858381305730955
0.7858643927247099
0.7859372403451613
0.7859757333527575
0.7860337745052087
0.786135437526626
0.7861854559507666
0.7863039386575471
0.7864496208844028
0.7865763032629197
0.786731576476776
0.786865638744074
0.7870382004775421
0.7871305578976338
0.7872752351837822
0.7874148265752102
0.7875537359978081
0.7876798152969743
0.7878085822330224
0.7879090463757599
0.7880583867018359
0.7881257817424007
0.7882353461399678
0.7883924565500661
0.7885671417175756
0.7887036476558478
0.7888775069249189
0.7890543040458088
0.7892336721431586
0.7895033179472437
0.7897674691835738
0.7900340854347703
0.7902937940526202
0.7905004214985974
0.7906487814849236
0.7907441410490637
0.7908655763605741
0.7910016664755388
0.7911226579035461
0.7912649724174796
0.791335439331654
0.7913278344889729
0.7913654065314192
0.7914381479549925
0.7915058125263288
0.7915821711084771
0.791646802557478
0.7917110259370137
0.7917970655003779
0.7918959956199086
0.7919976974548926
0.792075282396715
0.7921616592578032
0.7921440395630934
0.7921552050702071
0.79222966030431
0.7923072605425171
0.7924101962385882
0.7924467131642
0.7925507235896945
0.7926087038761829
0.7926487850193786
0.7926955475856102
0.7927502091797635
0.7927520339027221
0.7927065222201128
0.792645486538454
0.7925805405709526
0.7924718731898239
0.7923928269508743
0.7922772481137574
0.7921368133844219
0.7919860295620914
0.791788701180452
0.7916641536316972
0.7915163104196269
0.7914286551011921
0.791352830560415
0.7912185398381206
0.7910430333848866
0.7908524173673357
0.7906721902269938
0.7904902443854841
0.7903264403969935
0.7901594818239728
0.7900460078078436
0.7899587345545284
0.7899152796689815
0.7899012019604141
0.7898797081505118
0.7898409772904403
0.7897985435360901
0.789771988497496
0.7897268401976661
0.7897678372613179
0.7897957234083652
0.7897739850631841
0.789772714190487
0.7897640972281721
0.789751142158273
0.7897898858171477
0.789821986922345
0.7898110889662145
0.7898110614444804
0.7897639538900909
0.7897400819496507
0.789700678029379
0.7897282763536152
0.7897285491837508
0.7896703989063425
0.7895999794278223
0.7895658685234431
0.7895477926455283
0.7895596397495682
0.7896284858217395
0.7896640386065888
0.7897696705411359
0.7899361826765579
0.7901340512729019
0.790347116312226
0.7905921666892577
0.7908240283401744
0.791049628502262
0.7913080513366314
0.7915204852261681
0.7916439092855807
0.7917509907796181
0.7918006992218839
0.791829106087668
0.7918637826188658
0.7918655569460477
0.7918119342728491
0.7917655881581592
0.7917341856405476
0.7916761643242479
0.7916402310023434
0.7916650050732644
0.7916877419381475
0.7917217825219649
0.7918117322196101
0.7918618578808918
0.7919515876526747
0.7920764201990527
0.7921897179562837
0.7922673508681072
0.7923967895819362
0.7925069752346543
0.7926024882594342
0.7926880232199444
0.792748636171761
