0.1793244100294347
0.24801743807126816
0.30599018142509016
0.35672836639560507
0.39108728516110675
0.4287424010049089
0.45274598384210235
0.47484539683349863
0.49852775248241676
0.5111927567135591
0.5269660020257189
0.5457354857469067
0.5555958634360096
0.5577053017475547
0.5647367150103169
0.5747686610972018
0.5846499136855317
0.5940821135019376
0.5990962536460551
0.602547978836819
0.6071319562584256
0.6101709658592684
0.6114352759896413
0.6163410326700028
0.6183248619249804
0.6205325053882292
0.6219743628081
0.6237204322872217
0.6259204367298206
0.627705574820813
0.6315512792765575
0.6318791276514482
0.6340549186762486
0.6357384224841285
0.6381994972464083
0.640971177723192
0.6486469465409748
0.6559922484497275
0.6628834442798575
0.6685454975643589
0.6753004836667695
0.6844534906127074
0.6939931943318979
0.7025482456289239
0.7105815661747612
0.7187019951478795
0.7272007333914691
0.7345773502118571
0.7418813206200296
0.7484200721832507
0.7537162648952895
0.7583021945297912
0.7623909146307877
0.7658120498624811
0.7698719899558566
0.7734801899577229
0.7774692343200189
0.7809146469872089
0.7838770465393262
0.7868964281710935
0.789437808042702
0.7922085729225299
0.7944223029899872
0.7960729240149292
0.7974890367327442
0.7993162944876684
0.8014317354123918
0.8026497169526481
0.8038570116578535
0.8048689373476665
0.8057606407572289
0.8066587857098831
0.8074648824576449
0.807735797271977
0.8084089202981422
0.8094289858918015
0.8101628920151269
0.8101972006979038
0.8097531820596858
0.8092755266132945
0.808773705896736
0.808100226047204
0.8076788979512223
0.8073857453103441
0.806692517173633
0.8056655747080486
0.8045059246641545
0.8035433670844021
0.8024178330186208
0.8012152127858401
0.800185901465372
0.7990959875487629
0.7982871160859376
0.7972955175430316
0.7964019028650047
0.7953983739193321
0.7942928116403423
0.7936673494522711
0.7931309846854021
0.792603875474723
0.7927380134157779
0.793207690648759
0.7934612684544883
0.7935484962616972
0.7932475688350323
0.7926388593658231
0.7926793417491026
0.7928773822662863
0.7930279459655163
0.7937355576389705
0.7946022081347067
0.7952409871448363
0.7958589537333457
0.7966808558715104
0.7971544656953264
0.7975452133608446
0.7980839315185921
0.7985195952613412
0.7989190864552431
0.7992024721657268
0.7991888850789668
0.7990972387349169
0.7986893092599786
0.798653916888272
0.7988007768995743
0.7989814855487755
0.7992569891999336
0.7995074895473285
0.7993209504076944
0.7993682393173782
0.799398812458365
0.7992739513926674
0.799313787968996
0.7993648100679395
0.7996715123364808
0.8002049578982642
0.8005082083629984
0.8008148829410051
0.801219969840577
0.8017793340129036
0.8025140945160005
0.8032222227893537
0.8039609002386994
0.804839204743533
0.8059630013237672
0.8071270216530678
0.808423272588749
0.8093320631106847
0.8100098192407154
0.8104759242625381
0.8108576944558773
0.8110924851597127
0.8115169407057367
0.8116950046851709
0.8117739905945791
0.811602942484684
0.8118988481634916
0.8120471339299017
0.8118745868057081
0.8120493195685816
0.8119378324904785
0.8118248428979634
0.8115513738766742
0.811531898879625
0.8112928495090496
0.8108048897238711
0.8104971054763643
0.8102552263828718
0.8100519103947798
0.8099558807977696
0.8098878134727173
0.8098483025450985
0.809883505236386
0.8101088287958597
0.8104340747559602
0.8108168882374855
0.8114608868187279
0.8119925515951972
0.8124224647411364
0.8128063131795373
0.8130953776583254
0.8132107949010915
0.8134238747102591
0.8134819405574
0.8133987512384383
0.8130966042712252
0.8126001479929035
0.8121920543741966
0.8119964170264827
0.8117818851775699
0.811572150048865
0.8114067546945825
0.8111561753592869
0.8111171999401434
0.811145216043679
0.811135752287456
0.8113224286607871
0.8113887322993922
0.8116480628208549
0.8117601944914503
0.8118693382744352
0.8119068342081889
0.8120884479719144
0.8123030312580918
0.8125482425205299
0.8127732814737609
0.8127759631574324
0.8127822306403003
0.8128835823899951
0.8129395080359731
0.8129786632336776
0.8131755909315769
0.8130932005635904
0.8132099069359555
0.8131468456633817
0.8131216329783225
0.8130575303074697
0.813069057063685
0.8129595656402382
0.813029889464679
0.8131828703905701
0.8131153061705975
0.8132093856662282
0.8131676911319136
0.8130911371422326
0.8131533631904957
0.8130862672332494
0.8131050029623689
0.8128961932551723
0.8125688307347523
0.812387031703495
0.8120215260455723
0.8116983328638586
0.8114909210629985
0.811316315369121
0.8111703791802483
0.8110509493519237
0.8110999424280132
0.8111984168734216
0.8112005554393832
0.8112625060921491
0.811243458344999
0.8112227945883941
0.8113041921779538
0.8114548751727613
0.8114495963461149
0.8112906128440645
0.8112573586385792
0.81134265736553
0.8112587035632323
0.8110716034529968
0.8109682328685892
0.8109748119150854
0.8111107466701164
0.8111790074558352
0.8112055732822372
0.8112540837166841
0.8113160888134939
0.8114627980295933
0.8116416420621585
0.8120003970185445
0.8123368249649403
0.8125013593801496
0.8128335514487993
0.8130390672750173
0.8132379408446263
0.8133929971531269
0.8133878352852602
0.8134349723725539
0.8136418788244046
0.8136248413841336
0.8136625775050443
0.8136859322588578
0.8137473633203641
0.8137282287390618
0.8139096260397836
0.8140443722969258
0.8141294481115018
0.814069621791561
0.814090630701758
0.814189336350531
0.8144447793282564
0.8144793266952538
0.8143778921578041
0.8144304489137834
0.8143095002068278
0.8141553665352363
0.8140081796477959
0.8140816077743829
0.814182453064248
0.8142167835034596
0.8141247861242066
0.8140565670672488
0.8138996011575946
0.813938190092742
0.8141284476454391
0.8142517221997234
0.8144719631784968
0.8147090865840891
0.8150556741902333
0.8153761598963114
0.8156585145885137
0.8157934897248399
0.8158984004099543
0.815988795204338
0.8159558717483355
0.8161410605937317
0.8162701362678499
0.8163031272501526
0.8164245078392818
0.8164208750188053
0.8164102146717676
0.8164236824022101
0.8165020271073231
0.81663792915102
0.8168090770376251
0.816964612575911
0.8169872095429113
0.8170065103936518
0.8170261374677952
0.8169994559948253
0.8169801742427977
0.8169654867644203
0.8171590545746638
0.8173402080415726
0.8175409136637366
0.8177089581303416
0.8178783757883792
0.8180069947945646
0.8180235362374807
0.8181982928581728
0.8183935686526742
0.818460498173822
0.8185000118816599
0.8185671201190624
0.8186650557960496
0.8187792660862196
0.8188002934893484
0.8188530695849299
0.8188187268975461
0.8187116122654688
0.8186230494679586
0.8184832061854979
0.8182040450548225
0.8180029881191332
0.8176948716534256
0.8174777341568498
0.8172461245145133
0.8171051935588751
0.816961064493238
0.8167390970037245
0.8165855649690928
0.8162841987430879
0.8158622391227738
0.8154721304228842
0.8150742991248325
0.814734926005134
0.814440345187593
0.8141719037162434
0.8140750729153842
0.8139119084373423
0.8136765298941742
0.8135023448545654
0.8133118700824087
0.813108324796424
0.8130181866227822
0.8129166551762315
0.8126994106214487
0.8125809456807765
0.8124209403644015
0.8122616171355248
0.8120995553344358
0.8120622291458035
0.8121126648710009
0.8122411132358607
0.8123853135405642
0.81267098952384
0.813059377542535
0.8134278381561808
0.8138452393854313
0.8142670276789805
0.8146975202453122
0.8150964130031056
0.8154418725797824
0.8157805778664293
0.8161708201896669
0.8164872268295753
0.8168233162337715
0.817148266856686
0.8174385712204105
0.817705533848222
0.8179440494114578
0.8182046293889885
0.8184648776742545
0.8186751785712522
0.8189062918703299
0.8192421330005383
0.8195792793361305
0.8199192966032013
0.8201974252077054
0.8205883714131864
0.8209312191579007
0.8212307568098239
0.8215409006147293
0.8219020468271514
0.8223093478055934
0.8226795787881406
0.8230478004911012
0.8234121237040217
0.8237134306084777
0.8239964026591211
0.8243784416100196
0.8248240409009685
0.8253135643852649
0.8257778078006687
0.8261785841714295
0.8265220113155785
0.8269021803638024
0.8272920156011822
0.827632587764805
0.8279321328283566
0.828202755103409
0.8283347681372967
0.8285166797390214
0.8285844910237118
0.8287307352882213
0.8289301857254106
0.829177196743402
0.8294012423825408
0.8295676398640837
0.8297308586681365
0.8297076210407582
0.8295753215627282
0.8295331408246424
0.8294632473796558
0.8294497687988568
0.8295195448878873
0.8296312242897349
0.8297458012909114
0.829849970743421
0.8300097436972478
0.8300689041470186
0.830060721779584
0.8299884981529807
0.8298809133334161
0.8298232087146485
0.8297575106761175
0.8296879949915633
0.829586757803588
0.8295189674134161
0.8294099768287877
0.829310223941208
0.8292356961305647
0.8291994187252857
0.8291421905809945
0.82913550292633
0.8291254357855525
0.8290453302234229
0.8288572645205823
0.8287418845927115
0.8285856427474649
0.8285193933805977
0.8284537390536915
0.8284099006563574
0.8284501507967968
0.8284569351917994
0.828461191873022
0.8285317629448486
0.8286491423994661
0.8286318556675847
0.8286126250627343
0.8285851021574014
0.8285412077411936
0.8284722366403802
0.8283573001992647
0.8281771963558372
0.8280477941813991
0.8279478893879171
0.827785969666418
0.8275758191302544
0.8274832651282603
0.8273154746332432
0.8271901518970081
0.8271129421138083
0.8270075631428699
0.8270473646772781
0.8271473820989886
0.8272083555826338
0.8272355712949842
0.8272646945778934
0.8274100096022233
0.8275816792660375
0.8277088361587207
0.8278818859691718
0.8280586787892398
0.8281838891555788
0.8283672949638731
0.8285157840241992
0.8286390924740907
0.828845845875684
0.8290131961060019
0.8291248623890283
0.8292557212615642
0.8294287141809531
0.8295586346909779
0.8297284634710648
0.8299121929688031
0.8299770992692687
0.8299373636288838
0.8299730765782749
0.8300208982131891
0.8300218436144009
0.8299829646000356
0.829928509274084
0.829939540977152
0.8298488999921211
0.8297333386066009
0.8295721678482338
0.8294206034524731
0.8292828407152332
0.8291534115791972
0.8290541037597409
0.8289966696104261
0.8288884527466629
0.8288399018427071
0.8287839459379467
0.8287285214250453
0.8286679258929247
0.8286236227891034
0.8286196181458019
0.8286433498103242
0.8287136284835387
0.8287985901546315
0.8288999383280812
0.828907713336194
0.8289287538649349
0.8288908799200958
0.8288972597525783
0.8289616786921592
0.8289091303715052
0.8288837954477188
0.8288996590046268
0.8288828057799396
0.828762658558411
0.8286684455167408
0.8285473899818822
0.8284501281489045
0.8283963413203854
0.8284013925553817
0.8284428130719375
0.8284783735383512
0.8285155726823409
0.8284702094031192
0.828498608937794
0.8285378666540846
0.8285751516193118
0.8285949451100788
0.8286679257949116
0.8287774794023112
0.8288612553126751
0.8288987162460503
0.8289427853052104
0.8289152527837879
0.8288489828509901
0.8288064097906813
0.8288283288952351
0.828900166698307
0.8289933423573257
0.8290996972659395
0.82920153573785
0.8292904908110255
0.829471699760736
0.8295737590970587
0.8297513406650621
0.8299368318177381
0.8300880510075818
0.8301840477337019
0.8303167136174625
0.8304418261726505
0.8306054401592274
0.8307745263123356
0.8309644403202107
0.831159510611371
0.8313320566040691
0.8315126460395303
0.8317540619333132
0.8320771580985358
0.832340942534494
0.8325156498715252
0.8326842811334446
0.8328457688933816
0.8330653368928806
0.8332614596667063
0.8334683079261846
0.8336550056215564
0.833823529004535
0.8339274289150884
0.834026886941775
0.834132260475236
0.8341727998614563
0.8341312284999545
0.8340942092133564
0.8340735511421284
0.8340680080352184
0.8340294429957941
0.8339294394792967
0.8338717039209214
0.8338012684308503
0.8336736918066895
0.8335658565426464
0.8334252580129252
0.8333542905465791
0.8333404414320897
0.83332856949264
0.8333381028789477
0.8333417155355982
0.8333739722664235
0.8333255500344193
0.8332612964886431
0.8331670240089644
0.8331886922562967
0.8332059474037903
0.8332107774278812
0.8332892854526325
0.8333493347955118
0.8334173336553214
0.8334670158844909
0.8335735652759302
0.8336835481471081
0.8337749547080696
0.8338642859665318
0.8340117694985524
0.8341523634916648
0.8342601023076224
0.8343562367487927
0.8344134308045558
0.8344429614026517
0.8345425694626201
0.8345987144744423
0.8346607377670531
0.8347402978433612
0.8348249754019879
0.8349047522445179
0.8350091215151573
0.8351275819151156
0.8352448606004487
0.8354433098156522
0.8355835203059075
0.8357031651602702
0.8358166429585077
0.8359043374190201
0.8360078149687588
0.8360711517479108
0.8361183198523434
0.836169934808443
0.8362197496969652
0.8362108349051776
0.8362461801452659
0.8362224519012958
0.8361627936254046
0.8361565827397895
0.836149703439289
0.8361844068242491
0.8362410682100481
0.8363208521162881
0.8363832821596896
0.8364109938505694
0.8364097307934538
0.8364627932747282
0.8364978767809288
0.8365129511598002
0.8364889639894855
0.8365197232318227
0.836583371643914
0.8365869793761754
0.8366226883534881
0.8366706791173641
0.8367271442380861
0.8367368028621194
0.8366957975980266
0.836634270586564
0.8365507281489879
0.836575047543964
0.8365521910301474
0.8364652903095472
0.8363808490805422
0.8363065400319315
0.836222937132814
0.8361845529902211
0.8361623419217017
0.8361415160207574
0.8361450929393157
0.8361704165000883
0.8361543369472518
0.8361554545398813
0.8361971737644865
0.8361895993609788
0.8361559116448928
0.8361310725806931
0.8361281688677176
0.8360933506054143
0.836037367715834
0.835920680287619
0.8357889960154415
0.8356894033187591
0.835548259611662
0.8353763180609736
0.8351714820947431
0.8350124407241158
0.8349181884173411
0.834789284439065
0.834703221571587
0.8345987232783999
0.8344929739163666
0.8344079140616625
0.8343851619605293
0.8343542882891682
0.8343468928587358
0.8342701418275891
0.8342061952155769
0.8341274688257493
0.8340440859963263
0.8339215446965271
0.8338383215011645
0.8337860223233323
0.8337806833056736
0.833789935707076
0.8338823481127051
0.8340308667186119
0.8341264331551282
0.8341693465137885
0.8342719772930566
0.8343712114150026
0.8344594648155582
0.8345652149929684
0.8346594601483863
0.8347362698242418
0.8347399551410757
0.8347500104663275
0.8347841277797969
0.8347965331767289
0.8348604381074685
0.8349501129223149
0.8350183687774686
0.834989719406691
0.8349432125999535
0.8349024732175916
0.8349262272110158
0.8349308099988619
0.8348862838228291
0.8348538987948052
0.8348016622677908
0.8347494178601023
0.8347252697914156
0.8347258306337774
0.8347113746661561
0.8346568173913701
0.8346286356152754
0.8346411448268254
0.8345867808761541
0.8344929140274189
0.8342983093577396
0.8340772273604187
0.8339264246044241
0.8337842125131738
0.8336429652537402
0.8335322381273589
0.8334075700278125
0.8332794997736971
0.8331950380203218
0.8331760383233319
0.8332008717337275
0.8331927779544188
0.8331302761264812
0.833110177077232
0.8331061977720147
0.8331325154315816
0.833128488230358
0.8331255588910612
0.8331333942459858
0.8331457861153279
0.8331031649895044
0.8330575897368799
0.8330623625920206
0.8329840310156789
0.8329219224698629
0.8328519323534728
0.8328326277729313
0.832855289462333
0.8328219259532318
0.832763534534337
0.8327099327704091
0.8327031293995734
0.8326419424745725
0.8325548106328212
0.8325053463196795
0.8324654229354458
0.8324379175132768
0.8324731730558618
0.8325263541546792
0.8325626772051107
0.8325709939970396
0.8325688484182052
0.8325860314728466
0.8325904296388702
0.8325895753615037
0.8325795289136705
0.8325593412121745
0.832538296046766
0.8325210727950809
0.8325320226986485
0.8325593087516521
0.832573566549718
0.8325770747660374
0.8326390628766157
0.8326686427544536
0.8326626965428545
0.8327106837004447
0.8327205654096009
0.8327612516168471
0.8327461790055832
0.8327382720096638
0.8327196653016504
0.8326961434393301
0.8326886941765539
0.8326773315244611
0.8326779243710581
0.8326549844201938
0.8326765651950274
0.8327107800913801
0.8327491442228983
0.8327930107850061
0.8328658981508373
0.8329056122898546
0.8329501461283436
0.8329784974563736
0.8330099936514135
0.833058386245881
0.8330893180856104
0.8331444794882441
0.8331953610742322
0.833293447047116
0.8334333339184856
0.8335821439216808
0.8337274582708111
0.8338790726034239
0.834009064697064
0.8341168877121157
0.8341354873007737
0.8341572822145464
0.8341426192899574
0.8340956634403582
0.8340836509271936
0.8340583373896879
0.834032112539413
0.8340340020121938
0.8340639727664974
0.8341192692237381
0.8341376090337651
0.8341119518812931
0.8340839918830897
0.8340986858538271
0.834072324706657
0.8341006299910361
0.8341461381229314
0.8342257451499829
0.8342533435529986
0.8342906887361948
0.8343193368834978
0.8343330116185032
0.8343816339419394
0.8343993204909382
0.8344618376441393
0.8345366483825406
0.834603766042661
0.8346620039700665
0.8347611580565343
0.8348213354963019
0.8349228285140423
0.8350639916301263
0.8351916784007901
0.8353137615939739
0.83542531976668
0.8355649377217182
0.835699669377203
0.8358191261862136
0.835947278978784
0.8360751178444162
0.8362174068847146
0.8364158965173567
0.8365558609937391
0.8366414550794389
0.8367330407743012
0.8368397003320176
0.8369757182568534
0.8371247916448279
0.8372504390558597
0.8373867946566808
0.8375519726304816
0.8377029937458823
0.8378854069905394
0.8380725064730336
0.8382499353970285
0.838400522251249
0.8385605891990829
0.8387434206269507
0.838933189730055
0.8391223087380457
0.8392761473503773
0.8394665080110598
0.8396227285707921
0.8397643771141209
0.8399138417663451
0.8400346574716118
0.8401129424011218
0.8401713840077599
0.8402416986387716
0.8403320867845503
0.8403497806840389
0.8403694148547307
0.8403865311736783
0.8403860281504507
0.8403782587545376
0.8403600075431746
0.8403537519978437
0.8403443255000537
0.8403167656758248
0.8402834950488549
0.840240594857767
0.8401744927750459
0.8401140086646149
0.8400817215030739
0.8400327170307551
0.8400018517569747
0.8399657693845214
0.8399608917488726
0.8399415760125505
0.8399632765742389
0.8400267113685457
0.8401034069625755
0.8401750990302895
0.8402307058976698
0.8403008790746409
0.840365021018557
0.8403895894474328
0.8404228382594551
0.8404495095725144
0.8404788254523291
0.8405263736760129
0.840575930930662
0.8406471360306368
0.8407030628958166
0.8407281614685861
0.840760192213582
0.8407590218695912
0.8407896234724873
0.8407600883171551
0.8407630891766159
0.8407094052377473
0.8406218257925523
0.8405345049536606
0.8404905651858198
0.8405073915750473
0.8405027185135584
0.8405258313663408
0.8405478474660756
0.8405715133662551
0.8406375989078425
0.8407211592664258
0.8408002632084446
0.8408514539250239
0.8409162940419156
0.8409942227633284
0.8410497340031344
0.841089538054206
0.8410955535261537
0.8410857853921836
0.8410615902173599
0.8410280934410675
0.8410316460863491
0.8410184935415932
0.8409492838020444
0.8409341162076723
0.8409517179286301
0.8409458657999063
0.840932944080301
0.840945667337383
0.840970562070803
0.8410116744254592
0.8410919844452105
0.8411934478193628
0.8412866126701528
0.8413968089170287
0.8415165315935479
0.8416329378147005
0.8418140397239852
0.841988153954097
0.8421173788714914
0.842245579151316
0.842334567959363
