-0.06959916285627687
0.08285611918316106
0.1449636872209546
0.18131215097934908
0.20837110657000793
0.2348700857686092
0.2613296865063361
0.27628649060842586
0.29786707226424997
0.30563286211430224
0.3142088796523026
0.3227999470597982
0.31804868319969765
0.3118369173265462
0.31276144807867984
0.3256018444853022
0.3434923299932103
0.35969571548141416
0.37486401315546464
0.39021305059968925
0.40346485015710515
0.411461745848909
0.41790983490433964
0.42298349064381424
0.42572278270206587
0.42826477559064896
0.42850070354517406
0.4286130966476699
0.4329533700912809
0.4345458680296505
0.4360779045563968
0.4341345660444642
0.43543003477163017
0.43692595001462675
0.4408434665896295
0.44244329148108297
0.44874733540683154
0.4551003315173106
0.4614307307500644
0.46864136436902387
0.47790148870476207
0.48734087899249284
0.49734991860449373
0.5076603092616199
0.5173317809024375
0.5287586139742056
0.5396654039743897
0.549971868821464
0.5602815593365362
0.5698785725681376
0.5779532028601415
0.585082226947341
0.5913833437512194
0.5956513497195182
0.6008677323370716
0.6058243014139981
0.6120577197014062
0.6179071554083454
0.6226885122951636
0.6273657349058037
0.631576005492497
0.6360537814776713
0.6400975774956765
0.6437619179140366
0.6478237081202416
0.6513801410455687
0.6554493524272975
0.6584696399775057
0.6619107217338848
0.6644705499304101
0.6669963174867143
0.6684915816444483
0.6694966924113087
0.6693142563647068
0.6704770975984715
0.672526967928433
0.6739117290885308
0.6745907787675568
0.6736058280483271
0.6731208734150184
0.6731308777102348
0.6733881273374146
0.6737640293283634
0.6740113220560141
0.6735990355905294
0.6730108964038297
0.6718837676016478
0.6711055163293296
0.671251936179135
0.6710196243926156
0.6709844249248534
0.6703287152800079
0.6699049862908308
0.6692392358854764
0.6687155352541998
0.66793766726498
0.6669043776031649
0.6659971920363739
0.66523474024048
0.6646541854075951
0.6645321320091361
0.6654536804022088
0.6657061622534416
0.66569386880017
0.6647720973648319
0.6638707346748195
0.6637215108711756
0.6637410219955899
0.6634929678631881
0.664163759555376
0.6652850935466446
0.6664145377737068
0.6671591019104591
0.6678717950012513
0.6678075454919223
0.6677746316389833
0.6688171923386942
0.6697444459298917
0.6701599309864392
0.6707644399371222
0.6713390948871102
0.6715148118706533
0.6715567963761396
0.6723018938281702
0.6732671701018644
0.6738728298830767
0.6751796345456348
0.6761838952686018
0.6768001675953501
0.6780258368414145
0.6792744083960252
0.6803346811520248
0.6816884783825642
0.6831073591060569
0.6846433163527781
0.6865339194944121
0.6883036558711695
0.6896409082314553
0.6909912515492329
0.6923403659606147
0.6940616852555397
0.6959705591670123
0.6975699711551271
0.6992405147225257
0.701079062536045
0.7027433521852906
0.704761823789571
0.7063489709623548
0.7079597123583582
0.7093964910897214
0.7109620914490289
0.7123434199298369
0.7136424559926675
0.7149183977882554
0.7160663467852101
0.716605516362067
0.7177660239071496
0.718759927803046
0.7194184478753697
0.7203092961188079
0.720955144242895
0.7215356632022378
0.7220977039986425
0.7229508846523981
0.72343899826353
0.7236031045504712
0.7239167357626006
0.7243199574369643
0.7249844230591217
0.7255047725244002
0.7260853344429111
0.7265902466508039
0.727122311271437
0.7276964221967808
0.7285872219214004
0.7294951328318372
0.7302583446191468
0.7310022640106265
0.7316475851268213
0.7324451318290622
0.7329816154658628
0.7330515426497987
0.7331504152503897
0.7332498607686353
0.7330488201513925
0.7325024368387534
0.7320046637635357
0.731428469673568
0.731131804987601
0.7309986871745516
0.7309481709400336
0.7307487450060904
0.7304092654994457
0.7304730286249264
0.730342231160107
0.7300665076969409
0.7299795132895052
0.7296315981444237
0.7292653963708574
0.728584365182177
0.7281630781395525
0.7278354623936535
0.7273301927001984
0.7269159380897181
0.7264153350665244
0.7260827605888094
0.7256673218009912
0.7253203022474576
0.7248903752562468
0.7242503237741521
0.723921576608799
0.7238189380240114
0.723693488140025
0.7237993269120726
0.7236489555258395
0.723580435775274
0.7232663520274679
0.7229818204077922
0.7226382972267622
0.7226701406711759
0.7228621416204342
0.7225936432551078
0.7223695982425485
0.7221156853315499
0.7219056515923684
0.7217661985047231
0.7217511402748535
0.7219915867996137
0.7219865881230514
0.7220346338410516
0.7222558081058073
0.7223503438990078
0.7224583497498656
0.7226056336048161
0.7228557095737997
0.723268109314257
0.7237643791518452
0.7242040061803322
0.7245243195260705
0.7247606951437586
0.7249595369675537
0.7250921983692725
0.7250138759340604
0.7251486065617102
0.725255371087053
0.7252302984518165
0.7248960513490685
0.7247158943260181
0.724672794851182
0.7245775453294615
0.7244639823162039
0.7244681720131247
0.7245595136421092
0.7246996198528689
0.7247134951157075
0.7244423575042974
0.7240847644722652
0.7238220572512737
0.7236991824441732
0.7236884505492597
0.7237661053800571
0.7238647034422778
0.723926709363954
0.7241501253030417
0.7243226434551464
0.7244309680489099
0.7245379312909143
0.7245897749104955
0.7245405911971853
0.7248253268306747
0.7250705167750502
0.725239962749838
0.7252931793789561
0.7254738327861092
0.7255517852359988
0.7257290708595152
0.725885229191987
0.7260904662047065
0.7261361277641395
0.7262294825534681
0.7264582721242436
0.7268096397721329
0.7269501730123299
0.7269839567154976
0.7270992765065597
0.7271440598471259
0.7272293545225342
0.7273332986102095
0.7276074202383522
0.7278441680050077
0.7280419283827154
0.7282157416733233
0.7283123483699068
0.728357824764779
0.7288047584961788
0.7293167590378278
0.7298756910776927
0.7304355944129024
0.7309926245346948
0.7314985438855794
0.731912771614534
0.7322731380784165
0.7323756558427076
0.7324427248734632
0.7324705431930609
0.7325372437305949
0.732895333605786
0.7332277313737614
0.73346028702401
0.7336706304911926
0.7337741344214902
0.7338708745641421
0.7338606640970554
0.7338402884166076
0.7338241214240099
0.7339953234744795
0.734235545252415
0.7344430556777649
0.7346697977008219
0.7347847303337711
0.7348597422063092
0.7350981658128791
0.7352711138684013
0.7356670870623683
0.736183844878356
0.7366348647850297
0.7371655913855325
0.737621839853746
0.7380145308238724
0.7383242727047515
0.7388639108691133
0.739379988984463
0.7396099720079277
0.7398596093353635
0.7401323179806525
0.7402930795127713
0.7404074517074117
0.7405182601749284
0.7406231983686171
0.7405800167617462
0.7405322001639316
0.740514121476998
0.7404388493025744
0.7402241504175457
0.740108183392265
0.7397616023826482
0.7395107309513489
0.7391451973938908
0.7387901553057036
0.738514310637997
0.7380847936493692
0.7377928338046853
0.7375395886050944
0.7371998128606452
0.7367983696048349
0.7363276442602319
0.7358073125475201
0.735384099361026
0.7350427965328005
0.7351014390280111
0.7351221016895759
0.7350430325408196
0.7350754342782476
0.7349931004368041
0.7350343725900398
0.735232469762157
0.7352843387392352
0.735192580979355
0.7351707490226794
0.7350765255075651
0.7349406283794814
0.7348500411810726
0.734862144556357
0.7350271863706771
0.7352577006133834
0.7354286782472791
0.735733454122558
0.7362758428201729
0.7366123118916842
0.7369067155401405
0.7370706432567725
0.7373895509042468
0.737845020269987
0.7380543784061605
0.7381684229610734
0.7384300929322399
0.738702222736061
0.7389259157307141
0.7391915509515083
0.7394598111906011
0.7397092412957645
0.7398999328072261
0.7401458754863888
0.740293542892635
0.7404530205984478
0.7406196574821241
0.7408583852517967
0.7410916053303434
0.7412243066131169
0.7413440722623517
0.7414741392654961
0.7415956346481835
0.7416474033533943
0.7417411120611238
0.7418989574558285
0.7421458416386855
0.7424265771577815
0.7428486223472106
0.7430762375371555
0.743295458957022
0.7435396141089075
0.7439689087208853
0.7443658266593972
0.7447387711783219
0.745137609851573
0.7453199196766267
0.7455327865734687
0.7457830331739638
0.7459800708385019
0.7461458301749547
0.7461669051476619
0.7461096954405175
0.7460005352235938
0.7458798177144889
0.7458063211604488
0.7458057998072812
0.7457934544110619
0.7458749031985477
0.7460151124030395
0.7460958300463392
0.7460482546945504
0.7458718133711879
0.7455915525238439
0.7453486154140999
0.7451159016149321
0.7448318459948159
0.7446257470115586
0.7445692472212911
0.744477506266487
0.7444391375922741
0.7444753175518697
0.7444757464196156
0.7444527996391476
0.7444665451757471
0.7444936964119051
0.7446043829249478
0.7447058505934446
0.7448460101966577
0.744902475926315
0.7449119331253544
0.7448922086658857
0.7448400070373687
0.7447537357445597
0.7447143456392911
0.7447405926332018
0.7447235162216645
0.7446755872089874
0.7444832998575885
0.7442231517571352
0.7439784309879492
0.7437073226433154
0.7435058836749655
0.7433141348133493
0.7431816380223006
0.7430474559209
0.7429267038058838
0.7427902990872701
0.7427624402442926
0.7426352145924938
0.7423240209928241
0.7419683044295239
0.7416464988537477
0.7413462335790558
0.7409983620663256
0.7406609914694956
0.7402456443432477
0.7398599723067255
0.7394866676333103
0.7391160439823355
0.7386051488718502
0.7382596440076641
0.7378580747341522
0.7375268880797476
0.7371872661988339
0.7368359445625836
0.7365597602416007
0.7363857621185161
0.7361536406439873
0.7358819486477447
0.7356612571651996
0.7355465634241762
0.7355158191039987
0.735435715328168
0.7353386276503139
0.7352420676282393
0.7351472253179394
0.7351164499703982
0.735087545758784
0.7350619046488539
0.7352297721756849
0.7353505174390177
0.7354806300211669
0.7356535821043235
0.7359023622419165
0.7361445667766203
0.7363356406966868
0.7365357947212279
0.7366456298141124
0.7367242942010095
0.7368183788237961
0.7371028396544407
0.7372250353153876
0.7373343869276685
0.7374603705958096
0.7376151420214511
0.7376864465277175
0.7377252387958352
0.7377184402590811
0.7377420435102591
0.7377433854825156
0.7377613849938618
0.7377539162297931
0.7377204873753959
0.737578692247301
0.7375241246125387
0.737505451927516
0.7374954754907639
0.7375196404128893
0.7375555067760723
0.7375987708799041
0.7376673051827033
0.7377425241014317
0.7377662126501829
0.7378095135898713
0.7377614126135016
0.7377113749307811
0.7377084729917602
0.7377867473902346
0.7377977418068713
0.737687499236585
0.7376673094413616
0.7376020154200231
0.7375277994191723
0.7373726005543272
0.7372846261915593
0.7371411408065222
0.737018641455205
0.7369488477990597
0.7368684601838198
0.7369304222394529
0.7370440658923221
0.7371804366223133
0.7373295009245048
0.7374794484032172
0.7375716746955779
0.7377126589984557
0.7379349813819691
0.7382594804245038
0.738564956413555
0.7388752332088405
0.739075244879064
0.7393243584024768
0.739500378918609
0.7395749724623685
0.7395896622091825
0.7396237053409401
0.7397533939851115
0.7398821127334276
0.7400351245495641
0.7402315990505035
0.7403812511030611
0.740584852588374
0.7407183671044988
0.740921076959191
0.7410919183501173
0.7411616857250533
0.7411365642344154
0.7411461181705067
0.7411131452908482
0.7411032713896254
0.7410765304731501
0.741005928635496
0.7408530227751099
0.7407540967799777
0.7406652339435398
0.7406802065553952
0.7407324341153055
0.7407251818239396
0.7406283367449789
0.7405875271800056
0.7405217199388945
0.7405109104771831
0.7404519875323741
0.7404022443833818
0.7403452582034674
0.7402740651133869
0.7401974630714937
0.7402099573813824
0.7402067119331118
0.7401154782800639
0.7400782087617598
0.7401284016321155
0.7401581749439915
0.7401373744800516
0.7400599053332255
0.7399911464708577
0.7399924832465119
0.739900153559911
0.7398471298366153
0.7397512266531948
0.7395941619132362
0.7395325432986609
0.7395062365231816
0.7395390147659162
0.7395719960078262
0.7396804583898265
0.7398681001295867
0.7399868271964749
0.7400761567990748
0.7400849916453431
0.7402419340067692
0.7404293400945942
0.7405862513262826
0.740760030151234
0.7409074812282367
0.7411289296354674
0.7414049818188007
0.7416260637454392
0.741878184634195
0.7421490957243657
0.7423910514596102
0.7427409826636704
0.7430468862609234
0.7434263345936416
0.7437691145973461
0.7439964673439898
0.7441524102124801
0.7443433950770472
0.7445125596136989
0.7446725736076804
0.7448596162926038
0.7450611796242781
0.7452111719398431
0.7454902518169069
0.7457333226093966
0.7459536340250655
0.7462460576568702
0.7464791516022193
0.7466224096438564
0.7468324455346433
0.7470412988424581
0.7472034035070129
0.7473779943741151
0.7475483784266033
0.7477180870420185
0.7478297682914903
0.7479454413902242
0.7481319858264412
0.7483112710687041
0.748497629641094
0.7487194769689284
0.7489441741556513
0.7491864527962435
0.7494798809437208
0.7497105978129104
0.7498254261188845
0.7499248952222286
0.7499770033237865
0.7500361371863634
0.7501455096030049
0.750232697507839
0.7503079581893908
0.7503668462320305
0.750446297281907
0.7504498636653684
0.7504584649915301
0.7504883346184531
0.7504435144210411
0.750349178005138
0.7501952560303893
0.7500188457715266
0.749752369808316
0.7496087514239647
0.749434447465567
0.7492091074313667
0.7489738372207153
0.7487243193408194
0.7484564112807984
0.7482905251862237
0.7481449899018984
0.7480557993297243
0.7479913119033167
0.7478852312204712
0.7477516966282655
0.7476806071656299
0.7475879607835062
0.7474488903134833
0.7472467435250414
0.747136708928037
0.7470607812092126
0.7470284261795302
0.7469488144313537
0.7468333485007904
0.7466711657452577
0.7464590645676665
0.746201871314012
0.745953642856032
0.7457011512515143
0.7455145591876812
0.7453127309765794
0.7450880085094342
0.7449025075758431
0.7446876647787566
0.7445030631524118
0.7442827424184756
0.7441176403175267
0.743962734279585
0.743867800656324
0.7437313964370477
0.7435454555820658
0.7433777764591084
0.7431850328219737
0.7429907211737491
0.7428026309318714
0.7426260761807607
0.7424800114190959
0.7423625605932598
0.742338291289634
0.7423042169444728
0.7422092194186556
0.7420771295007643
0.7420887596118186
0.7421331485733651
0.7422146922478831
0.74230027843247
0.7423465852792678
0.7423916246607297
0.7424103719549097
0.7424875275378887
0.7425274819431831
0.7425780031493852
0.7426778373556648
0.7427875897029171
0.7429191992236212
0.7429898391633493
0.7430180087854592
0.743048078608283
0.7431315044924738
0.7432316046379749
0.7432631775623588
0.7433224393211006
0.7433913261647115
0.7434145182625448
0.743465353922925
0.7434725336721031
0.7434613747505795
0.7433998381508684
0.7433837152286462
0.743421145227767
0.7433957147469654
0.7433759390537928
0.7432702122964367
0.7431257259332894
0.7430525824747467
0.742962082976104
0.742869496571603
0.7428146228301942
0.7427518239642932
0.7426499893965675
0.7426610846489998
0.742757553564169
0.7428501894690813
0.7428739389773503
0.7428992645687833
0.74294356113893
0.7430067570433496
0.7431349729388661
0.7432180695839942
0.7432557236088934
0.7432547173048358
0.7432873656432416
0.7432842909265261
0.7432566767706753
0.743298571200272
0.7432510960559154
0.743182274952526
0.7431266631667661
0.7431745686340655
0.743212911951891
0.7431975693668945
0.74320554186169
0.7432713943628387
0.7434005694141864
0.7434613640890368
0.7434817909028804
0.7435626148675978
0.7435692694348536
0.743569983821007
0.7436443040205074
0.7436609918225475
0.7436721978877288
0.7436882485215212
0.7437228446754365
0.7437526334998444
0.7438121098839169
0.7438304205234972
0.7438339574989666
0.7438613140396791
0.7438800414157184
0.7438820074163225
0.743884860485327
0.7439003346407228
0.7439103622412478
0.7439264113688075
0.7439953918674115
0.7440754481746494
0.7441195772809267
0.744182731375589
0.744212054128357
0.7442670303225154
0.7442836320062696
0.7443433176994109
0.7443666847042018
0.7443591386406508
0.7443812854472645
0.7443640229345249
0.7443824011037208
0.7444287398291924
0.7445222536981273
0.7445163796863045
0.7444873411939227
0.7444357060692505
0.7444273364005431
0.7444319064791202
0.7445245041876144
0.7446271918413895
0.7447506428975111
0.744899899923558
0.7450526574179815
0.745261011989764
0.7453506170003488
0.7454731203547441
0.7455953640316096
0.7457794822558825
0.7458875844073751
0.746007472895401
0.7460965743547427
0.7462255982365662
0.7462901995769022
0.7462959970845241
0.7462708173266688
0.7462838223829238
0.7463170215567521
0.7463565664699872
0.7464035616345577
0.7464992561158639
0.7465894539191205
0.7467897342796128
0.7469756285145392
0.747078108419758
0.7471889155697788
0.7473298465085991
0.7474481010174197
0.7475367341881578
0.7476716156133665
0.7477921723597893
0.7478809833306556
0.7480049347011223
0.7480900818791353
0.7481994392217689
0.7483563871178074
0.7484455027349427
0.7485863807005418
0.7487734730607205
0.7489841158164525
0.7491758981591732
0.7494317405548055
0.7496744409451974
0.7498824354974671
0.7501517843546485
0.7503737360313326
0.7505662691436095
0.7507651424032875
0.7509953677455009
0.7512031092913914
0.7513727697784657
0.7515321856047609
0.7517041198493721
0.751889136614832
0.7521159684134023
0.7522079715608109
0.7522423429137448
0.7523658873968518
0.7525091854712492
0.7526835679520014
0.7528653184711582
0.7530371410481786
0.7531856218153732
0.753395337522495
0.7535968665193895
0.7538604987622464
0.7541066217559972
0.7543844894176104
0.7545864898408933
0.7548253471643479
0.7550372556864168
0.7552268675902816
0.7553791474739976
0.755477107187857
0.7556079175418671
0.7557327275294913
0.7557987503688866
0.7558389560542805
0.7558922402299803
0.7559089244139525
0.7558719545832836
0.7558322403985442
0.7557573994287464
0.7556036488546625
0.7554690098932394
0.7552802347455821
0.7551183351503974
0.7549558204973491
0.754720116080573
0.7545792659675306
0.7544328385713647
0.7543052814663802
0.7541964205122149
0.7540233810002739
0.753830973298545
0.7536191143537307
0.7534372891910891
0.7532589696346103
0.7531184125172371
0.7529936624888232
0.7528851804397306
0.7528490973078336
0.7528329041817536
0.7528240307847235
0.7528097824478578
0.7528030366670865
0.752812631138923
0.7527937618816148
0.7527846997281652
0.752780223774764
0.752784516099367
0.7527141419238453
0.7526193943281088
0.7525014336768494
0.7523638766937255
0.7522424971460967
0.7521231562107515
0.75200121802392
0.7519265602411404
0.751803941667935
0.7516586834829188
0.7515057524178944
0.7514398881838147
0.7513457472532645
0.7512345248340824
0.7510792016388889
0.7509787828455046
0.7509366048425297
0.7508713559302291
0.750884655192488
0.7508925393476743
0.7509205487903935
0.7510395258449033
0.7512016607277004
0.7513449304623335
0.7515028726226142
0.7517003047753067
0.7518895952496623
0.7520811650431567
0.7522380900016653
0.7523499781277415
0.7523485176480318
0.7523298519960403
0.7522886770387134
0.7522991162918026
0.7522628712280474
0.7521695886185572
0.7521281297008031
0.7521316460791616
0.7521077395509705
0.7520995516048311
0.7521422922457707
0.7521990154570902
0.7522401332824881
0.7523050950328991
0.7523723322809108
0.7524759167300993
0.7525774595900858
0.7527076166806442
0.7528058042306921
0.7529685796952094
0.7531044668979601
0.7531749879944112
0.753287597561154
0.7533399225112939
