-0.2343629274274497
-0.16965923004970868
-0.12585306151603373
-0.08741473642427175
-0.08209274279575886
-0.06811480553340363
-0.05246473087165372
-0.02624028131661154
0.01626227732986872
0.02746421652302307
0.05130412537860045
0.07936950362912264
0.09370894198150709
0.10000813746176959
0.11169045222142848
0.13551141855830307
0.1610722982976197
0.1856318553641869
0.20791302727379987
0.2310212876468033
0.25435951531167444
0.27292637804557124
0.2926361135360579
0.3093321271146939
0.3210798680142868
0.33500725788456603
0.34281186849237666
0.3503842835612098
0.36001787426425735
0.3667875497438721
0.37152181899078784
0.37409892267208256
0.3812280257801774
0.38703262105844466
0.39645638864844923
0.4036784092418457
0.41737700462113814
0.42986683524387853
0.4394232880347554
0.44836493313645354
0.4580804020268569
0.46897462359891706
0.47957436596084735
0.4893727631399585
0.4982465093040185
0.5084849240821967
0.5181192335209046
0.5282921913294568
0.5388946955321459
0.549350895475207
0.5586050549197894
0.5673130538992437
0.5759273539635965
0.5829613980113751
0.5907730311000908
0.5976212596463988
0.6068344911789142
0.6146880451897095
0.6222830458138612
0.6292911364778303
0.6358765447194336
0.6435843769443436
0.6506128071320675
0.657279260828844
0.6642900239020438
0.6700516337812897
0.6769141934431506
0.6828182714989122
0.687801892686121
0.6926266216221402
0.6974024427064731
0.70198144600449
0.7061627056691521
0.710290716938553
0.7152250555671699
0.7202772245887065
0.7242519406620529
0.7275898972063555
0.7295771707852994
0.7311755851987354
0.7329237457140928
0.7346075009857598
0.7361458843108392
0.7374679146433525
0.7381435058229028
0.7390686523982366
0.7396730543371235
0.7408417907318552
0.7423417262794763
0.7440019297348914
0.7455144264358065
0.7461042022582939
0.7470158342050799
0.7476609418110848
0.7481943039752091
0.7486980771094519
0.7490776364841365
0.7497514432292777
0.7512823936129356
0.7528410826997421
0.7541795346933247
0.7556434342051501
0.7566975019061092
0.7576366508844691
0.7583467783402454
0.7585485606195437
0.7590369878766745
0.7598463756138463
0.7603498523742594
0.7611477541870572
0.7619636962238967
0.7627589934057246
0.7635522165157017
0.7646509303875386
0.7651301056646301
0.7653790677295538
0.7660843642972116
0.7669252687027772
0.767491747839923
0.7680306240906204
0.7684217773934114
0.7692012416565592
0.7699509996953476
0.7711303282081783
0.7722221286233161
0.7731349553857177
0.7743357218768621
0.7757671581483141
0.7767231324944348
0.778298498689537
0.7797548509223583
0.7808874956696658
0.7821632689899335
0.7834535903029735
0.785032498201166
0.7867590869669556
0.7883826154475009
0.7897735194466617
0.790936905521795
0.7922396712324429
0.7935108078783102
0.7946257933955312
0.7957412575799077
0.796925760448028
0.798106785475211
0.7993599374120648
0.8010788749196882
0.8024710291127534
0.8038159521210755
0.8051436454603947
0.8064559310146227
0.8077715769193452
0.8088398675897984
0.809601621149059
0.8104223924318511
0.8112830262569216
0.8126260933638056
0.8136237597317086
0.8145454913597774
0.8156405430413054
0.8166726638287416
0.8177865724645547
0.8186699522213566
0.8196374768543183
0.8204448668573593
0.820979437861404
0.8215806778644253
0.8221225228572441
0.8225210168671638
0.8230102029651579
0.8236068007439906
0.8243351234138957
0.8247797233241035
0.8253741220959391
0.8259586729084017
0.8265797285593229
0.8273041305453107
0.8280375024831202
0.8288242346282199
0.829551265296582
0.8300453524266334
0.830477109346224
0.8307103836230612
0.8307897866422687
0.8307532575562296
0.8304558399690035
0.8301752413314175
0.8298932971254213
0.8296800407110877
0.829524244127842
0.8293879179866709
0.8294925634968886
0.8294897372753359
0.8297782353107342
0.8301001941564924
0.830191010690353
0.8302477960952959
0.8301932034353292
0.8299580750309761
0.8296855005707091
0.8294917698243129
0.8293402662510072
0.8290491844146044
0.8288220131638144
0.8285160726880901
0.828307114908714
0.8281844154418923
0.8280864544111659
0.8280407969716816
0.8280334308138544
0.8281107123893011
0.8282870689753605
0.8284434407356228
0.8284772747059264
0.8283833328533038
0.8284307930825485
0.8284594376617825
0.8284859803660314
0.8285160721654632
0.8286937780740056
0.8289495943608456
0.82898072095511
0.8291626696932636
0.829330145084812
0.8294359361522448
0.8296077696970783
0.8298912548013803
0.8302753460711956
0.8305092963666735
0.8306548346423933
0.8309880316948012
0.8312130173649908
0.8314463774384615
0.8317696820102221
0.8320488949807126
0.8324557854921526
0.8328059772712435
0.8331297537962287
0.833499222276486
0.8339526399561364
0.8344320321013294
0.8346109230006096
0.8347781653204376
0.8349910903124679
0.83521930747022
0.8355904141061867
0.8358587590647452
0.8361368530500806
0.836474582047092
0.836444569420635
0.8364331848446447
0.8365534335062482
0.8366451927397399
0.8368814957733995
0.8369932008191836
0.8369058735375787
0.8368365666318823
0.8367191471207971
0.8368108477225528
0.836938937689446
0.8369426519294961
0.8370608967303615
0.8370339767079976
0.837193407120159
0.837199623566906
0.8370952315194526
0.8369097895704014
0.836589749115593
0.8364063014739074
0.8364318731550889
0.8365202447272122
0.8366216797492714
0.836666778641607
0.8367784792448139
0.8369053766322512
0.837042837652785
0.8372332649507506
0.8373039336979463
0.8374109600269628
0.837502929631853
0.8377199947643197
0.8380366542466678
0.8380984340113606
0.8381772963822238
0.838251527328818
0.8383544831703652
0.8383887673922391
0.8383928810709278
0.8385760279840226
0.8387802109816966
0.8389836895173908
0.839230452978213
0.8395005301158418
0.8396696652517759
0.8399060965044329
0.8403292496290117
0.840740415365959
0.8411441591105464
0.8414340854405329
0.8417060189607003
0.8420190255530274
0.842313897509824
0.8424883589353815
0.8425202030716565
0.8426443952808659
0.8427899016970017
0.8428705132911171
0.8429797846135694
0.8429988988600521
0.8432432186528526
0.8434765721365111
0.843546432919475
0.8437239449125057
0.8437230036583973
0.843807466538336
0.8438982195477251
0.8439774345252733
0.8440893194371416
0.8442047622510984
0.8442436899212329
0.8443519513739669
0.844378523825102
0.8444136962859675
0.8445621331793242
0.8447548016809668
0.8448761167414776
0.8450594928554945
0.8452248812879688
0.8454549488817142
0.8456550883091799
0.8458382990300642
0.8460758620806881
0.8461858065082674
0.8462525479487867
0.8464090861563371
0.8464491534668167
0.846509384954514
0.8465245054053996
0.8465635788955019
0.8465677197078229
0.846568959876252
0.8465021601007597
0.8464085077924856
0.8462831520064972
0.8462062377644105
0.8459259360996036
0.8457311721502281
0.8454514862402315
0.845298763706458
0.8451124697618867
0.8448586503292657
0.8447008285148986
0.8444117723425896
0.8441405923306273
0.8438541463330661
0.8434529026960668
0.8430390517186729
0.8427819531695449
0.8425158153026239
0.8423649148235431
0.8421217772743299
0.8418147314876857
0.8415671787565012
0.8412316442461929
0.84094090678639
0.8407718190912632
0.8406100069382606
0.8403202608011179
0.8400516126094315
0.8397466980017865
0.8394014383200136
0.8391963665733821
0.8390147854825947
0.8389528070149426
0.8389524765661702
0.8389801427846091
0.8391132286892035
0.8393929520444191
0.839524117755043
0.8396232473136925
0.8397489417808196
0.8398537326031771
0.8399694926437227
0.8400053895454699
0.8400708909392256
0.8402571001931425
0.8403484031720175
0.8404640548892339
0.8406494923172184
0.8408720463756227
0.8411409223340425
0.8414147583597837
0.8416222307803636
0.8417816500037726
0.841974586757347
0.8422890763775698
0.8425353937278571
0.842810327444965
0.8430467800082643
0.8432728568723005
0.8435376846835873
0.8438178595183088
0.8440741235930949
0.8443575456597348
0.8446963009907466
0.8449671336092838
0.8452345726552828
0.8455932216545209
0.8458273962203828
0.8460792660361913
0.8464062146130915
0.8467609095974526
0.8471206158738023
0.8475231488956725
0.8479917806483187
0.8482951194617765
0.8485993529020389
0.8489147759116612
0.8492078711390386
0.8495883383033708
0.8499441965720342
0.850279567590176
0.8505188652535137
0.8507179390644538
0.8509537685560866
0.8511097934813411
0.8512552538443383
0.8514204552921623
0.851605047424598
0.851854928779418
0.8520443256806918
0.8521220088830128
0.8521461959142969
0.8522820256780009
0.8523683035313768
0.85244284590073
0.8526001450736278
0.8527670622846406
0.8528448477150926
0.8529200730320446
0.8529999816460486
0.8531028822644013
0.8531065218752428
0.853160515882512
0.8532376799236941
0.8533800233842085
0.8534761423881151
0.8535878086572981
0.8535954813156785
0.8535370675171529
0.8535056559051084
0.8535133446013785
0.8534434412971391
0.8533287547542086
0.8532370464286421
0.85315784531485
0.8531090482725158
0.8529616314137535
0.8527460621080459
0.8525675775591055
0.8523779874556846
0.8522368122697291
0.8521186267347901
0.8520900533454241
0.8520708816332525
0.8520589298824279
0.8520474215297683
0.8520136872788379
0.8519588203618094
0.8519071594986574
0.8519060591947826
0.8519426696844633
0.851979627192324
0.8520229779549648
0.8520327141034634
0.851993738150266
0.8519051423001507
0.8518244266567659
0.8516388148934957
0.8513626222430575
0.8511964864485692
0.8510643334965856
0.85097902987585
0.8509053172415331
0.8508957476602201
0.8509428000493253
0.8510619454144528
0.8510899670948577
0.8511408764510712
0.8511203630819955
0.8511158276023351
0.8511685025419837
0.8511452877379864
0.8510892594413912
0.8510253800916286
0.8509660060146673
0.8509876943829375
0.8510644500512285
0.8511080023120514
0.851229594263913
0.8513575436739358
0.8514796887569768
0.8516381915759744
0.8517908104555315
0.85192804391011
0.8520709665653895
0.8522614075875495
0.8524146858120922
0.8525124818151559
0.852633280171277
0.8527747786455966
0.8528687985054934
0.8529801692262742
0.8530978707710507
0.8533100998217592
0.8534510620173198
0.8535208575107945
0.853549460990784
0.8535606784648138
0.8535121945628004
0.8535849324952244
0.8535397718164102
0.8534543291114157
0.8532922093671648
0.853230865798749
0.8531426335248539
0.8531069429818992
0.8530307776358608
0.8529385465324829
0.8528975974183992
0.852898271947731
0.852919437082676
0.8528636178144481
0.8528794214855332
0.852922428042759
0.8529894607235123
0.8530131259904687
0.8530959465226874
0.8531954292888072
0.8532666322366959
0.8533559904123973
0.8534024676053044
0.8533991797073431
0.8533844474662029
0.853408547806828
0.8533762641555992
0.8533856222333255
0.8533941799208091
0.8533658226924269
0.853262962525005
0.8530965573941207
0.852937855049092
0.8528683336256264
0.8527951053345962
0.8527209803183882
0.8526360781294854
0.8525818082118028
0.8526445629556874
0.852686602388055
0.8526846273594709
0.8526877700142835
0.8527100312542822
0.8527723810571707
0.8527313604983975
0.8526776916379958
0.8526779795371752
0.8527135318003294
0.8527798576757221
0.8528427594769958
0.8528917202667485
0.8529999267897973
0.853144369108444
0.8532090556904245
0.8532700293849221
0.8532909237707959
0.8532738701500282
0.8531569002077227
0.8531639011117895
0.853194157580747
0.8531816515431434
0.8531914406172043
0.853187877318214
0.853243136306763
0.853294179613137
0.8533648085471068
0.8534252126045392
0.853516382870653
0.8535554485861317
0.8535594540689462
0.8535954801447032
0.8536234332054733
0.8536683279473454
0.853683542742062
0.8536541430033896
0.853715516714993
0.8537399128471092
0.8537097929420681
0.853702258524089
0.8536144377365031
0.8535223001283018
0.8534509545854073
0.8534119908475926
0.8534050080136478
0.8533645619584472
0.8533459106297459
0.8533194793193419
0.8532951203832859
0.8532452555011177
0.8532358844942572
0.8531341843061406
0.853032539914731
0.8529641366937135
0.8528578637130607
0.8527514697944766
0.8526857075929075
0.8526612909409205
0.8526690078247938
0.8526159601804094
0.8525522975024104
0.8524081881580989
0.8522682528189218
0.8521224817013369
0.8520228498216392
0.8519484558844317
0.8518854478621727
0.8519089412726342
0.8519453263662252
0.8519873181815983
0.852053753072152
0.8521430514260837
0.8521872770190609
0.8522087726303206
0.8521746162515424
0.8521877209364135
0.8522531016247099
0.8522772502830065
0.8522471676891376
0.852233620278291
0.8522962993780273
0.8522827707746238
0.8522532793985765
0.8522021470080215
0.8521013759052887
0.8520509608436032
0.8519619545924522
0.851861265759038
0.8518565628317682
0.8518026524118616
0.8517351061091224
0.8516675496327781
0.8515569380609879
0.851521996874197
0.8514751231112851
0.8514436634399876
0.8514404819442934
0.8514003270913145
0.8513897048708566
0.8514360742976056
0.85148850614247
0.8515380133131394
0.8515713253220563
0.8515584246525454
0.8515554907347798
0.8515809269970968
0.8515882470565509
0.8515611545488365
0.8515118388183724
0.8514800688935594
0.8514600653609925
0.8514371944897088
0.8514275115859966
0.851428761649096
0.8514749746192424
0.8514991185058494
0.8514536171261995
0.8514211482012416
0.8513667127794612
0.8512982098477984
0.8512433877995359
0.8511865369872421
0.8511470846460897
0.8510146682948156
0.8509417268888201
0.8508498090475002
0.850701200323234
0.8505481351325379
0.8504758506299787
0.8503789462510186
0.8502731187908931
0.8501847051275248
0.8501422475339877
0.8501436064799964
0.8501347951068503
0.8501097303444288
0.8500852701836453
0.8500554119676713
0.8499961717804592
0.8498573145795725
0.8497719515005098
0.8496751734016107
0.8495704570761436
0.8494759282234694
0.8493436025083613
0.8491822977512228
0.8490039499172065
0.8488943912296217
0.8487787018368971
0.8486250938872683
0.8484448070129414
0.8482508941767226
0.8480416363348362
0.8478538578781589
0.8476719237581015
0.8475494978554003
0.847352794256744
0.8471740058156427
0.8469866838508966
0.8467663158482139
0.8465603376703201
0.8464360939345118
0.8463043077131017
0.8461774298011477
0.8459958929887119
0.8457694528288684
0.8455811657655876
0.8454050903721338
0.8452498117620258
0.8451362983934801
0.8450456956046096
0.844941392575173
0.844817910193721
0.8447427435049123
0.8446924088111301
0.8446748082880976
0.8447237626079829
0.844690222210427
0.8446148960238794
0.8445188083745858
0.8444741386516346
0.8443634689387589
0.8442264022340069
0.8441527961805604
0.8440468926280752
0.843998430176329
0.8439033120374548
0.8438519130677162
0.8437998654452527
0.8437437391093093
0.843637079601851
0.8435210254374177
0.8434233759505279
0.8433390829843389
0.8431873631968939
0.8430790193857092
0.842968803135514
0.842819242730816
0.8426989447038156
0.8426287316730171
0.8425583364150568
0.8424973117545362
0.8424247701073709
0.8423132770229839
0.8421909597020732
0.8421106396034076
0.8420308450211945
0.8418905350181745
0.8417572543511066
0.8416280722377265
0.84145769793738
0.8413896849898137
0.8413173028849968
0.8412510166342997
0.8412179983658084
0.8412231385485774
0.8412433961792153
0.8412508803610543
0.8411907988491031
0.8411205055147836
0.84105678876702
0.8409818259862257
0.840881014622639
0.8407748742654669
0.8406737254597425
0.8406305303242525
0.8405946316563142
0.8405777144399171
0.8405238625395014
0.8404851339524512
0.8404726178889749
0.8404457220762941
0.8404554205844732
0.8404626611545135
0.8404666572873223
0.8404892489854456
0.8404859928640299
0.8404667417329675
0.8404091559032234
0.8403701440235322
0.8403197165937398
0.8402777466237404
0.8402569587975365
0.840245344486196
0.8402117448607931
0.8401531844195966
0.8400891523875771
0.8399969864688261
0.8399122607740355
0.8398330674900142
0.8397513767188739
0.8396384794492767
0.8395454520307819
0.8395016713817626
0.839504258653408
0.8394898959899904
0.8394327551481491
0.8393700675908677
0.8392920628814012
0.8392633962519087
0.839251258915829
0.8392667409470029
0.8392754446316939
0.8392637704592641
0.8392737130361726
0.8392550655596406
0.8392783245107521
0.8392863266508104
0.8393448793449771
0.8393887623703191
0.8393896443955596
0.839392902637815
0.839383131643922
0.8393507477347173
0.8392792017874715
0.8391965071742784
0.8391506957891647
0.8390929145808989
0.8390486379363038
0.8389761546848291
0.8388897954237213
0.8387866041275467
0.8386290708298063
0.838517636166765
0.8384166256338875
0.83836298089937
0.8382959501681191
0.8382262275489765
0.8381294064257876
0.8380631816062681
0.8379944604163267
0.8379248244572947
0.8378250551263818
0.8377043056835576
0.8376429352466201
0.8375846441623169
0.8375659047425037
0.8375516832947622
0.83755067436919
0.8375670699159594
0.8375436893261928
0.837507576081769
0.837510492125434
0.8374931373834508
0.8374612155816505
0.8374062060104859
0.8373734474596005
0.8373560876425946
0.8373291780060932
0.8372862791258938
0.837225768543232
0.8371940214713463
0.8372070299799238
0.8372382413405961
0.8372968967097089
0.8374187479913632
0.8375200498585009
0.8376072836733217
0.8377182283072665
0.8378052656573489
0.837897549008592
0.8380440542433791
0.838164644891625
0.838306664374892
0.8384659282498355
0.8385621792758682
0.8386409014085079
0.8386523939170257
0.838677663677182
0.8387326461050555
0.8387375890171557
0.8387631742080152
0.8388163150528277
0.8387669885324831
0.8387246258601647
0.8386775461202252
0.8386542313754913
0.838654948729575
0.8386340230868157
0.838607119522943
0.8385740736555658
0.8385295692683232
0.8385126045554578
0.838484328059218
0.8384607739572241
0.8384337826757718
0.8384400601510359
0.8384591700003494
0.8385000083881283
0.838551603574459
0.8385284569977682
0.8385265701942378
0.8384943065498166
0.8384402766160746
0.8383892588815163
0.8383403562715367
0.8382958862620601
0.8382295198205928
0.8381752958936972
0.8381296165937228
0.8380484392441339
0.8379679691732603
0.8378949856876486
0.8378549364616129
0.8378245716452328
0.8377706929126404
0.8377517499632992
0.8377048619225761
0.8376812576572806
0.8376132701640524
0.8375103046586042
0.8374142937501338
0.8372836971252734
0.837158860023751
0.8370460617601531
0.8369136548843482
0.836779278940653
0.8366989906619693
0.8365935809699024
0.836525954445896
0.8364746270576503
0.836432912656147
0.8363969956398757
0.8363503207096441
0.836334108579805
0.8363390653295744
0.8363350033958813
0.8363145928509093
0.8363301379554686
0.8363832430769442
0.8364285883184841
0.8364799859829876
0.8365635689560229
0.8366195706780429
0.8366272657356967
0.8366388382706572
0.8366108679651582
0.8366047277982483
0.8365665216432403
0.836573635935189
0.8365675514844106
0.8365261031382432
0.83647220902967
0.8364333774961562
0.8364208128310823
0.8363906097369441
0.8363813212350145
0.8363663636233512
0.8363508152804803
0.836423542699109
0.8365404338929244
0.8366531309409878
0.8367751400423656
0.8368638067282584
0.8369776481708939
0.8370976521979869
0.8371938048857736
0.8372600966148295
0.8372858888016748
0.8373019786923052
0.8372797269032505
0.8372590574927006
0.837248935667182
0.8371847566233839
0.8371287811854186
0.8370751124450091
0.8370097472805511
0.8369893041674821
0.8369909073104007
0.8369765210540727
0.8369520840449699
0.8369745013576662
0.8369772628597199
0.8370318047539337
0.8371038331645408
0.8371637347261471
0.8372055279823996
0.8372663654254356
0.837316677366127
0.837346441228153
0.8373505863692021
0.837296803651323
