0.3084896326652904
0.36775048226288554
0.412780908048754
0.4424912118964529
0.4554484147110938
0.473421310577162
0.48935876353591157
0.4965881579494855
0.516182351303366
0.5223124361449835
0.5229460237830232
0.5318864943406653
0.5316439168312869
0.5248395137005801
0.5235925703028723
0.5326409821985537
0.542888159271652
0.5515767512541332
0.5620644761897402
0.5726533939912192
0.5824200848662008
0.5877445852312101
0.5918032094634122
0.5942478738532008
0.5965286038002069
0.5992815748423194
0.6005130638362183
0.6015765270317917
0.6057670421710575
0.608500143791398
0.6085090979565884
0.6063260051715316
0.606304792036717
0.6051637914686818
0.6060342775790227
0.6066503048396331
0.6105822575772556
0.6150873541681429
0.6190738592181149
0.6239178089189458
0.6284728270491691
0.6334266055529373
0.6374254257621874
0.6406409354859323
0.6433798301647691
0.6460068098633492
0.6483955949468291
0.6529265888526793
0.6566968575258415
0.6604714835376254
0.6626381505904554
0.6640474320404913
0.6653984760050127
0.6653972706637734
0.6656254902063751
0.666244131100104
0.6686900085464733
0.6697110233745853
0.671041415613293
0.6723976435792365
0.673457100313078
0.6752634394609534
0.6770723669599786
0.6787253701794034
0.6796205189106617
0.6804046625039973
0.6823388091517442
0.6829315564941412
0.6836062730624309
0.6846078811555614
0.6854672115582002
0.6860309576844192
0.6862783291513866
0.6861658328554051
0.6863186859060694
0.6875306500947946
0.6880146186142851
0.687955691139373
0.6866714519106043
0.6848326344647206
0.6832904402790088
0.6825094774953695
0.6823944215364413
0.6820398298727357
0.6805738976921735
0.6789771525243262
0.6769283249486763
0.6750974716070761
0.6735537981151777
0.6724987107648777
0.672100722671542
0.6708591099155488
0.6699142442716697
0.6692693751414975
0.668459734838189
0.6674676787771442
0.6675273798977477
0.6679008852583537
0.66848390714656
0.6687503865463954
0.6696534853587017
0.6712264232093823
0.6721245109892469
0.6724652609390968
0.6719309119623765
0.6710011101495869
0.6708292044860756
0.6709238287640921
0.6709428944425747
0.6713463761319978
0.6719191700412802
0.6724041857285196
0.6727557624854984
0.6731523238209695
0.6730436861830896
0.6725000338563535
0.6725299320918234
0.6729523531653069
0.672874574665408
0.6725909331009301
0.6721554257467971
0.6713317807084881
0.6709224130539851
0.6710185057478397
0.6710446377983439
0.6711190162607278
0.6720066240453302
0.6725859249464068
0.6731551791873265
0.6742234424816207
0.6758169877306461
0.676726521512933
0.6776964697044698
0.6791347820326601
0.6808819090463072
0.6828497849200815
0.6842752573884371
0.6854195144617641
0.6865726947964499
0.6877850539236336
0.6894263095071439
0.691084181594204
0.6925502065186246
0.6943355323680397
0.696311267517774
0.6983125952174757
0.70053197826158
0.7023346067773589
0.7042288063842093
0.7060269754831201
0.7075789582351086
0.7086961380149835
0.7096133942139013
0.7103197946006792
0.710975863830337
0.7114059885586186
0.7123821400290921
0.7130630064389449
0.7134763033758026
0.7143406492853946
0.7150791507852698
0.7158893613013871
0.7167272501353695
0.717766903357277
0.7182635994786645
0.7186498705428274
0.7189256081568629
0.7194353708307282
0.7199541110513905
0.7205032000835628
0.7209002676151995
0.7211983756285957
0.7214840967046148
0.7218408603846787
0.722246712965935
0.7227238631466061
0.7233318143058636
0.7240905503059623
0.7245873704770645
0.7252586029389398
0.7257964592624047
0.7262160310303247
0.726470033550985
0.7265689461682399
0.7263667870301976
0.725780890069323
0.7253151432403898
0.7249920752436549
0.7248166640295484
0.7248392050863408
0.7247458551342479
0.7249033070308741
0.7248978899590288
0.7250860038991884
0.7253965999207508
0.7257587218941094
0.7261013501731831
0.7261861820932731
0.7261073123952716
0.7259801008739809
0.7258766063780602
0.7258414280334776
0.7257550856136961
0.7257800025758887
0.7257563760474322
0.7256327290124042
0.7253604667283536
0.7252175387606787
0.7250979951939741
0.7249182692873156
0.7248060400576077
0.7247134809592867
0.7247342849923649
0.7247166292193855
0.7246014416074605
0.7244572375501541
0.724213993123922
0.7240008849572274
0.7239223072526872
0.7239660673859706
0.724213683426308
0.7242730499213128
0.7245187987773494
0.7245303999653215
0.7244294586703083
0.7244030155490506
0.7243899162122501
0.7246053631255567
0.7247241466889335
0.7248918950689743
0.7253590079450501
0.7256683334362523
0.7259946097056837
0.7263442493507551
0.7266089953147602
0.7269834562677859
0.7273981226312191
0.7279251004764945
0.7282865961345684
0.7287252502338117
0.7293745267707629
0.7299129720327527
0.7303336093347295
0.7307529399718211
0.7311528767106568
0.7315776809082497
0.731798335209147
0.7320776569373258
0.7324970795417012
0.7327266236160892
0.7329251325069138
0.7332729435651536
0.7337098175568961
0.7343691634416886
0.7350684047842648
0.7355053780017891
0.735741887059293
0.7359080782367022
0.7362588254611339
0.7366133108432615
0.737051590389303
0.7374744126363596
0.7376751206843163
0.7380614917722398
0.7381924198276135
0.7383167214101276
0.7384790814623183
0.7383981472021631
0.7382187650506735
0.7383307466720637
0.7383578021859544
0.7384347298098215
0.7384732724292553
0.7385513695829901
0.7386002240283015
0.7387789974667966
0.7389366424261365
0.7390664664648595
0.7391148876390301
0.7392012936973453
0.7394134444099731
0.7395706142658081
0.7394564200035916
0.7391916087654141
0.7390729864931463
0.7389744629153484
0.7388925597988467
0.7388061480596883
0.7388844762329624
0.7389988505954347
0.7391050507728402
0.7390992030431823
0.7391277161797338
0.7389049147852145
0.7391399735122774
0.7394588004947751
0.7397461844724744
0.73995181165395
0.740178040286606
0.7403342912803723
0.7403683804916167
0.7403529143698989
0.7401484299519207
0.7398596654821565
0.7395528590208301
0.7393567695182335
0.7394220641503831
0.7393816921950173
0.7392689365610225
0.7393286705011125
0.7393871273972064
0.7392228615698133
0.7390457360758902
0.7387192958240171
0.7384501578015062
0.7383027693661084
0.7381914859573072
0.7380283405618431
0.737859691823937
0.7376206895805557
0.7374045633334178
0.7372103686799909
0.7370508085565426
0.7371677468641635
0.7373830092565385
0.7376512615284694
0.7379549490734487
0.7380632245549273
0.7381389477024988
0.7381850777478929
0.7384505590212023
0.7387235691949546
0.7387935940895958
0.7388681935663155
0.7390016072173172
0.7390650045432114
0.7391039350062115
0.7391552878800445
0.7392985103514753
0.739345829840365
0.7393208028696827
0.7392200188806203
0.7390561561456189
0.7387136400326867
0.7384923684859924
0.7379836007353116
0.7375545018225949
0.7370438705259553
0.7365539328684844
0.7361006944813995
0.7354199097477802
0.7349394517654535
0.734374147273196
0.7336995926913045
0.7330507928028592
0.7324057800884146
0.7317696593756278
0.7312112768285345
0.7308707866090723
0.7308056348247383
0.7306275796471043
0.7304337293351023
0.7303261350742094
0.730128637407523
0.7299139777024414
0.7297821597064903
0.7296017442838145
0.7294083215912278
0.7292641963292966
0.7291702839964368
0.7291473669814166
0.7292308864622037
0.7291817671689899
0.7293404914892289
0.7295013944432848
0.7297336136867247
0.7301467571364371
0.7307603281724223
0.7311562539165054
0.7314010101270477
0.7316184023409338
0.731924635067899
0.7323495443801944
0.7325971320478538
0.732826449366299
0.7331761000493479
0.7334958206786095
0.7338313557145582
0.7342901173271738
0.7347174356178104
0.7351971786181772
0.7355642506134972
0.7359517178800655
0.7362752525984647
0.7366494337528874
0.7369963141026803
0.7373337350203205
0.737708616556158
0.738086580627292
0.7384297223754567
0.7387365051394587
0.7390723959758536
0.7392893843124803
0.7395092965165231
0.7397374719496579
0.7399930751639064
0.7402544124120596
0.7406128444599032
0.7408003511800262
0.7410209800058313
0.7412048458457356
0.7415944501316464
0.7419420623932113
0.7421948122657495
0.7425455460592086
0.7427267128531235
0.742866678537514
0.7430069753580631
0.743191539945421
0.7433513021712047
0.7434310680423707
0.7434314611253724
0.7433352260058799
0.7432752989632331
0.7433182344509202
0.7434622243355776
0.7435827950840881
0.7437360816474168
0.7438736399133857
0.7440731872824398
0.7442525098529145
0.7443272230874902
0.744341877737732
0.7444371924818223
0.7445219851316055
0.7445668449684755
0.7446296406143772
0.7448120109328051
0.744811234547331
0.7448254724571112
0.7449198902599599
0.7449657846289442
0.7448795947999417
0.7447592781304073
0.7446883483824992
0.7447247710793216
0.7447127536430147
0.7446994701237357
0.7446433143491726
0.7445681337122501
0.7444315727386009
0.7442664262320509
0.7440412430626598
0.7438750372603185
0.7437469172968284
0.7436629792885406
0.743541486949773
0.7432800580109676
0.7430147598756597
0.742804726418471
0.7427373118082268
0.7427156731726002
0.7426982183480674
0.7427239631221839
0.7427257055083292
0.7426938337805851
0.7426922549271828
0.7426421428811237
0.7425724428887838
0.7423826956067408
0.7422117167695542
0.7420395511893656
0.7418802690434908
0.7417400724324593
0.741625724570758
0.7414074694305679
0.7411678457544363
0.7409133358204026
0.740610732764934
0.7401907769204696
0.7399055990503863
0.7396077426303674
0.7393916598871012
0.739250699990698
0.7391181290017629
0.7390464668057906
0.7391324215889901
0.7391890269876029
0.7393127293732306
0.7394031668705748
0.7394464112948428
0.7395175385120205
0.7394797650785212
0.7394430268385938
0.7393634600943849
0.7393773974321786
0.7394745532174717
0.7395717046913207
0.7396676604654097
0.7397934798253233
0.739837461319384
0.7399312104759767
0.7401267196946435
0.7402988398908141
0.7404032258488206
0.7405435219205881
0.7407627276230058
0.7409611935122564
0.7411782794488273
0.7414999730573952
0.7419807875449149
0.7423825902334448
0.742688522672339
0.7429684963635058
0.7432823142542911
0.7434494272876184
0.7435934773907241
0.7436659662755679
0.7436867916319986
0.7436586982194496
0.7436716477560189
0.7436547406814429
0.7436107067872036
0.7434787207307108
0.7434216204094459
0.7433685073888106
0.7433881464234898
0.7434049957131084
0.7433935777455888
0.7434172144278857
0.743547899211691
0.7437066087549046
0.743840939347473
0.7440841634814874
0.744282270832184
0.7444681059324875
0.7446554186220345
0.7448320081491295
0.7450109364212577
0.7451268096629352
0.7452514043836512
0.7453957361822493
0.7454649271063336
0.7455266389253936
0.7455879654498441
0.7455483887453287
0.7454742332483889
0.7454747902658131
0.7455272392530592
0.7455810379855696
0.7457194772238307
0.7459025943677156
0.7460985048887
0.7462978074424966
0.746420587121219
0.7465549604674282
0.7467023554274832
0.7470563000947549
0.7473844213492268
0.7477136977332733
0.7479291611858222
0.7481419144609798
0.7483169115287437
0.7484265921067483
0.7485695645415529
0.7487301194564306
0.7489439338370448
0.749152858599109
0.7494213387443069
0.7496795917762565
0.7498938011998271
0.7501368852834035
0.75032027553727
0.7505562396638112
0.750811673478459
0.7510577721596423
0.7512121111761706
0.7514057864560072
0.7516173265885154
0.7518125374817494
0.7519546535700836
0.7520716299452341
0.7521748092846487
0.7523247342299695
0.7524541972167759
0.7526669471027008
0.7528859667316251
0.7530871248606805
0.75326223410534
0.7534327312969896
0.7535889970662073
0.7538361600538206
0.7540771489335062
0.75425632964616
0.7544988514813242
0.7546553814676876
0.7548015084789844
0.754927620542111
0.7551375912378911
0.755308341996203
0.7554956753590409
0.7557338318020709
0.7559506022826351
0.7561396475724437
0.7563427499957742
0.7564923622350019
0.7566946571702866
0.7567279395610723
0.7567185096942265
0.7566419924506665
0.756562779676819
0.7565331478115769
0.7564817369751357
0.7564656995713802
0.7564690521364182
0.756481241837636
0.7565098674879587
0.7564720573698227
0.7564645796144092
0.7564059827251094
0.7564800923925497
0.7566727210639222
0.756832557404396
0.7570348410069291
0.7572089742448999
0.75744201813614
0.7576821074566232
0.7579467417511584
0.7582385342701831
0.758552037762592
0.7589087522588512
0.7593236281748521
0.7597011015770772
0.7600904744773656
0.7604585162978451
0.7607753048997944
0.7610983388530963
0.7613893756680294
0.7617166782319228
0.762010129406838
0.7622848173709368
0.7625433655665708
0.7627814170828324
0.7631231260815174
0.763395977866405
0.7636374552865042
0.7639866685186951
0.7642997689803928
0.7645089828910515
0.7647795741752551
0.7650304114308475
0.7653118037376632
0.7655224835057135
0.7657170805347743
0.7659342941627373
0.7660392365448349
0.7660443749662597
0.7660978988928224
0.7660836043700002
0.7660687724296315
0.7661385167366545
0.7661818556480408
0.7662972783647404
0.7664244913713794
0.7665401032691695
0.7666300013319388
0.7666494634504794
0.7666904712017025
0.7667758452031459
0.7668855753100241
0.7669869870116806
0.7671143434005463
0.7673490202573281
0.7675659279464385
0.767671275882174
0.7678479106666204
0.7679669116828366
0.768082765734204
0.7680919560096012
0.7680944066165338
0.768080616572842
0.7680211027338687
0.7680326463598093
0.7679807877500094
0.7678842173696069
0.7677784582615768
0.7676924285008105
0.7676287560143381
0.7675704719005394
0.7675020025358434
0.7674521043827081
0.7674456458151134
0.7674486734996699
0.7673648950481956
0.7672821552179843
0.7671936136874634
0.7670914810541273
0.7669433127593757
0.7668424041117468
0.7667277336554257
0.7666307940439984
0.7665304556418717
0.766342176698047
0.7661502562191808
0.7659742462905937
0.7657949272637052
0.7656703162678187
0.7654859369090211
0.7653288942550717
0.76517244376074
0.7649686929745075
0.764747541922556
0.7645276242122436
0.7643700280481149
0.7641768761313842
0.7640692696268788
0.763952947830277
0.7638032606496707
0.7636668964757888
0.7635293857656513
0.7634155944649427
0.7632713606811784
0.7630968451070225
0.762964160807428
0.7628942951402004
0.762906253920956
0.7629419899621314
0.76309938220179
0.7632865322991185
0.7634146759038336
0.7635730769449103
0.7637485963389491
0.7639120073085146
0.764069083315184
0.7643169465612545
0.7645088423265776
0.7646634893775651
0.7647306411075484
0.7648193186494353
0.7649267420264848
0.7650139842732195
0.7651766236093948
0.7653500173906638
0.765555858549854
0.7656940735368709
0.7658364054202674
0.7660054129448055
0.7662228648734097
0.7663428540527194
0.7664318374334826
0.7665023367367427
0.7664971188377149
0.7664600263439297
0.7664717955261295
0.7664762337303395
0.766456115066331
0.7664595727551716
0.766468106529808
0.7664923676861766
0.7664715330341308
0.7664165106007826
0.7663018685085432
0.7661679936925828
0.7660507592947066
0.7659095203019326
0.7657319933441931
0.765578060978886
0.7654671381485543
0.7652761532956031
0.7651641376579743
0.7650874196034426
0.7650179740881737
0.7649062250655564
0.764759734288593
0.7646654718525797
0.7646183117577893
0.7645676168737805
0.7644706653263292
0.7643228218869863
0.7641699887638548
0.7640803101226402
0.7640216768834297
0.7638979306992345
0.7638688932825437
0.7638419268667251
0.7638417727431682
0.76381552849933
0.7638227205585674
0.7638072920871879
0.7637460046219708
0.7637181456617596
0.7637011847652616
0.7637651601009565
0.7637624494733031
0.7637977431926185
0.7638065155889217
0.7637700107377545
0.7637563919376139
0.7638115296242436
0.7638437264272692
0.7638806532051153
0.7639773634335266
0.764052533894137
0.764082567560071
0.7641323225701909
0.7640847004578217
0.7640165323642331
0.7639067429644587
0.7638031929476008
0.7636897974461391
0.7635563712196433
0.763447196763315
0.7633605498427655
0.763273981837288
0.763228478626997
0.7631414882799218
0.7630168706808351
0.7629582821463889
0.7629023231514795
0.7628988827833463
0.7628784801490429
0.7628529485815573
0.7628592363914071
0.7628147103830719
0.7627753828543663
0.762675487888456
0.7626628641781277
0.7627017630014575
0.7627787127437453
0.7627989304059609
0.7628175136720141
0.7627778591105153
0.7627984406347579
0.7627924317889228
0.762833761359435
0.7628979367215304
0.7629838359775019
0.7630364734486167
0.7630853017467389
0.7631107925502785
0.763099774971966
0.7630760220524276
0.7631083279818317
0.7631788992603689
0.7632219660245255
0.763270109273041
0.7633155717822744
0.7634037217611397
0.763412969558613
0.7634248107995354
0.7634549017206962
0.763499539310822
0.7635522694678533
0.763611929758453
0.7636671770951534
0.7637576057604236
0.7638314524487229
0.7639842419706244
0.7641587766612778
0.7642640761265133
0.7644115765703515
0.7645749670216448
0.7647166941429755
0.7647889943845577
0.7648782424549264
0.7649915646994331
0.7650781830712938
0.7652191031822335
0.7653119129788717
0.7653253828109972
0.7653867280927613
0.7654480582056039
0.7655611880144721
0.7657597409464941
0.7659571385356921
0.7661321457109829
0.7663325490310899
0.7665122340771072
0.7666327227967903
0.7668425266159448
0.767032128607002
0.7672503678281825
0.7674963851072029
0.7676824737284057
0.7678290131864476
0.7679298825985937
0.7680202672588097
0.7681703617259943
0.7683247334408267
0.7685049922866568
0.7686241442410435
0.7686333517704712
0.7686578831016377
0.7686950651774619
0.7688124604947212
0.7689542250424015
0.7690541282306632
0.7691786109019774
0.7693399494654806
0.769505537846692
0.7697246464601933
0.7698998253591022
0.7700635487700607
0.7701883322567233
0.7703216259741242
0.7704678392175417
0.7706311071584705
0.7708046120694392
0.7708931479172313
0.771033515803554
0.7711235547443342
0.7712390196245577
0.7713597572167223
0.7714846273087029
0.7715326691616677
0.7715089177639773
0.7714996631165429
0.7714840525033158
0.7713967814828663
0.7713461495098607
0.7713039757479686
0.7712702633357483
0.7711778042505605
0.7710307381958071
0.7709473353165366
0.7708969228996765
0.7708402757777314
0.7707845829705049
0.7707188631658816
0.770633712225215
0.7705124256711362
0.7704010890586543
0.7702793136570979
0.7701936360438683
0.7700637450281748
0.7699993403076173
0.7699216184993126
0.7698794790013067
0.7698471326062583
0.7698038998714751
0.7697740666671216
0.769751472553149
0.7697148504349021
0.7696546218038229
0.7696386620738654
0.7696072477467443
0.7694998599154192
0.7694492932035277
0.769371688634185
0.7693207814948592
0.7693403396695024
0.7693266848852354
0.7692674566527415
0.7692595050858809
0.7691865921706476
0.7691278604985039
0.7690961473934369
0.7691261058441019
0.7691076931491251
0.7690666569833425
0.769042404041754
0.7690732935335121
0.7690931014700852
0.7691334127510618
0.7692109623830965
0.7692454721404457
0.769271096569167
0.7693742525978888
0.7694856413418462
0.769588402798561
0.7697231802670204
0.7699029452683643
0.7700886592733013
0.7702702192432327
0.7704265519788073
0.7705237880691759
0.7705587553933156
0.7705399249329136
0.770499612995865
0.7704660724786985
0.7704330385922212
0.7703249276964799
0.7702628421716046
0.7702091836147501
0.7701593265153296
0.7700915148932288
0.7700552879901166
0.770030734568959
0.7700205246987016
0.7700414953696139
0.7700351895218829
0.7700637482000162
0.7701416308031711
0.7702182571846673
0.7702991708880369
0.770431146215593
0.770529618660893
0.7706059144918918
0.7706873326133619
0.7707000493471645
