0.9619824277501257
0.9786461224645855
0.9806453475457421
0.9841105298308888
0.9847981427792105
0.9848459139179764
0.9865765772554804
0.9867737033894245
0.9882486315337012
0.9887234191949388
0.9888995328246588
0.9889556181867486
0.9891601615903051
0.9891968305245212
0.9889912364696548
0.9889390402267777
0.9893082156481378
0.9893370708113807
0.989218767865839
0.989653131619626
0.9894477335655124
0.9896270777986721
0.9896137317909021
0.9899001728470322
0.9899072223665122
0.9897848301452022
0.9896051441978682
0.9897690805788446
0.9897567412655863
0.9897651315712973
0.989566977139252
0.9895211050343544
0.9897051510242432
0.9895642025306
0.9897779713127819
0.9899242968631911
0.9899677422942672
0.9900041735995843
0.9901556519770107
0.9901943132839657
0.9902228451600676
0.9901083102887698
0.9903591367225065
0.9904638305220284
0.9903484995466448
0.9902591142938658
0.9902902886102879
0.9903996137281563
0.9903908330936744
0.9903991106265025
0.9904193502043414
0.9903532577225428
0.9903167958721916
0.9902081818099715
0.9901303641783756
0.9900550502421698
0.9900128973306935
0.9901447580661246
0.9902387430853663
0.9902277467169166
0.990177398604861
0.9900624707462667
0.9899920047038222
0.9899779061944441
0.9899845538637226
0.9900422694268282
0.9899851378519708
0.9899472454686842
0.9898882931840902
0.9899214089758989
0.9899045312457904
0.9898225094361246
0.9898297905139255
0.9897953094628995
0.9897183312365808
0.9897521810694707
0.9897926419863066
0.9897004442524877
0.9895986466439033
0.9896667805122923
0.9896959727977713
0.9896431471693828
0.9896798610429092
0.9897023537554186
0.9896954838280786
0.9896398296179726
0.9896524649619632
0.9896521936457607
0.989663009953261
0.9897003211966362
0.989700961437516
0.9897062402688402
0.9896531617709646
0.9896746694649928
0.9896943781482813
0.9897071100047492
0.9897534846501305
0.9897556437900532
0.9897113100843438
0.9897264590892145
0.9898056386070494
0.989803836388911
0.9898089486038025
0.9898023944668821
0.9898080959164806
0.9897373354069957
0.9897967529023198
0.9898350100739706
0.9898816626976258
0.9899116885428982
0.9899275460057171
0.9899093584752561
0.9899326538478781
0.9899187428921382
0.989917069658387
0.9899350010243267
0.9899369427174431
0.9899487884329942
0.9899282900486611
0.9899700603694287
0.9899508444855896
0.9899554070299108
0.9899489103622793
0.9899603417488421
0.9899523821187902
0.9899236630295744
0.9899546234528733
0.9899522269391811
0.989954967866211
0.9899571090400932
0.9899797073531668
0.9899479243107816
0.9899423580938334
0.9899438261696524
0.9899520487397816
0.9899160415799592
0.9898883715519574
0.9898583150364525
0.9898447832276818
0.9898592616168681
0.989860663049335
0.9898398002883265
0.9898708365611447
0.9898767699922068
0.9898910851714575
0.9898834984443571
0.98992087230045
0.9899226940933766
0.9899069926365067
0.9899454759619184
0.9899826639381889
0.989960930464535
0.9899519709539526
0.9899217616453398
0.9898919801090816
0.9899081621060204
0.9899559109518675
0.9898993164987026
0.9898979087835754
0.9899051714634094
0.9898816879488311
0.9898795593230445
0.9899443266675515
0.9899702140054298
0.9899757218854282
0.9900351500766406
0.9900274836426668
0.990016411024414
0.9899970272586243
0.9899806510278644
0.9899575937106012
0.989987268657448
0.9899547106196025
0.9899546352803761
0.9899807312300757
0.9899711074750407
0.9899538964567584
0.9899645324024527
0.9899552650317699
0.9899527189301079
0.9899579119704436
0.989950850907402
0.9899111381649204
0.989914099352381
0.9899076688712373
0.9899024670339368
0.9899227451180013
0.9899102225478456
0.9899493047987832
0.989944129494992
0.9899415809092805
0.9899698736117887
0.989948211092085
0.9899429057239513
0.9899210429346595
0.9899222789462404
0.9899263839978639
0.989930477553177
0.9899222613239698
0.9899328792845994
0.9899171010407556
0.9899244240645945
0.9899363586888787
0.9898995266219626
0.9899093043163556
0.9899035263866357
0.9899130606448302
0.9898677120954333
0.9898920528836601
0.989918615600073
0.989916898113789
0.9898851581588642
0.9898796262000868
0.9898820473658845
0.9899067047112319
0.9898821877921566
0.9898657120338015
0.9898961214511713
0.9898587837360235
0.9898394664368031
0.9898457473110345
0.9898584140836061
0.9898963164996912
0.989889937500903
0.9898980886568536
0.9898462195476986
0.9898476949350921
0.9898381776271411
0.9898584562520566
0.9898490035578192
0.9898554874301213
0.989886279780785
0.9898894662651888
0.9898994733029262
0.9898964792131365
0.9899067724722672
0.9898981953398509
0.9898980957386816
0.9898996377329583
0.9899221913820722
0.9899193007170335
0.9899263444463181
0.9899062576355288
0.9899128837178391
0.9899272411179784
0.9899191495953542
0.989933740708978
0.9899383390459877
0.9899514658706972
0.9899429137073357
0.9899477551672647
0.9899521875967947
0.989956170715408
0.9899454923055416
0.9899551233457697
0.9899605603224977
0.9899648176828255
0.9899582931305797
0.9899585939444501
0.9899571965380485
0.9899350554908461
0.989941764886308
0.9899175265967576
0.9899215080994204
0.9899224315217612
0.9899288715550209
0.9899199449984248
0.9898996340732262
0.9899018499776933
0.9899084155845649
0.9899379350289352
0.9899485761012315
0.9899274881775882
0.9899273635985992
0.9899348562954869
0.9899487613824703
0.9899427785185669
0.9899412178246019
0.9899453269191869
0.9899363815720085
0.9899358942892714
0.9899391308136484
0.9899501578379875
0.9899518440879147
0.9899735124550202
0.9899617269053366
0.9899739934729967
0.9899746355755852
0.9899682509605369
0.9899578681847063
0.989965151606679
0.9899523466463764
0.9899521970997269
0.9899628135528508
0.9899687331162829
0.9899568003036939
0.9899648947920797
0.9899691957787063
0.9899592202111137
0.9899631231444405
0.9899506110480799
0.9899589544640068
0.9899530851295025
0.9899516256903836
0.9899624192797442
0.9899573959641996
0.989949785837785
0.9899403156647348
0.9899327581037735
0.9899193467271821
0.9899204980661697
0.9899192618251769
0.989922702304133
0.9899109360163236
0.9899231536769223
0.9899258120955772
0.9899400443703361
0.9899413734567001
0.9899357553557321
0.9899459181596858
0.989946149382309
0.9899549602589061
0.9899596157227412
0.9899562410742079
0.9899688352310082
0.9899863912568544
0.9899989921770297
0.99001513803039
0.9900022722922984
0.9900140259331752
0.9900217412749328
0.9900245828171707
0.990029134036368
0.9900251850965999
0.9900373451891147
0.9900387275775989
0.9900442719852999
0.9900397609602999
0.9900483479948994
0.9900440453403342
0.9900429306103394
0.9900525510773623
0.9900550957629851
0.9900683315853266
0.9900633322704645
0.9900753975876623
0.9900741848528046
0.9900579089830308
0.9900426249532734
0.9900466382899414
0.9900632525921405
0.9900725829371044
0.9900622170493212
0.9900632219109575
0.9900725774399446
0.990078261449269
0.9900782348159763
0.9900763087049742
0.9900845449869192
0.9900983662837206
0.9901031987419343
0.990112373503704
0.9900913521820316
0.990092750912238
0.9900988113984128
0.9901051433681444
0.9900972111504859
0.9900902427521269
0.9901001106302068
0.9901195360095072
0.9901326782414528
0.9901431176067007
0.9901464470165974
0.9901327355329325
0.9901246500040295
0.9901195661398227
0.9901216383447511
0.9901235769035478
0.9901310633763633
0.9901382270587558
0.9901478797113745
0.9901336201421695
0.9901323179359796
0.9901516545557886
0.9901677896932559
0.990162850783621
0.9901492200384565
0.9901512875990215
0.9901589161407628
0.9901661180876115
0.990165860859355
0.9901773755865275
0.9901716605317158
0.9901842905272735
0.9901873947163555
0.9901631274774109
0.9901547183094807
0.9901384941287994
0.990122721222371
0.9901196156494932
0.9901203211954095
0.9901191999982759
0.9901200411617544
0.9901205795723595
0.9901110817526947
0.9901207544836159
0.9901102724222626
0.9901078935708688
0.9901018356870794
0.9900895892089969
0.9900953345507517
0.990065327068397
0.9900428161897882
0.9900566430233396
0.990060410429695
0.9900540363639894
0.9900543491004012
0.9900576989598222
0.9900463090172497
0.9900413279434104
0.9900385359249135
0.9900523013456997
0.9900627733025705
0.9900704591952711
0.9900722352043114
0.9900844347826239
0.9900763224942847
0.9900790092934834
0.9900957906574394
0.9900716037180078
0.9900837414145753
0.9900828849026757
0.9900951375400495
0.9900819420872542
0.9900708690795598
0.9900771541656456
0.9900697263662896
0.9900662448679494
0.9900721747060376
0.9900740128113652
0.9900658593315566
0.9900623719856066
0.9900456322110327
0.9900398786561141
0.9900341977027166
0.9900432581872759
0.9900499927238626
0.9900590816431234
0.990051469870468
0.9900474475890986
0.9900382623314192
0.9900334054339258
0.9900306380929501
0.9900392921600782
0.9900516086010214
0.9900498087539951
0.990059193086144
0.9900633644896025
0.9900510913026759
0.990052419147978
0.9900397464669701
0.9900445562704961
0.9900640570099033
0.9900623153566646
0.9900609942970886
0.9900703056399249
0.9900895913124235
0.9901132677116307
0.9901124101556286
0.9901081935667486
0.9901129872399249
0.9901142286969631
0.9901130683089407
0.9901220879459729
0.990111912846725
0.9900975644136413
0.9900942103116448
0.9900951262598454
0.9900971737983685
0.9900933702377042
0.9900908071870169
0.9900808909541294
0.9900758625951022
0.9900658520616662
0.9900571687109647
0.9900597987346981
0.9900552623258482
0.990062192851804
0.9900679552494515
0.9900634309102988
0.9900665165280483
0.9900613101588173
0.990071883329518
0.990075210626975
0.9900665312993713
0.9900656212142673
0.9900635508486585
0.9900573026162928
0.9900560734470237
0.9900442556815853
0.9900483520099969
0.9900489523868504
0.9900575882957493
0.9900595454260165
0.9900556987505365
0.9900639291828559
0.9900552233362843
0.9900692679033001
0.9900726077486692
0.9900672312607712
0.9900695881126618
0.9900620381397636
0.9900533770799849
0.9900479762324028
0.9900465851290697
0.9900413004712731
0.990042219176826
0.9900364054829957
0.990040047070502
0.990043662108611
0.9900480578691416
0.9900502660379022
0.9900495726033355
0.9900447318680881
0.9900626291792791
0.9900829123533522
0.9900871237003708
0.9900696870298492
0.9900698098914505
0.9900692229146318
0.9900662808907563
0.9900717350577057
0.9900673561189463
0.9900785684229716
0.9900761314344657
0.9900842213307446
0.9900798395634743
0.9900777674756798
0.9900682705930495
0.9900775695344461
0.9900780346153258
0.9900782631857947
0.9900668880169421
0.9900710046719975
0.9900692863465604
0.9900731255084785
0.9900726425966769
0.9900642206317415
0.9900639175398561
0.9900716406808595
0.9900680717095149
0.9900672692536862
0.99008106281749
0.9900933815307016
0.9900841281411734
0.9900903841056009
0.9901036827972229
0.9900999848880301
0.9900934205719658
0.9900956664222821
0.9900948162166616
0.9900794698948452
0.9900909491476588
0.9900893516763573
0.9901030509316124
0.9901084165669447
0.9901135619151911
0.9901097984298904
0.9901012273864097
0.9901030385737862
0.9901022902124756
0.9901006708633839
0.9901041934757099
0.9901131819259839
0.9901129968332453
0.9901027303318539
0.9900978569560789
0.9901000113047862
0.9900937345758883
0.9900968996338286
0.9900965302288812
0.9900965861062018
0.9900890209166205
0.9900852033713438
0.9900895202236422
0.9900909139495562
0.9900926317129902
0.9900884753606207
0.9900797182609659
0.9900890932322514
0.9900950266013994
0.9900887153870883
0.9900802482402468
0.9900781017408291
0.9900871240054212
0.9900953988412674
0.9900957986408119
0.9900905833019259
0.990091855727743
0.9900943856993077
0.9901007781759077
0.9901064009315931
0.9901011086018011
0.9901051527567707
0.9900998289501689
0.9900986162944497
0.9900994013316077
0.9901108554779419
0.9901163602015673
0.9901088906328537
0.9901194053885267
0.9901166787832582
0.9901107059557582
0.9901063053308874
0.9901098514412836
0.9901031208249744
0.9901006730387563
0.990096411010934
0.9900853601253194
0.9900967754252687
0.9901024221229289
0.9901017541594903
0.9901027726124283
0.9900989011758075
0.9901116917291899
0.9901157425330418
0.9901176472574912
0.9901188021818185
0.9901212800107771
0.9901216500610023
0.9901212368584373
0.9901275556251544
0.9901280146382666
0.9901289997706962
0.9901192096801632
0.9901261670510836
0.9901251636601202
0.9901401811489615
0.990127335654644
0.9901324470394578
0.9901347015404177
0.9901323838618267
0.9901444877901632
0.990145535238923
0.9901475285675997
0.9901450137253616
0.9901384253302985
0.9901437390745725
0.9901430862637067
0.9901506739129248
0.9901488483607367
0.9901416741710954
0.9901311656690555
0.9901290974603667
0.9901347851890459
0.9901273235055351
0.9901258320022388
0.9901209025074801
0.9901241745156254
0.9901185354185335
0.9901226065194542
0.9901369701678896
0.9901395768128922
0.9901385315070235
0.9901392739552446
0.990138549096274
0.9901413772685004
0.9901487363638604
0.9901482856273449
0.9901506796137359
0.9901439073593761
0.9901467943159232
0.9901457504736103
0.9901427797853355
0.9901398158012901
0.9901450373700965
0.9901471160420704
0.9901429547548458
0.9901499867909168
0.9901543848231283
0.9901451560730078
0.9901517116414534
0.9901433593248121
0.9901503500561796
0.9901454477092815
0.9901485462345793
0.9901538869514542
0.9901520045583784
0.9901561435702462
0.9901539009432925
0.9901505105226677
0.9901438242025519
0.9901426967557813
0.9901383334842826
0.9901332427441912
0.99013137532581
0.9901257295234989
0.9901263000921421
0.9901311945494976
0.9901305077939054
0.990134363356298
0.9901380842104179
0.9901292020286311
0.9901276543569402
0.9901421352487436
0.9901494456893399
0.990142874176784
0.9901440227371009
0.9901463307795618
0.9901488404288515
0.9901481444746483
0.9901478502705561
0.9901507335551804
0.9901524606741288
0.990151717918997
0.990154824012859
0.9901498715422349
0.9901501738610654
0.9901492826871127
0.9901447935458835
0.9901285253904264
0.990136000083504
0.9901306288405373
0.9901264465902627
0.990125529098965
0.9901227135682618
0.990124755983732
0.9901301994433978
0.9901186389809351
0.9901138082311971
0.9901188971689725
0.9901144432336682
0.9901120761823611
0.9901162089916942
0.990118666266039
0.990121131880251
0.9901217049454349
0.9901153050735131
0.9901097678702984
0.9901028759531033
0.9901040032920984
0.9901062886276744
0.9901084442591928
0.9901096505680732
0.9900991992179311
0.9900978101239905
0.9900919792587835
0.9900938606484075
0.9900856467095275
0.9900868024567135
0.9900840699197144
0.9900780511817484
0.9900745534937128
0.9900722451219776
0.9900725251273204
0.9900733004689567
0.9900784853991725
0.9900816143572944
0.9900740346810911
0.9900722522040477
0.9900755016772398
0.9900746148295959
0.9900816249788836
0.9900810345434315
0.9900753236019975
0.9900720198721316
0.9900692443830176
0.9900773876763442
0.9900704312246581
0.9900683815208237
0.9900642966848943
0.9900669849822329
0.9900686016428639
0.9900657374727303
0.99006084874616
0.9900634078994999
0.9900653028778824
0.9900678593995168
0.9900709196446179
0.9900645972243294
0.9900620639017951
0.9900556545662504
0.9900573738011041
0.9900623212947439
0.9900584526437
0.9900639274018452
0.9900620504486803
0.9900609279822712
0.9900670423335616
0.9900690373524967
0.9900764992775455
0.9900797315840119
0.9900779554689334
0.9900703363396817
0.9900732897840041
0.990072634594344
0.9900715733196476
0.990069380111486
0.9900769118213926
0.9900775930380485
0.9900790726225441
0.9900829680936316
0.9900853037777523
0.9900836878290736
0.9900806797258123
0.9900724672289523
0.9900698231171912
0.9900684870789035
0.9900793254086983
0.9900812519134945
0.9900771869912084
0.9900834164236985
0.990076150990947
0.9900798616516948
0.9900733866471618
0.9900814761478369
0.9900824035826299
0.9900756995406491
0.9900756311928626
0.9900705067137007
0.9900751275134616
0.9900673129105221
0.9900603100067724
0.9900617523161706
0.9900639796895236
0.9900597979924327
0.990062270053826
0.9900535943838984
0.990049657101635
0.9900583233559216
0.9900588992195104
0.9900621340318574
0.9900588188200355
0.9900506041743595
0.9900488744943178
0.9900437687170061
0.9900447051046107
0.990033802015098
0.9900344790870829
0.9900361421430329
0.9900337315341211
0.9900360646326124
0.9900394351595994
0.9900379540564679
0.9900449298805385
0.9900437500143157
0.9900368494520239
0.9900340348755421
0.9900412603368215
0.9900394271792053
0.9900458296463146
0.9900569195540677
0.9900623678938969
0.9900646536778571
0.9900677520809992
0.9900672118385766
0.9900638431168237
0.9900597353007439
0.9900568900593804
0.9900558977317421
0.990060118562008
0.9900628906364884
0.9900647510031597
0.9900639751095626
0.9900653931603269
0.9900672041290507
0.9900667944433647
0.9900631703947028
0.9900607398860991
0.9900696768007969
0.9900733456460051
0.9900796278960308
0.9900867575860105
0.990089318881763
0.9900924208327965
0.9900945805176921
0.9900952881808769
0.9900993484814467
0.9900961684778351
0.9900976038829582
0.9900909275179671
0.9900941925322825
0.990100831043787
0.9901063265789044
0.9901021173072436
0.9900937741641321
0.9900925718895832
0.9900893541369322
0.9900931433359136
0.990094759921034
0.9900906838008788
0.9900932630493818
0.9900923406985368
0.9900892171556742
0.9900908038925088
0.9900988576763265
0.9901062220611098
0.9901143668665868
0.9901145483877493
0.9901111031848753
0.9901138204292439
0.9901095596558961
0.9901152001565685
0.990113594843329
0.9901216733424641
0.9901214522513221
0.9901149098306787
0.990120389693364
0.9901300065578903
0.9901313563037754
0.9901287838513754
0.9901317048871785
0.9901341260289243
0.9901300432521387
0.9901303253677494
0.9901288321342487
0.9901293630090242
0.9901267098953108
0.9901227073041533
0.9901264588614366
0.9901245744817221
0.9901306030899376
0.9901318414239645
0.9901278842902042
0.9901253485698566
0.9901263034861734
0.9901239041204516
0.9901177851547984
0.9901118663464995
0.9901108354098915
0.9901117772687053
0.9901136427177422
0.9901174336392002
0.9901171424447257
0.990108679218873
0.9901126730014749
0.9901105149421552
0.990110186728242
0.9901037881363224
0.9901023693389603
0.9901066049881209
0.9901084259912735
0.9901044434953075
0.9900994356095977
0.9901011538865253
0.9901004616036705
0.9901017639250015
0.9900975217766967
0.9900995383602798
0.9900966301835047
0.9900924949560249
0.9900991588119976
0.9900950900509397
0.9900914540003295
0.9900919160840881
0.9900952918065494
0.9901018633720593
0.9901011052372313
0.9901010692093195
0.990102232038702
0.990101606460944
0.9901019875271118
0.9901066014471381
0.9901115319490413
0.9901135494824823
0.9901131989008055
0.9901129135256778
0.9901081363853339
0.9901079419545061
0.9901070525030781
0.9901096196130482
0.9901154060174027
0.9901121828518489
0.9901165661791778
0.9901152032726152
0.9901139455612772
0.9901094165952633
0.9901190347150787
0.990116175211083
0.9901156467435386
0.9901131710944973
0.9901071715892413
0.9901007123788064
0.9901030784258692
0.9900978300270117
0.9901019003556516
0.9900985108073753
0.9901000241824109
0.9901055197301871
0.9901026485862429
0.9900965667295495
0.9900897770510588
0.990096463530501
0.9900960371995232
0.9901031645757219
0.9901050062332039
0.9901060133911991
0.9901037945082941
0.9901051258882604
0.9901110641437052
