0.9561195160485687
0.968900221543673
0.9699218674311108
0.9790567253757008
0.9796149428855979
0.9801497799884171
0.9818756929555669
0.9817161484058522
0.9837478608711255
0.9846243385264214
0.9846127153340194
0.98454280149988
0.9847623342967639
0.9853156446676963
0.9854167363008726
0.9849712429912988
0.9851099367560959
0.9850085738100776
0.9846211930515363
0.9845735640492019
0.9848006320603884
0.9848775363201412
0.9847408541870644
0.9846744102948426
0.9847117530863996
0.9843084267328674
0.9843171875069703
0.9845648103477989
0.9841220034343711
0.9842328727071569
0.9840299919265739
0.9842640825770159
0.9844965313227434
0.9842289186961051
0.9843652484953985
0.984486307331717
0.9844759460609319
0.9843123733534114
0.984550770358047
0.9842688986953521
0.984203412387952
0.9841070278027121
0.9842144642883542
0.9842207226346581
0.9840372999958811
0.9838728731081332
0.9839726781602663
0.983959669905005
0.98396163198133
0.9839428168368086
0.9839625160226078
0.9841859537048353
0.9840441740720792
0.9839796183999971
0.9840259547771574
0.9840882775479388
0.9841128580978922
0.9842512009568357
0.9843543840571054
0.9843678284058192
0.9844758435406007
0.9845025101946348
0.9845732436558715
0.9845080500090088
0.9846687398812269
0.9846636249330788
0.9846464754820544
0.984550441498125
0.9845279323810749
0.9845428100970178
0.9845016021202474
0.9845097518277653
0.9845263882722917
0.9845771071651761
0.9845166688566579
0.9844411021264867
0.9844175731686466
0.9844721129538281
0.9845069958442524
0.9845256215755812
0.9845636105878725
0.9844664035268472
0.9845250783401888
0.9846121691246126
0.984570432637213
0.9846392319434266
0.984619836220658
0.9846293089091563
0.9846555254108581
0.984772848801455
0.984777451039294
0.9846717035040142
0.984683578414246
0.9846161637323171
0.9845588568692899
0.9845338131240613
0.9845591967281269
0.9846494101735784
0.9847409587109107
0.9847528171188951
0.9848037026070279
0.9848165474337818
0.9849064531853374
0.984915026928939
0.9848738407570456
0.9848352510978704
0.9847909258666541
0.9847865211978216
0.9848666195874468
0.9849257610240414
0.9849595507535415
0.9849057714748689
0.9848818916682068
0.9848713447555464
0.9849146355613321
0.9849272877185545
0.984952750857376
0.9849320754324365
0.9848977745806253
0.9849010378339319
0.9848882177263373
0.9849140403059943
0.9848563116656419
0.9849075985754991
0.9849051967634964
0.9848622537277557
0.9848183820719822
0.9848305608736173
0.9848711202017458
0.9848121436015672
0.9848049530926825
0.9847921786019382
0.9847604617478859
0.9847268946165096
0.9847602341690548
0.9847544504819208
0.984754556596908
0.9847231634725151
0.9846946731105315
0.9846686575486644
0.9845786800372546
0.9845960975696647
0.9846019328400296
0.9845741860416322
0.9845401512075561
0.984516237681383
0.9845358626280983
0.9845506650505924
0.9845143798033781
0.9845242939333041
0.9845283684132986
0.9845170170282023
0.9845651916006177
0.9844868779614699
0.9845111234385789
0.9845469072239559
0.9845312528443222
0.9845251304625862
0.9845208443909361
0.9845427579807022
0.9844818158857167
0.9844749675658071
0.9844704537732761
0.9844048033860884
0.9843865340642362
0.984341126300565
0.9843465254351813
0.9843460177557616
0.984307272331712
0.984286240794478
0.9842700247575507
0.9842969818011769
0.9842950361904828
0.9842580055269182
0.9842345645362902
0.9842103322568557
0.9842134760167827
0.984238384675576
0.984203240845426
0.984272104978936
0.9842603765723391
0.9843045969348622
0.9843455835347511
0.9843531337680771
0.9843600706267741
0.9843001681035907
0.9843417477949183
0.9843143371602269
0.9842390919142366
0.9842202162865235
0.9842129819708464
0.984212797331492
0.9841973018373237
0.9841939615917731
0.984194703696371
0.9841829746061661
0.9841336582065395
0.984156446739279
0.9841679313121671
0.9841586689801105
0.9841472496363446
0.9842290634661935
0.9842461396792419
0.9842548946629137
0.9842509683922244
0.9841922990401192
0.9841612003883728
0.9841179412055806
0.9841959446886095
0.9842133417016127
0.9842118502726395
0.9842204239068028
0.9842081406852975
0.9841979263660299
0.9842028565741885
0.9842363282884945
0.9842009247905914
0.984215564401267
0.9841999102718767
0.9841722545340745
0.9842371523786123
0.9842276076181418
0.9842845023133664
0.9842828066054229
0.9843363390584129
0.9843281830719426
0.9842704487183599
0.9842928827808439
0.9842852410399321
0.9842696085768736
0.9842386969593823
0.9842604469944782
0.9842616238750569
0.9842765289294693
0.9842738828436642
0.9842882295779054
0.9842599032091583
0.9842395753241412
0.9842305687903269
0.9842813928452637
0.9842857421655488
0.9843109847606766
0.9842981502426456
0.9843182233689004
0.9843085859926946
0.9843108768135258
0.9843377887297051
0.9843465482773532
0.9843366230135199
0.9843785695059661
0.9843253455227333
0.9843513866092942
0.9843622388701736
0.9843277078219408
0.9843091199979029
0.9842903895872431
0.9842820999694888
0.9842781436419465
0.9842600250978416
0.9842756693203119
0.9842775448800609
0.9842498987217277
0.9842276512620113
0.9842436345308894
0.9842579000577827
0.9842834054431889
0.9842714862311571
0.9842624374486976
0.9842906557210502
0.9842909834583137
0.9843028953543956
0.9843286711654401
0.9843217526954228
0.9843289281341591
0.9843452518149043
0.9843673663237008
0.9843687136855563
0.9843658321558326
0.9843663819887981
0.9843609024496168
0.9843417531866681
0.9843353992558777
0.9843564121616533
0.9843335220353673
0.9843425098184256
0.9843021492527297
0.9842806980078289
0.9842919684567975
0.9842469534990549
0.9842219915030962
0.9841668997674292
0.9841736387582114
0.9841921651647002
0.984206702790588
0.9842080517066496
0.9842300200600589
0.9842468712765005
0.9842580580359289
0.9843130342161364
0.9843106509853642
0.9842779866057726
0.9842763387616104
0.9843041178205411
0.9842968408728289
0.9843097137596114
0.9843114290021143
0.9842933113328095
0.9842899617027843
0.9842978577005796
0.9843112844226488
0.984314455111802
0.9843080337511397
0.9843191037413921
0.9843057706026539
0.9842774640032431
0.9842869879756666
0.9842978142054081
0.9842883750702742
0.9842590599586116
0.9842513250452907
0.9842630923876216
0.9842831259586488
0.9842580760712141
0.9842416493853369
0.9842421523781686
0.9842518081053551
0.9842354743743432
0.9842437233613973
0.9842473172802833
0.9842391079044661
0.98424808812276
0.9842191160286937
0.9842060712039247
0.984189574389287
0.9841662980317046
0.9841637414582626
0.9841613603987918
0.9841897739369588
0.984182699024351
0.984203243904874
0.9841960118650953
0.9841798403096769
0.9841956909456182
0.9842084419999236
0.9842073593771532
0.984220607393663
0.984200240311953
0.9841825898760053
0.9841772762770018
0.9841403748546904
0.984140509824588
0.9841232584423579
0.9841218239319268
0.9841339590042836
0.9841484390682796
0.9841545941043841
0.9841759558919351
0.9841618854834197
0.9841708376382469
0.9841704583128911
0.9841585170325053
0.9841583466957736
0.9841308640318326
0.9841278734094939
0.9841147473291956
0.9841159573193725
0.9841123280884941
0.9841006732239815
0.9840623314497202
0.9840537355374092
0.984047307705212
0.9840884756281837
0.9840839230895513
0.9840613256625904
0.9840690846511648
0.9840991146123129
0.9840929939692726
0.9841000387640096
0.9841157999708111
0.9841254530904122
0.9841413561892568
0.9841395398584397
0.9841067693945001
0.9840861989756724
0.9840827605453052
0.9840764339895008
0.9840745257461169
0.9840720257512642
0.9840804979180008
0.9840730860948103
0.984062474881177
0.9840748941653414
0.9840776636355438
0.9841089248387144
0.9840870485010207
0.984085340890892
0.9840674831336491
0.9840577664999832
0.984032088111075
0.9840329579242102
0.9840344119815476
0.9840267598135921
0.9840105777905936
0.9840088496265627
0.9840169453221694
0.9840292110277902
0.9840648423539605
0.9840725630448015
0.9840702360528475
0.9840690468842459
0.9840670612780517
0.9840496699689187
0.9840368557161042
0.98403207355766
0.9840321768948291
0.9840433986018224
0.9840641038504571
0.9840597171216258
0.9840579728663559
0.9840648910879781
0.9840395601249263
0.9840400005418587
0.9840576960685737
0.9840658596564208
0.9840538465270078
0.9840403864333951
0.9840469282541953
0.9840523979580295
0.984077586343617
0.9840788759241963
0.9840646593699085
0.9840526136756826
0.9840608123247597
0.9840722950923156
0.9840650091978379
0.9840856533449032
0.9840903850560275
0.9840619245066693
0.9840746486859793
0.9840826206492143
0.9840817520390345
0.9841147922123215
0.9841003455469203
0.9841121259806455
0.9841073955949002
0.9841093954047934
0.9841078419402665
0.9841018576291017
0.9840954151378587
0.9840998681405514
0.9840898289673068
0.9840886620047903
0.9840815227604041
0.9840912160510041
0.9841151142200308
0.9841293652745133
0.9841199627957059
0.9841223796040686
0.9841214611178178
0.9841016293947767
0.9840958701376898
0.9840826954699761
0.9840789764307544
0.9840694026171607
0.9840423744809629
0.9840519514844598
0.9840823435093339
0.984117492561523
0.9840992480528967
0.9841148486626493
0.9841443319275228
0.9841430552651506
0.9841413000805576
0.9841238823504869
0.984119301515722
0.9841205682912488
0.9841169489890415
0.9841185963269026
0.9841281484589686
0.9841201587860999
0.9841176052965759
0.9841068913868872
0.9841148554572448
0.9840949170642402
0.9841130369713232
0.9840934628487884
0.9841068736698814
0.9841140866380053
0.9841098406855878
0.9840934174970947
0.9840957439058828
0.9840945060750259
0.9841215768581771
0.9841273360284403
0.9841273218651108
0.9841263914095468
0.9841209618840343
0.98412009263899
0.9841061394948503
0.9841245118627041
0.9841215452144316
0.9841389939273933
0.9841642720882399
0.9841626923536576
0.9841685802197333
0.98416708679016
0.9841611256680551
0.9841696622293552
0.9841827394103383
0.984177266587143
0.98418505350902
0.9841949505014972
0.9841941292754602
0.984172645176415
0.9841769475452291
0.9841852146792883
0.9841616713652209
0.9841644144165407
0.9841662986981325
0.9841703982996954
0.984173534149736
0.9841745979849511
0.984194141734492
0.9841903093261497
0.984201401192716
0.9842344668969266
0.9842375441783169
0.9842405006606905
0.9842279960945277
0.9842335958946725
0.9842362649551363
0.984231777251822
0.984221731843908
0.9842052141774447
0.9841954384345944
0.9841998027400418
0.9842062980149066
0.9841902969402037
0.9841844145368835
0.9841787078478555
0.9841793709372053
0.9841650996121538
0.9841436091497898
0.9841467426057471
0.9841472871190926
0.9841514735856653
0.9841547352259523
0.984132836557351
0.9841379214798908
0.984134731124887
0.9841268756489615
0.9841202518266947
0.9841181508080209
0.9841364279646042
0.9841168933508325
0.9841052075890125
0.9841159514609885
0.984108145877215
0.9841182661992532
0.9841267992476911
0.9841257292010016
0.9841150610281818
0.9841104597034396
0.9841177290155716
0.9841166163509251
0.9841093937925753
0.9841097350036296
0.9841167388351838
0.9841216607225659
0.9841169166776718
0.9841008618543123
0.9840850386942696
0.9840787819168173
0.9840958429951638
0.9841043858906454
0.9840943921832446
0.9840798957013827
0.9840901179460233
0.9840938383789288
0.9840943940981101
0.9840904651583868
0.9840880544580507
0.9841019212347455
0.9840854987643674
0.9841075580788189
0.9840899235719612
0.9840970056848993
0.9841002317755011
0.9841070992224799
0.984114625652819
0.9841158632347444
0.9841120353445214
0.9841061653540312
0.984109453688688
0.9841084620942767
0.98410545718509
0.9841147085355241
0.9841240956658728
0.9841332662446697
0.9841277302813451
0.9841365223790375
0.984155734988138
0.9841719154074358
0.9841728085798078
0.9841726622065129
0.9841762424137174
0.9841850566037595
0.9841898496753099
0.9841929742826658
0.984194705998896
0.984196097755344
0.9842015933878854
0.984191368234142
0.9841865533328445
0.9841967897580411
0.9842009950488552
0.9842216801749332
0.9842316975188209
0.9842305573325603
0.9842379871337839
0.9842268668270039
0.9842145122722171
0.9842032700778862
0.9842116756168904
0.9842198155765427
0.9842421170999427
0.984247679421471
0.9842548397076932
0.9842465649182974
0.9842603983981333
0.984261223199401
0.984247705006332
0.9842460630560665
0.9842621965521277
0.9842591849212892
0.9842699514176199
0.9842711916627636
0.9842803266372111
0.9842684357286366
0.9842647255241008
0.9842503127684914
0.9842571190027146
0.9842691268237007
0.9842476850877429
0.9842608216124912
0.9842714344318044
0.9842552728690419
0.9842512610917344
0.9842457030275192
0.9842422939578912
0.984254021801245
0.9842582641774421
0.9842488254078126
0.9842431278705298
0.9842389016821641
0.9842345580583836
0.984233703294339
0.9842343423243534
0.9842355802088183
0.9842500488467146
0.9842333269525584
0.984233803709012
0.9842424362024501
0.9842358906119482
0.9842375935169771
0.984229958176099
0.984220848115581
0.9842355766707116
0.9842294664160351
0.9842271171203985
0.984216230797622
0.9842171149304033
0.9842214523576971
0.9842094283690737
0.9842086348799475
0.9842245756039759
0.9842306810022637
0.9842329648926226
0.9842400917289625
0.9842418638092851
0.9842458055960995
0.9842514123033866
0.9842465866187322
0.9842534175067801
0.9842656749932788
0.9842760682154319
0.9842921947424337
0.9842930080744309
0.9843006067059238
0.9842886466003391
0.984270181846962
0.9842839424926936
0.9842766926164381
0.9842826297707138
0.9842703938331977
0.9842812031248686
0.9842863820552802
0.9842730023544002
0.9842761885925064
0.9842807250512927
0.9842756025395355
0.9842812056265067
0.9842708231024067
0.9842836291074473
0.9842851628310656
0.9842925072301093
0.984289882771576
0.9842834696618332
0.9842887963148708
0.9842877917860762
0.9842901052173306
0.9842840864764841
0.9843066792634134
0.9843118147160612
0.9843098299742807
0.9843008449967864
0.9842905410825253
0.9843027239459399
0.9843086172191633
0.9843098054453586
0.9843027009781424
0.9843204049973474
0.9843047029875605
0.9842937807576021
0.984293872173979
0.9843082395366816
0.9843025833576035
0.9843072093778424
0.9842942454695164
0.9842834071947373
0.9842908310876116
0.9842862625660704
0.9842855551835024
0.9842847060599207
0.984288772662653
0.9842986320587667
0.9842984117991453
0.9842995079342673
0.9843114108870381
0.9843099882535217
0.9842894470138641
0.9843009855491203
0.9842997747933365
0.9842986211644168
0.9843046817697267
0.984308360813338
0.9842935682617744
0.984288621381874
0.9842828049892852
0.9842842708324386
0.9842799786648576
0.9842957395886386
0.9842998241518639
0.9842983310189142
0.984313261057741
0.9843130497669746
0.9843059986299009
0.9843121255092093
0.9843214127717563
0.984321826175615
0.9843223900239644
0.9843301611945304
0.9843465863712059
0.9843380184923036
0.9843434046771444
0.9843487987710147
0.9843609308671863
0.9843696828892442
0.9843616984387332
0.9843585774227392
0.9843538850583097
0.9843492052012346
0.9843580349034742
0.9843560773456435
0.984356364899055
0.984355051164777
0.9843640099645451
0.9843554193348295
0.984352860564958
0.9843635459935907
0.9843552503121514
0.9843606726608197
0.9843683208826118
0.9843649542341556
0.984358758475898
0.9843671591677374
0.9843679361159371
0.9843531042807492
0.984349144263023
0.9843412899447339
0.9843533162698107
0.9843487330946737
0.9843413079139234
0.9843438039927993
0.9843497985308449
0.9843540425395618
0.9843545022705942
0.9843544692873526
0.9843502440338678
0.9843718765854483
0.9843639521031756
0.9843609540082467
0.9843658919155315
0.9843602871043582
0.9843648385791335
0.9843728196339598
0.9843556681683807
0.9843627418684737
0.9843596083605726
0.9843696825211844
0.9843620359153324
0.9843579873464198
0.9843624599134101
0.9843675012703308
0.9843730416435553
0.9843911735943717
0.9843965940304572
0.9843881353211476
0.9843790982001951
0.9843675647283955
0.9843728939190417
0.9843655391552195
0.9843587327787422
0.9843737049545017
0.9843833273277367
0.9843686675562564
0.9843582663893548
0.984361864428093
0.9843734880550631
0.984364590640386
0.9843680078275011
0.9843837346777591
0.9843882540253206
0.9843880393421569
0.9843832403833734
0.984384811790477
0.9843826013580442
0.9843727348861138
0.9843685556066298
0.9843571960516115
0.9843562164912211
0.9843545102259
0.9843483943518573
0.9843492791452609
0.9843589333829343
0.9843496756424646
0.9843442537308924
0.9843483670368094
0.9843498992309029
0.9843563477526028
0.9843610136164603
0.9843663413252896
0.9843686142506061
0.9843753623125178
0.9843810219547973
0.9843695567771864
0.984367133573444
0.9843699045860838
0.9843617798929222
0.9843703624800854
0.9843765538916379
0.9843864739857205
0.9843827653946792
0.984387304804422
0.9843813364910617
0.9843868823587851
0.9843857846258913
0.9843850879795825
0.9843900425610072
0.9843922254371962
0.9843833267292251
0.9843850202319838
0.9843919594285372
0.9844004432571226
0.9843997332179331
0.9844059386389911
0.9844017794828015
0.9844041652564879
0.9844059865703547
0.9844029436568644
0.9843996275453456
0.984401684862746
0.9844196176558394
0.9844125688720559
0.9844175775272883
0.984425961600137
0.9844139860046037
0.984411277660692
0.984410054632916
0.9844197323285756
0.9844134813419715
0.9844101373295768
0.9844066897604206
0.9844172284888458
0.9844237516160729
0.9844243309723921
0.9844247114580122
0.9844142001026095
0.9844177087877424
0.984421517112798
0.9844274805468408
0.9844329448393312
0.9844437209263066
0.9844449192157783
0.9844476065794103
0.9844485158001309
0.9844445570841351
0.9844321515008968
0.9844357238691662
0.9844322035235152
0.9844269718762966
0.9844332629834602
0.9844288415522175
0.9844318686649182
0.984430670373212
0.9844241031870645
0.984412365049358
0.9844242659171865
0.9844211348192304
0.9844296228158402
0.9844321072480064
0.9844420027219303
0.9844317009521103
0.9844334487777932
0.984431494317868
0.9844334348556729
0.9844335975839331
0.9844364147886018
0.9844331950277997
0.9844298030335352
0.9844382391091184
0.9844447778414478
0.9844424693659584
0.9844448664773285
0.9844312772867992
0.9844295293164769
0.9844260344559737
0.984425459837664
0.9844213470319467
0.9844359007179851
0.9844369129880356
0.9844483877257436
0.9844532390018467
0.9844481572341816
0.9844523006581493
0.9844593525397564
0.9844688557488911
0.9844649063036859
0.9844646443868713
0.9844656801053814
0.9844757342813768
0.984478996988792
0.984487486530755
0.9844840013787395
0.984484260166227
0.9844819368935765
0.9844792641417599
0.9844829706566057
0.9844780134937409
0.9844792328673888
0.9844767788151635
0.9844756850834534
0.9844730308739797
0.9844688021738572
0.9844695444389303
0.9844770117853903
0.9844712321681253
0.9844645457593357
0.984459461724558
0.9844572951750934
0.984460721880085
0.9844632754187878
0.98446885963479
0.984465165973649
0.9844578668634377
0.9844563437395633
0.9844579944323683
0.9844590722884802
0.9844641171703757
0.9844610916549817
0.9844552294634676
0.9844493641836
0.9844449823791163
0.9844471305375433
0.9844511367635346
0.9844615254839072
0.9844653561105068
0.9844739177568234
0.9844896969211943
0.9844906046000776
0.9844699175740595
0.9844763007929253
0.9844670973800678
0.9844698586473272
0.984474816428257
0.9844795421275132
0.9844737016755373
0.9844817782498877
0.9844815772162503
0.9844835991153084
