0.9265172451850171
0.9513600244060835
0.9589915751870828
0.962769308888516
0.9672058914585955
0.9694059117864445
0.9719821725679276
0.9720865564872287
0.9740052086839306
0.9749410957026723
0.9747787845144241
0.9747441933651814
0.9740495413680107
0.9742054930983343
0.9743519017269424
0.9750264355463337
0.9756306225876851
0.9761215523837606
0.975345691639208
0.975814004872772
0.9762888744045504
0.9767603202638233
0.9768719759710635
0.9768251999901697
0.9762775987729109
0.975846661331519
0.975790846453377
0.9759005906479535
0.9755699607625873
0.9756821322837741
0.9756113687330857
0.9762977140955569
0.9764344729996011
0.9762730099640192
0.9761270993971687
0.9764025139510436
0.976342067744146
0.9762530495184407
0.9761936717172366
0.9762017822031792
0.9762165859171689
0.9763163934654681
0.9762939375273112
0.9767351628075451
0.9767799099945038
0.9764411361575741
0.9767403235552405
0.9766848014837635
0.9766471358083483
0.9766796711686849
0.9766994115224836
0.9767666597744943
0.9767273879290053
0.9764263727760092
0.9763947975127485
0.9763680491150678
0.9764083444385481
0.9763879085907303
0.9764600980229161
0.9763247811406365
0.9764148625019813
0.9766652302301889
0.9767672623492313
0.9767367432082785
0.9769116795579182
0.9767704479414219
0.9767780892127145
0.9766733838576852
0.9767887110109473
0.9770192118118091
0.977171295934197
0.9771523464841819
0.9772637536534516
0.9770926724602599
0.977090480187225
0.9771052893127754
0.9771174878142035
0.9771000720566441
0.9768812788470607
0.9769926318437598
0.9770083542182476
0.9769987899434994
0.9771219965133492
0.9771487725249612
0.9769959017580798
0.9770718694762373
0.977110064699913
0.977208503475181
0.9772303233757131
0.9771962198532267
0.977118967544817
0.977137490216581
0.9770962715167824
0.9772380989956257
0.9772086869285103
0.9772883839444854
0.9772433087470666
0.9774399915208152
0.97747637140866
0.9774708611844978
0.9775041282679863
0.9774639389267854
0.9775352554304517
0.9774909686590217
0.9774088069423383
0.9773156314665451
0.9774165409492964
0.9774426784854829
0.9776349885984684
0.9776098760293545
0.9775404326039145
0.9774429242637527
0.9775269122460738
0.9775021846176882
0.9774507256392061
0.9774608965054292
0.9775093006978058
0.9774311224353004
0.9774398103891526
0.9773827115230973
0.977308589438176
0.9772210106659727
0.9771083990458125
0.9771579567599381
0.9772239041304003
0.9772538856908026
0.9773254344360824
0.9773580677044575
0.9773321559194633
0.9772287728060958
0.977314374685611
0.9772684195824176
0.9773123312383858
0.9772613751784188
0.9772872701092852
0.9772509721338721
0.9773012474246713
0.9773350850045092
0.9774021808577216
0.9773811314936925
0.9772514810865993
0.977306953736731
0.9772134843277867
0.9770990940595138
0.9770928259975649
0.977059896519351
0.9770026455404069
0.977073261105449
0.9770270025626469
0.9770059213136688
0.9769463405205218
0.976859043062384
0.9768240712622396
0.9767332700722171
0.976654566153676
0.9766542816725009
0.9765677954219449
0.9766690685853117
0.9766504553761142
0.9766482935126903
0.9765712532721106
0.9765050325585195
0.9765770246101926
0.9765051398744632
0.9765767497672517
0.9765407083127512
0.9765813467115343
0.9765025276019249
0.9765963895486228
0.9765655713783077
0.9766201107206323
0.9765890801220414
0.976597989836166
0.9765995232492274
0.9765501218160633
0.976517305359434
0.9765227256819095
0.9765306957390898
0.9765606402246664
0.9765358779341328
0.9766014808209714
0.9766128538792349
0.9766824387827341
0.9766867609362397
0.9767086497811707
0.9767276086926804
0.9767864536323108
0.9766946058115271
0.9767235972942683
0.976665100728913
0.9766551425237331
0.976635082870735
0.9766133433311043
0.9766296686442413
0.9766305884492508
0.9765674295704881
0.9765085879676954
0.9765035138586429
0.9765487491823214
0.9766127088989358
0.9765879071144821
0.9766305219503698
0.9766130449987813
0.9765627206085447
0.9764373532883431
0.9764699911483313
0.9764208446368403
0.9763440271771779
0.9764016113749084
0.9764454806630075
0.9764209592266548
0.9764554254626338
0.9764859732064362
0.9764929025171813
0.9765218623908064
0.9764742706384818
0.9764370538394507
0.9764495500666209
0.9763827914096139
0.9764014105073334
0.976396481692296
0.9763624748407864
0.976359848438572
0.9763905519818608
0.9764136074106745
0.9764151424308211
0.9763524196175347
0.9763399359458165
0.9763250923746708
0.9763246574216987
0.9763184848133523
0.9763364047153408
0.9763246728033174
0.9763337888763557
0.9763695995752396
0.9763602809525902
0.976260337349593
0.9762061378444672
0.9762244749302286
0.9762613359833827
0.9762815079765421
0.9762780287696434
0.9762671412719942
0.9762664224811208
0.9762621828248002
0.9762623735138425
0.9763196501539274
0.9763084523285451
0.9762649142650003
0.9762542711018211
0.9762302620008481
0.9762222272351246
0.9762554877846094
0.9762424283697182
0.9762059297596353
0.9761700737523902
0.9761930218924617
0.9761537651768125
0.9761945207992098
0.9762042128137899
0.9762003970511975
0.9761645068980414
0.9761573131014396
0.9761558408414243
0.9761352850163147
0.9761334265529285
0.9761588542623546
0.9761017387782206
0.9761538354404307
0.9761800668208472
0.9761964215465979
0.9761827310269986
0.97624647018185
0.9762816533531551
0.9762850837325139
0.9762811398790505
0.9762010069509243
0.9762251266146169
0.976219449742204
0.9762185474140218
0.9761822204885026
0.976150618584709
0.9761626995397328
0.9761428985685775
0.9761348230766459
0.9761160892450212
0.9760641345768172
0.9760765316619806
0.9760739292216798
0.9760899507718
0.9760363075201195
0.9760397960640803
0.9760603117251836
0.9760519184561365
0.976094639664221
0.9760928082133818
0.9761010795717212
0.9760534489109342
0.9760471298410405
0.976063937923338
0.976071839694308
0.9760902054917046
0.976079131127787
0.9760567283616054
0.9760799629857192
0.9760804219568672
0.9760550234521314
0.9760574353961479
0.9760618706048897
0.976054057769567
0.9760516280650339
0.9760474176717233
0.976080653992981
0.9760768225012921
0.9760390595651203
0.9759942652467362
0.9759795535810556
0.9759604901999411
0.9759784775245747
0.975975831147008
0.9759695337233187
0.9759826744770467
0.9759719475100828
0.975932901062692
0.975925953925419
0.9759682512585017
0.9759441541187913
0.9759587986015854
0.9759542137418997
0.9759778080548457
0.9759763283346894
0.9759554782471802
0.9759379410964694
0.9759357171871987
0.975942109082126
0.9759377896623939
0.975943194003903
0.9759890158938918
0.9759660681089742
0.9759645316829169
0.9759789213695889
0.9759810792681219
0.975964080779079
0.975977167461955
0.9759806883857782
0.9759682656739219
0.9759560530339648
0.9759223026273383
0.9759212957659853
0.9758828605581805
0.9758856337756158
0.9758919111295418
0.9758412121818606
0.9758250617106852
0.9758089908771359
0.9758366481326425
0.9758811173688
0.9758633885740542
0.9758198914685604
0.9758219914239185
0.9758365643711778
0.9758371922021571
0.9758146308085983
0.9758212949863674
0.975824300810002
0.9758226034109184
0.9758161116356694
0.9758478864236371
0.9757741772792543
0.9757654180181055
0.9757608099651067
0.9758031224295066
0.9758123598145164
0.975832689668188
0.9758394327957829
0.9758657321401969
0.9758469343041515
0.9758217716818759
0.9758223628548491
0.9758315687171454
0.9758615747834091
0.97585039310854
0.975842749060525
0.9757998974025024
0.9758029437270438
0.9757927983779192
0.9758096959205831
0.9758356397946357
0.9758458897673565
0.9758343633521925
0.9757853405890045
0.9758098258957878
0.9758190986621802
0.975853565260851
0.9758170497505163
0.9758062162079794
0.975805656429086
0.9758103934796195
0.9757770714306978
0.9757506108671312
0.9757508448780046
0.975746354606083
0.9757504685892076
0.975769703188104
0.9757920791727267
0.9758151342013556
0.9758717432005835
0.9758396850642577
0.9758389940978972
0.9758191354178071
0.9758299899615678
0.9758105671776993
0.9758288583193385
0.9758419623870004
0.9758344797341942
0.9758264572341353
0.9758312839114073
0.9758575312291746
0.9758625854388929
0.975845664988388
0.9758238179476311
0.9758233781223785
0.9758382503653983
0.975862579753725
0.9758451111588309
0.975854934102779
0.9758580043419506
0.9758620766384646
0.9758802612478837
0.9759159147881663
0.9759434040472961
0.9759423849768492
0.9759452945104148
0.9759343671506217
0.9759385938313201
0.9759298041924211
0.9759150544704475
0.9758778058151295
0.9759050083028117
0.9759426195016576
0.9759378985018773
0.9759664699757482
0.975926138694418
0.9759335814878828
0.9759623632961523
0.9759414598716557
0.9759289803740959
0.9759382689739301
0.9759329637684627
0.9759038884667239
0.9758821832382704
0.9758835633635707
0.9759058280065425
0.9759153796344884
0.9759538282163993
0.9759765373286337
0.9759387563277905
0.9759305891036822
0.9759439444040083
0.9759237591328529
0.9759177335540385
0.9759113126046923
0.9759021068077337
0.9759127056727596
0.9759071926536158
0.975897130980412
0.9759140134119956
0.9759472166844076
0.9759226431997619
0.9759567147365742
0.9759899135046367
0.9759854931427644
0.9759725985005978
0.9759649724196806
0.9759640452707664
0.9759727225705995
0.9759455771618659
0.9759236389545212
0.9759325006608268
0.9759261731567517
0.9759503362149572
0.9759554443817903
0.9759469342458733
0.9759403580793654
0.9759414253408756
0.9759243520126865
0.9758987215062279
0.9759172220553213
0.9759231736198442
0.9759006448010745
0.9758752975332506
0.9758732502373941
0.9758879032180562
0.97590231722126
0.9759270392132983
0.9759379076677257
0.9759260349487765
0.9759111691387764
0.9759044498434485
0.9758970888190961
0.9759006151682332
0.9759188996575024
0.9759340982348177
0.9759432289299681
0.9759478904933153
0.9759484551885971
0.9759548298175833
0.9759627436988376
0.9759494710450559
0.975926510808375
0.9759320092808997
0.9759020847266368
0.9758978992711532
0.9758693103021375
0.9758643826568378
0.9758760664957573
0.9758501722162336
0.9758537145329194
0.9758808771242465
0.9758921142582273
0.9758774864772486
0.9758601641475813
0.975865783195968
0.9758736593196338
0.9758943950130162
0.9759172526887676
0.9759108636160078
0.9758892711242211
0.975894407476736
0.9759062109817305
0.9758890896126805
0.9758737298826099
0.9758767133031144
0.9758614058694036
0.9758563159294662
0.9758697734490481
0.9758466990534216
0.9758546027681306
0.9758486956895095
0.9758553192937762
0.9758647221621114
0.9758472867586935
0.9758392111559758
0.9758535024648629
0.975845400514893
0.9758562507271648
0.9758623178041895
0.9758401594128054
0.9758148509644273
0.975811731149534
0.9758324153936596
0.9758707956429683
0.975873091297372
0.9758999116647848
0.9758962114748839
0.9758940794011298
0.9758865033194263
0.9758561967511826
0.9758594791654862
0.9758504235747323
0.9758245202405247
0.9758231828839581
0.9758203747517816
0.975837866619757
0.9758357552217488
0.9758431343475175
0.9758586746216973
0.9758969836144312
0.9759142662556842
0.9759196844283754
0.9759126220017411
0.9758969121897481
0.9758793982088702
0.9758738711925617
0.9758695110187263
0.9758800515935999
0.9758984375484814
0.9759193533681825
0.9759135626249078
0.9759342292610422
0.9759299298745796
0.975929938300424
0.9759423976702123
0.9759083081178366
0.9759122395233045
0.9759042806891723
0.9758953650603885
0.9759096266634114
0.975916806207997
0.9759122049502209
0.9758941735503138
0.9758696911178012
0.9758674979888363
0.9758760197540379
0.9758891358761776
0.9758848868790663
0.9758896751994671
0.9758978679341809
0.9759065272845308
0.9759222247126438
0.9759380275710986
0.975972203342585
0.9760025296381177
0.9759850683681262
0.9759639261094191
0.9759629760637768
0.9759482748531179
0.9759631967628736
0.9759456881455434
0.9759654807526178
0.9759685753038378
0.9759605224062982
0.9759655517671929
0.9759801567800428
0.9759628478476067
0.9759574681600193
0.9759614259673439
0.9759701155183997
0.9759470912418783
0.9759533523309247
0.9759278232815992
0.9759311270375678
0.9759299834043694
0.975935130367527
0.9759579010969734
0.9759469654944937
0.9759446029535044
0.9759458918350661
0.9759260231127822
0.9759370246274277
0.9759199580052434
0.97589498649825
0.9758817730727032
0.9758846873083847
0.9758843432134091
0.9758783353457211
0.9758661685666788
0.9758830248552253
0.9758727238999859
0.9758856052909901
0.9758811172318502
0.9758984095023685
0.9758957690032594
0.9758661512266544
0.9758880035122235
0.9758588357791071
0.9758667097935215
0.9758826120154619
0.9758781646642999
0.9758863976132497
0.9758744503212011
0.9758784255656556
0.9758565088395469
0.9758622265650588
0.975866193296912
0.975861634830204
0.9758492898239072
0.9758364925147094
0.9758543303518058
0.9758664557382005
0.975856067699724
0.9758843119422138
0.975909454781035
0.9758885871346182
0.9758696814220722
0.9758733873998214
0.9758715608475976
0.9758896058119217
0.9758915179205373
0.9758852912992931
0.9758740739352875
0.975885213837638
0.9758874599144828
0.9758770749524683
0.9758593663363311
0.9758419609805286
0.9758380043154848
0.9758277887147422
0.9758527515816731
0.9758592877657228
0.9758590133623093
0.9758629669499412
0.9758525450161691
0.9758583314788416
0.9758618724117122
0.9758662537309258
0.9758866216046361
0.9758815664358689
0.9758834235831034
0.9758874671783131
0.975893145366281
0.9758941017318676
0.9759025529403668
0.9758812569436515
0.975870344359052
0.9758690842361488
0.9758560757908633
0.9758574191662165
0.975871765687773
0.9758698821501629
0.9758618289148403
0.9758843412087801
0.9759006516288561
0.9759015503713822
0.975898957303672
0.9758965133527856
0.975887552971056
0.9758612564120911
0.9758571609703686
0.9758548106596706
0.9758491583608799
0.9758412470849018
0.9758354200542033
0.9758280404377492
0.9758242514622933
0.9758218241108327
0.9758298071033129
0.9758409149882423
0.9758575875244673
0.9758819117445301
0.9758704553704934
0.975878837867657
0.9758706874431966
0.9758745375312251
0.9758510576027991
0.9758740484079184
0.9758833837379819
0.9758992272738575
0.975883044375435
0.9758846008536247
0.9758751568429495
0.9758822058519511
0.9758928444419779
0.9759063413265772
0.9759157252593474
0.9759298907114451
0.9759393909428099
0.9759261961992666
0.9759104295437113
0.975902846563073
0.9758901751682109
0.9758977343227053
0.9758852633520904
0.9758731056662886
0.9758772825202371
0.9758845502995778
0.9758720425493697
0.9758642384747716
0.9758498739280292
0.9758393195278519
0.9758303111484945
0.9758392706086786
0.9758460690262535
0.9758262863571878
0.9758324784902106
0.9758324176220253
0.9758431491837373
0.9758510041114802
0.9758664158872979
0.9758614452742291
0.9758607463389967
0.9758805606169717
0.9758972641051284
0.9758933458135519
0.9758922879151375
0.9758800387347839
0.975882132038633
0.9758763766147299
0.9758631445505443
0.9758706285631574
0.9758634235496166
0.9758615969612333
0.9758670464046224
0.9758585468114715
0.9758532868360476
0.9758466209671008
0.9758539430467535
0.9758471324033778
0.9758454267837464
0.9758272851389915
0.9758479631927366
0.9758465930789052
0.9758561993326541
0.9758485947441033
0.9758418235829266
0.9758501977024197
0.9758531882096196
0.9758324298878983
0.9758502957602144
0.9758479025838716
0.9758466488448015
0.9758435021062654
0.9758466641427359
0.9758428523396111
0.9758393220950744
0.975832137443457
0.9758322210663574
0.9758250887676535
0.9758266880835895
0.9758448699890824
0.9758410429456401
0.9758338987715048
0.9758358148530952
0.975826889564815
0.9758212139688699
0.9758338223732983
0.975800080640859
0.9758231695509577
0.9758245716231241
0.975817838239696
0.9758170484199363
0.9758172273265692
0.9758265139459341
0.975841013519071
0.9758405660871186
0.9758547487164546
0.9758568115248264
0.9758625853826204
0.9758472327624448
0.9758395149791638
0.9758444443765671
0.9758230341351526
0.9758215166395509
0.9758434579982851
0.9758362745665948
0.9758239650303059
0.9758112292671518
0.9758232328909784
0.9758125664042627
0.9758223505067866
0.9758097994773645
0.9758260975610041
0.9758230833340232
0.9758272204948899
0.9758185975038586
0.9758237920283039
0.9758193525611745
0.9758126577967594
0.9758053428180057
0.9757904943322553
0.9757911986401385
0.975767490008146
0.9757536673600443
0.9757621425800908
0.9757654007616295
0.9757778893684312
0.9757910646956373
0.9757994815584924
0.9757960566384505
0.9757997871439312
0.9758161087848672
0.9758291287959631
0.9758383622600321
0.9758425855509847
0.9758438444674354
0.9758506502625147
0.9758569107619627
0.9758459038777262
0.9758449632039148
0.9758402659425821
0.9758471033853073
0.9758476097237643
0.9758489396843557
0.9758580039326138
0.9758498916681116
0.975860294542941
0.9758616201791768
0.9758594212667665
0.9758753073897741
0.9758970969908118
0.9759084249164611
0.9759311129647978
0.975929710550172
0.9759573449026152
0.9759737116810895
0.9759904853027734
0.9759788939849288
0.9759785254072759
0.9759690214331637
0.9759823343849727
0.9759602788435234
0.975957622847972
0.9759792708810631
0.9759721916261491
0.9759762621164288
0.975971878405263
0.9759521538595721
0.975957541943721
0.9759749042560132
0.9759825450694435
0.9759850271239096
0.9759791448345331
0.9759537148237964
0.9759510193681188
0.9759572046694158
0.9759781768753533
0.9759807209522906
0.9759725111921381
0.975976836430611
0.9759700183275577
0.975986293470697
0.9759821836407218
0.9759722761551113
0.9759807474090336
0.97598399815823
0.9759887081224694
0.975974847595284
0.9759605639998453
0.9759549508579888
0.9759418052676467
0.9759310571419879
0.9759145729915609
0.9759238004698124
0.9759251771851448
0.9759278553001918
0.9759132037401563
0.9758928271794487
0.9758840298781489
0.975881776297648
0.9758963730419428
0.9759025965674905
0.9759038808054461
0.9758874494543333
0.975873072409036
0.9758677119049237
0.9758751791761359
0.9758873775175844
0.9758884675969539
0.9758853674639952
0.9758679654850292
0.9758835186771027
0.9758813195236431
0.9758823400506321
0.9758608640264212
0.9758517978700851
0.9758472935299431
0.9758390159745356
0.975837781027393
0.975802972684562
0.975808064194615
0.9757959646233115
0.9758057809914199
0.9758240855325626
0.9758255794548385
0.9758298138042499
0.9758305994928553
0.9758401840134779
0.9758451283475862
0.9758425020052864
0.9758541626144421
0.9758584773277426
0.9758681905823684
0.9758623776359303
0.9758618267758439
0.9758705334901048
0.9758758185614415
0.9758714040027436
0.9758657134518663
0.9758869586250181
0.9758881273128228
0.9758855951301253
0.9758868552379993
0.9758766947393586
0.9758738582405426
0.9758787405274952
0.9758909896526821
0.9758739274850383
0.9758711840727147
0.975865012033515
0.9758716598691591
0.9758754132342623
0.9758813700389148
0.9758701023573957
0.9758733880251422
0.9758619207934575
0.9758774476983132
0.9758748790901085
0.9758859408375455
0.9758904833394626
0.9758973233830598
0.9759009779870285
0.9758957505494406
0.97588803325294
0.9759009517299561
0.9759016337867448
0.9759219940362621
0.9759361904336498
0.9759502951542862
0.9759618543048816
0.9759741802328594
0.9759610677296581
0.9759701728503346
0.9759602874261359
0.9759688974833135
0.975982094164769
0.9759856146991948
0.9759840466147272
0.9759841457641235
0.975986173743756
0.9759997592323281
