0.9457241198517534
0.9691140595186131
0.9721827875464047
0.9773911086271615
0.9789392347371406
0.9787864432999909
0.9797653712456873
0.9796300016466856
0.9803676714667164
0.9808204794148082
0.9803251232469089
0.9799150719426192
0.9791226804694095
0.9792246201342848
0.9793832551466399
0.9796229439035039
0.9798821923456181
0.9805119097214848
0.980006642784721
0.9796964931267769
0.9797241349729642
0.9801302834088583
0.9799576793254384
0.9802633620068149
0.9800267513116793
0.9798254277076559
0.979483806880195
0.9799632754323895
0.9798916663636748
0.9800730038501432
0.9802568519305069
0.9806350530914284
0.9808045878455722
0.9806373851150063
0.980857108956226
0.9808115973324841
0.9808333281257992
0.9808779183478858
0.9809077964179788
0.9808017739155851
0.9807935056669892
0.9808934733156459
0.9809649710243704
0.9809255345870316
0.9807837394772357
0.9807178620322456
0.9810539837124498
0.980920234401647
0.9809304950921324
0.9808128722995627
0.9808366558756647
0.9810271611653797
0.9809811814981597
0.9809377963965608
0.980897452074545
0.9806076798347861
0.980572486654993
0.9806192414476763
0.9808016231970896
0.9806607856548297
0.9806333321155142
0.9806113745562549
0.9806425688596174
0.9805916194027244
0.9806694451418069
0.9806252770544868
0.9806597068924152
0.9805659466699497
0.980615954820583
0.9808142578307892
0.9808648004415141
0.9808040169880913
0.980811009316987
0.9807491351273164
0.9808084382855459
0.9806618732524603
0.9807739132390986
0.9808337334858087
0.9807448865263128
0.9808293946988295
0.9809005793608289
0.9808567957485144
0.9810095570865318
0.9810369083147997
0.9809545027950558
0.9809800295536389
0.9809807140790027
0.9810617766801878
0.9809984785822997
0.9810243939489508
0.9811047656976005
0.9811350561941167
0.9810891677776159
0.9810399690691233
0.9810976335118777
0.980979465814719
0.9809634388966191
0.9809388892936587
0.9809463318362187
0.9809034263276915
0.9809069448671516
0.9809571279218844
0.980925789857638
0.9809887649585114
0.9809640300176361
0.9809248815487274
0.9810152553813751
0.9810589887142693
0.9810684067441772
0.9810665738930665
0.9810657366061715
0.9810373868755203
0.9811022853132191
0.9810930246900055
0.9810697043825521
0.9811451296376823
0.9812286697169607
0.9812916507191306
0.9812661073008017
0.9811590818227398
0.9811532264595716
0.9811566817783149
0.9811563995791939
0.9812339117627848
0.9811990019151201
0.9812366452647525
0.981329504749415
0.9814139859366662
0.9814057348913685
0.9813619903988429
0.9813937147153965
0.9813406018919322
0.9813171316299635
0.9812321429108452
0.9812413948772342
0.9812139730465804
0.9812423085996843
0.9811429680416925
0.9811532051397996
0.9811590895821468
0.9810912910575262
0.9810720971149558
0.9810421375256477
0.9810028474650581
0.9810027606764228
0.9810114024122112
0.9810572688629948
0.9810829567656649
0.981077372401057
0.9810908598845585
0.9810238464520813
0.9809902321998246
0.9809481345700337
0.9809358586238917
0.9809000059376346
0.9808847421145519
0.9808987026930877
0.9808303745308686
0.9807276267320023
0.9807114413278448
0.9807298713867323
0.9807165659300825
0.9807706633286143
0.9807910361741785
0.9808153516022378
0.980811822738912
0.9807847063838684
0.9807265294036628
0.9806607045911059
0.980711759350607
0.9807083860397635
0.9807078906491697
0.9806552722409129
0.9806339455161462
0.9805877131027458
0.9805997812627741
0.9806125156013484
0.9806486827868459
0.9806666921111573
0.9806842820016642
0.9806529922097267
0.9806192362106145
0.9806027442885171
0.9805611661742077
0.9805550357094682
0.9805260572475819
0.9805726454959807
0.9805395288931669
0.980575510839527
0.9805952447204123
0.9806110663216799
0.9806338382837152
0.9806380774427158
0.9806779578719548
0.9806280252206633
0.9806522185959444
0.9806503705404792
0.98067486122471
0.9807092971169182
0.9807305472112516
0.9807735917169926
0.9808056954856424
0.9808245116416179
0.9808085607517892
0.9807525760251319
0.9807373124215626
0.9806902265330109
0.9806186409145075
0.9806081031811847
0.9806143448245022
0.9806041332326882
0.9805728144035565
0.9805790853635402
0.9805852016981769
0.9805956439577324
0.980546360585341
0.980480006017252
0.9805099735012471
0.9804666117670289
0.9804409249748579
0.9804445841345573
0.9804899524940319
0.9805519931411748
0.9805667236217919
0.9805898949593694
0.9805467498264188
0.980455047762053
0.9804353492741813
0.9804321203257477
0.9804600316531933
0.9804414462027102
0.9804361255123986
0.9804197971339683
0.9804556843763027
0.9804635573794339
0.9804495324263012
0.9804178902751804
0.9803940753486737
0.9804323421118069
0.9804433984153357
0.9804890081543634
0.9804737921315413
0.980478617648099
0.9804525714834521
0.9804640265065554
0.9804526550475984
0.9804779712701097
0.980448855707339
0.9804793965196639
0.980491157557265
0.9804858415369676
0.9805260344933961
0.9805280419657595
0.9805174802051769
0.9804966594285588
0.9805001753246786
0.9805608479496358
0.9805303651623111
0.9805534984436807
0.9806016144058965
0.98059881909628
0.9806187737002868
0.9805881170308192
0.9806123405742624
0.9806211142155088
0.98061064601499
0.9805806831535476
0.9805489814447395
0.9805476581563879
0.980576800518425
0.9806183174368606
0.9806209733919284
0.9806104848097442
0.980609121268128
0.9806129692242199
0.9806089048093595
0.9806193895526084
0.9805905495401364
0.9805744647451375
0.9805718429573371
0.9805838021501784
0.9805386562004618
0.980550556521287
0.9805587874638779
0.9805881324568702
0.9805675399173468
0.9805410221794335
0.9805309844535934
0.9805331774868581
0.9805228261778907
0.9805187937711468
0.9805307726289963
0.9805159166057388
0.9805136735687573
0.9805443822032563
0.9805276469051863
0.980567255955334
0.9805296746534176
0.9805026111829671
0.9805065074871684
0.9804608435692238
0.9804611536295703
0.9804725184351589
0.9804709677675387
0.9804664581213343
0.980452510031119
0.9804027422397654
0.9804272970710718
0.9804258943017012
0.9804224338307808
0.9803995911546786
0.9804219266301913
0.9804264459898173
0.980410013588558
0.980425924827408
0.9804150579568528
0.9804245486639079
0.9803825538724438
0.9803620024775972
0.9803810606765453
0.9803746493986338
0.9804087916949825
0.9804400216248859
0.9804004144175322
0.980415904048079
0.9804484663343328
0.9804072504419825
0.9804315977162851
0.9804181813857961
0.980414367697899
0.9803873412584461
0.98042100929491
0.9804105676972285
0.9804061782865036
0.9803923479847869
0.980381019998179
0.9803753898605023
0.9803735386356748
0.9803545421271851
0.9803472740230698
0.9803141910413068
0.980327934078483
0.9803214607947501
0.9803447090552561
0.9803567647267447
0.9803616077654415
0.9803515406842288
0.980381430281104
0.9803932594300306
0.9803884548454948
0.9803938880212031
0.9804145197558641
0.980368801859086
0.9803674502865533
0.9803333711455273
0.9803405975789651
0.9803772371685207
0.9803435000290296
0.9803268093355739
0.9803530831939793
0.9803621872943321
0.9803697434053538
0.980354704897987
0.9803802494557132
0.9804064865833898
0.9804361180515071
0.9804556545811854
0.980424270253638
0.9804202889738027
0.9804280728143844
0.9804303620481054
0.980440619724415
0.9804422274328435
0.98043531112578
0.9804226548134254
0.9804511049877258
0.9804607120129427
0.9804765628139511
0.9804711115372289
0.9804863308873855
0.9804932841546329
0.9804811623825789
0.9804993523300227
0.9804715335354525
0.9804475982463441
0.9804261407633689
0.9804291884930747
0.9804589562796955
0.9804898304800174
0.9805027571952311
0.9804900974388598
0.9804985298870447
0.9805102997013126
0.9805294152658125
0.9805167060695723
0.9805051643618489
0.9804783191228705
0.9804718060060356
0.9804508165009406
0.9804443614140486
0.9804220545904497
0.9804070666090737
0.9803859397553001
0.9803790442407714
0.9803966526183236
0.9804077155634485
0.980404213672995
0.9803894246065495
0.9803928592285189
0.980384850369987
0.9803804218876664
0.9803541858788738
0.9803707483238215
0.9803921936036534
0.980400562140837
0.9803988696345063
0.9803927001284808
0.9804152488528031
0.9804128687678464
0.9804251473131727
0.9804212286528324
0.9804342822638441
0.980470092386911
0.9804790705828738
0.980488188094501
0.9805017376651769
0.9805090739566795
0.9805022888708761
0.980536741682212
0.9805119701604043
0.98049393953346
0.9804781901955897
0.9804404235928559
0.9804510110266553
0.9804483886267382
0.980447427020301
0.9804534319206806
0.9804250015424175
0.9804189105558302
0.9804145760915791
0.9804307046215336
0.9804275195957393
0.9804117821820456
0.9804097423656003
0.9803940502198841
0.9804087399297948
0.9804175172504734
0.9804208294071137
0.9804052643031876
0.9804260839190635
0.9804188818711637
0.9804141402621838
0.9804263064113297
0.9804528009791208
0.9804793360200722
0.9804967652854872
0.9804878263145342
0.9804821728470848
0.9804838362020927
0.9804679381739249
0.9804671695075561
0.9804500911867153
0.980452816749587
0.9804482577286768
0.9804593841785233
0.980467989281536
0.9804923782250747
0.9805109689769496
0.9804904871060761
0.9805084704217331
0.9805258038882109
0.9805168324701173
0.9805265008969785
0.980531368364896
0.9805360779270489
0.9805577261227061
0.9805472505742481
0.9805409983072484
0.9805673264005638
0.9805688466502333
0.9805631985851302
0.9805689495957074
0.9805766381020683
0.9805606444084078
0.9805705064232147
0.9805933187630299
0.9805740252120854
0.9805965833961738
0.9805932321135583
0.9805738034240281
0.9805471692633136
0.9805206296903392
0.9805153960597702
0.9805172185676013
0.9805146850370215
0.9805170305205092
0.9805251757771487
0.9805308921999543
0.9805194330733733
0.9805244371610804
0.9805316436799196
0.9805468351391278
0.9805506558206589
0.9805614503801702
0.98054504890395
0.9805434670831511
0.9805611705442088
0.9805688511933588
0.9805680782641049
0.9805508330425815
0.9805683951956652
0.9805691529812095
0.9805692238032406
0.9805470005555222
0.980558119192741
0.9805604456723963
0.9805632679971739
0.9805564392389917
0.9805488793583517
0.9805657740380194
0.980558689128822
0.9805606873971284
0.9805785852207319
0.9805772634916728
0.9805949642765006
0.9806132037674268
0.980612437088814
0.980601263691266
0.980603584086975
0.9805972273374535
0.9805890457685509
0.980590761836752
0.9805786611251865
0.9805758607163062
0.9805770410955555
0.9805795015589867
0.9805741678772213
0.9805562771981001
0.9805525528698278
0.9805370555662414
0.9805411432518165
0.9805320670426289
0.9805233591972601
0.9805307749067933
0.9805096559741489
0.9805073391578283
0.9805116237238328
0.9804934429293873
0.9804838105043898
0.9804730187164102
0.9804864671297038
0.9804688644643356
0.9804664347491387
0.9804741259629368
0.9804624952755029
0.9804605662125687
0.9804683897822352
0.9804587263169465
0.9804674470282237
0.980455546324235
0.9804423155237512
0.9804323674429283
0.9804476109960341
0.9804378723648677
0.9804450368171169
0.9804438421841531
0.9804515145550682
0.9804559798230473
0.980455019349653
0.9804557721416955
0.9804571005847454
0.9804650829180632
0.9804944311390956
0.9804955080591456
0.980484592377327
0.980481701052454
0.980490324192919
0.9804872470537898
0.9804875259548455
0.980491940356712
0.9804779216645038
0.9804854751074293
0.9804903263416219
0.9804950773580123
0.980501935446823
0.9804880506982883
0.9804891773329312
0.9804931360370918
0.9804942662585666
0.9805058786261586
0.9804930835156704
0.9804793636316756
0.9804790924593684
0.9804908895984041
0.9805031915502129
0.9805110524148312
0.9805189259410617
0.9805184608910895
0.9805340994899822
0.9805440015421978
0.980554001964057
0.9805519825632435
0.980555537790968
0.9805634286724013
0.9805640150036752
0.9805672449460889
0.9805800084590698
0.980582839656289
0.9805784869641835
0.9805856738224238
0.9805917978554669
0.9805854282797735
0.9805893736877723
0.9805744831743549
0.9805733966662835
0.9805592686639568
0.9805637519330801
0.9805568218239773
0.9805661339788736
0.9805876452525326
0.9805999761417482
0.9806019845873057
0.9805731163742331
0.9805738681687424
0.98057826199062
0.9805768232432506
0.9805816917579581
0.9805980373838243
0.9806056063331366
0.9805988160306026
0.9805857907679438
0.9805845267734834
0.980578585774719
0.980577152405246
0.9805680095453594
0.9805759651953535
0.980560816214613
0.9805732200800834
0.9805718294210011
0.9805897898131507
0.9805842856864898
0.9805798504260563
0.9805796722588231
0.980567086893846
0.9805763414942354
0.9805721744130429
0.9805449212611014
0.9805500442654798
0.9805449650285559
0.9805539973134663
0.9805426795093254
0.980536288492866
0.9805081211917782
0.9805020574146899
0.9804997361888508
0.9805033652181636
0.980512000990801
0.9805151957687898
0.9805117296031334
0.9805192678031509
0.9805216013229042
0.9805326350694076
0.98054680818214
0.9805396812224468
0.9805492506805924
0.9805583616269445
0.9805628611599386
0.9805905091869418
0.9805910559119358
0.980588497611417
0.9805887318491192
0.9806150280395097
0.9805974500704165
0.9805912948590524
0.9805800682493327
0.9805706626970473
0.980583250252468
0.9805676048495101
0.9805573127179358
0.9805524359982362
0.9805509556452386
0.9805607108299473
0.980548252004454
0.9805537159630064
0.9805612617792097
0.9805778915313372
0.9805903726057129
0.9805865063436291
0.9805854409887127
0.9805833729765171
0.9805881010493136
0.9805821395357294
0.9805806917334656
0.9805793353004751
0.9805715439464585
0.980557813112723
0.9805436833812632
0.9805371905323548
0.9805486885295387
0.9805588095690821
0.9805628332211437
0.9805751491068986
0.980573631143737
0.9805874378042199
0.9805865373851687
0.9806110751051925
0.9805961629369178
0.980600855441058
0.9805935002238311
0.980575850030355
0.980574409892708
0.9805732321736997
0.9805866778712893
0.9805843182873127
0.9805823285931736
0.9805727168679209
0.9805719758882017
0.9805711196364296
0.9805725157570293
0.9805661306920421
0.980552342369319
0.9805627616949163
0.9805558576758152
0.9805549417239455
0.9805364273268743
0.980533557815501
0.9805355022381018
0.9805385376427088
0.9805295761759502
0.9805307928248014
0.9805263229522315
0.9805336540690271
0.9805306427132692
0.9805194488157867
0.9805201780161674
0.9805271035383331
0.9805334289410111
0.980539466608708
0.9805365875300903
0.9805309714289885
0.9805321245112772
0.9805358405745587
0.9805344939937576
0.9805265404232195
0.9805176563917458
0.9805075677745473
0.9805047383486551
0.9805107023233152
0.9804977443028081
0.9805029241649326
0.9804967348151823
0.9804808606657422
0.9804711311833396
0.980468856460549
0.9804725172566764
0.9804672607897158
0.980464780708126
0.9804660043256564
0.9804652941555481
0.9804658953497336
0.98046737966223
0.9804737208150717
0.9804769411545863
0.9804752249897335
0.9804752981213182
0.9804826838146488
0.9804746670038057
0.9804707736289077
0.9804679669223312
0.9804555445374202
0.9804557313661347
0.9804604154911408
0.9804686535077733
0.9804647055551639
0.9804660500487412
0.9804538501373633
0.9804447035547489
0.9804396286637619
0.9804333211578188
0.9804330521270467
0.980435790992753
0.9804325501824096
0.9804371183975907
0.9804285835639066
0.9804139315694955
0.9804252317079689
0.9804236125952599
0.9804217100698209
0.9804222333071426
0.9804190607163192
0.9804308166399497
0.9804387585519259
0.980448547519448
0.9804458718623495
0.9804488854282863
0.9804562833148464
0.9804501139702079
0.9804353305047521
0.9804356140596391
0.9804517063767734
0.980445397136431
0.9804431513272885
0.9804411248738496
0.9804370764141227
0.9804297522845393
0.9804224557593492
0.9804237120500446
0.9804148093496885
0.9804252324731063
0.980428367133668
0.9804211792659149
0.9804237533677732
0.9804210774546334
0.9804167612293504
0.98041774802878
0.9804317351571178
0.9804282235333674
0.9804162480705327
0.9804113857593189
0.9804011143609838
0.9804135366701655
0.9804086511307115
0.9804030236318017
0.9804078141060842
0.9804047871846232
0.980393617615123
0.9803964320146937
0.9803956235299106
0.9803941742953354
0.9804032391227572
0.9804107455507951
0.9804200687202843
0.9804196059865935
0.9804055309627762
0.9803945737378962
0.9803840422579477
0.980378310207846
0.9803764028322445
0.9803834463953084
0.9803878243592514
0.9803905009437656
0.9803846445033391
0.9803892204303141
0.9803971381697064
0.9803982460973951
0.9803850553818749
0.9803812572810741
0.980402927272264
0.980393046864623
0.9804003992545522
0.9804160286142741
0.980415432797039
0.9804232432071167
0.9804256253097111
0.9804344550380907
0.9804288872546787
0.9804336222215407
0.980432764850761
0.9804376654774107
0.9804353306550173
0.9804353034243453
0.9804413653869837
0.9804378770454719
0.9804419051677865
0.9804412023956863
0.9804516138700381
0.9804516511664165
0.9804466197901981
0.9804550214912258
0.9804630431017404
0.9804790273450253
0.9804824425876977
0.9804857353363993
0.9804947332331518
0.9804943828439195
0.9804917106391496
0.980486732801032
0.9804849420763353
0.9804792089130188
0.9804755816247438
0.9804669914608861
0.980469668270498
0.9804774138709627
0.9804727918354844
0.980472007238142
0.9804613189597954
0.9804534230117399
0.980454203247937
0.9804644964275568
0.980466477642208
0.9804596285500622
0.980454062085813
0.9804472460812298
0.9804429529943631
0.9804388319279606
0.9804437751481517
0.9804431238942971
0.980438906826719
0.9804288035460265
0.9804259980272091
0.9804335586340159
0.9804265561503187
0.9804297618877473
0.9804255391442577
0.9804377818229386
0.9804404030905417
0.9804228844911768
0.9804274193818354
0.9804355614585966
0.9804333768320539
0.9804306738944332
0.9804323178851261
0.9804381490405576
0.9804268932126388
0.9804309290090836
0.9804412164582403
0.9804351545050212
0.9804354467941062
0.9804348748115824
0.9804370813092085
0.9804371899826999
0.9804462758589565
0.9804473252540126
0.9804585549031234
0.980455726802997
0.9804490123515062
0.9804509993325945
0.9804443831419087
0.9804345793972798
0.9804367287097706
0.9804394122201745
0.9804411598448307
0.9804526020239198
0.9804441095965145
0.9804327014820978
0.9804420837402075
0.9804356094320571
0.980429418470165
0.9804252821436164
0.9804316538121151
0.980436839091453
0.9804345429223625
0.9804329903567713
0.9804296291805261
0.9804261776641982
0.9804315094306454
0.9804434460054124
0.9804347512453616
0.9804305691587974
0.9804244338996839
0.9804282370505709
0.9804282241888088
0.9804254746369595
0.9804297738354032
0.9804238111013289
0.9804322950365081
0.9804405822103173
0.9804363864818981
0.980424890907047
0.9804209947452819
0.980415723803935
0.9804135476445913
0.9804145262039318
0.9804235739035474
0.9804167107917008
0.980421786064311
0.9803997194869191
0.9803967608755595
0.9803866104190725
0.9803813379390043
0.9803801442539646
0.9803895202341597
0.9803942492423694
0.9803962068786731
0.9804023085262377
0.9803964707843363
0.980391636830807
0.9804008245161983
0.980405460279663
0.9803983060832772
0.9803992234402831
0.9803889115583599
0.9803827601141057
0.9803772660042003
0.9803745322774652
0.9803765653860445
0.9803751389637984
0.9803831287007571
0.9803892199508283
0.9803826467040316
0.9803668138058571
0.9803662368623931
0.9803696765451699
0.980374989583645
0.9803781472787685
0.9803883167931228
0.9803811864452805
0.9803854229166836
0.9803827696907476
0.9803849405419177
