0.9508021873091143
0.967490558128498
0.969602278891525
0.9746504977160179
0.9749620310267069
0.9779642505519556
0.9780873676322819
0.9793306289991345
0.9799220582960669
0.9807067819369517
0.981368542374606
0.9811132177313073
0.9806607623001616
0.9812856138995356
0.9820761615512531
0.9821560777211333
0.9825503738343792
0.9827002659038084
0.9825743801692214
0.9824038165039916
0.982471586663364
0.9827831663784362
0.9830348644979188
0.9832278687080191
0.9829557115365012
0.9827516699486235
0.9825600958593077
0.9824769670766499
0.9823755579432135
0.9824171928913404
0.9823205942392993
0.9820577218347591
0.9819654963613178
0.981912267360604
0.9822362590116374
0.9821650520621235
0.9822757694048757
0.9822279743653638
0.9823604847299979
0.9821835681055323
0.9822414262152956
0.9824057507348274
0.9823272943425508
0.9823127929941227
0.9824737230347241
0.9825000463098678
0.9825741250081398
0.9824715141326217
0.982325652423988
0.9823947744880748
0.9825164004096092
0.9827067593543815
0.9826823718110983
0.9827957541962206
0.9826248926460751
0.9824525191378929
0.9824396060744194
0.9825061042242763
0.9826559047082993
0.9826570802867007
0.9825804464915382
0.9824659189914282
0.9823307574260293
0.9823706464685648
0.9825253851355871
0.98257987338174
0.9825931573619174
0.9824512951543816
0.9824197572161523
0.9825789575112532
0.982575695647114
0.9825920834101083
0.9826831060507435
0.9826889797442965
0.9826270557202701
0.9825392985864762
0.9826054295883019
0.9827439701629526
0.9828209390352564
0.9829774844408989
0.983001180953536
0.9829594435978972
0.9829267790342407
0.9829752090542305
0.9829375191894907
0.9829963362272155
0.9829813421189191
0.9829150330413253
0.9829697036804856
0.9830418589098296
0.9829894884367317
0.9829608704544384
0.9830175859249504
0.9829021249148795
0.9828587918127378
0.9827910819121959
0.9828741944004203
0.9829001341724585
0.9829880680207285
0.9831210841717909
0.9831317639235014
0.9831414638639624
0.9830852445863484
0.9830218448743926
0.9830686597576831
0.9830842562360682
0.9831256203796755
0.9831590145115524
0.9831421204191065
0.9831454868629087
0.983216390636949
0.9832418406434728
0.9832583963628958
0.9832689546366656
0.983231333812092
0.9832466934888144
0.9833002305437002
0.9834075676186057
0.9833768041829334
0.9834467500120911
0.9834173362887471
0.9834477934346515
0.9834043637941616
0.9834986557338967
0.9834890322285258
0.9835045537522579
0.9835095528211748
0.9834978379158279
0.9835270634815743
0.9834952678656266
0.9834488857623144
0.9834356899518044
0.9833488427397262
0.9833319950727566
0.9834181356541299
0.9834286302050023
0.9834598934343697
0.9834150006802288
0.9834010868542419
0.9833959821156136
0.9833312027147318
0.9833283854887045
0.9833048514951497
0.9832881588759179
0.9832871814059461
0.9833482372868053
0.9833395038876607
0.9833435130547342
0.9834202574083846
0.9834404423395776
0.9834085548818765
0.9834548062591609
0.983423945221458
0.9834037465804889
0.9833434053090077
0.9833208606749113
0.9833444677590567
0.9833416781659188
0.9832473690410886
0.9832682724646102
0.9832720368207344
0.983325829039474
0.9833777281594406
0.9833571949972388
0.9833402316962238
0.9832823411487662
0.9833133879866008
0.9832879126756126
0.9832212930276116
0.9832186683829742
0.9831843086208262
0.9831706019490623
0.9831596083763068
0.9831425040069158
0.9831337777089284
0.9831191638504293
0.9831553334244696
0.9832573534914354
0.9832485183605281
0.9832446242955017
0.9831821947318368
0.9831852380309852
0.9831727057050872
0.9831443657240392
0.9831201602266574
0.9831290591501586
0.9831020731140478
0.9830763510727268
0.9830127604288131
0.9829974044869002
0.9830057965063898
0.9830234680850383
0.9830742948453596
0.9830885706724859
0.9831194111074522
0.9831676875492791
0.9831251900323295
0.9831152423325094
0.9831168736804058
0.983132035258774
0.9831722320823046
0.9832058194403349
0.9832404558598739
0.983256476453861
0.9831950785992825
0.9831824166610478
0.9832004295823896
0.9831168537359547
0.9830929902324
0.9830894743942783
0.983084880455766
0.9830943395718236
0.9830879768919435
0.983092352808591
0.983100917646992
0.9831430811417808
0.9831221440423158
0.9830832348855524
0.9830258195967689
0.9829917519382824
0.9829939007470341
0.9830306491995907
0.9830426117263285
0.9830271861457465
0.9830406570994314
0.9830425595619039
0.982999200407597
0.9829815556492899
0.9830317463433096
0.9830759558627238
0.9830627977779881
0.9830240704460421
0.9830298464930605
0.983073293352977
0.9830712399283688
0.9830615854641717
0.9830284562399724
0.9830293762420156
0.9830312664500827
0.9830547425547814
0.9830615846523987
0.9830916026061429
0.9830845854096787
0.9830665089716786
0.9830624694916508
0.9830617837482573
0.9830744687038605
0.9830679835770288
0.9830771839908425
0.9830906914525479
0.9830668703218145
0.9830626021400665
0.9830818412989495
0.9830970932349823
0.9830923458190152
0.9831280730686904
0.9831392661029368
0.9831572897835721
0.9831602002740604
0.9831749869768062
0.9831891685805318
0.9831829392733806
0.9831577470625231
0.9831532824139119
0.9831442044808693
0.9831427821112825
0.9831041111602173
0.9831169793676372
0.9830999085847331
0.9831049016850592
0.9831305094083322
0.9831245842797572
0.9831180829211768
0.9831010733450296
0.9830991564235387
0.983116568732155
0.9831234967380276
0.9831001879800927
0.98311863200387
0.9831381792770351
0.9831090333669981
0.9830835861298813
0.9830748994919881
0.9830508673466496
0.9830803477584569
0.9831038659014061
0.9830860086466366
0.9830714076017552
0.9830512036701642
0.9830168144579388
0.9830010275377772
0.9829982776687831
0.9830093774135509
0.9829957949082709
0.9829917222614533
0.9829606411585189
0.9829503332634475
0.9829222105318108
0.9829077425353304
0.9829188699622567
0.9828817288806105
0.9828744518246544
0.9828835909580564
0.9829157364870295
0.9829124361470749
0.982911420420046
0.9829008356024266
0.9829411961454475
0.9829264804507282
0.9829338414741267
0.982916769906068
0.9829295323969967
0.9829055901477486
0.9829157935113617
0.9828714355959741
0.9828474590284394
0.9828709899971121
0.9828352087007858
0.98284668548848
0.9828548034140607
0.9828588198780911
0.9828726393529811
0.9828734032286652
0.9828717449699778
0.9828746891758119
0.9828730574174925
0.9828498467722145
0.982840457131892
0.9828539478635441
0.9828277729554454
0.9828343282021197
0.9828485980156145
0.9828449986417459
0.9828560634337987
0.9828478607949612
0.9828513112277912
0.982839264437568
0.9828341388030679
0.9828220210321813
0.9828348298728021
0.9828221877409189
0.9827883101290976
0.982816412950368
0.9828458635859839
0.9828684138302305
0.9828896081903753
0.9828907467223243
0.9829081827096217
0.9828944114291497
0.9828797946218684
0.9828643663963171
0.9828431661730732
0.9828241228293664
0.9828160725390898
0.9828335877230484
0.9828122800496354
0.9828107684482387
0.9828106905207611
0.9828010766190933
0.9828263387410402
0.9828072670895607
0.9828106331558498
0.9828118818337458
0.982816912753184
0.9828173347475668
0.9828352461502046
0.9828376241142441
0.9828457523313978
0.9828462697616347
0.9828379941017605
0.9828085708253731
0.9828102903784501
0.9828156479707145
0.982802778137179
0.9828270820475354
0.9828360071375047
0.9828423019606604
0.9828491144421997
0.9828495905521902
0.9828438839334825
0.9828376883914749
0.9828245906805738
0.9828138461559353
0.982796816478719
0.9827667695727079
0.9827802088648323
0.9827912483147442
0.9827970163220496
0.9828165333671857
0.9828141350418877
0.9827884509517827
0.9827786649694354
0.9827564081474038
0.9827701689281342
0.9827360185164189
0.9827193960902213
0.9827292112422823
0.9827049571651928
0.9826778290712976
0.9826740084588503
0.9826850010952598
0.9826558976251525
0.9826622986988913
0.9826620872428552
0.9826566018287637
0.9826454498872742
0.9826585142179513
0.9826608622246394
0.9826524587982665
0.9826700154248361
0.9826480191561419
0.9826278541733496
0.9826425585140809
0.9826723741452565
0.9826627406357428
0.982623917357344
0.9826312629625978
0.9826240658356609
0.982593369634731
0.9825979824315086
0.9825762966084954
0.9825686958499928
0.9825875471732107
0.98260542468871
0.9825969222460031
0.9826169636432189
0.9826281095128291
0.9826180968681222
0.9826365287160891
0.9826356375875295
0.9826266674103468
0.9826061598292405
0.9826166591060528
0.9826173155507425
0.9826011550602447
0.9826032323378052
0.9826022157231873
0.9825815100863633
0.9825914323526047
0.9825962261165063
0.9825887864856988
0.9825924150970455
0.982581890683358
0.9825607535569377
0.9825664153203624
0.9825780628748623
0.9825957766164489
0.9825981032241254
0.9826074421989385
0.982613159823341
0.9825794977367037
0.9825878984924623
0.9825889458511666
0.982588791845881
0.9825938233379313
0.9826088041571194
0.9826278890549295
0.982631129706351
0.9826309501996277
0.9826111990760311
0.9826173703743928
0.9826047980039339
0.9826017872648172
0.9825875216083069
0.9825996616792527
0.9826112892790589
0.9826356300546868
0.9826433675472069
0.9826220888068306
0.982620161961983
0.9826272147541707
0.9826215106711004
0.9826479703007721
0.9826508486081765
0.9826601756512569
0.9826798637167605
0.9826889940781266
0.9826896059172403
0.982696751678281
0.9827005396381322
0.9827028099617806
0.982699579913474
0.9827004398542433
0.9826625960924702
0.982659316227603
0.9826557893228609
0.982662399258762
0.9826843202340304
0.9826900327994927
0.9826781900586745
0.9826629907187628
0.9826431101247022
0.9826564618947062
0.9826546237921018
0.9826531442624203
0.9826665361411365
0.9826556598734625
0.9826498764546598
0.9826386146172669
0.9826464548825748
0.9826399775422726
0.982662387798969
0.9826642294863909
0.9826665567957417
0.9826737407451016
0.9826717830198248
0.9826729244414251
0.9826812181814867
0.9826899149894769
0.9826748274195874
0.9826736082358865
0.982675141467012
0.9826685031612885
0.9826668350372676
0.98266483582367
0.9826614958981856
0.9826590051029885
0.9826550324280053
0.9826316048294715
0.982625219913237
0.9826151050509425
0.9826241081852867
0.982623172882916
0.982630744950664
0.9826499020569133
0.9826670451116748
0.9826538249041994
0.9826401304803855
0.9826308852154799
0.9826447395996485
0.9826394189437208
0.9826438483400226
0.982633129090114
0.9826264397707885
0.9826286946856123
0.9826250949749268
0.9826288419850142
0.9826176566345496
0.9826144200315774
0.9825977011841476
0.9825972505632654
0.9825887743639476
0.982588478903961
0.9826148315287714
0.9826149363817889
0.9826155782199969
0.9826018496915259
0.982593097336506
0.9825868895548701
0.982579101222131
0.9825913057583149
0.9825704791992685
0.9825762183028989
0.9825910520765996
0.9825785071335761
0.9825827611694363
0.9825626383580621
0.9825670826878987
0.9825724259469996
0.9825793093704841
0.9825781233692403
0.9825728800575861
0.9825894505860351
0.9825770206066343
0.9825904351105522
0.9825952547585676
0.9825951256574308
0.9825942123982189
0.9825948660952982
0.9825952081041616
0.9825925993902984
0.9825958913920821
0.9826209740693359
0.9826435090501687
0.9826414384955651
0.982625429913235
0.9826265080143325
0.9826367838155987
0.9826378916859074
0.9826310657386436
0.9826260490398879
0.9826231130745278
0.9826195314301106
0.9826080145703611
0.982615219753271
0.9826007195235485
0.9825939479324519
0.9826081929055136
0.9826173634743596
0.982620777818785
0.982615099359143
0.9825978032999795
0.9825891975695179
0.9825818960800461
0.9825818620825476
0.9825888064472061
0.982596049838297
0.9825810254997179
0.9825858011023147
0.9825901459107345
0.982593739460411
0.9825779629803206
0.9825704945380893
0.9825594364915762
0.9825480811990184
0.9825402403138844
0.9825336812151011
0.9825464330304621
0.9825503706536342
0.9825637110500051
0.9825511389834388
0.9825550528268963
0.982547972813934
0.9825405066712356
0.9825433770452042
0.9825417721893497
0.9825498199743895
0.9825607715976026
0.9825706279270402
0.9825708591244785
0.9825620027647272
0.9825548586677918
0.9825396353120008
0.9825408928071675
0.9825231153266013
0.982530665249264
0.9825240369275527
0.9825241777121086
0.982533145877653
0.982540849914332
0.9825485137139662
0.9825536894460459
0.9825419643423906
0.9825378389990633
0.9825304489769721
0.9825374046076027
0.98254425306709
0.9825516866143436
0.9825404950474584
0.9825419492335936
0.9825378215757558
0.9825483276576292
0.9825411449580895
0.9825385433989273
0.9825408205947223
0.9825501763391618
0.9825342172652244
0.9825277082584415
0.9825189497038628
0.9825168614367368
0.982502453499385
0.9824994608948996
0.9824884305324049
0.982475019975785
0.982493145010876
0.9824949034184449
0.9825013660835062
0.9824965424662938
0.9824936303237464
0.982500900505944
0.9825041814501577
0.9825130231661554
0.9825201550348761
0.9825084626008644
0.9825027848374857
0.982507934845235
0.9825053461234379
0.9825223793965921
0.9825107515802926
0.9825168792378063
0.9825093009894071
0.9825126810070512
0.9825107435516975
0.982501347621331
0.9824999597542701
0.9825098933537944
0.9825152519580179
0.9825038024273486
0.9825068006037505
0.9825142361357792
0.9825136328243762
0.9825338512868096
0.9825234855832179
0.982533504383624
0.9825372372129582
0.9825411569110688
0.9825344225868458
0.9825383664645332
0.9825329880689381
0.9825351875014977
0.9825311070001927
0.9825289504952376
0.9825146469646904
0.982515683539768
0.9825122243154107
0.9825091801382585
0.9825078674613653
0.9825027438437336
0.9825037441520796
0.9825086090463867
0.9825120012398105
0.9825113368289998
0.9825068456370791
0.9825219661890638
0.9825190528228881
0.9825315587076077
0.9825362091781932
0.9825452549020582
0.9825355069647002
0.9825338923582333
0.9825294910445002
0.9825207713254034
0.9825290070288747
0.9825277374214632
0.9825244751204792
0.9825039108253283
0.9824950330727065
0.9824879566102279
0.9824794680778524
0.9824777803658983
0.9824828477816532
0.982494809572829
0.9824803345088328
0.9824706669540215
0.9824634272032271
0.9824719982181783
0.9824696356175674
0.9824609871136101
0.9824522068562218
0.9824438637228948
0.9824478388554401
0.9824492724442563
0.9824563223783518
0.9824420916517993
0.9824453267620629
0.9824464498985709
0.9824632452014452
0.9824576284732377
0.9824643396308766
0.9824720752261046
0.9824611760802361
0.9824639329193475
0.9824632838159538
0.9824705404816945
0.9824826918053154
0.9824781564366133
0.9824754238237344
0.9824839575702277
0.982474060662989
0.982478328724019
0.9824723366784659
0.9824730900935748
0.9824704147358333
0.9824659428597173
0.9824743212192134
0.9824708399736376
0.9824722986006904
0.9824740005670825
0.9824742341556636
0.9824770155350137
0.9824714911294009
0.9824590099728925
0.9824621889083228
0.982459204223441
0.9824580007670619
0.9824691220340848
0.9824698831322806
0.9824702289286851
0.9824691103848303
0.9824652731252846
0.9824573395965618
0.9824433954569485
0.9824526681640879
0.9824595044713206
0.982470097269215
0.9824824606374131
0.9824796119157067
0.9824711999718746
0.9824690839964417
0.9824702941961923
0.9824649756772472
0.9824605846436366
0.9824583440317496
0.9824537389408827
0.9824555806779333
0.9824512282283739
0.9824523180070298
0.9824418636473756
0.9824313751517169
0.9824136504618934
0.9824134947392125
0.9824148817511065
0.9824166605401142
0.9824179135503069
0.9824122886545595
0.9824122750740688
0.9824139798676106
0.9824296333970515
0.9824242052037316
0.982432510052189
0.9824291616655448
0.9824266324618274
0.9824292892940641
0.9824372296535062
0.9824468525148574
0.9824457690421755
0.9824567698118357
0.9824544047972633
0.9824430088370925
0.9824409977975301
0.9824329815345084
0.9824370326217525
0.982428945359236
0.9824225904923731
0.9824253642916064
0.9824368813132283
0.9824320642494435
0.982422953992838
0.9824146572890653
0.9824195776149883
0.9824330046911364
0.9824301629827863
0.9824312094426179
0.9824303054174477
0.982435855447671
0.9824242020795039
0.982433009324603
0.9824349719667685
0.9824422075971174
0.9824465542384571
0.9824551729536133
0.9824501165335608
0.9824516447812083
0.982442784569261
0.9824411625050804
0.982441637118145
0.9824275800649109
0.9824386912327149
0.9824364345723798
0.982438789178106
0.9824417762045589
0.9824533411938656
0.9824461621496369
0.9824575317644442
0.9824656486363591
0.9824594141190948
0.9824571831166924
0.9824709923519973
0.9824637945288247
0.9824636303017696
0.9824694027492874
0.9824865562268725
0.982488996496977
0.9824997659039111
0.9824976405922297
0.9824798993086036
0.9824910405774998
0.9824951057194101
0.982502244714809
0.9825088088486152
0.9825110690594008
0.9825204320797258
0.9825127241527425
0.9825167027211674
0.9825068415122049
0.982516592129576
0.9825180748542461
0.9825237497507266
0.9825224941428832
0.9825244486593305
0.9825285346900874
0.9825159481244151
0.9825132480891154
0.9825123380183536
0.9825091413749881
0.9825110532952427
0.9825186982793763
0.9825052107814677
0.9824930784951386
0.9824981856412117
0.9824967094616381
0.9824981638566467
0.9825083716794634
0.9824992772343428
0.9824861352860451
0.9824966544083031
0.982488093041318
0.9824841079250572
0.9824812114528805
0.9824722783591687
0.9824601024098276
0.9824696944094589
0.9824644016491507
0.982461126185967
0.9824583560260185
0.982444127186508
0.9824340481922202
0.9824289083878799
0.9824303517697569
0.9824244018664362
0.9824343705082698
0.9824236326967123
0.9824140046978617
0.9824066832466831
0.9824089618863908
0.9824164396055973
0.9824031262573767
0.9824022672409655
0.9824072858958972
0.9824003205130899
0.9824000852445477
0.9824042782814391
0.9823942156464146
0.9823776341112239
0.9823865030302198
0.9823830589903807
0.9823741152217862
0.9823885302841864
0.9823956964673908
0.9823877339440006
0.9823963121066809
0.98239578122397
0.9823949677022069
0.9824021452527052
0.9824078244384942
0.9824010513296404
0.9824005716288134
0.9824016645236795
0.982400411253043
0.9824064551411484
0.9824250331094623
0.9824304468390483
0.9824254102948194
0.9824222411823527
0.9824214986236651
0.9824219167832777
0.9824215319032479
0.9824233511008788
0.982427884057875
0.9824288536930114
0.9824315758625314
0.9824265652486597
0.9824279444741393
0.9824291841244693
0.9824292704219187
0.98243005983031
0.9824363595760355
0.9824219461473629
0.9824164290863655
0.9824155010338457
0.9824252894647529
0.9824279861945647
0.9824353362666238
0.9824373374644498
0.9824309576994454
0.982429149576016
0.9824368240353396
0.9824401764521898
0.9824215644585925
0.982419674261489
0.9824158348593045
0.9824258272180674
0.982418163051572
0.9824215127305407
0.9824252230854432
0.9824395690799693
0.9824265991409566
0.9824250833323862
0.9824170016015452
0.9824227035042593
0.9824208076539851
0.9824292344925908
0.9824472349250003
0.9824413991717093
0.9824369476275129
0.982439224641645
0.982441801697719
0.9824452281274118
0.9824504336497744
0.9824477007929329
0.9824551247752756
0.982443697467365
0.9824412313746583
0.9824428183522038
0.9824443975091002
0.9824473388722854
0.9824455029695551
0.9824469174978622
0.9824513995268221
0.9824433248931703
0.9824344756000795
0.9824367941854767
0.9824387896125482
0.9824446108083321
0.9824555848407883
0.9824617188583069
0.9824608644594376
0.9824627290046261
0.9824562154587952
0.9824514941563782
