0.9422779539305103
0.9654271286299358
0.9708788884927725
0.9743719648248417
0.9770088610606815
0.9769028179815625
0.975962137675336
0.9749669305663713
0.9771202210904991
0.9783034210862176
0.9788643257905564
0.9791307326970001
0.9795653904711198
0.979507385536022
0.9793014718579736
0.9792392327662768
0.9798842154528401
0.9795798846449318
0.9791321917196548
0.9794683376189598
0.9796804814226472
0.979954317750875
0.9797145253734789
0.9800400822649834
0.9803258920718355
0.9798112052525558
0.9793425028791304
0.9797925134001377
0.9795339141186414
0.9794623107533968
0.979389987377606
0.9797494691341635
0.9799738290186047
0.9801932812308327
0.9800988369037117
0.9803088481694597
0.9803161399205328
0.9801519556764198
0.9803185431346737
0.980356377774918
0.9804958568069583
0.9804339169543287
0.9805685237561685
0.9804449234337621
0.9803673143393766
0.9804508833814441
0.9807282226188667
0.9806631012069991
0.9805457952459027
0.9804949923769583
0.9805360592644567
0.9807226928233209
0.9807786078943357
0.9807798711037308
0.9808017877078784
0.9807538803814093
0.9806239357810165
0.980777639461123
0.9806357494058631
0.9805034126332233
0.9805259449440112
0.9804765028699254
0.9806282794750025
0.9806679986973271
0.9805856556496724
0.9804385822544451
0.980481061431203
0.9804165047330615
0.9804894034328211
0.9805494419092854
0.9804959062753514
0.9803460951323335
0.9803584024104623
0.9804662634561208
0.9804610299328151
0.9803638776728859
0.980336991389342
0.9804027031684923
0.9803046126800942
0.9801238443539684
0.9802109489506334
0.980275681588378
0.9803176552121118
0.9803018546593446
0.9802436298014425
0.9802671763219477
0.9802552057597319
0.9802757591159716
0.9803151695787327
0.9803736949877857
0.9805097945729139
0.9803130998013054
0.9802677556862841
0.9802249286768755
0.9802698190010374
0.9802445934198809
0.9802934731833228
0.9803195816660271
0.9803741534701454
0.9803341497740816
0.9803231452645803
0.9803915213594558
0.9803014676030203
0.9803476548746358
0.980366021058689
0.9802988784937384
0.9802911233252657
0.9802582046725186
0.9803184240822506
0.9803312855631134
0.9803363982785378
0.9802507430768199
0.9801053914024953
0.9801777512380077
0.9802231195566676
0.980263027370517
0.9802270296763901
0.9802222331640834
0.980180418725588
0.9801571391396577
0.9801858032464686
0.9802367712241912
0.9802945972082441
0.9803880956670955
0.980346960048114
0.9802782154310972
0.9802641201200424
0.9803162250606642
0.9803108142815391
0.9802414887725677
0.9801965184016047
0.9801611753145922
0.9802134533096314
0.9801916664544238
0.9802078517023404
0.9801719549063858
0.9801307755216515
0.980167859284395
0.9801001653936907
0.980083692628204
0.9800859194243084
0.9800247436164464
0.9800066164695139
0.9799846784822648
0.9800060979036519
0.979998193468973
0.9800294003217978
0.9800179620841518
0.9799885930463682
0.9799704536363164
0.9799290773177355
0.9799325882334753
0.9799555956215654
0.9798949793209037
0.9798720547533284
0.9798913103885006
0.9798904073369301
0.9798346770190043
0.979751086126631
0.9797712285629296
0.979783163020669
0.979718096673285
0.9797261664944796
0.9797157739699077
0.9797184932274334
0.9797024977271068
0.9796699816081322
0.979632852652455
0.9796327480754157
0.9796356179337483
0.9796107221127137
0.9796258476756167
0.9795730746747479
0.9795318815114545
0.9794686128624148
0.9794820595521512
0.9794956006535246
0.9794837110374833
0.9794412750444836
0.9794437197979979
0.9794549659596448
0.9795120186645259
0.9794847967529677
0.9795254809811882
0.9795437050224459
0.9795235631428135
0.9795541529379925
0.9795563812660476
0.979572358978787
0.9795342541103507
0.9795439216873975
0.9795735967762755
0.9795910279982801
0.9796141098992422
0.9795801353586879
0.9795305366699231
0.9795535336944464
0.9795577615677105
0.9795932447480801
0.9796019971129972
0.9795523064451557
0.9796321867500695
0.9795902274259282
0.9795687533106481
0.9796090701733474
0.9795299545508652
0.9795304588706214
0.9794647076492589
0.9795149086671077
0.9795324461643439
0.979480733734152
0.9794525927756392
0.9794809238290322
0.9794473041703704
0.9794720215420346
0.9794746659235827
0.9794002878426045
0.9794626541048422
0.9794771424064141
0.9794531166176825
0.9795067293132468
0.979520280476119
0.9795918455913023
0.9796178918616798
0.9796664645534049
0.9796342789803053
0.9795724626619385
0.9795654466203344
0.9795550150628531
0.9795597888615571
0.9795417449002963
0.9795332387679399
0.9795598996229413
0.979590585489991
0.9796085915864367
0.9796373754888856
0.9796217832208661
0.9796038771941541
0.9796143067460981
0.9796332271680346
0.9796440549487555
0.9796541892593622
0.979633075943932
0.9796629053844969
0.9797136468331069
0.9797511874607867
0.9797532272750047
0.9797405519131606
0.9797069215493962
0.9797268711716127
0.9797015369802271
0.9797517239897727
0.9797533295716316
0.9797134700359039
0.9797288868200517
0.9796718207594299
0.979616615453218
0.9796098334934353
0.9796044547895947
0.9796089727697621
0.9795897011489093
0.9795724392288754
0.9795452378857119
0.9795649741883518
0.9796111779267519
0.9796149334637747
0.9795893244948635
0.9796032269045082
0.9796360202687188
0.9796343669307637
0.979649033331374
0.9796644083412438
0.9796510963067169
0.9796508273594132
0.9796723528810786
0.9797010836056337
0.9797051509700582
0.979706296163684
0.9797055390709221
0.9797046224867859
0.9797043268893966
0.9796758755782111
0.9797100273602062
0.9797241520783435
0.9797009591466126
0.9796849273792202
0.9796819031423781
0.9797052588233692
0.9797224778773682
0.9797298865587003
0.979714369983829
0.9797447744283545
0.9797779157195902
0.9798008748411833
0.9798154053682638
0.9798201711387309
0.9798372751790444
0.9798147343235629
0.9798417345883482
0.9798487878254172
0.9798194212482734
0.979823262573603
0.9798384012943062
0.9798370741264064
0.9798323237948704
0.9798166734000379
0.9797714690520608
0.9797511705694781
0.9797360686660556
0.979735196762289
0.9797289304858863
0.979723641417398
0.9797484012969901
0.9797352483587273
0.9797457239227124
0.9797443533233628
0.9797415315218745
0.9796914593267428
0.9796430997702442
0.9796230485149837
0.9795942404587323
0.9796432926560757
0.9796507441622675
0.9796241267530431
0.9796276852861178
0.9796503929112803
0.9796347582506477
0.9796458328675267
0.9796257724489142
0.9796499261451799
0.9796704399778591
0.9796738584897737
0.9796598533189869
0.979656805296796
0.9796399393430132
0.9796346080513372
0.9796253995338917
0.9796252808906486
0.9796203491129664
0.97963910071517
0.9796352575800916
0.9796727328200114
0.9796597599998209
0.979673964039577
0.9796725171154846
0.9796815473150461
0.9796661413681333
0.9796701371115695
0.9796913482407442
0.9796695754399267
0.9796632007559214
0.9796902025567765
0.9797124144000696
0.9796966217074132
0.9796965525046354
0.9797037062799445
0.9797218945395951
0.9797022903541892
0.9797303405450296
0.9797376093919267
0.9797422100806717
0.9797400473882157
0.9796979262115557
0.9797177969107782
0.9797015238730747
0.9797357823055276
0.9797495605153816
0.9797285486738444
0.979717043350421
0.9797263649980806
0.9797172978627499
0.9797544685968694
0.9797669958809984
0.9797746323565649
0.9797932218589075
0.9797809044538316
0.9797649516092397
0.9797619819452842
0.9797714586225162
0.9797758892559222
0.9798089723534197
0.9798282776026634
0.9798392654736949
0.9798248352310199
0.9798271697688454
0.9798000439284342
0.9797818779620779
0.9797883374454569
0.979813932858283
0.9798136246217456
0.9798121359511878
0.9798331054125208
0.9798640064318674
0.9798831687739037
0.9799019304410042
0.979899878936773
0.979872916286736
0.9798834609549194
0.9798552398590945
0.9798575442400999
0.9798547657185058
0.9798523288085422
0.9798404476605412
0.9798185534303353
0.9798540735592023
0.9798613332852812
0.9798788608835342
0.97985600107279
0.9798375355905405
0.9798222772091479
0.9798391305992527
0.9798041518226862
0.9798137346314083
0.9798200986768635
0.9798336915651525
0.9798401170886308
0.9798318773749259
0.9798157789503205
0.9798390052609004
0.979819292768026
0.9798229384581374
0.9798326009368606
0.9798558457425736
0.9798604309351447
0.9798695856457665
0.979876236532621
0.9798790574441898
0.9798796049509587
0.97989292651482
0.9798708497895727
0.9798499332461649
0.9798527989625321
0.979861988450742
0.9798683557857286
0.9798699978044773
0.9798935518830957
0.9798969724269619
0.9798856722642909
0.9798857228196503
0.9798890570121059
0.9798992818470056
0.9799148532845301
0.979911078141067
0.9799064509482952
0.9799024759932282
0.9799117049770417
0.9799304679083508
0.9799521866405804
0.9799448681199828
0.9799539971212642
0.9799453898556552
0.9799432460929246
0.9799400666305638
0.9799382564665164
0.9799654755143202
0.9799827120803283
0.979966285802154
0.9799453146097826
0.9799474640329332
0.9799263593285287
0.9799081343829106
0.9799096946359281
0.9799025271809043
0.9798915856434185
0.9798758213310708
0.979865865027765
0.9798843468973185
0.97991053210122
0.9799141181724415
0.9799232487469928
0.9799417249552104
0.979947057380299
0.9799446414433243
0.9799633507181172
0.9799566893154986
0.9799391800577901
0.979924675544686
0.9799100471567403
0.9799341421918746
0.9799289019381779
0.9799079952057748
0.9799059999266635
0.9799196994750953
0.9799226745923549
0.9799351585324824
0.9799333937483424
0.9799366472122102
0.9799440432247603
0.9799290625364189
0.9799165902634607
0.9798889619427484
0.9798928637915999
0.9799157979979561
0.9799186224087713
0.9799056826989504
0.9799033260121159
0.9799019998008404
0.9799168529266227
0.979919207408369
0.9799375671903336
0.9799296370766243
0.9799243303942009
0.9799259663117248
0.9799383386352396
0.9799280248707846
0.9799200707269493
0.9799261011804301
0.9799291949928928
0.9799299006351574
0.9799266769547429
0.9799239977347892
0.9799357887493088
0.9799167314355066
0.9798920913629335
0.9799046525987805
0.9799065247007326
0.9799122239556818
0.9799139569697404
0.9799216815904847
0.9799451929966321
0.9799285736649158
0.979927371261141
0.9799405611675595
0.9799176719068582
0.9799135550229965
0.9799285631405373
0.9799202195519882
0.979916925055825
0.9799070778454952
0.9799031352153267
0.979887550181795
0.9798733839444432
0.9798543130751736
0.9798635604575965
0.9798496003874629
0.9798421742839236
0.9798387984148189
0.9798127593467927
0.9798170552977673
0.9798302346635932
0.9798413110366072
0.9798418880934089
0.9798381417298637
0.9798265772334268
0.9798381992987687
0.9798281545795828
0.9798344977830762
0.9798033409889382
0.9797933526374724
0.9798075747462447
0.9798060635453909
0.9798044471146703
0.9798083491228533
0.9797987681173406
0.9797845125181193
0.9797936733118713
0.9798101170049681
0.9798130477121471
0.979809671006092
0.9798216370321319
0.9798141368247777
0.9798032038510333
0.9797999387326907
0.979800724234508
0.9797994654851899
0.9797629766401199
0.9797592966386648
0.9797544690403567
0.979760131518363
0.9797475986884236
0.9797269505941433
0.9797205443777829
0.9797153590399127
0.9797032150985674
0.979717273256631
0.9797162938241003
0.9797047893428746
0.9796920185340262
0.979679984776226
0.9796657906980252
0.9796647337260036
0.9796706800714701
0.9796835026284115
0.9796994433353466
0.9796963450910116
0.9796711763448687
0.9796868522994335
0.9796874520451955
0.9796823654151071
0.9796818976738029
0.979687684320745
0.9797008192643567
0.979707449728963
0.9796998077339142
0.9796841988246959
0.9796828243344838
0.9796671711112005
0.9796598192673007
0.97966311405731
0.979661974886171
0.9796501006243127
0.979657592019959
0.9796762064577622
0.9796758613768455
0.9796635653721327
0.97964345158435
0.9796500956678674
0.9796516394122395
0.9796431775866593
0.9796420816950165
0.9796578341700046
0.979657614437138
0.9796360013441076
0.9796335819485102
0.9796552421869096
0.9796455875026021
0.979649728950313
0.9796544296694155
0.9796579803132323
0.979670241834466
0.979671981914484
0.9796770346935734
0.9796533270026916
0.9796419918082508
0.9796695971187568
0.9796814875808334
0.9796849681574349
0.979697134867827
0.9796986812180879
0.9797125409065895
0.9797158470768502
0.9797255249686921
0.9797175659341245
0.979732504733076
0.9797355506444869
0.9797512422735368
0.9797490713027743
0.9797533811912481
0.9797574253908126
0.9797485569179936
0.9797558340457684
0.9797510849421499
0.9797523819909651
0.9797337580799599
0.9797425166085024
0.9797405453839809
0.9797326717478626
0.9797315181502645
0.9797177937869547
0.9797195546886271
0.979720787644112
0.9797095627193814
0.9796949748597116
0.9796796928588963
0.9796807338371272
0.9796911111063282
0.9796992466984252
0.9797054705550817
0.9797050710263098
0.9797029979883687
0.9796983517610153
0.9797020621814805
0.9797193731960595
0.9797216372038888
0.9797298484928131
0.9797241542317732
0.9797381091734938
0.9797484095036594
0.9797618813902742
0.9797552303830289
0.9797452968441671
0.9797475712449021
0.9797338668982514
0.9797256833453232
0.9797190834513213
0.9797374955248886
0.9797368256046162
0.9797430718385066
0.979735023098528
0.9797261294893143
0.979716725492591
0.9797384237699018
0.979747118685358
0.9797493819066161
0.9797634482200707
0.9797676763482267
0.9797875241008681
0.9797820661645501
0.9797934361268303
0.9797810141213408
0.9797840336473638
0.9798027510981763
0.9798059273063576
0.9798114211682035
0.9798149907694789
0.9798172651546672
0.9798197216653171
0.9798019224505026
0.9797987562838985
0.9798156367761912
0.9798164910190409
0.9798297963961007
0.979807313130823
0.9798171242376778
0.9798273283352529
0.9798295343143856
0.9798281295813771
0.9798174833876354
0.9798316241723727
0.9798269094436813
0.9798211706911925
0.9798261796201316
0.9798355129048731
0.9798386146315348
0.9798408322678842
0.9798426593899398
0.9798283070562273
0.9798354057220133
0.9798398612422416
0.9798493592295388
0.9798340231505055
0.9798437402602177
0.9798474208902093
0.979841406941519
0.9798352331228091
0.9798361611090224
0.9798348390599159
0.9798362719698744
0.979840550280699
0.9798302314331934
0.9798292566744481
0.9798364800398691
0.9798414261541016
0.9798317796102346
0.9798422124288153
0.9798461704644845
0.9798583184320879
0.9798633276990184
0.9798651210292301
0.9798442541120691
0.9798436641755585
0.9798410796421994
0.9798349565282468
0.9798301096675771
0.979836793551965
0.979841846611593
0.9798284959776539
0.979828060369545
0.9798272028257505
0.9798261083381604
0.9798256144597957
0.9798224098434192
0.9798149348839211
0.9797970628720172
0.9798051206543394
0.9798011276417132
0.97980135235347
0.9797998763633683
0.9797943976840447
0.9797922982244928
0.9797960342514285
0.9797945640958772
0.9798053530137631
0.979796805924147
0.9797950169255792
0.9797921838423457
0.9797929758084717
0.9797944341984733
0.979792836246373
0.979787893019274
0.9797942719367853
0.9798058232231694
0.979813868418164
0.9798048285881373
0.9797935534665138
0.9797855340596946
0.9797829256067975
0.9797763424138148
0.9797652463992113
0.9797675534623898
0.9797578121499659
0.9797598415147492
0.9797617702778564
0.9797645681786762
0.9797621955086553
0.9797732160519377
0.9797802749624556
0.9797788095443102
0.9797851349066968
0.9797874201599699
0.9797929429854597
0.9797888385783025
0.9797843133528672
0.9797909194222143
0.9798088584649939
0.9798128023238506
0.9798176771975791
0.9798129829419602
0.9798078820785012
0.9798269947007832
0.9798210011414237
0.9798173711659255
0.9798270345604855
0.9798269438000655
0.9798308512868653
0.9798314062853444
0.9798010382878646
0.9798005406113478
0.9798067605974967
0.9798244909241801
0.9798120852065381
0.9798092799765619
0.9798044360458494
0.9798048564276001
0.9798049524667575
0.9798177859469502
0.9798285201576193
0.9798172309806289
0.9797973581331768
0.9798014089463337
0.9798141583885306
0.979810414508991
0.9798048252161957
0.9798169476154686
0.9798177522271082
0.9798141621459541
0.9798177266931997
0.9798205026635382
0.9798248705501063
0.9798266276920066
0.9798284918292393
0.9798309892321138
0.9798303302320261
0.9798227917338096
0.979815302246604
0.9798158859623217
0.9798161073586836
0.9797921071702318
0.9797850666463738
0.9797812203134387
0.9797811299051212
0.9797701694747951
0.9797784588442304
0.9797796288265103
0.9797841821990472
0.9797705233969144
0.9797751775764211
0.9797831366047052
0.9797856418446715
0.979783331707898
0.9797814853740396
0.9797767958331313
0.9797879198302604
0.9797956369199671
0.9798001049847292
0.9797870777926879
0.9797817882111154
0.9797789022920059
0.9797736710490119
0.9797843903042269
0.9797807670057658
0.9797808520944824
0.979772425943572
0.9797716152781927
0.9797650783151525
0.9797694131927255
0.9797689244362742
0.9797659584282228
0.9797733122783089
0.9797770822924835
0.9797800362256397
0.9797946836665641
0.9797992297804451
0.9798120727459487
0.9798267599855837
0.9798358044688075
0.9798288118137706
0.9798318882686711
0.9798260507916773
0.9798153575429203
0.9798209058419506
0.9798182745056238
0.9798192174198441
0.9798172983091632
0.9798204210926891
0.9798118037701095
0.9798115284286564
0.9798092295958979
0.9798122678262365
0.9798273214079319
0.9798182366902781
0.9798169717879514
0.9798183247555247
0.9798272308405271
0.9798379034875975
0.979832897395903
0.9798306103842782
0.9798269250415094
0.9798217893733557
0.9798344196970677
0.9798407916185253
0.9798445938487425
0.9798529154874389
0.9798512493242431
0.9798506149401476
0.9798394708395679
0.9798336453444395
0.9798343895663413
0.9798481187310574
0.9798484881635444
0.9798431787474324
0.9798431695492634
0.9798368859408966
0.9798360939267613
0.9798263985543114
0.9798221681980798
0.9798288966543556
0.9798258887208976
0.9798193319297054
0.9798296865411488
0.9798333018161037
0.979844892176949
0.9798554847699396
0.9798670849743748
0.9798505398911753
0.9798506466524264
0.9798481101135936
0.9798495969408829
0.979843796715767
0.9798364860117283
0.9798430782888524
0.9798518534800583
0.9798556968653941
0.9798583607593885
0.9798526101684598
0.9798531763950776
0.979844460262974
0.9798413642551776
0.9798354688163086
0.9798381228025911
0.9798491313869963
0.9798563742261513
0.9798638562997913
0.9798728145629542
0.9798672291846582
0.9798699330193823
0.9798721587351295
0.9798759661412211
0.979875910520374
0.9798747005867372
0.979876388370419
0.9798826802016156
0.9798829849628696
0.9798800625596761
0.9798797780037838
0.9798817880673324
0.9798881437090446
0.9798916430999195
0.9798891528213861
0.9798932678817356
0.9798911508490226
0.9798871760278282
0.979889035953807
0.9798837762215882
0.979876640973427
0.9798834771150945
0.9798792161688242
0.9798697186192895
0.9798669391724313
0.9798507315936158
0.9798520913581801
0.9798502877760645
0.9798360787754352
0.9798371478567142
0.9798324775538656
0.9798218499127596
0.9798068841170202
0.9798074832737306
0.9798057491092563
0.9797987321473971
0.9797947259836458
0.9797968806707936
0.9797903318793566
0.9797844555059119
0.9797830667981812
0.9797875318972927
0.9797916665126115
0.9798091855162513
0.9798284493740741
0.9798404086410901
0.9798221225456168
0.979826108158159
0.9798160475604318
0.9798197625580606
0.9798230909877577
0.9798334509401716
0.9798279034133242
0.9798393229165828
0.979833581953438
0.979844088644614
