0.9547058863231968
0.9694574937246063
0.9727748947496918
0.9775406495767492
0.9802982959108527
0.9814385170438588
0.9832072956807624
0.9831297578075716
0.9847360144449468
0.9858646791093446
0.9864116678524149
0.9865403362219322
0.9864523681628192
0.9866582915342166
0.9866743553251962
0.9868147412418662
0.9873535629054471
0.987513275962512
0.9870637106010224
0.9874357280101173
0.9876946293371642
0.9879804416258896
0.9878019441963551
0.9878273868507976
0.9876745880806268
0.987510406754588
0.987363783348351
0.987502608528881
0.9876366929212885
0.9879860120770041
0.9878377858519233
0.9879485009274757
0.9877874081030618
0.987565846266977
0.9875944265033878
0.9877654234320361
0.9877481973383005
0.9875359231777261
0.9876888827464279
0.9877096881940655
0.9879174732610139
0.9878842319692599
0.987782777928003
0.9880509049926544
0.9879970691005356
0.9877975180295328
0.9879461834085306
0.98794716305932
0.9879054314207224
0.9878075983097441
0.9877510275379173
0.9878239535841666
0.9878195155275842
0.9876246321179682
0.9876796490503409
0.9877823084390068
0.9878627834102527
0.9877891829148818
0.9878893274401764
0.987904866325175
0.9879078265177696
0.9879236212542024
0.9879372171580266
0.9879031136109646
0.9879701949710599
0.9878804563526925
0.9878778302253514
0.987786290054602
0.9877469189823171
0.9878262836301137
0.9880119874328261
0.9879389961166737
0.9879270241782394
0.9879075495081551
0.9878605059209675
0.987888376617414
0.9878302439965321
0.9877946921174939
0.987720769163286
0.9876815853263021
0.9877807799684635
0.9877462004358978
0.9877253945715534
0.9877362603708821
0.9876476322476649
0.9876735698755067
0.987726681573568
0.9878231681467875
0.9878475257887527
0.98776118712949
0.9877455846443612
0.9878204507070548
0.9878465262850155
0.9879441908715515
0.9879142202417011
0.9879232580270125
0.987869847216548
0.9879838131879819
0.9879627459323476
0.9879005130072505
0.9878968079404112
0.9878806742607555
0.98793669961272
0.9879399460836442
0.9879589815781732
0.987890892610789
0.9878716076323862
0.9878884599972952
0.9879761124181651
0.9880536666370144
0.9880758201683645
0.9880759810738169
0.9881199377003831
0.98805397970806
0.9880251763674021
0.988024716616617
0.9880699871742854
0.9881124521940324
0.9881248240245977
0.9880785077441245
0.9880125064006299
0.9880050160606444
0.9879913211150784
0.9879206963122606
0.9879767981403506
0.9880070452110451
0.9879848826491555
0.9879777253427231
0.9879800703879498
0.9879553101368233
0.9880038309260055
0.9879465342793281
0.9879112407434794
0.9878880244604494
0.9878732881783422
0.9878288319644344
0.9878215548699434
0.9877807462704322
0.9878238655637919
0.9878180042486108
0.9877758147383007
0.9878146839554077
0.9878284168124072
0.9878033157419421
0.9878262451524177
0.9877999398039758
0.987822862623537
0.9878212915936084
0.9877944904082734
0.9877891759360814
0.9878188056339998
0.9877953123824404
0.9878305272390752
0.9877704538283915
0.987723159586321
0.9877672799595976
0.9877615028671403
0.9877679203503532
0.9877640421882987
0.9877288469541551
0.9877229407189466
0.9876714871873757
0.9877081151971319
0.987640002843014
0.9876661106894787
0.9876705811818185
0.9877043855002549
0.9876856647132823
0.9877031226448854
0.9876685696502319
0.9876713007546065
0.9876852655052857
0.9877030426308311
0.9876865845608799
0.9876465311362177
0.9876171578942072
0.9876343025631367
0.9876153538546841
0.987599253677339
0.9876159322343787
0.9876179535578077
0.9876196322721799
0.9876684540900653
0.9876548375316744
0.987630496407168
0.9876745473904979
0.9876958158233764
0.9876655961854396
0.9876731766993947
0.987624119379416
0.987617058576053
0.9876077142373878
0.987616811950926
0.987579969731426
0.987580626555945
0.9875534098332436
0.9875168718296492
0.9875225667533666
0.9875305151543845
0.9875335707453512
0.9875220364604331
0.9875454682861066
0.9875174488713707
0.9874953601261021
0.9874955488549986
0.9875160797768959
0.9875033546898694
0.987476293540021
0.987529975470626
0.9875285202478781
0.9874752129289325
0.9875066490794547
0.9874834280380556
0.9875220049729868
0.9875334902676713
0.9875360160586234
0.9875213322593401
0.9875068052554278
0.9874383248149877
0.9874579843278666
0.987442514183882
0.9874203334026436
0.9874465486316758
0.9874387912261875
0.9874548615040236
0.9874522843337941
0.987430278994086
0.987447653102324
0.9874176675790978
0.9873948708299832
0.987392640713647
0.9873928881823201
0.9873967083318096
0.9874079270673519
0.9874294005441384
0.9874083426794661
0.9873796969192328
0.9873700307263432
0.987391697625089
0.9874277328765951
0.9874055785296186
0.9874147405001361
0.9874148628290664
0.9874196697479644
0.9874001533367447
0.9873675691591309
0.9873934576381861
0.9873996506742929
0.9873782504589125
0.9873811228802865
0.9873678306948238
0.9873577948702827
0.9873679549039609
0.9873526067008169
0.9873391492245187
0.9873305573375845
0.9873244092850205
0.9873015165907895
0.9873210813693344
0.9873232862253338
0.9873270341430179
0.9873106837653178
0.987290101697143
0.987303207135055
0.9872818874611207
0.9872895308733309
0.9873016586758356
0.9872854852574834
0.987322815242781
0.9873324277933586
0.9873322652086703
0.987349271739971
0.9873673882434795
0.9873721770237424
0.9873890686249337
0.9873760146193078
0.9873500907722543
0.9873807446516705
0.9873935914329931
0.9873943934691504
0.9873775553162819
0.9873791392899969
0.9873872582015203
0.9873492272965401
0.9873306180217885
0.9872975386811875
0.9872861494946447
0.9872860948024536
0.9872522863340418
0.9872490195736866
0.9872643813541112
0.9872522774392161
0.987261475036547
0.987245569247995
0.987247465839694
0.9872601710748607
0.9872486852082134
0.9872301062774175
0.9872466805471324
0.9872659545638602
0.9872531395441937
0.9872584951061589
0.9872678936673863
0.9872492759284436
0.9872539035847789
0.9872585621088763
0.9872419845472962
0.9872548828687135
0.9872587026320007
0.9872615844932301
0.9872856408251195
0.9872712932757564
0.9872857246418866
0.987299797921694
0.9872822398588922
0.9872818857063977
0.987283086028306
0.9872749971799041
0.9872654490589082
0.9872685818927563
0.9872708550370396
0.9872515232948288
0.9872554294573691
0.9872501724888119
0.9872287180605297
0.9872342402859772
0.9872286052789746
0.9872455283474773
0.9872410573754699
0.9872588477414616
0.9872617088470028
0.9872311840683642
0.9872091589412701
0.987214861519791
0.9872190712211666
0.9872135194998432
0.9872074327290694
0.987231315298419
0.9872115457151407
0.9872083051670704
0.9872012874320331
0.9872046422079203
0.9871901971497689
0.9872165550605242
0.9872284485201155
0.9872352648717552
0.9872325609689728
0.9872139303224267
0.9872070945443555
0.9871758320070264
0.9871633154626595
0.987176004673558
0.9871524069381229
0.987169053182705
0.9871622134912282
0.9871726174435859
0.9872023218124568
0.9871856688897547
0.9871845150284224
0.9871899143760973
0.9871895846194528
0.9871882259338253
0.9871563252995855
0.9871468735898516
0.9871246244347078
0.9871289877898215
0.987120229333887
0.9871374344187297
0.9871073445240794
0.9871002769766606
0.987106112474473
0.9871325886366433
0.9871498996184953
0.9871621621327127
0.9871654848857405
0.9871731849775476
0.9871431435636121
0.9871304464901536
0.9871388964048456
0.9871413344982406
0.9871797014746062
0.9871722472639402
0.9871689957938973
0.9871577223631357
0.9871711347473915
0.9871955861461094
0.9872041347861049
0.9871969638772801
0.987203469218862
0.9871846903630289
0.9871607530700647
0.9872001929111576
0.987194209672276
0.9872178764284751
0.9872012887351813
0.9872074900327499
0.9872151183555397
0.9872102125284005
0.9871971522915172
0.9871972976136365
0.9872024499308386
0.9872041345328655
0.9872049136643978
0.9872135521552191
0.9872076544673997
0.9872093681517806
0.9872380432194411
0.9872239861604547
0.9872045280554632
0.9871995500218547
0.9872059973351112
0.9872028042182318
0.9871921906630071
0.9872047016316127
0.9872106428006003
0.9871950366374265
0.9872137553705994
0.9872208621967907
0.987217516104397
0.9872201832082786
0.987198003090753
0.987212899314414
0.9872261925258653
0.9872563355811916
0.9872731269019092
0.9872708479277214
0.9872756074516338
0.9872668797307533
0.987286713088317
0.9873059684204891
0.9873155779088805
0.9873213106486474
0.9873292718114898
0.9873386600761186
0.9873204402293252
0.9873386263772909
0.9873235000966879
0.9873003295045262
0.9873027317950175
0.9873086911616751
0.9873136957739399
0.9873366523677773
0.9873241400651417
0.9873287269826894
0.9873435060603786
0.9873326878164748
0.987331261507219
0.9873199350514704
0.9873087836790038
0.9872887823464273
0.9872819951511355
0.9872831476188499
0.987294415077937
0.9873164608521579
0.9873441373275498
0.9873388436842231
0.987325684370792
0.9873238617252053
0.9873176715592203
0.987308917013463
0.9873000791111308
0.9873150133756318
0.9873105763590642
0.9873166424580339
0.9873060191986525
0.987305317385412
0.9873231793969334
0.987341691462255
0.9873294578414006
0.9873494191951094
0.9873680401961105
0.9873777513371566
0.9873687542306383
0.9873634872056176
0.9873529826273314
0.9873526242612704
0.987334695722576
0.9873370361788503
0.9873344410487505
0.987318248622513
0.9873250298001768
0.9873232635057073
0.987319405300295
0.9873103550486186
0.9873190683873538
0.9873042075863789
0.9873149437678546
0.9873183112002372
0.9873251510001487
0.9873146171123525
0.9873128703215531
0.9873106705663194
0.9873273048435386
0.987331563741694
0.9873254299352212
0.9873225188341422
0.9873054066582333
0.9872882496972897
0.9872947383763059
0.9873047920369298
0.9873152041299649
0.9873280698620925
0.9873394473026054
0.9873464409260461
0.9873547440314874
0.9873537362792085
0.9873495731047194
0.9873512176279471
0.9873484077913253
0.9873492186182692
0.9873528455157922
0.9873324852184553
0.9873344797825506
0.9873247046529411
0.98732722850923
0.9873196137345539
0.9872968038462976
0.9873114671681741
0.9873335165942552
0.9873318562546441
0.9873322636657811
0.9873306959648365
0.9873300047014648
0.9873388095800534
0.9873546093808995
0.987375050256163
0.9873759183288457
0.9873632964752814
0.9873686438811294
0.9873766900362534
0.9873713353169079
0.9873475062237783
0.9873408051725568
0.9873305105795099
0.9873246423763162
0.9873372671410368
0.9873342627748452
0.9873282906123283
0.9873230542663514
0.9873350393746131
0.9873227013564946
0.9873065309697465
0.9873077481197318
0.9873225223407854
0.9873196092330587
0.9873225321063032
0.9873227342444062
0.9873101386771946
0.9873042870243076
0.9873164383780706
0.9873212260463247
0.9873203201686945
0.9873088447026792
0.987312887352916
0.9872987530008955
0.9872970868872549
0.9872901778592917
0.9872710080629118
0.987270565326524
0.9872660619277754
0.9872549179019584
0.9872526841194886
0.9872589125094287
0.9872769775745616
0.9872763046438803
0.9872915343123749
0.9872888504555093
0.9873154818450475
0.9873266500740746
0.9873262694265735
0.9873169289329505
0.9873147267091978
0.9872968393156766
0.9872995178129271
0.9873048122021009
0.9873060605720069
0.9873015713104168
0.9873106015800193
0.9873206103826837
0.9873329946525704
0.9873336591347996
0.9873406834077572
0.987346985058642
0.9873232699539493
0.9873304261178053
0.9873296742556454
0.9873265436849278
0.9873332781304278
0.9873333745835471
0.9873463425823411
0.9873514894110317
0.9873396879736107
0.9873394744242233
0.987340493035413
0.9873534188067259
0.987356273291513
0.9873558361290582
0.9873570132484321
0.9873490860248019
0.9873423815966882
0.9873470792116206
0.9873740220411915
0.9873840541003871
0.9873813507989082
0.9873770807610711
0.9873805663677504
0.9873788463085671
0.9873808960135242
0.9873754808687462
0.9873845967058242
0.9873951683319918
0.9874021854897334
0.9873951203028848
0.9873953888841142
0.9873921401388539
0.9873820918898617
0.9873836722486214
0.987386471034323
0.9873711614039076
0.9873786031564104
0.9873648581813133
0.987370018723037
0.9873831979580263
0.9873954312556071
0.9874031983386036
0.9874038662127161
0.9874006144289523
0.9873947141913283
0.9873874910712478
0.98740048062257
0.9873991903665565
0.987381136429307
0.9873899869694641
0.9873956043490659
0.9873783952081108
0.987376983979468
0.9873786910956135
0.9873887211255231
0.987377580853177
0.9873811001537008
0.9873788844703888
0.9873952272974168
0.9873990230107079
0.9873797600200493
0.987389878673943
0.9873847982059417
0.9873868721382308
0.9873905777167405
0.9873833522217524
0.9873777919426263
0.987374542157442
0.987380665615482
0.9873727794440212
0.9873771791019729
0.9873747938926185
0.9873712976491872
0.9873615459830736
0.9873584269985923
0.9873685092735368
0.9873750538761972
0.9873707196929413
0.9873866742418773
0.987392512402541
0.9873956773848693
0.9873849692561819
0.9873823056745011
0.9873883607225836
0.9873966613633206
0.9874052646604492
0.9873935081347617
0.9873926335649815
0.9873973977451755
0.987400965903247
0.9873937476785624
0.9873839008010268
0.987375196081344
0.987366966628789
0.9873645155466421
0.9873664320995262
0.9873819595577635
0.9873766411226539
0.9873740813542385
0.987357629715566
0.987369826305384
0.9873758959493228
0.9873762974454092
0.9873925378518851
0.9873813801330003
0.9873841772834168
0.987386850791657
0.9873788198591081
0.9873865882184409
0.9873811382014296
0.9873711687619291
0.9873660808448649
0.9873688661855151
0.9873670950268295
0.9873645097317408
0.9873679419129808
0.9873702443923391
0.9873668018145907
0.987372901005852
0.987375504765966
0.9873843507686022
0.9873864910070516
0.9873848852989194
0.9873808555335151
0.9873767756370845
0.9873739113157323
0.9873789961357248
0.9873874996126587
0.9873789136667472
0.9873810594765738
0.9873789391860792
0.9873744213837463
0.987369715161105
0.9873674299281031
0.9873820152420423
0.9873903924504007
0.9873953834699052
0.9873906710000145
0.9873953730515848
0.9873857018017491
0.9873891939146571
0.9873858284173
0.9873955119757126
0.9873999600487795
0.9873992986492678
0.9873926354712738
0.9873904923439234
0.9873816290831524
0.9873803352611477
0.9873841460015998
0.9873901889953967
0.9873957946810922
0.9874016840259828
0.9873952983600238
0.9873869732992325
0.9873900883991716
0.9873894462854068
0.9873794247644222
0.9873899276034681
0.9873844262934877
0.987383808517005
0.9873881258122889
0.9873932218218348
0.9873892390410818
0.9873843013096393
0.9873733183797198
0.9873742176391673
0.9873643191675492
0.9873649666785977
0.9873620831711919
0.9873611368352629
0.9873641367825196
0.9873671120573334
0.9873719774105578
0.987374042224729
0.9873849751754422
0.9873783917580262
0.987375580390601
0.98738093340552
0.9873895943252653
0.987381055936378
0.9873872679944208
0.9873909496357193
0.9873885964425726
0.9873940230203514
0.9873872190539118
0.9873921484772099
0.9873949992540066
0.9873997164246412
0.9874078295851757
0.9874062890746494
0.9873980320662129
0.987393298525482
0.9874002524105261
0.9873944915066324
0.9873945785392617
0.9873801443108345
0.9873874266013871
0.9873878811198669
0.98739231429741
0.9873935565936347
0.9873930281443317
0.9873933112623335
0.987384668976385
0.987379768348003
0.987385148300812
0.9873868873615201
0.9873775846352784
0.9873826475797248
0.9873803968424931
0.9873746536699637
0.9873762311548361
0.9873682838834336
0.9873682103221927
0.987362944986505
0.9873641564742732
0.9873757052222731
0.987369434606753
0.9873630369079583
0.9873589961953922
0.987344541330669
0.9873440754932565
0.9873535244706727
0.9873376796404989
0.9873536980494126
0.9873540619512573
0.9873502918892366
0.9873535509106468
0.9873568506259871
0.9873638131614709
0.9873691712627379
0.9873678140082487
0.9873742206472131
0.9873778539917839
0.9873699219196629
0.9873593658796467
0.9873606442999905
0.9873589949826634
0.987345509269689
0.9873364387872965
0.9873416822737326
0.9873437822477852
0.9873334365354139
0.9873266757317999
0.9873174675091143
0.987316290478059
0.9873126495199144
0.9873174734279762
0.9873252704561222
0.9873293857171639
0.9873370577249938
0.9873406082174397
0.9873419843547564
0.9873533694904748
0.9873539503776733
0.987353365788781
0.9873437283928501
0.9873406583706751
0.9873384213884644
0.9873350493114847
0.9873258679781978
0.9873293843643698
0.9873321470642923
0.9873401556642447
0.9873419434373563
0.9873424870096611
0.9873444055448795
0.9873499874124777
0.9873647764939213
0.9873712241140309
0.9873708582950158
0.987375184787835
0.9873875165308631
0.9873839718219891
0.9873821759874222
0.9873868258279785
0.9873870672046065
0.9874019193302466
0.9873996494206282
0.987402255096283
0.9874124309731932
0.9874092711487737
0.9874130549804071
0.9874150139620194
0.9874108163887255
0.9874140527832107
0.987426435300793
0.9874310281798877
0.9874428092745856
0.987446272232862
0.9874532023981273
0.9874572502805888
0.9874680342797342
0.9874565316022607
0.9874526954174297
0.9874502452973358
0.9874587571675203
0.9874477840803882
0.9874476053649204
0.9874588256546473
0.9874671515067587
0.9874636668594831
0.9874598497822942
0.9874495924765937
0.9874437586917091
0.9874438635545469
0.9874469171475788
0.9874509441980355
0.987449847967045
0.9874383830427187
0.9874392843042611
0.9874381276806182
0.9874467283934023
0.9874539456773488
0.9874529130258178
0.9874568713999229
0.9874454398679853
0.9874554005334174
0.987456283252374
0.9874517531647189
0.9874511135908756
0.9874509852200238
0.9874433357202903
0.9874448428573604
0.9874350654047824
0.9874296688355167
0.9874247179917427
0.9874145989195869
0.9874071813045482
0.9874020453416501
0.9873977814714016
0.9873996776443161
0.9873914719134224
0.987377652171385
0.9873772788738596
0.9873734221237569
0.9873793303123969
0.9873802802197088
0.9873849927940711
0.9873809892310602
0.9873686849818277
0.9873660340058301
0.9873760641166036
0.9873777901794437
0.9873793430384276
0.9873739733766653
0.9873632447388392
0.9873677743246074
0.9873688730813407
0.9873632043389579
0.9873538005271457
0.9873503326021602
0.9873448061982578
0.9873441985675493
0.9873466050378806
0.9873359292137731
0.9873420001672026
0.9873338518110945
0.987343273660547
0.9873463275904653
0.9873423472524564
0.987344484303912
0.9873445793896519
0.987346111890445
0.9873494906179596
0.987351734482274
0.9873562348975612
0.9873618694970242
0.9873611517637673
0.9873633306891486
0.9873627440965579
0.9873673469578711
0.9873648005168169
0.987362715522195
0.9873641692654958
0.9873687475839164
0.9873726936989135
0.9873713038696502
0.9873704595569738
0.9873647859785307
0.9873660987938979
0.9873700437986124
0.9873747051333422
0.9873700016866602
0.9873611437360214
0.9873683052205695
0.9873766340906854
0.9873822530362395
0.9873857926075421
0.9873853829703437
0.9873833259596326
0.9873780577466515
0.987381775112735
0.9873818367446726
0.9873907238685382
0.9873948402976057
0.9873970003928818
0.9873932657062086
0.9873873905499996
0.987378249592179
0.987386498897744
0.9873848505944716
0.9873959245871172
0.9874055632080098
0.9874084622180462
0.9874164687647261
0.9874242753732965
0.9874233992831477
0.9874259912146202
0.9874193215234357
0.9874199930518337
0.9874204858551383
0.9874208131247446
0.987423811512121
0.9874265656419307
0.9874278518571663
0.9874276439821525
