0.9459426181266368
0.967523179053556
0.9689785035011573
0.974112432098234
0.9742677939398183
0.9760927171718332
0.9772162000877777
0.9766164320281574
0.9776124145138417
0.9779334854970133
0.9781164088736929
0.9779224183061591
0.9778782236834569
0.9781103369156764
0.9786384264050821
0.9783516260564333
0.9790914930392522
0.9794009825714962
0.9788408785716971
0.9790402835998703
0.9792666437782349
0.9798212344233493
0.9796886673744897
0.9797347082190637
0.9795760793528134
0.9795976278366891
0.9791682249716621
0.9794815270304302
0.9792224769911094
0.9792660659122362
0.9792263467437828
0.9792460747180346
0.979206397700379
0.979103961201048
0.9793362648754864
0.9795284020516465
0.9794327511871994
0.9794243176504467
0.9792660218414989
0.9793372769473981
0.979492290527469
0.9797056381306775
0.9793035978057897
0.9792955604784237
0.9793584558365126
0.9794033889894838
0.9798779089724671
0.9799269648977984
0.979940595928231
0.97994857362209
0.9798251835248694
0.9799679710115765
0.9799390417296335
0.9798506796334537
0.9798408256019842
0.979712809629939
0.9798032813717028
0.979887281353795
0.9801934039181799
0.9802178217007108
0.9803417943649809
0.9804766459255215
0.9805163856055968
0.9805246214968616
0.9807402771946382
0.980869683274874
0.9808022317531434
0.9807099526663846
0.9807649710105616
0.9808354041039477
0.9808881061181428
0.9808327768387377
0.9809396249145473
0.9808821718317638
0.98082517428445
0.9806748707708639
0.9805917637473525
0.9807081728920298
0.9807128060683523
0.9808511647992083
0.9808473727897213
0.9806681842542855
0.9806271404551236
0.9806252595177247
0.9805315827481471
0.9805389794425331
0.9804477722330218
0.9804342330102817
0.9803615672101889
0.9803551980047267
0.9803514679935822
0.9802939299736677
0.9803183995866914
0.9802314814641598
0.9802517203869345
0.9801392963408891
0.980187688104321
0.9800781110975404
0.9801469823252952
0.9800640661335238
0.9801254596275085
0.9801568782853175
0.9800757990527934
0.9801004616878328
0.9801789263633188
0.9801750506830023
0.9801749081840903
0.9802204136234542
0.9803017040089386
0.9802988603791203
0.9802850727337918
0.9803152101647218
0.9804301646343438
0.9805729302742199
0.9806158608098579
0.9806872640351562
0.9807350555517503
0.9808104961378937
0.9807644230992915
0.9806797238391081
0.9806337232467074
0.9806170362155473
0.9805705378856852
0.9805869269405819
0.9805293934673578
0.9805538144878754
0.9806303508557875
0.9806470910981617
0.9806246863180497
0.9805998396051363
0.9805733352400495
0.980549849665347
0.9804976233265018
0.9804709595307414
0.9805181237120916
0.9804671609223605
0.9804587750436071
0.9804670295687973
0.9804224395638793
0.9804029144615728
0.9803196470211285
0.9803599352056783
0.9803775140646356
0.9803233409829686
0.9803090591779846
0.9803026855189328
0.9803088900788552
0.9803268238102132
0.9802913488446436
0.9803805346452238
0.9803390184795704
0.9803837268246339
0.9803249474306378
0.980288133790744
0.9802644334265056
0.9802561831792757
0.9803002665857481
0.9802654438115901
0.9802065671262947
0.9802164475043085
0.9801890334772325
0.9801964937264209
0.9802150560949563
0.9801889601923699
0.9802221537045093
0.9802104029595768
0.9801634589276922
0.9801110708299697
0.9800819997994343
0.9801123439466427
0.9801002680356588
0.9800973496549439
0.9801008584351846
0.980110724993766
0.9801357921919929
0.9801460136010406
0.9801786635770346
0.9802494511773799
0.9802563167483329
0.9803002077368507
0.980294902081162
0.9802508618542164
0.9802797004593934
0.9802437591533641
0.9802610835875162
0.9802402830957414
0.9802755631306439
0.980204615776398
0.9801993575098723
0.9802028453293744
0.980240312156834
0.9802394853658669
0.980249169133181
0.9802601923757986
0.9802516173601749
0.9802551913144868
0.9802418689195602
0.980231703101001
0.9802430207242434
0.9802339057295062
0.9802281394850407
0.9802711669965918
0.980292195782454
0.9802620713366469
0.9802390154154241
0.980209098564459
0.9801914817089917
0.9800825383301495
0.980052692791179
0.9801005647374142
0.980081445541913
0.9800790895419131
0.9800632196179198
0.9801019138148042
0.9801310411256511
0.9801144411216788
0.9801155416467064
0.9801207957015605
0.9800750340381307
0.9800828936294894
0.9800966295014106
0.9801359407998121
0.9801792323044509
0.9801817184304992
0.9802450803190834
0.9802308157007341
0.9801843855742766
0.9801577574597903
0.9801902970417032
0.9801872503210037
0.9801829155475181
0.9801727131805666
0.9802194055155665
0.9802111969168945
0.9802362776597099
0.9802299565255299
0.9801756602274206
0.9801320655672523
0.9801318054776964
0.9801664973491246
0.980183784086498
0.9802266114751162
0.9802287020450754
0.9802254532983894
0.980202339298126
0.9801720205532374
0.9801616056492987
0.9801467520801607
0.9801550384149609
0.9801728926680807
0.9801194049447185
0.9800978494009298
0.9800899051960286
0.980094091184947
0.980042249025032
0.9800622871337397
0.9800969577021641
0.9800615866579897
0.980041920439209
0.9800953495661552
0.9800922619058647
0.9801052351706818
0.9800794089680179
0.9800582261330019
0.9800666167088464
0.9800700288772987
0.9800807152070867
0.9800660073665984
0.9800553582843279
0.9800632878158566
0.9800930386771594
0.980061361982284
0.9800753057648289
0.9800721162655384
0.9800885271717107
0.9800931648856762
0.9800890482451534
0.9800908461511492
0.9800953234628581
0.9800724967740179
0.9800577447396521
0.9800407061731268
0.9800347624217047
0.9800399557138859
0.9800738648043971
0.9800719382586586
0.9800461042842572
0.9800349234161668
0.9799938790911984
0.9799768253796877
0.9799546462183187
0.9799940400133184
0.9799753091595598
0.9799600503302291
0.979978929331082
0.979930362905646
0.9799387333198079
0.9799169144848415
0.9799137911687121
0.9799129083292555
0.979875004454197
0.9798965379113628
0.9799004533927752
0.9798888310380512
0.9799032348172276
0.9799214709577364
0.979912518990466
0.9799416807884451
0.9799547454104113
0.9799391294915382
0.9799375655660181
0.9799631429123488
0.9799726991313192
0.9799766984487098
0.9799656509637424
0.9799616022902071
0.9800023003783187
0.9799868641534599
0.9799730498943605
0.979980812591975
0.9799712240369878
0.9799937296956241
0.979988974661085
0.9799645367525609
0.9799729288086966
0.9799735204997966
0.979961844224738
0.9799935001910989
0.9800187534144963
0.9800457484746733
0.9800378708692137
0.9800286068415243
0.9800144987243075
0.9800130753653062
0.9799831743155297
0.9799624388160515
0.9799653104938263
0.9799678280589396
0.979948055490775
0.979913994925067
0.979882950774341
0.9798756428415678
0.9798580888408991
0.9798791382859487
0.9798876983806054
0.9799017501918608
0.9798806256775748
0.9798808495448342
0.9798693686674023
0.9798729566124352
0.979861646247308
0.9798714415062352
0.9798571105372499
0.9798314221132853
0.9798025731152155
0.979802119390999
0.9798211952065963
0.9797912031891881
0.9797888589266951
0.9797932601043547
0.9797785402062468
0.979778204408896
0.979760544832291
0.9797783501080582
0.9797765949602002
0.9797750633136639
0.97978176925804
0.9797918408164948
0.979770581465304
0.9797646318131163
0.9797601964950382
0.9797747734350505
0.9797775676813186
0.9797962932413701
0.9797888180510603
0.9797936560614988
0.9797657348764797
0.9798068675113968
0.9797743600275949
0.9797502368120413
0.9797402671939436
0.9797255100071596
0.9797122863588642
0.9796791447075421
0.9796972126143968
0.9796913979576654
0.9797195767197574
0.9797373290539981
0.9797550782678397
0.9797508005137211
0.9797254088265124
0.979710324902086
0.9797178889762309
0.9797435690184294
0.9797300450042752
0.9797131924712995
0.9797082606016467
0.9797144171425577
0.9796893806308059
0.9796804892406232
0.9796763011038233
0.9796622525549855
0.9796551235348088
0.9796460498117978
0.979651203015702
0.9796692146777232
0.9796686924173045
0.9796750990961127
0.9796835552592742
0.9796980925741358
0.9797013388796313
0.9796840037353776
0.9796953968047101
0.9797132573147688
0.9797261323033373
0.9796925222676416
0.9796805179418555
0.9796756791239735
0.9796501899953461
0.9796615779381935
0.9796357243305832
0.9796398889502558
0.979661369914929
0.9796932375147661
0.9796942101121588
0.9796926984986289
0.9797210900897951
0.9797059579665844
0.9797299584811534
0.9797275673299617
0.9797238920109761
0.9796997249428471
0.9796702064457895
0.9796898557638775
0.979684855131815
0.9796822789213243
0.9796800308783221
0.979659342101902
0.9796749683942052
0.9796955657572581
0.9796996919557569
0.9796920536552047
0.9796776725043244
0.9796913569689952
0.9796886648752532
0.9796834314909503
0.979707626099612
0.979711795859218
0.9797176877547735
0.9797289288182353
0.979691204219384
0.979682066643295
0.9796922395233335
0.979685660297057
0.9796909099241872
0.9797156739391534
0.9797109931913331
0.9797145703028549
0.9797166362116363
0.979701271585652
0.9797019213539132
0.9797113387387084
0.9797160994176319
0.9797158178562633
0.979722391310644
0.9797423081924069
0.9797642044748107
0.9797900282360194
0.9797766822899922
0.9798066461317189
0.9798118756524511
0.9798013481242667
0.9798010403100259
0.9798325581770266
0.9798370687982682
0.9798313450040731
0.9798234690963963
0.9798216100767502
0.9798305636860508
0.9798337883308944
0.9798424168979057
0.9798246015536588
0.9798417961620247
0.9798150185832208
0.9798215606057233
0.979820176559417
0.979800301935938
0.9798019384745242
0.9798102802382598
0.9797983409807473
0.979781012311968
0.9797596705737351
0.9797803895188153
0.9797919453732232
0.979791208134536
0.979803809172099
0.979788018524787
0.9797747482474439
0.9797654122866568
0.9797567167394056
0.9797787231363442
0.9797925232563912
0.9797943312171286
0.9797807594390533
0.9797848767322281
0.9797912941211726
0.9798220650537921
0.9798267602707592
0.9798119045614824
0.9798158084243817
0.9798431253910429
0.9798349340325525
0.9798345135364139
0.9798134058754981
0.9798118768459603
0.9798078671283236
0.9797992550610649
0.9798008355326686
0.9798048285907615
0.9798148743410766
0.9798026906179628
0.979811643933996
0.9798251615394366
0.9798357181557206
0.9798665227068487
0.979900062753431
0.9798992496106367
0.9798898253188585
0.9798812849164843
0.9798834059461469
0.9798757219098502
0.9798678016692441
0.9798483450900205
0.9798484427798758
0.9798460956253686
0.979839709550194
0.9798434852380364
0.9798218276222386
0.9798159797732535
0.9798171299334808
0.9798278152345983
0.9798110769785234
0.9798111786502365
0.979816669742021
0.979812750137544
0.9798211811720692
0.9798263847601052
0.9798280767762745
0.9798279923316401
0.9798332632447229
0.979843219141627
0.979806243273769
0.9798159184873129
0.9798321779681917
0.9798444536499471
0.9798417590291484
0.9798349612774648
0.9798231516475902
0.979818207393178
0.9798186865826729
0.9798130017225125
0.9798178564588471
0.9798379236790635
0.9798370979648219
0.9798425140596481
0.9798354027379204
0.9798292572676812
0.9798327108587098
0.9798287056759444
0.9798196696150164
0.9798084715164987
0.9798067674460358
0.9798181576648293
0.9798150808295967
0.9798103696742925
0.9798021515213866
0.9798115945478507
0.9798119430613301
0.9798256147994392
0.9798354961526134
0.9798272744833161
0.9798372550472926
0.9798451992445196
0.9798151819912461
0.9798217478987394
0.9798094736010846
0.9798062641447501
0.9798082967373486
0.9797907685461409
0.9798069581897341
0.979795974202118
0.9797861201846301
0.9797912075393992
0.9797889667184735
0.9797906260106101
0.9798137496348834
0.9798195880448325
0.9798138466523026
0.9798291560218116
0.9798332441440533
0.9798419625304285
0.9798415994999342
0.97984035098972
0.9798319510105142
0.9798281746709275
0.9798185734946551
0.979823315407508
0.9798147879582525
0.979804601115473
0.9798070948462893
0.9798028895106635
0.9798045699959891
0.9797971458606619
0.9797966064039881
0.9797965346985407
0.9797900123093826
0.9797944113489339
0.9798037500859628
0.979797677132644
0.9798028200666455
0.9798144575554026
0.9798129100174097
0.9798124876018183
0.9798213458729289
0.9798134609387333
0.9798256279244143
0.9798213136083354
0.9798189412598306
0.9798182174399278
0.9798165947762075
0.9798187570324622
0.9798147435992449
0.9798229225686568
0.9798309536534756
0.9798227190550605
0.9798261483147133
0.9798278793568372
0.9798421756732959
0.9798424231733197
0.9798544207798862
0.9798504641029836
0.9798486264982588
0.9798417373886024
0.9798398502022814
0.9798558669903263
0.9798360605977138
0.9798327766833261
0.9798362151181054
0.9798338633523133
0.9798480473960387
0.9798437455031261
0.9798554169497835
0.9798433252490643
0.979835482156852
0.9798354715996125
0.9798393383462308
0.9798404403489267
0.9798431261665165
0.9798448218279766
0.9798471261355998
0.9798407335985462
0.9798704226853437
0.9798811380514351
0.9798824206659258
0.9798769852468158
0.9798802168865394
0.9798839496740522
0.9799034565857138
0.9799057425238462
0.9799131263632
0.9799051960597243
0.97991758443915
0.9799087343671468
0.9798980020112993
0.9798801804384235
0.9798728774399149
0.9798716592052626
0.9798690198457513
0.9798759729894608
0.9798892863671472
0.9798918918487431
0.9798971031253892
0.9798814813630649
0.9798906484011763
0.9798929792706194
0.9798949784928166
0.979901253473659
0.9798889470317595
0.9798771886052129
0.979880247900603
0.9798830749518898
0.9798972951787404
0.9798897420781201
0.9798813999048565
0.9798715822023194
0.9798602392815606
0.9798517713862473
0.9798418633693583
0.979843310839254
0.9798470067421443
0.9798533538138237
0.9798446230466029
0.9798423664643152
0.9798533448052713
0.9798646483556867
0.9798832756790539
0.9798832264383074
0.9798917276728647
0.9798913029347374
0.9798873506503946
0.9798886328672727
0.9798846922660521
0.9798964357418125
0.9798857359984475
0.9798995395307772
0.9798860561058191
0.979866481030067
0.9798645192866474
0.9798576669424128
0.9798497909160074
0.9798418965656565
0.9798520805736459
0.9798489648538901
0.9798430235842955
0.9798275438386568
0.9798399634590789
0.979843189450808
0.979837131092485
0.9798191066647717
0.9798188948461614
0.9798194447006151
0.97981740184335
0.9798142553529315
0.9798047558145099
0.9798120749710535
0.9798090520895675
0.9798161570578181
0.9798273125725708
0.979823467977295
0.9798174414379094
0.9798107823834784
0.9798056259223848
0.9798061626971435
0.9798191799010232
0.9798267968919616
0.979823897683691
0.9798198687618541
0.9798289132044683
0.9798183029634708
0.9798331944935714
0.9798264473196475
0.9798399674999653
0.979849393628208
0.9798519132724689
0.9798534016116948
0.9798522341639176
0.9798542543620997
0.9798626070592232
0.9798544049730021
0.9798504620189965
0.9798512164386968
0.979842197536913
0.9798580380488989
0.9798613203770828
0.979859844485176
0.9798744274315884
0.9798569378761708
0.9798454724195373
0.9798334212885664
0.9798221454976835
0.9798219666065626
0.9798163796004156
0.9798265568076002
0.9798163692282379
0.9798097931733812
0.9798097272816138
0.9798036659640743
0.9797993440648043
0.9798138714468069
0.9798110285577792
0.9798234415264426
0.979817913796393
0.9798251736487302
0.9798251915150494
0.9798266043797862
0.9798330317530024
0.9798266396975094
0.9798142529307627
0.9798109471109395
0.979800209891589
0.9798071626703483
0.9798164429727735
0.9798307899859258
0.9798238878928249
0.9798146097181901
0.9798222049728132
0.9798122194105816
0.9798029559756856
0.9798113982850261
0.9798236628119467
0.9798241538234951
0.979823763560279
0.9798187040992989
0.9798195189949542
0.9798228565681993
0.9798125904483788
0.9798029997672227
0.9798000003173738
0.9798018980579271
0.9798035840152803
0.9797938161880085
0.9797987627108725
0.9798082551607157
0.9798087832858641
0.9798209075305878
0.9798298280801435
0.9798313348699467
0.9798145127751774
0.9798142058058302
0.9798120245321095
0.9798201409004363
0.9798121045628068
0.9798154258731943
0.9798152466841892
0.9798198814337487
0.9798066724026203
0.9798096893337968
0.9798054509175136
0.9797938091409903
0.9797922465135844
0.979797383991379
0.9797959079457079
0.9798053020085151
0.9798060488284707
0.9797987188868298
0.9798021917640143
0.9797917622274502
0.9797952427095248
0.9798001557144459
0.9798035486240414
0.9798159170075817
0.9798171476793662
0.9798101487740728
0.9798259791524628
0.9798274263618458
0.9798290914071833
0.9798287599860009
0.9798453026118301
0.979847910271087
0.9798422254902196
0.9798518828620896
0.979856436397174
0.9798710724995686
0.9798693438562407
0.9798707346397121
0.9798640591548429
0.9798688464906412
0.9798581755014186
0.9798569941637776
0.9798565597274788
0.9798549735364382
0.9798623118139012
0.9798557901735281
0.9798617925543261
0.9798534318604885
0.9798677072714179
0.979863062357825
0.9798648918713359
0.9798745965721014
0.979878503474127
0.9798830814216353
0.9798761030195885
0.979868870176408
0.9798770204450233
0.9798813670872816
0.979884187383659
0.9798816726866477
0.9798659047207167
0.9798583386510665
0.9798621787511819
0.9798544775137562
0.9798528052983982
0.9798678015155002
0.9798617137889776
0.9798594984473012
0.9798465616507538
0.9798416656666281
0.9798329099301
0.9798300276859203
0.9798287013871244
0.9798239341432673
0.9798323494891593
0.9798199858906257
0.9798177654611802
0.9798158443181156
0.979808382431396
0.9798165554331937
0.979814392707726
0.9798099225588341
0.9797943740984779
0.9797981724984952
0.979793814806725
0.9797833235728635
0.9797805933866668
0.9797865523711058
0.9797916075486246
0.9797753387745924
0.9797756585930206
0.9797798952729666
0.9797812842745599
0.9797792310676444
0.9797758366463751
0.9797809865148464
0.9797674625098334
0.9797726768818131
0.9797779821119702
0.9797733099334119
0.9797772250888462
0.9797786238014244
0.9797744845195963
0.9797806764873245
0.9797766312565065
0.9797724121549488
0.979766500024581
0.9797759386631305
0.979774284058289
0.9797764900036166
0.9797650858869783
0.9797545315709227
0.9797543451420574
0.9797719984806202
0.9797775894754024
0.9797802141697284
0.9797739876190493
0.9797696222904442
0.9797604538424777
0.9797526926152152
0.9797531770563368
0.9797509208139951
0.9797613506257455
0.9797614666223732
0.9797645227522853
0.9797769093976231
0.9797817878555806
0.979790790528305
0.9797942750425773
0.9797972072580281
0.9797921961450795
0.9797912352013793
0.9797917775031947
0.9798011731638808
0.9797981615964187
0.9798005909082316
0.9797903355253583
0.9797915883112898
0.9797897714127829
0.9798010571898672
0.9798028360467447
0.9797947911952644
0.9797995153270769
0.979793159626061
0.9797917284663213
0.9797906257458355
0.9797883109235007
0.9797848631448933
0.97979007297059
0.9797706755787614
0.9797588933798727
0.9797452373498916
0.979744964627113
0.9797386516599011
0.9797460230701219
0.9797639413288713
0.9797681592351043
0.9797747386483749
0.9797721015699145
0.9797728866445545
0.9797772323117641
0.9797879449054767
0.9797733615551987
0.9797693573283829
0.979768040481105
0.9797621771283086
0.9797695801092113
0.979770017646946
0.9797826219000243
0.9797859633713251
0.979797691727478
0.9797989570425892
0.9797855419315685
0.9797780015845567
0.9797772852055353
0.9797813745121065
0.9797941112739315
0.9798073804789985
0.9798061561741366
0.9798007541424838
0.9798079339741107
0.9798072243654393
0.9798024400990509
