0.9635006453872605
0.9720648669987363
0.9731375833840947
0.9782577176829024
0.9814173250607736
0.9840847587519376
0.9851445024079981
0.9863349886437996
0.9866703775820524
0.987522883331752
0.9878066752577834
0.9878698054012589
0.987403135832554
0.9875959719752112
0.9879746416111569
0.9882811201931664
0.9885500262920496
0.9888622694000427
0.9888234177372527
0.9887422691542892
0.9887405749618478
0.9889218708197449
0.9887601797034626
0.988707944068346
0.9884129089362718
0.9883010896901895
0.9884547192044449
0.9882534635597672
0.9882562055498767
0.988206415820512
0.9881370165833915
0.9879037825864643
0.987839160982223
0.987643133021018
0.9877956419233254
0.9879186811115321
0.9880845755270692
0.9880819286106663
0.9880270327317601
0.9880707947334025
0.9880590057841074
0.9879978141852165
0.9877854142940802
0.9879832617260266
0.988085233545463
0.9880947345583392
0.9880975093266365
0.9880858219872581
0.9880610843167228
0.9880589645719904
0.988073351297085
0.987982175140946
0.9880213778326885
0.9878992455955424
0.9878928003543365
0.987949575938485
0.9880372502950565
0.9880331875069929
0.9880198461351077
0.9880773640433375
0.9880943130976761
0.9879580145608382
0.9879762643763556
0.988028425089625
0.9881054273935065
0.9881307087294655
0.9880532224023393
0.9880143727635676
0.987986787043393
0.9880359336177064
0.9881123337237027
0.9881154365465347
0.9881656181940509
0.9881345115742936
0.9880583698629704
0.9880926118097935
0.9880549075152842
0.9879284186024587
0.9878650381530046
0.9879569404897288
0.9879505024371596
0.9879818021341842
0.9879679874223536
0.9879706772059291
0.9878886749959477
0.987859440387247
0.9879388073641091
0.9878948561903886
0.9880024072764474
0.9879833424839699
0.9879437072542462
0.9880593228440337
0.9880493111870442
0.9881219752514535
0.9881190959188968
0.9881856326784105
0.9881780022366662
0.9882644159172917
0.9882343805263788
0.9882531138881545
0.9882687471651888
0.9882224913830747
0.9882211350686487
0.9882093751061947
0.9882274960349487
0.988139153392358
0.9881556334571018
0.9882081519747471
0.9882682780053326
0.9883168549571838
0.9883219060080793
0.9883384977538267
0.9884425113702451
0.9884271788957236
0.9884096210300477
0.9884047326677422
0.9883670727477729
0.9883120652132595
0.9883080642193006
0.9883367563816329
0.9883093261212655
0.988223864793552
0.988177906751285
0.9881581527215166
0.9882109821601939
0.9881961212196174
0.9882042229178309
0.9881498818564806
0.9881822769562489
0.9881955140341182
0.9882397301086548
0.9882078947904257
0.988210389043576
0.9882259034286272
0.9882735956237836
0.9882470355742339
0.9882532579028025
0.9882922572502856
0.9882978258531253
0.9883067256091865
0.9882910499888434
0.988307889513283
0.9883050356924679
0.9882788008697044
0.9882775996303873
0.9882781878590108
0.988289205500747
0.9882889355341731
0.9882727185004253
0.9882289248589105
0.988215778283685
0.9881801393178095
0.9882072816037065
0.9881808322517541
0.9881472873337837
0.9881823812919425
0.9881803758267407
0.9881913396878304
0.9882175239527127
0.9882194346096329
0.9882128356311559
0.9881891995983967
0.9882415451111752
0.9882081685881007
0.9882339281549097
0.9882632658346538
0.9882886737619844
0.9882789836066086
0.988274890504394
0.9882446284147498
0.9882445628789169
0.9882365217571139
0.9882644456980522
0.9882727765355899
0.9882539101735268
0.9882653733269785
0.9882617350137882
0.9882295869660542
0.988236779982908
0.9882212823318237
0.9882186676249102
0.9882280959996521
0.9882232931315043
0.9881908703869097
0.988177298613516
0.9882266662976193
0.9882241960199161
0.9882020668671447
0.988219253963342
0.9882013436048306
0.9882107136597359
0.9882107403656616
0.9881903078420321
0.9881812423538016
0.9881701754497618
0.9881585638366456
0.9881395047328023
0.9881349609950567
0.9880980281202654
0.9881053001020698
0.9880924275870128
0.9881075113403769
0.9881118954259678
0.9880838249457825
0.9880681279014244
0.9880974883435858
0.9881091115970368
0.988085854650477
0.9880851384143191
0.9880984049058432
0.9880678775420498
0.9880596873433345
0.9880310142349779
0.9880405711648325
0.9880193810690359
0.988023867331178
0.9880478167312349
0.9880301317681078
0.9879703234947177
0.9879804780552643
0.9879594524498273
0.9879876879006945
0.9879914072248382
0.98797000577339
0.987984297805274
0.987982794947716
0.9880123441382632
0.9880021292093942
0.987999266723067
0.9879706246443751
0.9879967180752585
0.9880138915423807
0.988001299377113
0.9879827369425275
0.9880018209461401
0.9879742315982366
0.987952368967625
0.9879610331476835
0.9879692108755951
0.9879697857972057
0.9879488858923655
0.9879793729461147
0.9879542430914579
0.9879812127588962
0.9879613157436838
0.9879389547196923
0.9879362763398598
0.9879346452976018
0.9879312406672995
0.9879260814532272
0.9879377633010111
0.9879095745123687
0.9879296399530991
0.9879592305088226
0.987954549686895
0.9879533173835208
0.9879670349536723
0.9879518142034599
0.9879619993419182
0.9879823809313282
0.9879794598268764
0.9879520468455639
0.9879365468372766
0.9879325885018004
0.9878941400497842
0.9879128238911505
0.9879123591712918
0.9879057706144877
0.9879068756622306
0.9879137281728795
0.9879211716119948
0.9879180959712767
0.9879312424979365
0.9879280566336008
0.9879593046009426
0.9879583179499605
0.9879434167657045
0.9879539729459969
0.9879642662193321
0.9879453351040846
0.9879282447208324
0.9879347962361694
0.9879387343963543
0.9879374132432157
0.9879514508454533
0.9879480669430933
0.9879449982809885
0.9879465491582722
0.9879302792400426
0.9879146030756812
0.9879069277913335
0.9878939297482545
0.9878944159544737
0.9878778773721119
0.9878794090271452
0.9878804532725687
0.9878754930574887
0.9878602117456585
0.987830214149947
0.9878368439146598
0.9878298485612605
0.9878577415826972
0.987861645034251
0.9878615841856556
0.9878620861498241
0.9878812709771482
0.9878746006243755
0.987887012996759
0.9878757359167456
0.9878865046849363
0.9878802489273634
0.9878583630641644
0.9878625497783128
0.987861066373095
0.9878298647905199
0.9878010320341344
0.9878180149584912
0.987824795106168
0.9878270807007189
0.9878464384974773
0.9878322188256805
0.9878211451609398
0.9878106271237034
0.9878255256997324
0.9878061433636307
0.9878258621778154
0.9878176148468819
0.9878341922239174
0.9878197325877501
0.9878322064034691
0.9878369326362665
0.9878292427803266
0.9878316817952507
0.9878291460628077
0.9878274682041164
0.9878172891147099
0.9878107392826084
0.9878249529195247
0.9878192516096147
0.9878214304377619
0.9878260239238964
0.9878125904228964
0.9878101676120142
0.9878177227250876
0.9878052679985995
0.9878220687361815
0.9878275813450084
0.9877948742950163
0.9877832203877647
0.9877699619029576
0.9877711829645208
0.9877690013299844
0.9877440911408705
0.9877326129695844
0.9877348699313379
0.9877392738786007
0.9877453739990231
0.9877425987982236
0.9877330214017672
0.9877243533764539
0.987707219496818
0.9877108069937324
0.9876952438809804
0.9877009193460593
0.9876904203175682
0.9876860722763936
0.9876596676573848
0.9876746657480365
0.987651074103933
0.9876457678146805
0.987653203483229
0.9876778919493113
0.987695885056058
0.9877146367679375
0.9877199938392754
0.9877214183191165
0.9877014963589275
0.9876901147207483
0.9876930385259177
0.9877005425031951
0.9877034640930604
0.9876948693230545
0.9877061473968853
0.9877083953365866
0.9877141155836664
0.987729911654831
0.9877488352928425
0.9877449300315103
0.9877443694114326
0.9877469833271781
0.9877300281689659
0.9877380220883709
0.9877152201410957
0.9877220409418361
0.9877079463623988
0.9876867691663663
0.9876913819833552
0.9876831506702693
0.9876693908586512
0.9876716112044387
0.98767861663948
0.9876670630065593
0.9876908387059073
0.9876996096875741
0.9876905706659159
0.9876920821905811
0.9877058164789461
0.987696371919091
0.9876815377994836
0.9876759832632177
0.9876720154432198
0.9876705946269343
0.9876590555981062
0.9876799946047482
0.9876771878284363
0.9876673545317719
0.9876698153105553
0.9876769242539747
0.9876633605891565
0.9876677384695525
0.987665510593665
0.9876816548023172
0.9876834856369684
0.9877063443894517
0.9876982382910631
0.9876943373364209
0.98769281619454
0.987694706911508
0.9876968340514459
0.9877068483938484
0.9877239919940645
0.9877188426575885
0.9877188359864805
0.9877151051303409
0.9877026286739987
0.987700970132419
0.9876945497795
0.9876981415463741
0.9877059176900991
0.9877089190963331
0.9876978592102034
0.9877053029008614
0.9876998237386679
0.9876920892266674
0.9877121738695274
0.9877089961351144
0.9877081749924727
0.9877018615319941
0.987701735403887
0.9876959824848774
0.9876917261194195
0.9876734104305704
0.9876826602662493
0.9876967485871697
0.9877042414653526
0.9877147071128836
0.9877050736178568
0.9877088733629799
0.9877187540184906
0.9877184462083644
0.9877256713395548
0.9877352804650924
0.9877404894265807
0.9877560003159217
0.9877584265466703
0.9877519002796993
0.9877544298436173
0.987766897035418
0.9877400392425368
0.9877589187606179
0.9877581507681641
0.9877563702836503
0.9877528960380728
0.9877473415674918
0.9877398624711261
0.9877448587226401
0.9877577711061453
0.9877550680173627
0.9877491260200907
0.9877496073047602
0.9877460525955518
0.9877365728531095
0.9877313707542034
0.9877240896166211
0.9877162660403751
0.9877075607501096
0.9877091888570889
0.9877067645987698
0.9877182386844382
0.9877149158280855
0.987711048728279
0.987707151661113
0.9877179107494133
0.9877162931317899
0.9877187563363657
0.9877276546045561
0.9877197463844021
0.987696838563371
0.9877039231620872
0.9876930617697208
0.9877018354022532
0.9877079619343059
0.987717370720631
0.9877170596425152
0.9877236394165936
0.9877312896100294
0.9877210827728073
0.9877339347656321
0.9877193801174408
0.9877137370149802
0.9877068380754839
0.9877041185912744
0.9877110795128325
0.9877141723380881
0.9877042083066911
0.9876946620056926
0.9876814007736682
0.9876959486986612
0.9877077469386223
0.9877131713727557
0.9877084750830792
0.9877106020129146
0.9877031566896042
0.987712710669453
0.9877257063437286
0.9877473648949747
0.9877465672747323
0.9877390371756145
0.9877435504029485
0.9877469853531735
0.9877338736281085
0.9877208885264996
0.987718142652994
0.9877021459417329
0.9877093334402886
0.9877245850800237
0.9877203778849524
0.9877230519396509
0.9877185297645772
0.9877300268001005
0.9877219321577291
0.9877132129607415
0.9877179930416182
0.9877347005457028
0.9877332866879152
0.9877393718047486
0.9877345073804557
0.9877318803639825
0.9877227651360648
0.9877317401047541
0.9877404540079747
0.9877470689323156
0.9877438318387545
0.9877527536370715
0.987744888011621
0.9877496947582767
0.9877393241119922
0.9877339258435899
0.9877283561606343
0.9877240882751247
0.9877135757483045
0.9877102320750698
0.9877211506046647
0.9877327504665656
0.9877345847953618
0.9877470494319368
0.9877460777218379
0.9877487641998637
0.9877489811532861
0.9877438475921178
0.9877474245331116
0.9877421255879949
0.9877412127465204
0.9877406629055787
0.9877369940002365
0.9877400104290954
0.9877443692490496
0.9877496584521993
0.9877436264104654
0.9877511218934646
0.9877491448272249
0.9877552190065852
0.987749876042244
0.987724811947895
0.9877258236060622
0.9877315583971688
0.9877273735412778
0.9877365708050448
0.9877428632180296
0.9877475628554346
0.9877501661683074
0.9877388949054762
0.9877378913773907
0.9877337889789046
0.9877473067208564
0.9877509718301039
0.9877429500498481
0.9877412633882351
0.9877328960251865
0.9877315140313282
0.9877281257045591
0.9877294429581788
0.9877308787614758
0.9877249793815279
0.98771837747978
0.9877136956224393
0.9877145440127599
0.9877263481695108
0.9877307808360585
0.9877350135264078
0.9877302529980638
0.9877311859549366
0.9877260207597418
0.9877293570732103
0.9877211825841946
0.9877204615228455
0.9877163021063141
0.9877269616104882
0.9877130952941906
0.987710485450782
0.9876999798793021
0.9877002484180148
0.9877018586795551
0.9877026654794832
0.9877093395679092
0.9877150556116928
0.987698835718462
0.9877029074513748
0.9876975681282845
0.987697297899216
0.9876949240992133
0.9876903757196903
0.9876886398793493
0.9876862869111973
0.9876865698474009
0.9876905173424214
0.9876933860723484
0.9877057635125068
0.987690495703879
0.9876949632097299
0.9876957371764715
0.9877081682532681
0.9877003772938285
0.987696871800558
0.9876948189948349
0.9876902419957211
0.9876955560138873
0.9876980371764662
0.9876960726032709
0.9876948604699715
0.9876925662482018
0.9876973774388458
0.987696288799427
0.987694798260971
0.9876952038854305
0.9876953414874914
0.9876875107063178
0.987673034852783
0.98767574865099
0.9876822548962346
0.9876881533057557
0.9877030855594755
0.9877052105687857
0.9877046610931558
0.9876993463410766
0.9877020918655146
0.9876984337516554
0.987697609591468
0.9876974218789483
0.9876924156933788
0.987689066701208
0.9876796144689645
0.9876840714058597
0.987686048959147
0.9876772125173704
0.9876714068252952
0.9876647836440026
0.987653513190721
0.9876692430026027
0.9876785437567583
0.9876736222175219
0.987671155604739
0.9876596406108883
0.9876669045109272
0.9876618272216868
0.9876608749116553
0.9876628509305387
0.9876596766377242
0.9876573439946308
0.9876667201702086
0.9876644919125025
0.9876652912464741
0.9876591630852547
0.9876505644096297
0.9876453284285008
0.9876457852567321
0.9876449446078812
0.9876500566470277
0.9876567539159907
0.9876536435322228
0.9876559430537953
0.9876570106653381
0.9876597940807188
0.9876645386849712
0.9876624903141579
0.9876564718963151
0.9876481198268835
0.9876455173790174
0.9876429915756219
0.9876426201271179
0.9876388780000037
0.987637902203634
0.9876408285214665
0.987633250698037
0.9876328948964028
0.987631485174134
0.9876368325532044
0.9876405625184971
0.9876388674311563
0.9876347796907844
0.9876325285487866
0.9876395620199715
0.9876375210622226
0.98762612265556
0.9876249092688035
0.9876309204041605
0.9876352149635165
0.9876337183243855
0.9876282669610105
0.9876276764278187
0.9876275452156472
0.9876185455077114
0.9876214637855103
0.9876218643255386
0.9876196331714829
0.9876213048032739
0.9876145432932069
0.9876028628298503
0.9876039430576272
0.9876021292272518
0.9875960557917611
0.9875942457595299
0.9875974512349908
0.9876040132766419
0.9875996977961103
0.9875990728847357
0.9875921803540569
0.9875930194778764
0.9875828581239745
0.9875803161210308
0.9875764192073424
0.9875834712838985
0.987584702726497
0.9875789290266078
0.987582191646324
0.9875805651173745
0.9875856663987546
0.9875919459779273
0.9875975461112649
0.9876001238641536
0.9875993782848167
0.9876006632655842
0.987598938076351
0.987598868019423
0.9875873124612835
0.9875848141819432
0.9875866890992213
0.9875945229513613
0.9875816317613387
0.9875852592943013
0.9875854751326578
0.9875856463805434
0.9875915507725235
0.9875897468570669
0.9875882517995609
0.9875862241924114
0.9875836596699246
0.9875839585134891
0.9875893971598056
0.9875701069716948
0.9875772394852614
0.9875781270342988
0.9875817941841064
0.9875894455967154
0.9875922302488888
0.9875883879753303
0.9875832465451235
0.9875670580379946
0.9875734617198371
0.987581543411251
0.9875798733642233
0.9875830255205896
0.9875776326389188
0.9875676341949583
0.9875565818339299
0.9875542619953527
0.9875472473784946
0.9875482513566094
0.9875599880925563
0.9875626804531533
0.9875599957901563
0.9875619837040966
0.9875603129265855
0.9875521803964338
0.9875549208997427
0.9875547096999016
0.987547298018676
0.9875543419634355
0.9875571026089918
0.987547907004639
0.9875486200216814
0.9875547840130903
0.9875469143148171
0.9875509902879932
0.9875493474462054
0.9875514930478413
0.9875449916729717
0.9875441315742124
0.9875419424103447
0.9875392589112435
0.9875401017629468
0.9875274395810337
0.9875330713694023
0.9875404923857768
0.9875385554919909
0.9875348931370853
0.9875337434457729
0.9875313384263409
0.9875249713103978
0.9875250850886247
0.9875208836435674
0.9875241364300257
0.9875264766888832
0.9875254129513277
0.9875302471588341
0.987535114006615
0.9875439688526678
0.9875485356959438
0.9875432421007875
0.9875350932959822
0.9875374948393839
0.9875431644188047
0.9875380384903911
0.9875342596068829
0.9875461589666067
0.9875528737680029
0.9875547675430525
0.9875572194973214
0.9875567106120899
0.987554988739162
0.9875568189375387
0.9875689969214765
0.9875659126743105
0.9875609737341907
0.9875648585740421
0.9875698728250438
0.9875766448719147
0.9875691776171907
0.987564982427251
0.9875621895189811
0.9875673793088194
0.9875684934140371
0.9875704092215707
0.9875715508457841
0.9875621250645843
0.987558263287278
0.9875595269293781
0.9875600260557257
0.9875583213200152
0.9875585626138815
0.987561949096649
0.9875684986123853
0.9875621225054567
0.9875694063842299
0.987574105591011
0.9875803821871977
0.9875807359166692
0.9875825668897182
0.9875791261546365
0.9875833576122985
0.9875795270042901
0.9875765290362578
0.9875843307822924
0.9875781782217594
0.9875675963115572
0.9875638069152093
0.9875588088788732
0.9875596550093202
0.9875643329653597
0.9875620370806698
0.9875648950310828
0.9875636770143429
0.9875530694948362
0.9875482057288336
0.9875450468320913
0.9875531135647865
0.9875520798971987
0.9875481302302959
0.9875642488510563
0.9875542275343122
0.9875567909761558
0.9875509276854674
0.9875455014836718
0.987551029066518
0.9875585049671859
0.9875559476326308
0.9875595454158146
0.98755422473317
0.9875495784692973
0.9875512079811626
0.9875479022545839
0.9875408866933442
0.9875411832835846
0.9875388558733335
0.9875365328949506
0.98753165701949
0.9875292688783989
0.9875371656685576
0.9875431395906747
0.9875451511790769
0.9875470384938083
0.9875538246637839
0.9875494815326147
0.9875396629909223
0.9875355910012658
0.987538856000546
0.9875408526097811
0.9875406228565837
0.9875407004827231
0.987541763943918
0.9875501040562453
0.9875533121518133
0.9875489242396663
0.9875507997880429
0.9875491165920045
0.9875456974998513
0.9875415527023367
0.9875441830174593
0.987534310895439
0.9875393327538897
0.9875384609577526
0.9875403168583372
0.9875442881850955
0.9875423556654398
0.9875528657352037
0.9875516866705843
0.9875460205346457
0.9875479917358241
0.9875462851625854
0.9875517130557451
0.9875539607031611
0.987561221055835
0.9875665666978779
0.987559977142983
0.9875629557969874
0.9875600527636466
0.987565615730338
0.9875682816752909
0.9875740567175498
0.9875713466122232
0.9875733680549749
0.9875743698549178
0.9875685859996699
0.9875698248497876
0.9875724930847061
0.9875749552391946
0.9875706530926713
0.9875678399595844
0.9875699105611081
0.9875772975181103
0.9875735490576034
0.9875737825283954
0.9875752107269459
0.9875771088078074
0.9875718756715589
0.9875774822360177
0.9875772180496157
0.987587513172654
0.9875902622135208
0.9875951977716025
0.9875928767713551
0.9875904807240601
0.9875818883437365
0.9875857213504357
0.9875846313863973
0.9875903121847527
0.9875965952706434
0.9876016306681912
0.9876013293157406
0.9876051459271298
0.987607504264861
0.9876076055931191
0.9876110544437036
0.9876108961406564
0.9876257716416572
0.9876253077823622
0.9876308636831932
0.9876278637036847
0.9876344338211489
0.9876359207352696
