0.9563482951292064
0.9724383042000024
0.9767937436498713
0.9807689202977976
0.9822834960796094
0.983622365521484
0.9846524898320624
0.9850868438961841
0.9859085235212772
0.9866151274260652
0.9865152502150154
0.986513800556951
0.9862375769841163
0.9865756266305993
0.9867002556741837
0.9866065033339252
0.9866524655566814
0.9870868469305882
0.9867177206563738
0.9869473690719008
0.9872372634320156
0.9873925577171035
0.9874842265965155
0.9876610342627242
0.9874833045970991
0.9871450551366437
0.9870612573429652
0.9871964025072765
0.9869619644476084
0.9873084164802381
0.9872024609194183
0.9874907269023403
0.9875388145563934
0.9874109929619043
0.987501849039017
0.9876312557693738
0.9875676177409207
0.9874724198040147
0.9876303873828602
0.9875370544194505
0.9876085593111925
0.9876472071848489
0.9877368271117576
0.9878759132232113
0.9879831602706745
0.9877887239949085
0.9879303148530899
0.9879070822349019
0.9878435248189377
0.9878857764216117
0.9879576433548773
0.9881592021514445
0.988137111415568
0.9879885467506957
0.9879625805317479
0.9878684858180259
0.9877997137426499
0.9878611121566905
0.9879270271803667
0.9878906547027763
0.9878508442049305
0.987836041222006
0.9878869294289361
0.9878144574928995
0.987915762758503
0.9878504879948272
0.9878679173527289
0.9878041760907676
0.9877656170971867
0.9878655963104969
0.9879403833406116
0.9879369474515933
0.987971344904046
0.987938132214041
0.9878875162379523
0.9879167292198403
0.9879080651550968
0.9879749203814915
0.9878640329611731
0.9879196095402984
0.9879266273884041
0.9878522632900445
0.9879179122462443
0.9879857827202898
0.9879621173775619
0.9879935294478925
0.9880239954226806
0.9880618646892997
0.9881150787319568
0.988114044905761
0.988118009555335
0.9881419337288949
0.9881148161369327
0.9881342894725506
0.9881263376033358
0.98811869293197
0.9881067264969355
0.988196097359724
0.9881946760888649
0.9882635422144826
0.9883358532412088
0.9883031682114933
0.9883728640805151
0.9883535300178593
0.9883515683789659
0.9882880778268965
0.9883384027639726
0.988388837945567
0.9883672350287749
0.9883605976478789
0.9883785583364675
0.9883103143981129
0.9883173375173238
0.9883179841121286
0.9882962339018493
0.9883125399382174
0.9883677633680611
0.9883251771552314
0.988318429513411
0.9882876356200633
0.9882488827082472
0.988301601566262
0.9882318010073653
0.9882920187677362
0.9883406945627023
0.9883551962664608
0.9883626022423393
0.9883823631954062
0.9883822195735933
0.9883551598221697
0.9883670564061545
0.9882919052173892
0.9883006770956866
0.9882867439866629
0.9882795343868006
0.9882422107619904
0.9882448658744857
0.9882277313008945
0.9882146165794429
0.9881840332399466
0.9881064141695115
0.9881320689959846
0.9881067475049888
0.988082603792851
0.9880890993367507
0.988101247596485
0.9881001342925901
0.9881350000309472
0.988132663831434
0.9881469414420624
0.9881175335622775
0.9881149587065187
0.9880909923178754
0.9880313110999718
0.9879690647121595
0.9879776854920801
0.9879786839060529
0.9880230779726799
0.9879474056438527
0.9879544974174317
0.9879248609067176
0.9879161435910524
0.9879538417973135
0.9878991070856182
0.9878909860884245
0.9878840365146727
0.9879088472382489
0.9878708740839857
0.9878782181120548
0.9878523441386998
0.9878278928537001
0.9878145449055672
0.9878012167334879
0.9877971746880323
0.987761714278608
0.987698788347883
0.9877045256105617
0.9877377110013967
0.9877255027555295
0.9877047813362836
0.9877075520958872
0.9877401947381979
0.9877610685774272
0.9877671271989207
0.9877495469237457
0.9877416295763449
0.9877896520122522
0.9877548934474726
0.9877457360333737
0.9877154540987991
0.9877130872062837
0.9877059524325077
0.9877235438552145
0.9877278132124991
0.9877302201221778
0.9877272044717059
0.9876985905315552
0.9876974962889239
0.9877154266501386
0.9877409135450633
0.9877449032454011
0.9877951472541464
0.9877905757046224
0.9877836809706488
0.9877154803126342
0.9877114073493527
0.9877009861191735
0.9876582932242621
0.9876915134118761
0.9877010381290177
0.9876935085895393
0.9877120315116258
0.9877085788138691
0.9877044608664586
0.9877353843245636
0.9877294217886056
0.9876817439660595
0.9876863515574678
0.9876647400629743
0.9876685616480478
0.9876935518482952
0.9876921249313282
0.9876932494948405
0.9876877732907193
0.9877179699767674
0.9877122917657694
0.9876725322650484
0.9876641273850185
0.9876542553173311
0.9876554998300416
0.9876479324816222
0.9876576153929202
0.9876544054527759
0.9876904775023412
0.9876956465054414
0.9876779214645162
0.9876416290227773
0.9875998795572324
0.9876094419793348
0.9876452695849159
0.987662383576373
0.987664339042193
0.9876616195382141
0.9876631929768894
0.9876710581689079
0.9876560549347865
0.9876925747402676
0.9877058949095938
0.9876913779551287
0.9876714338738011
0.9876539670647512
0.9876418236882285
0.9876775185667489
0.9876536984724118
0.9876361369589719
0.9876159645798411
0.9876133368258386
0.9875919723049358
0.9876045708542286
0.9875992451218484
0.9875988526476868
0.9875774382180236
0.9875569524042258
0.987563773499976
0.9875441846215737
0.9875337395584801
0.9875435152981407
0.987537228383681
0.9875450371895436
0.9875580560823226
0.9875709338170966
0.987587878876546
0.9875979542166691
0.9875989391473496
0.9876102922938078
0.9876272559185868
0.9876073035952483
0.9876066453243695
0.9875851260640426
0.9875854104068023
0.9875558480494293
0.9875177336231843
0.9875355464065096
0.9875175375405171
0.9875131481693027
0.9875147278805384
0.9874898998653417
0.9874897537322592
0.9874815726529401
0.9874772176266492
0.9874517520655507
0.9874543774444591
0.9874502008451975
0.9874448914406808
0.9874579627601394
0.9874562817383994
0.9874602305672504
0.9874583278043969
0.9874349476865124
0.9874483720593967
0.9874427263378006
0.9874478628030177
0.9874337580329386
0.9874308088457979
0.9874573986801516
0.9874621097478238
0.9874503649789418
0.9874514593811237
0.987425642060006
0.9874186936676035
0.9874180477315436
0.9874256958427668
0.9874376669265221
0.9874469732029165
0.9874276666166162
0.9874054862686681
0.9874160369207736
0.9873978106815704
0.9873853975106188
0.9873861341865902
0.9873821394032332
0.9873910819631404
0.9873892469603949
0.9873535579320238
0.9873423953729011
0.9873559581696202
0.9873429926038846
0.9873506448177821
0.9873577340457949
0.9873519616778376
0.9873373827435845
0.9873145360638491
0.9873018695515715
0.9873022084252164
0.9872962985142253
0.9872998917659724
0.9873031057832241
0.9873278938690533
0.9873176848620581
0.9873239986348439
0.987327853016449
0.9873237860033843
0.987326545081999
0.9873358890263375
0.9873379951291732
0.9873474496262391
0.9873426043674045
0.9873358101505164
0.9873315652923549
0.9873205699857763
0.9873221886900019
0.987312947321964
0.9872965074085148
0.9872840214809736
0.9873050424071125
0.9873047040117764
0.9873205046214224
0.9873118070882532
0.9873052381575961
0.987313308122467
0.9873244352506085
0.9873274098285587
0.9873147626464788
0.9873283388688784
0.9873432951784228
0.9873548186797168
0.9873742036347318
0.9873746057125614
0.9873399139067582
0.9873414429777077
0.9873320858625193
0.9873657139069805
0.9873705446190829
0.9873762308081475
0.9873782114910716
0.9873827310193616
0.9873679289229541
0.9873603068484255
0.9873478607820931
0.9873490872250097
0.9873692567656333
0.9873705851265051
0.9873593892768339
0.9873482907784058
0.9873426042675609
0.9873402033237705
0.9873460980169958
0.9873402054595553
0.9873580914903206
0.9873557364529935
0.9873448112917581
0.987363788707402
0.9873666287500116
0.9873963518054852
0.9873766877225867
0.987363381690838
0.98735612370606
0.987345922576391
0.9873360129680891
0.9873303515160562
0.9873478369245114
0.9873422180721095
0.9873372720715503
0.9873398174458563
0.9873380476903305
0.9873446635483857
0.9873717010393442
0.987361235104852
0.9873561586254277
0.9873558357584528
0.9873554088980688
0.9873383298115906
0.9873516729963017
0.9873641066213104
0.9873574835213517
0.9873525968078171
0.9873610898914998
0.9873733637644477
0.9873718328653297
0.9873614849943098
0.9873380472999893
0.9873406493523091
0.9873522878499056
0.987364416598669
0.9873580643409794
0.9873719220594971
0.9873739095394496
0.9873632274991813
0.9873839833883299
0.9873729113839194
0.9873788885953807
0.9873708887996837
0.9873815325957607
0.9873752969809735
0.9873599864752756
0.9873563284361492
0.987363949197336
0.9873338200292913
0.9873451033447684
0.9873585357364529
0.9873550715928509
0.9873798818042926
0.9873556546213219
0.9873528254407176
0.9873589086258339
0.9873601568498653
0.987353014481496
0.987355533323875
0.9873567086999083
0.9873469032224307
0.9873396060240148
0.9873488170771686
0.987349308134007
0.9873642375670625
0.9873888768009293
0.9874137961994609
0.9874015458596025
0.9874110817533618
0.987407696077767
0.9873984866491863
0.987399905274279
0.9873920290866696
0.9873917803440595
0.987390659833904
0.9873866261417484
0.98739549674263
0.9874133740241005
0.9874293631659077
0.987419094334006
0.9874375628404416
0.9874701762429612
0.9874706506179796
0.9874844135919537
0.987483463575306
0.9874838371520849
0.9874889668472373
0.9874708611539201
0.9874617363531715
0.9874627401415211
0.9874698780301266
0.9874748439397136
0.987478901456518
0.9874738189804143
0.9874608200632681
0.9874599614607236
0.9874395867365808
0.9874390316331666
0.9874514698495115
0.9874476813913101
0.987430142608125
0.987411616880073
0.987400624658616
0.98741023013725
0.9874188066110713
0.9874247401274971
0.9874317557410118
0.9874406104310094
0.9874306638954212
0.9874251002932493
0.9874212248332824
0.9874186893100177
0.9874294695196077
0.9874465107976055
0.9874599334386486
0.987458647716511
0.9874608900118385
0.9874588917773411
0.987461449312352
0.9874685137426518
0.9874457648713806
0.987455102522568
0.9874563654424611
0.9874457036737341
0.9874501214428201
0.9874440180749005
0.987440480677768
0.9874314783726814
0.9874323760845104
0.9874389280976427
0.9874405383045703
0.9874386920603961
0.9874350499415897
0.9874397026979831
0.9874415937533231
0.987457649870324
0.9874779584446114
0.9874760867318031
0.9874646592881783
0.9874614831222158
0.9874655227967535
0.9874625179271803
0.9874615904393221
0.9874657383870533
0.9874606773618153
0.987455104938875
0.9874664071465172
0.9874578219215617
0.98745166808868
0.9874477201980575
0.9874478097052056
0.987454780808608
0.9874421011927257
0.9874346202492392
0.9874411862617292
0.9874379385267688
0.9874376688913994
0.9874445201869342
0.9874351947367229
0.9874290054922191
0.9874299175183088
0.9874384564348037
0.9874407045920238
0.9874435414142048
0.9874512102445844
0.9874439277136235
0.9874438829698121
0.9874462080384706
0.9874293704197612
0.9874357474999684
0.9874344188986225
0.987438012470939
0.9874310745461701
0.9874303355490276
0.9874362972299213
0.9874375080942206
0.9874391133938165
0.9874468207711881
0.987454374839208
0.9874588381540352
0.9874574694539309
0.9874504615782012
0.9874434657337333
0.987441936444932
0.9874569851230601
0.9874538020799681
0.9874493096558374
0.9874476497551191
0.987461726258956
0.9874571455273313
0.9874690690287997
0.9874546258046495
0.9874505741942594
0.9874532900954885
0.987439344140711
0.9874468079025376
0.9874331475831254
0.9874369442256409
0.9874393683842335
0.9874545510733935
0.9874514064590117
0.9874499032038869
0.9874377776872774
0.987439322850577
0.9874471533752653
0.9874500648283273
0.9874463689912031
0.9874496000061973
0.9874543856390036
0.9874592592487048
0.9874708677859149
0.987471949484994
0.9874839936705322
0.9874957948834722
0.9874996038872608
0.9874870017394839
0.9874841844721038
0.987476094580557
0.9874849439098671
0.987487386013058
0.9874950866857675
0.9875015986199475
0.9874990975637769
0.9875112763199291
0.9875079843779524
0.9875031017210822
0.9875073047835317
0.9875106473365569
0.9875165815833026
0.9875107266513464
0.9875226114038854
0.987510412273404
0.9875040660326156
0.9874932513395048
0.9874929333052583
0.987501512136756
0.9874961619747196
0.9874931602802771
0.987495750756631
0.9874955585860278
0.9875064693212174
0.9875063545925041
0.9874958419636213
0.9874897417718522
0.9874965145328489
0.9874885276272491
0.9874958353739733
0.9874942424172294
0.9875039968176773
0.9874966155731535
0.9875048342162327
0.9875010936243073
0.9875159160343269
0.9875170724024481
0.9874972727242644
0.9875028609162395
0.9875017366468546
0.9874931287510438
0.9875024618233228
0.987496528373223
0.9874985809021714
0.9874867609629603
0.9874825458112417
0.9874676637210904
0.987463284080979
0.9874719539042828
0.987459970589292
0.9874643798510142
0.9874555520385226
0.9874627738395138
0.9874703670885148
0.9874646074163691
0.9874744380521401
0.9874799190551079
0.9874723910501737
0.987459257202663
0.9874643071357718
0.9874662393513773
0.9874766678142859
0.9874738231605523
0.9874724012131243
0.987462044151131
0.9874734212309837
0.9874811574541743
0.9874709555107413
0.9874597192611257
0.9874629886551596
0.9874596887625811
0.9874574845737061
0.9874626728595306
0.9874665571407468
0.987464517353634
0.9874711643558116
0.9874617219548348
0.9874729289999444
0.98747924355982
0.9874926530667985
0.9875050370402728
0.9875002884680365
0.9874983601989825
0.9874998978984839
0.9874940635554729
0.987496283031799
0.9874999102126969
0.9874932103159704
0.9874903791082309
0.9874914626943753
0.9874814652013636
0.9874851229854968
0.9874940152826673
0.987493724625979
0.9874941518889777
0.987501599159528
0.9875022612566944
0.9875128208979767
0.9875119892329112
0.9875189296492582
0.9875160838604763
0.9875053094749302
0.9875047390377221
0.98750073486032
0.987496163113083
0.9874948547010005
0.9874960605866566
0.9875003877844245
0.9875007787969977
0.9874977965252041
0.9874955915402623
0.987500658203108
0.9875055653774552
0.9875097588460171
0.9874985739753583
0.9875004738954217
0.987494075182199
0.9875011416684466
0.9874874410664336
0.9875035012436163
0.9874999979146442
0.9874984906036152
0.9874832401073903
0.9874794888622678
0.9874764421423444
0.9874790486283131
0.987481182383248
0.9874802094714966
0.9874866145002192
0.9874994996039037
0.9875052534255332
0.9874956517377232
0.9874912151403153
0.987486009830579
0.9874777642774982
0.9874864932813787
0.9874784978765818
0.9874768604241491
0.9874856584643062
0.9874841769655797
0.9874809810909955
0.9874849662414656
0.9874772572389153
0.987470892792807
0.9874669830096754
0.9874753119816286
0.9874691800307217
0.9874654067541012
0.9874684741144728
0.9874694012928394
0.9874729746855824
0.9874790330538356
0.9874904497658041
0.9874835620472712
0.9874806003054972
0.9874940154580254
0.9875073883744826
0.9875027836924376
0.9875055808290857
0.9875112934881577
0.9875126488941782
0.9875117247997024
0.9875047296764304
0.9875062363551939
0.9875006811628046
0.9874976676975525
0.9875040408627399
0.987503174444982
0.987504051927521
0.987505484777334
0.9875118092169923
0.9875004606272406
0.9874980977364144
0.9874885708296756
0.9874888500176165
0.9874924965977633
0.9874958712766037
0.9874955861115341
0.9874944503170059
0.9875019871486025
0.9875064577618966
0.9874990108380297
0.9874970064319228
0.9874868079991179
0.987488301222881
0.9874853124672477
0.9874856622462703
0.9874849473826542
0.9874855418012023
0.9874735941140939
0.987477095487712
0.987484513550244
0.9874836705886337
0.987491642080377
0.9874918314045116
0.9874772484090458
0.987482623284183
0.9874799867027378
0.9874783127384529
0.9874844213546905
0.9874727450190962
0.9874787935371895
0.9874743441681225
0.9874682185830486
0.9874655512647534
0.9874662058033398
0.9874674031184938
0.9874718074392999
0.987470929372678
0.9874831296059461
0.9874830660137068
0.9874795080014305
0.9874724522931195
0.9874610609246492
0.987473902635634
0.987464734061023
0.9874597509295093
0.9874703831064059
0.9874684420828284
0.987454373155568
0.9874480549389616
0.9874482659261808
0.9874527101134926
0.987457193301477
0.9874608825468338
0.987466086647165
0.9874626660164911
0.9874601678151959
0.9874546669041447
0.9874570329664353
0.9874504893459063
0.9874456471077965
0.9874419836216671
0.9874354091060956
0.9874267838393228
0.9874248791243503
0.9874161735169557
0.9874253409554261
0.9874274053901658
0.9874305543029933
0.9874323050152924
0.9874395740256179
0.9874384310940046
0.9874423568578954
0.9874540656575818
0.9874644845345475
0.9874730499430969
0.9874809988445383
0.9874878424062956
0.98748012607944
0.9874807553031401
0.9874839513943179
0.9874812974982995
0.9874817495696995
0.9874847058643996
0.9874921163048666
0.9874882495152082
0.9874944167212488
0.9874975627615211
0.9875074176670627
0.9875110024580781
0.9875095193027981
0.9875119856994152
0.987523656125114
0.987528386322146
0.9875374905313559
0.9875419671688459
0.9875485379304839
0.9875564834782228
0.9875622317723276
0.9875575849322572
0.987554849447079
0.9875483305520312
0.9875517417649314
0.9875419528588795
0.9875446536986686
0.9875580100083902
0.9875593311114915
0.9875589273092157
0.9875658770940849
0.9875535271435146
0.9875603222108353
0.9875636200888925
0.9875674142689425
0.987564369234436
0.9875590886656427
0.987551408194558
0.9875549313147793
0.9875557094212838
0.9875605105797276
0.9875613674423497
0.9875576335194627
0.987559197949595
0.9875591625491734
0.9875619219659976
0.9875585548496681
0.9875580035652747
0.9875485782300547
0.9875539131119098
0.9875613692816496
0.9875546275906897
0.9875407883198957
0.9875397482439873
0.9875328377764616
0.9875276301587123
0.9875225448524823
0.9875254791503728
0.9875239777726129
0.9875294958668389
0.9875172563589101
0.9875071667475355
0.9875122658891994
0.9875089887198247
0.9875120879104486
0.9875140091720348
0.9875147481254839
0.987506124008498
0.9875068717546792
0.9875040624847709
0.9875024048351121
0.9875059145319335
0.9875077059169722
0.9875038809028038
0.9874983360539413
0.987504820964798
0.9875054138140854
0.9875079565472942
0.98750268165887
0.9874924552785191
0.9874900588781214
0.9874847070538988
0.9874822129772418
0.987475874315003
0.9874783469857052
0.9874764615063962
0.9874789243193661
0.9874844785770434
0.9874847162365602
0.9874823108797457
0.9874850503296879
0.9874892428518734
0.9874795841065899
0.9874807604194838
0.987486370835652
0.987488819419543
0.9874986367323448
0.9874997352563848
0.987499788898602
0.9875052277481353
0.9875091939816333
0.987507711034503
0.9875108255643693
0.98751528928027
0.9875174683352873
0.9875215412830551
0.9875278238886602
0.9875164754894156
0.9875211933401574
0.9875233626746333
0.9875303758483324
0.9875225311436882
0.9875195973771239
0.9875160125840722
0.9875154260231743
0.9875197938856731
0.9875254311338296
0.9875242044443304
0.9875207477298935
0.9875162830832783
0.9875236978834695
0.9875210353629431
0.9875275320444267
0.987530973842236
0.98753323529647
0.9875343555259475
0.9875244079729819
0.9875231310091643
0.9875304173293766
0.9875322302631725
0.9875386748342886
0.9875409344019165
0.9875424189232794
0.987550900000714
0.9875581881074731
0.9875500593311585
0.9875494699860302
0.9875384430623344
0.9875396206890233
0.9875455702647511
0.987549465892295
0.9875437047844504
0.9875483499511349
0.9875456115605802
0.9875492630897768
