0.9681557779846789
0.975853815483453
0.9773069809910045
0.9790566841338859
0.9810564676838973
0.9826799826810628
0.9837398895707018
0.9844808253469627
0.9849910975690926
0.986097170535882
0.9866410900077098
0.9870433430895434
0.987744566645381
0.9883565970834314
0.9889007033410827
0.9891744222488653
0.9892868367165951
0.9895798961258695
0.9896726589361693
0.9899978283078693
0.9903542342037276
0.990408635817432
0.9904511539385012
0.9905016182634243
0.9904960875431063
0.9907413799708855
0.9905913896783467
0.9905768111921147
0.9906600625116581
0.9904876966992787
0.9904212376755268
0.990390473122258
0.9903148613392413
0.9903846719954873
0.9904344857352025
0.9904162185412226
0.9905144689472815
0.990640367221701
0.9907178842491716
0.990699788802411
0.9907081717334276
0.9906239838242459
0.990572190721846
0.9905208725264615
0.9905349521668037
0.990586651480211
0.9906161727215677
0.9907282805766042
0.9908399494176773
0.9908629256737481
0.9908557725571917
0.9909444784235768
0.9910469612001687
0.9910931708919398
0.9910518628659256
0.9910852836733425
0.9911541037480133
0.991070620017154
0.9911844337543491
0.9912057290901326
0.9913375206270706
0.9912972950456485
0.9913163901847951
0.991360928099798
0.9913563726767819
0.991394245701991
0.9914009916589557
0.991408995211686
0.9914253959537241
0.9914026134721422
0.9913380573123819
0.9913030860270137
0.9912951384272621
0.9912178160763045
0.9912239706735192
0.9912389521160612
0.9912070364694328
0.9911549022648548
0.9911378057058043
0.9911710715088594
0.9911793776766735
0.991217915076423
0.9912534683438556
0.9912136190473335
0.9911740980207177
0.9911701572101425
0.9911648485125883
0.9911720328320002
0.9911462680726296
0.9911244404747753
0.9911049377839685
0.9910780135335004
0.9910512993302424
0.9910671301066155
0.9911132071231208
0.9911231726818552
0.9911018723449972
0.9911086813750668
0.9910889097717284
0.9910883282975681
0.991079114517998
0.9910848119215101
0.9911429639410134
0.9911216123214525
0.991092261346917
0.9910243968330382
0.9910279302811517
0.9910296230134952
0.9910162618967324
0.9910608483805345
0.9910949407965348
0.9911065382958151
0.9910698212902475
0.9910372041167508
0.9910315398182724
0.9910324602399216
0.9910589019451475
0.9910789055276787
0.9910883416941069
0.9910868053657416
0.9911003622264719
0.9911690431840304
0.991192896366718
0.9912006811756952
0.9912547619724406
0.9912602557950975
0.9913026079074514
0.9913245339043595
0.9913342696086823
0.9913656880832394
0.9913784084050487
0.9913595411042163
0.9913591898313516
0.9913695808914346
0.9913799193033306
0.9913757613748166
0.9914132234541184
0.9913875664711389
0.9913899699274037
0.9913882628884876
0.9913973247570865
0.9913982806525119
0.9914007145655868
0.9913926414258911
0.9914085544471928
0.991417771744394
0.9913885855856092
0.9913886199257048
0.9913822224251082
0.9914239664991665
0.9914105961413688
0.9914532843610965
0.9914914552876223
0.9914841247103763
0.9915029731728643
0.9915076935644307
0.9915098122434342
0.9914972760822864
0.9915066206657638
0.9915316960978644
0.9915422845913624
0.991534062543655
0.9915290353011096
0.9915128293023316
0.9915118308002192
0.9915159287274432
0.9915235987227123
0.9915273860111201
0.9915165724744645
0.9915041097496694
0.9915059778146179
0.9915086942904325
0.9915002364703406
0.9914960964610215
0.9914499249455277
0.9914798044974446
0.991474179334096
0.9914527288968519
0.9914238400661789
0.9913944829869719
0.9913763423705717
0.9913754766447617
0.9913503436415549
0.9913527530410126
0.9913498121957445
0.991341072592234
0.9913554782155383
0.9913600351933824
0.9913917435585384
0.9913575271896681
0.9913362941836515
0.9913400677458268
0.9913352244284015
0.9913449044168047
0.9913560035999199
0.9913767960995722
0.9913721605297979
0.9913758604926247
0.9913829660772683
0.9913586874081836
0.991338728085574
0.9913270998399514
0.9913121964275394
0.9913080332650828
0.9912978926692766
0.9913073625823622
0.9913252064995254
0.991349758024927
0.9913567021213175
0.9913484180612304
0.9913626124513226
0.9913695368718624
0.9913607236420312
0.9913524879685248
0.9913523541857032
0.9913413592442787
0.9913364866852769
0.9913255895326514
0.9913307830806481
0.9913321101628574
0.9913260072411285
0.9913289898133086
0.9913403015755158
0.9913505046188303
0.9913371855922821
0.9913398491263467
0.9913434461286832
0.9913502856160991
0.9913400642485215
0.9913073821755287
0.9913212734542709
0.9913182045251477
0.9913123983491888
0.9913127338137688
0.9913159319432467
0.9912876975287898
0.9912889668381304
0.9913098356713035
0.9913209054261486
0.9913118255439988
0.9913218410493678
0.9913318499024781
0.9913324613050184
0.991299907586485
0.991277267684995
0.991293965469671
0.9912831612628151
0.9912589318679195
0.9912492923973478
0.991244291749841
0.9912481736317845
0.9912470990621101
0.9912390595832428
0.9912323848268287
0.9912301892312287
0.991247890086018
0.9912741957647712
0.9912840303343493
0.9912799254662262
0.9912799236781595
0.9912754195449772
0.9912899557042137
0.991287867404528
0.9912797655535939
0.9912961321557477
0.9912983603990735
0.9913072150079043
0.9913236322272961
0.9913407949463133
0.9913606791142429
0.9913669326680603
0.991382065813968
0.9913652630833645
0.9913740083754613
0.9913664167085741
0.991372153096878
0.9913650430637426
0.9913430434324068
0.9913391776844361
0.9913359757386208
0.9913358248228215
0.9913499845878476
0.9913594577734242
0.9913765204181362
0.9913663411841969
0.991373868003167
0.9913778552947642
0.9913971937192322
0.9913965538218245
0.9913886797696514
0.9913865878791274
0.9913987723880618
0.9913956626385328
0.9913871436874369
0.9913974042642557
0.9913977803257662
0.9913884605787754
0.9913825553427907
0.991373296860118
0.9913742155562955
0.9913751857259092
0.9913726722159073
0.9913656208563598
0.9913587116243113
0.9913552578032432
0.9913578502865403
0.9913651155537737
0.9913620005475514
0.9913508550389255
0.9913542376764077
0.991357556043248
0.9913528894243772
0.9913465650016091
0.9913531346855389
0.9913606296035389
0.9913713047395608
0.9913771188220744
0.9913729860592887
0.9913530158110623
0.9913414388723474
0.9913452506861427
0.9913486130589803
0.9913496194054238
0.9913469250762568
0.9913411626044472
0.9913368215631619
0.9913322478902431
0.9913294332839399
0.9913316746274478
0.9913351656166662
0.9913416336871643
0.9913414456229651
0.9913390399411052
0.9913423253294097
0.9913308777499
0.9913355979477966
0.9913222613293032
0.9913100817286412
0.9913036257158897
0.9913113358679766
0.991315543113517
0.9913252418966535
0.9913352316065317
0.9913278492324651
0.9913336774711891
0.9913387599789667
0.9913512169106253
0.9913609026504265
0.9913634287822003
0.991361164597197
0.9913584795460652
0.9913545813825279
0.9913575975128633
0.9913597903504169
0.9913629717951917
0.9913739220335792
0.991374028125034
0.9913708454753499
0.9913633852609596
0.9913627745233722
0.9913566016929333
0.9913546153601064
0.9913508967128347
0.9913419051321212
0.9913364095627012
0.9913431398387096
0.9913366029041865
0.9913444892429649
0.9913470886262394
0.991354860217259
0.9913654438241646
0.9913690439164172
0.9913678691675155
0.9913597761741041
0.9913521942788353
0.9913471849226051
0.9913526882154893
0.9913536366552088
0.9913500225464636
0.9913609767136699
0.9913528390619595
0.9913536881802337
0.9913501478767788
0.9913409674823666
0.9913411993961316
0.9913415756940158
0.9913600620971549
0.9913561793954959
0.9913499652758788
0.9913475055595299
0.9913570390015449
0.9913621578057079
0.9913606764985033
0.9913588562818797
0.9913630712215962
0.9913674219906331
0.9913609732725251
0.9913474726477357
0.9913554409615416
0.9913576236687877
0.9913557443585449
0.9913530649911401
0.991352722281669
0.991351875764653
0.9913401538338874
0.9913445070169228
0.991349614635714
0.9913505959408887
0.9913557710024208
0.9913646812119815
0.99135591681814
0.9913590322386403
0.9913542630713393
0.9913632732071817
0.9913601586641266
0.9913686863916108
0.991373560075653
0.9913680792147416
0.9913657218051042
0.9913556502976129
0.9913585006011256
0.9913475649999578
0.991339457128924
0.9913447453520963
0.9913483427452681
0.9913411210290664
0.9913389359558827
0.9913439772156512
0.9913542938607524
0.991353185594273
0.9913453786060454
0.9913471396776071
0.9913453999914781
0.9913409481444566
0.9913507320708371
0.9913537630152661
0.9913543587151774
0.9913578669692841
0.991358653688974
0.9913611638534605
0.9913650550232316
0.9913557358539814
0.9913546350425974
0.9913556278040344
0.9913509404042601
0.9913604739526839
0.9913478516802292
0.9913395599527345
0.9913453704491219
0.9913535815470577
0.991363748509192
0.9913651230443102
0.9913630074994706
0.9913561854642059
0.9913641966643851
0.9913752074558096
0.9913566861608634
0.9913674357706156
0.9913708910686518
0.9913659766413189
0.9913582173661161
0.9913596438142555
0.9913658143478185
0.9913661810689861
0.9913660689045645
0.9913606240231609
0.9913652110501749
0.9913609071413907
0.9913542478663735
0.9913531366268796
0.991350162285238
0.9913465696885528
0.991343954790089
0.9913407008112696
0.991337344710548
0.991343493948183
0.9913410104273657
0.9913321821263931
0.9913397864857999
0.9913325487880335
0.9913219418144639
0.9913264611431613
0.991330472020354
0.9913256845074381
0.9913283567190496
0.9913304370311032
0.9913218481968759
0.9913272919139076
0.9913297629788458
0.9913176923505257
0.9913238018244166
0.9913253791548158
0.9913237413596615
0.9913235071586146
0.991314998140177
0.9913148813495669
0.9913139890739625
0.991312595984094
0.9913111941102538
0.991307434730043
0.9913115691142573
0.9913034061240537
0.9912924891448391
0.9912858080063028
0.9912896063983738
0.9912921485270694
0.9912970577577259
0.9912963222924295
0.9912992120315857
0.9913119312994437
0.9913060750593997
0.9913094982431377
0.9913239077627831
0.991319639818754
0.9913173563463195
0.9913234262876311
0.9913264542982267
0.9913295144339912
0.9913264783688355
0.9913222595221585
0.9913280513593893
0.9913334535240209
0.9913369320963784
0.9913416204028869
0.9913486608849654
0.9913549678634167
0.9913551313601386
0.9913493265123569
0.9913451996110545
0.9913409298054865
0.991338577511409
0.9913478996740172
0.9913462577526604
0.9913462894459031
0.9913504197921506
0.9913520686776464
0.991362697212434
0.9913588024925937
0.9913550944592587
0.991352149119569
0.9913534375514839
0.9913587653113836
0.9913612651471944
0.9913613622610792
0.9913606925524635
0.9913606145756217
0.9913660149324678
0.9913697981741088
0.991374321159331
0.9913757378527794
0.991379080210021
0.9913866091250455
0.9913883106967128
0.9913790924326125
0.9913784342102728
0.9913740623386522
0.9913607454761524
0.9913576815553778
0.9913592421514186
0.9913624545365157
0.9913600921684913
0.9913575415580775
0.9913562309699977
0.9913488583481401
0.9913552030069321
0.9913666287686246
0.9913744831558563
0.991369704760841
0.9913680563263785
0.9913759883372784
0.9913811105352462
0.9913821138960378
0.9913824979029493
0.9913858788401977
0.9913759553816843
0.9913705508602035
0.9913841493583602
0.9913806312424073
0.9913755125188456
0.9913693618839879
0.9913696686588908
0.9913661540009496
0.9913672000368755
0.9913634467662129
0.9913621035486465
0.9913659537556004
0.9913685676815491
0.9913667835313785
0.9913647101095245
0.9913576763779565
0.9913556319897192
0.9913500887251366
0.9913545725524708
0.9913527400808341
0.9913534145157583
0.991353428126832
0.9913522562340378
0.9913508285728344
0.9913423008149693
0.991342954683378
0.9913426996777364
0.9913426481178281
0.9913359902733362
0.9913329963361199
0.9913372685285382
0.9913315691903062
0.9913329338993934
0.991337206862418
0.9913432124720761
0.9913358146624018
0.991334973081282
0.991334514496721
0.9913279531754399
0.991324605748835
0.9913230177521689
0.9913141321198474
0.9913076334201106
0.9913087038369861
0.9913158760609359
0.9913160118064959
0.9913112704575517
0.9913084892959375
0.9913121348696091
0.9913139514351063
0.9913108845527765
0.9913058000560853
0.9913019266253696
0.9913002085243708
0.9913069648323823
0.9913077130638112
0.9913106366292758
0.9913195288777306
0.9913201846326077
0.9913179055011581
0.9913198002908421
0.9913262862589262
0.9913264933702393
0.9913246554513672
0.9913284102889283
0.9913358757782449
0.991330865893953
0.9913308397067455
0.9913271931585483
0.9913267748918333
0.9913366765987165
0.9913436345019137
0.9913400639600981
0.9913394000215003
0.9913441602563045
0.9913441158833043
0.9913433552041241
0.9913438497989461
0.9913466524372859
0.9913471986563331
0.9913495153732933
0.9913574433682808
0.9913681269664165
0.9913693510241206
0.9913720062326865
0.991375130966549
0.991366172669018
0.9913629362535915
0.9913615282559912
0.9913525971093052
0.9913472141710744
0.9913510454950014
0.9913433933567488
0.9913422241863619
0.991340812785957
0.9913457939999177
0.9913422487352046
0.9913461618057654
0.9913515724440423
0.9913547367244631
0.9913541969666602
0.9913560119130918
0.9913568612070346
0.9913580429059022
0.9913559821115362
0.9913501829244385
0.9913483495151031
0.9913491091594575
0.9913585378806119
0.9913688906580553
0.9913737231717974
0.9913698444210958
0.9913673790041685
0.9913643782075461
0.9913616198974543
0.9913645638464778
0.9913646931333313
0.9913598296762343
0.9913549432708147
0.9913489152420395
0.9913433515804346
0.9913429922453898
0.9913430944092796
0.9913445282197741
0.9913371749535151
0.9913389671619934
0.9913394107088657
0.9913427188835118
0.9913463963231333
0.9913438642570187
0.9913394536744722
0.991338657748249
0.99134141429192
0.9913391120609719
0.9913424557418451
0.9913351501767027
0.9913389656428786
0.9913399014262346
0.9913396878810794
0.9913407290435691
0.9913418200764705
0.9913401695682643
0.9913363807477443
0.9913401913293937
0.9913439501328144
0.9913458191504191
0.9913456402934082
0.9913464334796187
0.9913448063035922
0.9913434274830307
0.991344155241826
0.991345258009168
0.9913446523000464
0.9913420030487693
0.9913304013576922
0.9913336636015211
0.9913339020179266
0.9913375604667675
0.9913339973048451
0.9913240737074347
0.9913314374183613
0.991335340280576
0.9913311770452764
0.991326426967597
0.9913243881349163
0.9913214279429061
0.9913226833689495
0.9913216716552063
0.9913221747255538
0.9913215083533534
0.9913136995308762
0.9913124119772341
0.9913170280746534
0.9913169814953608
0.9913090928203562
0.9913091599397789
0.9913135862945162
0.9913105536521529
0.9913054911982189
0.9913088977273865
0.9913051373907149
0.9913083175941263
0.9913038561363213
0.9913026101898946
0.9913055914144007
0.9913106121931611
0.9913106544175379
0.9913149764114644
0.9913127737742131
0.9913122500506715
0.991312745390087
0.9913181108858123
0.9913177103189469
0.9913202348345214
0.9913181409581264
0.9913196455225918
0.9913145725024457
0.9913164387092731
0.9913261491427854
0.9913295182643553
0.9913279718191369
0.9913279089354519
0.9913279766902748
0.9913287931791531
0.9913245097342024
0.9913228693640231
0.9913227252850292
0.9913298188206476
0.9913309762987831
0.9913285332875873
0.9913268080315517
0.9913296594111989
0.9913307156251834
0.9913359841694375
0.9913458100949447
0.991348306639655
0.9913482771446608
0.9913476623176269
0.9913520248433989
0.9913502468689177
0.9913502499550008
0.9913518820921658
0.9913490131059197
0.991353555673005
0.9913578084387469
0.9913550022787216
0.9913519778696549
0.9913480057564462
0.9913508311675546
0.9913557642711123
0.9913546795457905
0.9913501206460995
0.9913446672156586
0.9913393166482777
0.9913431466277859
0.9913457859288668
0.9913468956731383
0.9913434210138752
0.991340761704981
0.9913423268610473
0.9913489142568657
0.9913481448192375
0.991344323701158
0.9913427202601498
0.991347403193122
0.9913429596612139
0.9913433824899723
0.9913441331453873
0.9913402062047073
0.9913418041486833
0.9913432153339966
0.9913440014363855
0.9913415566574124
0.9913420954992691
0.9913432269896337
0.9913398508202081
0.9913381564371139
0.9913342964502957
0.9913367208328225
0.9913356332875406
0.991333845731487
0.9913318336870013
0.991330262702686
0.9913306383251677
0.9913265741395585
0.9913281414743517
0.9913317331873228
0.9913268638780736
0.9913260877171743
0.9913217885768965
0.9913188912123707
0.9913174960567267
0.9913204413809684
0.9913245887525337
0.9913225883772635
0.9913211298662514
0.9913193011745222
0.9913181826722213
0.9913130449472308
0.991311933697217
0.9913130108082736
0.99131092198193
0.991313550140691
0.9913165523737882
0.9913216956508887
0.9913183166161942
0.9913152282398844
0.9913113179618006
0.9913067906227591
0.9912980255361327
0.9912985061626107
0.9912938659554628
0.9912901267889023
0.9912833898977472
0.9912834315506751
0.9912825076161544
0.9912799100014209
0.9912852254533971
0.9912818388517813
0.9912812146903918
0.9912815180992696
0.9912820421611462
0.991283345136311
0.9912856367630644
0.9912848365493535
0.9912847345987473
0.9912848044377387
0.9912884793002847
0.9913006361509168
0.9913036617465588
0.9913047124873611
0.9913062011100569
0.9913076220675243
0.9913067299856947
0.9913084160177135
0.991314892948508
0.9913191937695615
0.9913188737230407
0.9913196547593672
0.9913227070464896
0.9913206490199367
0.9913192719236289
0.9913165367302547
0.9913139934462224
0.9913117972436408
0.991310932328598
0.9913122635176497
0.9913137115592914
0.9913120263646691
0.991313129859856
0.9913163035495817
0.9913167432052548
0.9913166154281597
0.9913169025782078
0.9913196040047607
0.9913187591275964
0.9913203479784497
0.9913202675471523
0.9913235501583342
0.9913184727961112
0.9913157268558531
0.9913135987884202
0.9913061966844138
0.9913038546784095
0.9913057256975109
0.9913001692932643
0.991308620851363
0.9913048039392673
0.9913063430499539
0.9913085365676135
0.9913117739635291
0.9913124083518363
0.9913150059555886
0.99131435856156
0.9913138831429286
0.991316817592132
0.9913168159772524
0.9913186532092187
0.9913187850518953
0.9913193426735055
0.9913187237499353
0.9913140618918015
0.991311167048219
0.9913126516475202
0.9913142538006343
0.991315863593554
0.9913220889854384
0.9913197497488772
0.991319632539348
0.9913234324580213
0.9913267278472593
0.9913311442406725
0.9913312846136709
0.9913313257456925
0.9913258519299316
0.9913234441758912
0.9913169646917614
0.9913150305750009
0.9913112055636845
0.9913147051577199
0.9913151403074796
0.9913143654614037
0.99131664658169
0.9913186555620883
0.9913161738139833
0.9913134109056363
0.9913144444110998
0.9913164025266287
0.991314767384138
0.9913077866418822
0.9913040374207875
0.9913005782139519
0.9912950402101266
0.9912894699620419
0.9912894961336377
0.9912885416614152
0.9912841742974408
0.9912746163207399
0.9912796275451079
0.9912794501823295
0.991282846975598
0.9912812590801237
0.9912804126831982
0.9912835488721415
0.9912795822131948
0.9912781338266144
0.9912724601786698
0.9912668316374015
0.991262460945874
0.9912591357000031
0.9912607166907912
0.9912641835638981
0.9912685081272059
0.991267678502398
0.9912621828037788
0.9912611019708746
0.9912616112085022
0.9912602442877768
0.9912606763003109
0.9912665007699069
0.9912712762314037
0.9912774119905335
0.9912767997803034
0.991277087265766
0.9912738809699765
0.9912714320958217
