0.9615511991265983
0.9737132450828104
0.9739839085269815
0.976772778729269
0.9789358302299277
0.9799223334604498
0.9807287238628968
0.9806469799709379
0.9809617516063497
0.9811675350664976
0.9815110288603314
0.9819793565806401
0.982487619291387
0.9832118261945578
0.9834947114772378
0.9836731194613805
0.9837255057038615
0.9841104599449306
0.9844882174776121
0.9845758394274626
0.9848303835480635
0.9849949372677305
0.9848687382190467
0.9848758969161331
0.98497697867496
0.985324725839837
0.985256800545285
0.9854085231635805
0.98563442288511
0.9855315976794938
0.9854594352089477
0.9856647199509849
0.985648169013586
0.9856674861226488
0.9857390109731928
0.985711489976078
0.9857286481173838
0.9857120036718297
0.9857167573601238
0.9856447892127231
0.9856400026281784
0.9855936448176775
0.9855634812828513
0.9856063799111909
0.9857106589825761
0.9858772951022053
0.9859956000073604
0.985978120458566
0.9859886390895006
0.9859827631640068
0.9859543672741424
0.9859540791273871
0.9859717159849275
0.9859353214486609
0.9858606316553798
0.9858717742110447
0.9859244311579016
0.9857836135898298
0.9858098062626546
0.9858237256990351
0.985855221696402
0.9857769054934681
0.985820328987527
0.9858509634027196
0.9858546566851202
0.9859236692670454
0.9859714431785905
0.9859643252328419
0.9859786310811901
0.9859658944685004
0.9859237132448162
0.985879898670274
0.9858030574135912
0.9857373830280841
0.9857477068212862
0.9857210111103829
0.985720926335645
0.985729183947672
0.9857846544746409
0.9858107486671244
0.9857989835945199
0.9858125705184071
0.9858411950185629
0.9858047442563315
0.9858671893699262
0.9859116316012166
0.9858895501203985
0.9859385501923755
0.9859042615958871
0.9858780326619949
0.985885266167955
0.9859243028987578
0.9859473258611239
0.9860287268734219
0.9861174200749192
0.9861457499652535
0.9861634846996009
0.986168873427816
0.9861501039271842
0.9861787422193762
0.9861565254698952
0.9862024793334436
0.9862677144148451
0.9862222275849887
0.9862257114868449
0.9861765535311191
0.9861716725849373
0.9861339937234063
0.9861356793784922
0.9861602657233576
0.9861951848014584
0.9861761109941684
0.9861574501810696
0.9861591165881705
0.9861637158610157
0.9861880919549014
0.9862397119218632
0.9862423104242287
0.986253016666053
0.9862597836775188
0.9862969968776879
0.9863668615447901
0.9863913068392559
0.9863750635740627
0.9864045497843764
0.9863990477865513
0.9864924097660333
0.9865298556145017
0.9865286019733235
0.9865275621876808
0.9865330541317767
0.9865174872712242
0.9865450768581778
0.9865636091558521
0.9865507122153285
0.9865661819009687
0.9865590764166932
0.9865434661603472
0.9865531957133409
0.9865538472375872
0.9865885045001259
0.986592481892311
0.9865878879817566
0.9866089396972851
0.9866550680327559
0.9867032228815968
0.986661460061816
0.9866504278631146
0.9866400944565608
0.986666586909755
0.9866440747894849
0.9866481410572692
0.9866948608226718
0.9866736549392906
0.9866839897742716
0.9866805482760265
0.9866675641661838
0.9866539341946474
0.986635668666368
0.9865817938898921
0.9865490416481341
0.9865138227101832
0.9865176911696724
0.9865251273915727
0.9865366682181936
0.9865665946506565
0.9866118333416191
0.986607711221694
0.9866015798536699
0.9865912965129413
0.986622313027522
0.9866294503686863
0.9866380608791792
0.9866772853947134
0.9866780322964864
0.9867171633227722
0.9867392073306149
0.9867630788587138
0.9867425943370258
0.9867199081469873
0.9867123015804453
0.9867182772873021
0.986715477497546
0.9867134561506322
0.9867277951231161
0.9867237596334715
0.9867420799867339
0.9867476938445567
0.9867820410474248
0.98675762541789
0.9867523922053254
0.9867653413990345
0.9867881886686797
0.9868240233042253
0.9868553106894731
0.9868834324173149
0.9868707204477264
0.9868970982059887
0.9868981534767154
0.986901160746337
0.9868854178601755
0.9868604386394085
0.9868541895830905
0.9868447590875389
0.9868126261342907
0.9868016618627183
0.9868055192140944
0.9868207602505852
0.9868266513910997
0.9868180460496473
0.9868402686448738
0.9868428129256236
0.9868526683217634
0.9868538214742858
0.9868764750892879
0.9868625896118918
0.9868914997524004
0.9869002406075251
0.9868960565001181
0.9868996420376874
0.9869241426316823
0.9869437915798398
0.9869660069594957
0.9869750393293347
0.9869883311353067
0.9869927074964356
0.9869836722847711
0.9869681567478338
0.986939465732561
0.9869223453895805
0.9868994722108219
0.9868710295813973
0.9868473956305791
0.9868377394192978
0.9868521862459887
0.9868310029441301
0.986846589488321
0.9868521333653273
0.9868669457339182
0.9868510145011032
0.9868544488151221
0.98686362643245
0.9868752952680117
0.9868663640379215
0.9868555145811313
0.9868508985661895
0.9868422102153503
0.9868198323020108
0.9868247326663568
0.986812747595586
0.9867990539969719
0.9867693777630757
0.9867505587487214
0.986738124602173
0.9867241061984064
0.9867377440128622
0.9867681120042912
0.9867955819975851
0.9868095267864195
0.9868289822835491
0.9868436738717097
0.9868478991790233
0.9868555358375829
0.9868671803832773
0.9868950735361496
0.9869180026919028
0.9869299877243984
0.9869605207512252
0.9869597129030505
0.9869667826028327
0.9869671152879878
0.9869753345527669
0.9869591736935753
0.9869518047582632
0.986939578599083
0.9869298463043886
0.986911593262929
0.9868740448797151
0.9868682949628437
0.9868698716420465
0.986883175829698
0.9868990746010919
0.9868983489848835
0.9869078770518446
0.9869000727658243
0.9869087664081677
0.9869188641105597
0.9869576342499707
0.9869562824696836
0.9869644556709208
0.9869641548327077
0.9869764186715155
0.9869884052121155
0.9869762634940422
0.9869808432916476
0.9869714346409528
0.9869852396817574
0.986973671258612
0.9869666714197453
0.9869723300275925
0.9869585134539874
0.986956155670006
0.9869382309884074
0.9869312485807935
0.9869281345193136
0.9869397163934563
0.9869555812324972
0.9869687115892228
0.9869744973194938
0.9869941045452486
0.9870098002871696
0.9870270140029964
0.9870195652168268
0.9870196564013736
0.9870278725234614
0.9870456919275332
0.9870444242686481
0.987055457225835
0.9870437572217473
0.9870268125801513
0.9870393201275884
0.9870509546513834
0.9870641404020444
0.9870704793744106
0.9870727623935237
0.9870793809090519
0.9870761929311971
0.9870613847692621
0.9870596484458976
0.9870586556454886
0.987057704190182
0.987035941658912
0.9870286385512173
0.9870433341249651
0.9870303751272835
0.9870399092318197
0.987032245127395
0.9870259425626348
0.9870271827580208
0.9870350517445045
0.9870391269643981
0.987049074537714
0.9870542763486768
0.987047354237267
0.9870479646993325
0.9870649207433305
0.9870766780933169
0.9870747014413297
0.9870640221746302
0.9870579040288934
0.9870592366644599
0.987062347520438
0.9870632763633918
0.9870581448046594
0.9870545265995002
0.9870484748730333
0.9870380798923383
0.9870335732164829
0.9870232764922017
0.9870138941119102
0.9870141441847395
0.9870039455667035
0.9869936537464945
0.9869797938846129
0.9869767241482545
0.9869908010769038
0.986983478757995
0.9869820561729463
0.9869830531056584
0.98698095225969
0.9869817429209764
0.986978365595318
0.9869797928351894
0.9869570174572831
0.9869450350949972
0.9869345144990718
0.9869305960609622
0.9869325808664114
0.9869421306763184
0.9869591688558353
0.9869392449764745
0.9869369714526682
0.9869362041124342
0.9869374636960951
0.9869337648003097
0.9869350016394518
0.9869430532581309
0.9869351503989647
0.9869381538089674
0.9869400751788274
0.9869465362751576
0.9869528426000901
0.9869393433175596
0.986927315486285
0.9869275009730896
0.986927303538253
0.986924308139201
0.9869294592982849
0.9869403928547761
0.9869482582081575
0.9869591768116465
0.98696862812072
0.9869758050623318
0.986981326047409
0.9869739488161213
0.9869659307848954
0.9869662615768173
0.986949740750073
0.9869460224660205
0.9869538906328337
0.9869596978995615
0.9869685220394004
0.9869626565250562
0.9869750489720948
0.9869734547744146
0.986974022620071
0.986969611651287
0.9869626732908943
0.9869539213554314
0.9869345123963639
0.9869337273344414
0.986912348543301
0.9868982144734139
0.9869054503576528
0.9869101587040086
0.9869137793638586
0.9869084909045603
0.9869093222475995
0.9869223436943122
0.9869297422766166
0.9869232629023051
0.9869097212892287
0.9869095147854219
0.9869043571154174
0.9869186451087338
0.9869301687436274
0.9869234543922534
0.9869219395607405
0.9869209983187405
0.9869361561729132
0.9869392384180511
0.9869292858015979
0.986925153269758
0.9869143568391309
0.9869031336104387
0.9869033662516837
0.9868977626077324
0.9868945701954953
0.9869057774267526
0.9869172872825052
0.986932791677304
0.9869356716542377
0.986929171561287
0.9869221066089878
0.9869269518868259
0.9869420955112881
0.9869292631120327
0.9869327489664598
0.9869431623014769
0.9869450131370738
0.9869451670801994
0.9869518933656056
0.9869541609499637
0.9869590416511941
0.9869619576592646
0.9869554252987557
0.9869533329175649
0.9869574415020816
0.9869539041241736
0.9869499544086242
0.9869407719126606
0.9869349197505857
0.986926104873193
0.9869216571385577
0.9869182911094664
0.9869255856347385
0.9869281907928589
0.9869285935127577
0.9869369089620649
0.9869379443025914
0.9869323009514993
0.9869417392561306
0.986948440398439
0.986950120526812
0.9869547124185625
0.986946866542632
0.9869377366348341
0.9869379692039697
0.9869486338111222
0.9869393744997939
0.9869336766795966
0.9869386074524825
0.9869462054680141
0.9869485476683498
0.9869336362885622
0.9869312763962329
0.9869341447739942
0.9869355148392279
0.9869336119634278
0.9869318228226683
0.9869312794375571
0.9869143613022879
0.9868938607132798
0.9868829469807754
0.9868974209905657
0.9869069964765088
0.9869140259543919
0.9869144550615842
0.98692208987933
0.9869324247230016
0.9869261251855977
0.986924760683442
0.9869334040977901
0.9869415530884479
0.9869247704238172
0.9869268586155239
0.9869337388027056
0.9869388004160945
0.9869421323217584
0.9869375971288553
0.9869437575622413
0.9869545663904467
0.9869618280347963
0.9869610242506311
0.9869685711498151
0.9869721453940689
0.9869653022617482
0.9869450620457979
0.9869379891505664
0.9869323927057505
0.9869310569011347
0.9869395892229097
0.9869397854553186
0.9869415408474544
0.9869386532503852
0.9869353374739515
0.9869321402799266
0.9869252387320301
0.9869203398391467
0.9869131466006268
0.9869095138947799
0.9868927037347788
0.9868836328391134
0.9868648989149046
0.9868548660128628
0.9868497629723698
0.986848972334937
0.9868565037928118
0.986850120842796
0.9868561604620039
0.9868489876844942
0.986843660730662
0.986835576805643
0.986824189379564
0.9868157013305374
0.9868116966509516
0.9868043140470125
0.9868068041030196
0.986810706780077
0.9868078744288247
0.9868043868355711
0.9868037112712682
0.9868020640066687
0.9867943904324766
0.9867947758606137
0.9867904701170728
0.9867891916184818
0.9867812578329204
0.9867804307037222
0.9867839170695489
0.9867851098373634
0.9867785833607634
0.9867848226291837
0.9867814505557759
0.9867724591472521
0.986766575006126
0.9867824755766337
0.9867765112080404
0.9867692231021756
0.9867685928050055
0.9867671252314724
0.9867625729834687
0.986767416044427
0.986767277554564
0.9867590950751955
0.986762326833859
0.9867738164593941
0.9867749965206704
0.9867628250206807
0.9867540677206655
0.9867438274899475
0.9867344158175222
0.9867345575716766
0.9867300895184821
0.9867259855882671
0.986720297916919
0.986720118693495
0.9867159509113671
0.986703896595448
0.9867052558088387
0.986700093568743
0.9866987328045603
0.986699426120243
0.9867033331988296
0.9867080325110262
0.9866989600157351
0.9866959773016931
0.9867028516607967
0.9867136848507263
0.9867050712861394
0.9867117625419417
0.9867140717607874
0.9866983995315289
0.9866915329389441
0.9866940078320398
0.9866860154913618
0.9866740606174206
0.9866707603695611
0.9866793047325532
0.9866771582318492
0.9866820953565588
0.9866833437001717
0.9866888434519313
0.9866849636277082
0.9866819667372231
0.9866828841145792
0.9866827170553113
0.9866851993464019
0.9866833357899544
0.9866766617845653
0.9866733403851294
0.986674823293996
0.9866702323308161
0.9866560469909195
0.9866503529812073
0.9866530498583742
0.9866544538535192
0.9866441621720232
0.9866415409688364
0.9866423343256296
0.9866385119033548
0.9866335903403961
0.986626905902537
0.9866252908069603
0.9866333925581873
0.9866400842840103
0.9866439733610051
0.9866502879494325
0.9866520075413481
0.9866437619636134
0.9866474110742423
0.9866498353457018
0.9866523560427591
0.9866565139208524
0.986660059805045
0.9866681102146176
0.9866798199218826
0.986685960026082
0.9866845140745708
0.9866971084218366
0.9866925468135701
0.9867004468910605
0.9867034218850113
0.9867020629674267
0.986705323620842
0.9867136428555762
0.9867096199673148
0.9867072048919983
0.9867063703903611
0.9867177286966187
0.986723486519047
0.9867236523533107
0.986727809189437
0.9867397280286877
0.9867397597715111
0.9867465486479018
0.9867419308325404
0.9867418246689473
0.9867349119379937
0.9867281334383229
0.9867190611391277
0.9867285193501633
0.9867350971431228
0.9867444749622216
0.9867512197512548
0.9867515442070313
0.9867494979942504
0.9867443386084097
0.9867473313687978
0.9867522514949633
0.9867546480565865
0.9867458763578003
0.9867448515657715
0.986743809897217
0.9867350785635758
0.9867335764039019
0.9867315650760541
0.9867313097597877
0.9867234990116008
0.9867207083720351
0.9867260378328551
0.9867286032840404
0.986734732860681
0.9867335325096639
0.9867304621525611
0.9867349528560162
0.9867370400572786
0.986738719075739
0.9867408513907283
0.986734238195152
0.9867377259170571
0.9867381073605476
0.9867357588247988
0.9867335087319797
0.9867220829598506
0.9867216833270905
0.986716664803549
0.9867184356876452
0.9867191107999123
0.986717633382434
0.9867150356538067
0.9867203492882723
0.9867193819637211
0.9867212545756804
0.9867255628149436
0.9867320820456865
0.9867298561995904
0.9867218229982415
0.9867081809974938
0.9867115255189356
0.9867025671661716
0.9866981348358899
0.9866912928749687
0.9866850694607738
0.9866890107378153
0.9866924092203816
0.9866868964101866
0.986674042521576
0.9866681227714533
0.9866689179187994
0.9866713873674894
0.9866807510390226
0.9866848709689189
0.986687972938346
0.9866878701163
0.9866917531765828
0.9867022604012446
0.9867084771945746
0.9867046537184002
0.9867021572239103
0.9867054383618764
0.9866995913308131
0.986689583821617
0.9866895559035007
0.9866874700951226
0.9866916727159399
0.9866908774547973
0.9866937247154979
0.9866929423745272
0.9866998168009806
0.9866953858937659
0.9866963957294623
0.986688507857203
0.9866872030898525
0.9866790881721119
0.9866844838785218
0.9866849632426443
0.9866786447148652
0.986676459522211
0.9866738864263574
0.9866750890874131
0.9866772819434103
0.9866825776066537
0.9866868907379921
0.9866890280440407
0.9866898964452553
0.9866892285774617
0.9866900687432121
0.9866879763032043
0.9866906338782049
0.9866919860880508
0.986696979303221
0.9867036315795558
0.9867038652433294
0.9867032930578667
0.9867063839294224
0.9867052409492099
0.9867124879523639
0.9867255984972241
0.9867310029217261
0.9867293759512157
0.9867289953119835
0.9867329636779903
0.9867353140877249
0.9867352332836928
0.9867390335169213
0.9867400559270595
0.9867458432274294
0.9867527800542807
0.9867490964671792
0.9867410560587095
0.9867407647227935
0.986733847061275
0.9867356957989851
0.9867274346845988
0.9867207118755921
0.9867112179524996
0.9867111856762871
0.9867190859355888
0.9867244767990051
0.9867296398661578
0.9867264015721519
0.9867251820110589
0.98672400996792
0.9867303443721938
0.986727197025034
0.9867276540532489
0.9867335028439245
0.9867478922746924
0.9867436377796234
0.9867465996424848
0.9867579116467978
0.9867617191088404
0.9867580308373641
0.986757573862934
0.9867604489164822
0.986757587171003
0.9867554194956956
0.9867620798444349
0.9867593405746135
0.9867605984980493
0.9867584435441827
0.9867575263694961
0.9867530703260972
0.9867485782350889
0.9867429429680153
0.9867413605018828
0.9867425067582328
0.9867351735381165
0.9867391518165163
0.9867382333781755
0.9867366937161776
0.9867353639747333
0.9867284235105717
0.9867242072322914
0.9867262858897157
0.9867304434550751
0.9867308062747484
0.9867312678704078
0.9867371393786086
0.986742820872965
0.9867407995477713
0.9867409904061089
0.9867414820390735
0.9867462017251881
0.9867436688775643
0.9867475443269095
0.9867502207997245
0.9867579727534571
0.9867624028120597
0.9867583235916099
0.9867580657839535
0.9867550323661397
0.9867488627229714
0.9867545985142122
0.9867512015641672
0.9867432023569371
0.986734387558511
0.9867346038445859
0.9867341084688009
0.9867326472903886
0.9867376245618528
0.9867290717219426
0.9867290736480107
0.9867189654976134
0.9867142807195064
0.9867115568212652
0.9867136309410622
0.9867133955707941
0.9867156530597188
0.9867268468540062
0.986732192642757
0.9867379781377735
0.9867416008248344
0.986743341188646
0.9867481104230098
0.9867512558672563
0.9867513359616215
0.9867573215353254
0.986764602678374
0.9867681002011571
0.9867694338219084
0.9867715415842085
0.9867719815694656
0.9867702396784763
0.9867631426485788
0.9867595629259899
0.9867608909699034
0.9867605082813431
0.9867618490889399
0.9867602838849067
0.9867591944987866
0.9867570767253541
0.9867546720945293
0.9867575859314458
0.9867581279007556
0.9867504156945889
0.9867471853538141
0.9867506787026556
0.9867504622833657
0.9867519932210208
0.9867489643669064
0.9867439919759647
0.9867321264053283
0.9867287153390196
0.9867297601306491
0.9867229985893756
0.9867257183019137
0.9867211471294068
0.9867184389541804
0.9867273014084879
0.9867210492564575
0.9867184147981655
0.9867146351082658
0.9867172999403079
0.9867188261952775
0.9867224786006634
0.9867224151967882
0.9867260318971716
0.9867259337746186
0.9867280377011871
0.9867280588497691
0.9867234510346767
0.9867225076897859
0.9867226258627323
0.9867200697329473
0.9867173018224102
0.9867153072451313
0.9867123774472031
0.9867092059459899
0.9867086695218824
0.9867021576863644
0.9866994793343178
0.9867003379908683
0.9867031307594127
0.9867125176479514
0.9867164307678281
0.9867216981372489
0.9867196511613013
0.9867200393767444
0.9867204200545757
0.9867247954582453
0.9867191420286641
0.9867203271022761
0.9867263012596537
0.9867247252360296
0.9867227741554844
0.9867183501068751
0.9867160589659304
0.9867142789372425
0.9867139389843185
0.9867061664088929
0.9867069979191583
0.9867004758621811
0.9866941795510561
0.9866873649980615
0.9866847968270224
0.9866776969728891
0.9866778916477338
0.9866738689983586
0.9866727234103643
0.986663101872271
0.9866696053411177
0.9866733970002458
0.986679543557449
0.9866768364556135
0.9866815474622768
0.9866863751480657
0.9866863745832755
0.9866849983655072
0.9866813230965443
0.9866757911120565
0.9866700844292073
0.986669842651148
0.9866721883481869
0.9866783053595904
0.9866818607735172
0.9866786104288096
0.9866730807576631
0.9866712435139648
0.9866671599042155
0.9866642445151531
0.9866608015978426
0.9866615307472592
0.9866591847118323
0.9866634631307091
0.9866647434967031
0.9866670042101573
0.9866674257446437
0.9866705020611485
