0.9608269359991656
0.9692051596725799
0.9730723158912372
0.9772087556456496
0.9796010758056503
0.9813547999517492
0.9820042173325534
0.9821804115609447
0.9824316526233865
0.9825889245968267
0.9825460738362846
0.9826953893776489
0.9828509214405295
0.9829581424473719
0.9833520153904418
0.9834563009676122
0.9836637371853297
0.9838108946485901
0.9838231144962929
0.984015538042393
0.9840664671695113
0.9839319601044111
0.9838888644956649
0.983964273965447
0.9839422895483827
0.9840273942649519
0.9839599751181412
0.9842390135119474
0.9843083132974414
0.9846634852778181
0.9848323396757528
0.9850064253222168
0.985043452992078
0.9850427905005438
0.9849381237418293
0.9848305380524587
0.984900469055785
0.984829681236216
0.9850587340399607
0.985157387130494
0.9851326202519388
0.9850461305392003
0.9849731299939042
0.9848223699115026
0.9848571867031659
0.9850157815553167
0.9850334982322941
0.9850830432236463
0.9850612515600388
0.9851520733972131
0.98527220232889
0.9852331445020204
0.9852158526797093
0.9851864887830598
0.9852169233603937
0.9851019390441554
0.9851883782158065
0.9850604947333892
0.9851014825196335
0.9849777497940818
0.9849511435517663
0.9849283212855973
0.9850281807690585
0.9849365521686269
0.9849062219761912
0.9848557515611543
0.9847766298221965
0.9846937019891182
0.9845762217993952
0.9844999980560979
0.9845194253812026
0.9844488800836647
0.984444320316537
0.9844132446889521
0.9844100219182033
0.984366007118277
0.9844513447012629
0.984502736712891
0.984552202639045
0.9844975353659711
0.9844543662517216
0.9844377159133024
0.984496305924821
0.9844858488566832
0.9844981602788491
0.984554575344614
0.9846011298598636
0.9846733132642917
0.984703333738108
0.9846981610298532
0.9847387500627066
0.9847513131023352
0.9847741183007334
0.9848040756523935
0.9848366873292207
0.984789385960903
0.9848219752324456
0.9847568896543328
0.9847528491471921
0.9847916222290373
0.9848301523357506
0.984906591047873
0.9849880667262202
0.9849581854392565
0.9850646698557597
0.9851114817549483
0.9850796987828039
0.9849884094032563
0.9849559861205051
0.9849403507450637
0.9849385397517145
0.984906305346877
0.9848592891531449
0.9848692700487148
0.9849110994115633
0.9849053239428337
0.9849124787846588
0.9848842535620811
0.9848878918339818
0.9848409114477349
0.9848778403135783
0.9849252734539716
0.9849673329320913
0.9849994664975259
0.9850628445149436
0.9850743997168839
0.9851538760920793
0.9852216580555516
0.9852220752584765
0.985226353709715
0.9852727819337436
0.9853116373728873
0.985346808257838
0.9853236542597652
0.9853284128093363
0.9852950533176857
0.9852348181536877
0.985173168344289
0.9851583993888827
0.9851055875944469
0.9851401515462652
0.9851304467500118
0.9851599794435184
0.985188429196383
0.9852116671443178
0.9851892008982415
0.9851112756217802
0.985086673106062
0.9850603917769944
0.985050395092417
0.9850196662061269
0.984978316608555
0.9849774557875302
0.9849432130976242
0.9849162967367366
0.98491614876513
0.9849267367218917
0.9849692600284592
0.9849513187657486
0.9849249608149598
0.9849102719557064
0.9849115351732306
0.9848768437198375
0.9848344829051116
0.984787419121929
0.9847977987503124
0.9847966351379795
0.9847743036117134
0.9847803753008278
0.9847739280365823
0.9847516737634471
0.9847919991980837
0.9847948919517686
0.9848188920218816
0.9848045436594413
0.9847880380839977
0.9847817837307663
0.9847778194020033
0.9847733482100919
0.9847938332620381
0.9847822038792645
0.9848085724245161
0.9848555652334843
0.9848611672521055
0.9848665841053635
0.9848752082622907
0.9849293218680156
0.9849478357592367
0.9849995588878461
0.9849819175559253
0.9849558462655055
0.9849556385458194
0.9849445978616317
0.9849658306105892
0.9849718263282216
0.9849429676765645
0.9849216467362405
0.9849281995995346
0.9849039613374629
0.9849177271198398
0.9849157046526317
0.9848817677525517
0.9849026400512633
0.9848870604021456
0.9848759526410106
0.9848421498130725
0.9848441743397662
0.9848443163527331
0.9848184761786954
0.9848139797818942
0.9848378953292215
0.9848392949576373
0.9848496088777725
0.9848402655869227
0.9848342972547756
0.9847880412841583
0.9847964361475362
0.9847977928542888
0.9847716984249362
0.9847639637285889
0.9847694549157113
0.9847508445950818
0.9847631154201029
0.9847827243195735
0.9847793207383072
0.9847931546326872
0.984825250546643
0.9848190505641904
0.984802190276722
0.984774994570579
0.9847530844167529
0.9847414552628678
0.9847370807842304
0.9847185331714102
0.9847345842281728
0.9847200814639411
0.9847116594745223
0.984715293386747
0.98472858988125
0.9847149234659718
0.9847291271320057
0.9847288709341189
0.9847324069452998
0.9847459542461503
0.9847422190599845
0.9847386844026055
0.9847551748927059
0.984761907057749
0.9847747800621552
0.9847633991162572
0.9847417349059879
0.9847352717754294
0.9847268063166936
0.9847336277731895
0.9847446410249325
0.984741585144111
0.9847043399213546
0.9847249390699052
0.984737258697408
0.9847401798919525
0.984746890555047
0.9847688957485546
0.9847838574979498
0.984787601703379
0.9847888751667917
0.9847892167595627
0.9847833556315626
0.9847895631964457
0.9847570733547604
0.9847427977441817
0.9847280137002019
0.9847016700505873
0.9846805795411259
0.9846599673218722
0.9846505244229612
0.9846152916047008
0.9845816261443001
0.9845539657245171
0.9845529876019746
0.984541546358853
0.9845587212045973
0.9845705020667864
0.9845843723476042
0.9845907365577518
0.9846046321194264
0.9846027865997199
0.9846057998980519
0.9846134241409149
0.9846163748243925
0.9846323979967947
0.9846154745014574
0.9846169743350068
0.9846469516197435
0.984662747462563
0.9846856574940539
0.9846930536487093
0.984687774462432
0.9846994947002196
0.9846849248116791
0.9846815120749007
0.984674645795883
0.9846661792015199
0.9846418729821154
0.9846467605060637
0.984655652817735
0.9846893655020074
0.9847263203911717
0.9847325596271865
0.9847433151543766
0.9847632752636215
0.9847747922410189
0.9847435474477536
0.9847175922578675
0.9847026427825274
0.9847077578527149
0.9846905245803425
0.9846951309666087
0.9847070297453853
0.9847026894189269
0.9846954998690803
0.9846865744075355
0.9846675764256205
0.98468955281502
0.9846901780637741
0.9846884594262357
0.9846992808602785
0.9846772033630544
0.9846641563099215
0.9846779915235973
0.9846593437302941
0.9846553040867753
0.9846289634429399
0.9846195229380097
0.9846247105688042
0.9846080443891118
0.9846060273905023
0.9845958953070899
0.9845914318913978
0.9845802749592842
0.9845735894989307
0.9845965878483272
0.9845951048260575
0.9846070915324884
0.9846164590800196
0.9846297820280528
0.984639562569793
0.984635172229468
0.9846347364365404
0.9846288739451826
0.9846299998509205
0.9846175519920647
0.984621799572077
0.9846299512999597
0.9846153944329742
0.9846003812510545
0.9845543758035353
0.9845481732733026
0.984535042496933
0.98453359880768
0.9845329290662894
0.9845304079293629
0.9845184752983376
0.9845244758775658
0.9845236330801218
0.984526137539682
0.9845470746573307
0.9845689777995904
0.9845721792441373
0.9845830259818114
0.9845926483079075
0.9845806732497363
0.984579816251614
0.9845878274152973
0.9845901331444765
0.9845890362758397
0.9845977011218751
0.9846014565880155
0.984606425795641
0.9846197857260701
0.9846398645497809
0.9846274959178534
0.9846166668387574
0.9846198263028234
0.9846331475659801
0.9846483970489317
0.9846651676498475
0.9846851484683349
0.9846799065650307
0.9847109291805737
0.9847146554145311
0.984728798659432
0.9847313725729921
0.9847204215881231
0.9846954913765416
0.9846867428358977
0.9846626029931442
0.9846424557273006
0.9846173542505884
0.9846225038340138
0.9846371938609887
0.9846577844601203
0.9846589053016477
0.9846676220412917
0.9846741619583186
0.9846723702194712
0.9846787225239749
0.9846834446273565
0.9846921624227254
0.9846964191367122
0.9847152291039919
0.9847265736911409
0.9847170463031756
0.9847111199278659
0.9847162691857523
0.9847198471939085
0.9847061509005605
0.984711162418797
0.9847122960373779
0.9847063808774178
0.9847021640797518
0.9847097485136873
0.9846851383808144
0.9846661582758176
0.9846823861488947
0.984677584609285
0.984684504700181
0.9846819463294398
0.9846677460795754
0.9846558648414391
0.9846540747359428
0.9846440732304377
0.9846314239722149
0.9846607032222234
0.9846763237410977
0.984685398615996
0.9846809346298663
0.9846700897333764
0.984668634191086
0.9846907866873306
0.9846969502665501
0.9846973357936608
0.9846932843648472
0.9846796983037174
0.9846525505727451
0.9846247237664953
0.9846049576846125
0.9846028566519829
0.9845942000301897
0.9846046179825024
0.9846063185676526
0.9845988336865545
0.984599313668727
0.9845847724453967
0.9845697338738725
0.9845812986862132
0.9845748985902266
0.9845684900209638
0.9845672937598567
0.9845646550894649
0.9845628217425895
0.9845491253953607
0.9845454240472205
0.9845417679556056
0.9845395273170273
0.9845347915219648
0.984533024625203
0.9845390582308141
0.9845575148353923
0.9845513585501596
0.9845549585116802
0.984541225348535
0.9845484216855078
0.984550132330491
0.9845579764240402
0.9845575394585216
0.984560388784661
0.9845705766513075
0.9845766338669415
0.9845859306897173
0.984594386309814
0.9845959769102316
0.9846077756754308
0.9846124914496402
0.9846073102180728
0.9846009601534615
0.9846129033848044
0.984614592293762
0.9846171719210605
0.9846340458582793
0.9846424381028858
0.9846367873074664
0.9846362273269159
0.9846485050114836
0.984643120176599
0.9846359775330678
0.9846380670411102
0.9846341333724674
0.9846443277400612
0.9846350075977495
0.9846261809862408
0.9846113065089603
0.9846163622753811
0.9846159403299537
0.9846106560289325
0.9846183789141387
0.9846305125408038
0.9846352232595786
0.9846456407796695
0.98466572776342
0.9846769102737551
0.9846825653501285
0.9846797482117153
0.9846863315164525
0.9846978250716251
0.9846925800267339
0.984697259678976
0.9847036399818311
0.9847072897912285
0.9846949853002218
0.9846859196703871
0.9846806006437036
0.9846865104088328
0.9846976565560952
0.9847009868640202
0.9847038735856332
0.9847051830710675
0.9847047163528679
0.9847013526600741
0.9847064503750043
0.9847116925503484
0.9847089000086113
0.9847154301931543
0.9847161603745777
0.984713011892169
0.9847051887507614
0.98470927306082
0.9846917397052085
0.9846903164523978
0.9846831626472242
0.9846696867477092
0.9846616788500133
0.984654594890132
0.9846470403252686
0.9846272913317595
0.9846270527338011
0.9846265587052745
0.9846324413891614
0.98463075463137
0.9846210007883421
0.9846230502298359
0.984612918937338
0.9846067047798424
0.9845967172478004
0.9846006179256509
0.9845998386487754
0.984600506285417
0.9845994312883904
0.9846034958407307
0.984601095928153
0.9845887874610446
0.9845838883126954
0.9845845916283532
0.9845870107739946
0.9845818721669094
0.9845764297685397
0.9845668526847453
0.9845763447933789
0.984580447522926
0.9845865869789371
0.9845845499488963
0.9845792243727991
0.9845675441172722
0.9845699696658965
0.9845663518423109
0.984570812547108
0.984564045061958
0.984572664890651
0.9845713246137172
0.9845679008663133
0.9845712946010566
0.9845724497966128
0.9845811717562729
0.984582052325893
0.98457591308541
0.9845859439173802
0.9845879116570484
0.9845980301930921
0.9845953069719053
0.9845945071325136
0.984590644226838
0.9845870550118365
0.9846014774061478
0.9846164117209406
0.984618918571475
0.9846291198698522
0.9846361440838359
0.9846491541767366
0.9846507412214973
0.9846469546601553
0.9846468996559505
0.9846501247161168
0.984650785515724
0.9846576753054643
0.9846662832752167
0.9846694044939314
0.9846627714222754
0.9846647736253287
0.9846675978306528
0.9846659100498066
0.9846682412263607
0.9846579463501139
0.984647389701109
0.9846306395902723
0.9846217310234808
0.984629187752108
0.984624121374276
0.9846061667963332
0.9846033572843474
0.9846107148027304
0.9846085526322402
0.9846299386292217
0.9846363806614561
0.9846424593402845
0.9846439602197397
0.9846459093260889
0.9846482099261037
0.984644142067431
0.9846346841685243
0.9846438921019095
0.9846460459854331
0.9846611582994971
0.9846722698506614
0.9846892492518913
0.9846864928444762
0.9846997047898697
0.9847123536494569
0.9847318427858224
0.984733539596999
0.9847413441530726
0.984740157943758
0.9847418889983603
0.984737711475644
0.9847387673222601
0.9847485132036653
0.9847511405417954
0.9847526221719921
0.9847435378121857
0.984740955404348
0.9847453029318255
0.984745264382294
0.9847511689513156
0.984755066104052
0.9847632210605826
0.9847641357108432
0.9847667016568649
0.9847708662141368
0.9847805766983299
0.9847942485925274
0.9847934141470283
0.9847932832812455
0.9847994310413671
0.9848037912291919
0.9848113724890599
0.9848278281893039
0.9848281312107313
0.9848328884632771
0.9848271843118926
0.9848306090063547
0.9848373433172737
0.9848413060823055
0.9848494780066714
0.984864484000544
0.9848774418838294
0.9848897214684733
0.9848905429183547
0.984905621017521
0.9848980463954469
0.9849101323415536
0.9849033493790812
0.9848955489523709
0.9848926206698467
0.9848924821078187
0.9848950087356618
0.9849053618304962
0.984902125853333
0.9849046419516277
0.9849172073938586
0.9849123010422476
0.9849144645270441
0.9849202541914851
0.9849145623154261
0.9849092734172494
0.9849075498875329
0.9848990990468323
0.9848890284349265
0.9848848385051159
0.9848866873033619
0.984895095553981
0.9849018023281734
0.9849066159823122
0.9849167080336074
0.9849181098484585
0.9849138755048127
0.9849171071226854
0.9849169929577885
0.9849131103292695
0.9849090512224743
0.9848985719614166
0.9848884173985112
0.9848859160641059
0.9848841457761358
0.9848705469190275
0.9848725978363391
0.984879053537877
0.9848774430870972
0.9848926550082941
0.9848894029866035
0.9848872362271673
0.9848911362033603
0.9848900840686733
0.9848896090331523
0.9848962023468427
0.9848844547684448
0.9848810675997892
0.9848744716897526
0.9848726911880659
0.9848640726437708
0.9848610885841288
0.9848639229060709
0.9848617678712429
0.9848531910294744
0.9848430703755222
0.9848339372770473
0.9848350062225566
0.9848368610853709
0.9848339934587401
0.984830199442204
0.9848128921114252
0.9848193265565627
0.9848226417502921
0.9848366247606931
0.9848532038399272
0.9848565524793843
0.9848620467073629
0.9848619940980253
0.9848631456636734
0.9848727292211801
0.9848860276220545
0.9848958167850633
0.9848977830446857
0.984895732480722
0.9848876892773433
0.9848803537941239
0.9848840074968181
0.9848816412433451
0.9848856302170097
0.9848824941409603
0.9848911449049284
0.9848997783598074
0.9849005951853649
0.9848893619970909
0.9848789842044036
0.9848744947608115
0.9848732351281568
0.984867512780183
0.9848677708673966
0.9848702183381834
0.9848594832082734
0.9848593270360296
0.9848566115018965
0.9848579438874507
0.9848582854772155
0.984865619127558
0.9848617036256068
0.9848708979423152
0.9848717967147639
0.9848778702838098
0.9848907446569634
0.9849001296436234
0.984907108541566
0.9849023930266719
0.9849019510570189
0.984903497124155
0.984901196361162
0.9849004922403982
0.984889369018332
0.9848881375796689
0.9848965780235325
0.9849036476171434
0.9849037711825962
0.9848939927506243
0.9848853634102168
0.984887320556499
0.9848852653389817
0.9848798971739411
0.9848762944552927
0.9848638615095373
0.9848561505837368
0.9848556468949493
0.9848581216454504
0.9848517910152437
0.9848484232818857
0.984841967505518
0.9848388108694885
0.9848359021893568
0.9848339772095276
0.9848330846234785
0.9848373639746499
0.9848480652829479
0.9848517803078575
0.9848613345531466
0.9848607029863307
0.9848604054151545
0.9848569254986526
0.9848518843838486
0.984849760432606
0.9848463332826606
0.9848474154492596
0.9848510897272694
0.9848487115232951
0.9848499329950795
0.9848597825859073
0.9848620369523571
0.9848585730377691
0.9848546065170651
0.9848583197049703
0.9848557002214255
0.9848451346670374
0.9848389895599399
0.9848280676316202
0.9848167519617577
0.9848170575614383
0.9848029705331551
0.9847871551355547
0.9847821477648123
0.9847735938258693
0.9847729631342325
0.984778929915897
0.9847744193854941
0.9847785215399252
0.9847750049136255
0.9847652796585902
0.9847647588724061
0.9847559561457069
0.9847486926262177
0.9847449417353874
0.9847456146337448
0.9847482289482824
0.9847355737933432
0.9847366121326699
0.9847369014110547
0.9847249057980301
0.9847209623234011
0.9847146918417771
0.9847143138300136
0.9847049554094074
0.9847060227044446
0.9847086077108568
0.9847154887615017
0.9847198832103856
0.9847171619574296
0.9847246005078676
0.9847227005466572
0.9847164869733279
0.9847216699458232
0.9847146482749022
0.9847090985351745
0.9847070330880187
0.9847068609504103
0.9847014848483749
0.984695868724845
0.9846932569749163
0.9846897324034041
0.9846918980998456
0.9846932856762732
0.9846976519384602
0.9846977514009302
0.9847006567160917
0.9847019014132895
0.9847002992934099
0.984699348623795
0.9847013405684879
0.9846982609787466
0.9846980839728753
0.9846997096656359
0.9847075450175478
0.9847185704590622
0.984720064938719
0.9847140094046243
0.9847154823965503
0.9847083277559046
0.9846983804278489
0.9846901706313481
0.9846791628961371
0.9846766237328208
0.9846776875101594
0.984676564649178
0.9846704445767277
0.9846583753041114
0.9846594551805833
0.9846560630395671
0.9846556161693497
0.9846511322923904
0.9846466027634483
0.9846394630583792
0.9846416265751518
0.984635523942322
0.984629326066305
0.9846262998704735
0.9846209330686889
0.9846151981005331
0.9846145485130825
0.9846170830390698
0.9846051144621337
0.9846024533967399
0.9846047690629467
0.9846034020019696
0.9846034336051803
0.9845974956397198
0.9845959769329538
0.9845965551463515
0.9845950243247842
0.9845972579152252
0.9845963735262406
0.9846037449148894
0.9846092952642094
0.9846103625836958
0.9846096708740261
0.9846107684671658
0.984603832074462
0.9846011608885694
0.9846024113280987
0.9845987624916517
0.9845933968631346
0.984587588828438
0.9845847634242457
0.9845863076672627
0.9845884002013418
0.9845800454195294
0.9845811011421014
0.984577889103152
0.9845745097389164
0.9845701922201314
0.9845697518072637
0.984570198898293
0.9845652269056308
0.9845614526716275
0.9845593202366549
0.9845601800713738
0.9845608875672441
0.9845649082087478
0.9845738791729888
0.9845703680245339
0.9845686213467342
0.9845696095784512
0.9845601760127721
0.984548416584112
0.984538878418105
0.9845285322568641
0.9845256034950599
0.9845223890554063
0.9845181518805468
0.9845133374639958
0.9845082747681083
0.9844999284860916
0.984490004707213
0.9844892934856299
0.9844888590237357
0.9844879554335962
0.9844902188789431
0.9844957051526272
0.9844922024481727
0.9844929709364479
0.9844887056722981
0.9844816758916212
0.9844833142916996
0.9844940428107726
0.9845015903173531
0.9845014818164084
0.9845041023329996
0.9845020374605474
0.9844936964225209
0.9844842303789535
0.9844839923432745
0.984482340720437
0.9844826742306362
0.9844759843240372
0.9844745439399347
0.9844670096528797
0.9844580965027606
0.984459713880696
0.984462147810513
0.9844629878295158
0.9844681020728675
0.9844624361085922
0.9844585626198193
0.9844587568534814
0.9844605818953437
0.9844582295377109
0.9844563963132662
