0.9670516654492681
0.9771069842774557
0.978829991816248
0.9813880729239981
0.9830980621421188
0.984993612710086
0.9857070264245651
0.9859622249213943
0.9863848500787182
0.9865166951327066
0.9861490959058652
0.9862056816510364
0.9864695001940041
0.986989797191199
0.9874967446540317
0.9878148703475587
0.9879660709152701
0.987933490214883
0.9880517893399272
0.9882669096281516
0.9884451041832208
0.988289886012968
0.9882090085781301
0.9882793018786207
0.9883242323689243
0.9885768362256591
0.9883763554402931
0.9885312462856239
0.9885937785184966
0.9886670542840642
0.9887801379112192
0.9890612542279664
0.989120541846878
0.9892168490029584
0.9891829072163634
0.9890392840119107
0.9890598880398118
0.9890585217284038
0.9893495165554747
0.9894317248373982
0.9893964983030878
0.9893281497809637
0.9893008691053767
0.9893104663088997
0.9893247839420732
0.9894225266562642
0.9895143225232915
0.989518940253251
0.9894506068927682
0.9894908038189983
0.9894783464827432
0.9894551672333379
0.9894808228294696
0.9895369333394413
0.9896028903287524
0.9895719795370553
0.9896239414094753
0.9895579379221288
0.9895784291146517
0.989487306756498
0.9895037278843263
0.9894890523118753
0.9895619557052326
0.9895188126123529
0.9895564559738105
0.9895989311167235
0.9895666623507778
0.9895175995373083
0.9894244459499659
0.9893357433478951
0.9893566925665248
0.9893156442820084
0.9892408735662731
0.9891639187289023
0.9891521859218958
0.9891350943065641
0.9891855474841985
0.9891882834396887
0.9891891933149521
0.989220099614743
0.9891826823754555
0.9892517482104629
0.9892744500598347
0.98922042758855
0.9891677081532918
0.9891791113792229
0.9891939872021855
0.9892528169044138
0.9892992363353746
0.9893208926810169
0.9893725254505158
0.9893748156153596
0.9893819178056791
0.9894499125549926
0.9894479199723635
0.989443630201166
0.98942343858915
0.9894243868436249
0.9894063268026858
0.9893979937985974
0.9893850972756824
0.9894276578565591
0.9895275526507935
0.9895509071285546
0.9896495419723473
0.9896528141644617
0.9896450635721056
0.9896547880761543
0.9896468402207979
0.989653076798621
0.9896999007081981
0.9897027591657294
0.989705045536842
0.9897150808041224
0.9897476176817797
0.98977873106778
0.989827222670403
0.9898697507086771
0.989865060810518
0.9898401460199616
0.9898826855794982
0.9899052508478801
0.9899187762674255
0.989907889866675
0.9899334173135633
0.9899297931689411
0.9899476144683853
0.9899664463663643
0.9899280126172786
0.9898843115758241
0.9898934644036647
0.9898835875614159
0.9898869929427855
0.9898680667072126
0.9898460284639009
0.9898053097676666
0.9897984932281653
0.9897443407202912
0.9897509468754945
0.989699820103257
0.9897309731200495
0.9897317917106981
0.9897457195756953
0.9897784907143279
0.9897922197212309
0.9898146629957505
0.9898057404439514
0.9897765354405316
0.9897768268760209
0.9897778225838341
0.9897412676864193
0.9897349224578061
0.9897438063472749
0.9897122418589818
0.9896774595215063
0.9896487558897641
0.9896465729464683
0.9896617825169313
0.9896556820653325
0.9896319987522937
0.9895972329884891
0.9896024642869583
0.9895802980520512
0.9895692306039823
0.9895212735637315
0.9895175100781138
0.9895266491556176
0.9895137678104045
0.9895325901020026
0.9895500310991138
0.9895621585144116
0.9895698898569625
0.9895544565430652
0.9895541098924407
0.9895200945722658
0.9895199035972251
0.9895239945635886
0.989529275351926
0.9894894420246072
0.989499276577534
0.9894982476361834
0.9895174465169476
0.9895310255602873
0.9895425267429906
0.9895595252811838
0.9895777257620578
0.9896149470425634
0.9896104430028286
0.989656994477968
0.9896532168716672
0.9896306091955946
0.9896106166755588
0.9895895412867046
0.9895870557703421
0.989597436965909
0.9895754136067164
0.9895629181312328
0.9895627722974364
0.9895412873395752
0.9895412482969669
0.9895383289514107
0.9895032709209797
0.9895054593088564
0.9894924216944949
0.9894623369993472
0.9894377208160908
0.9894363655707622
0.9894373549844394
0.9894367069960858
0.9894289304082958
0.989425546535913
0.9894196844808785
0.9894265908269357
0.9894305402877439
0.9894178863644365
0.989384705410571
0.9893794346064825
0.9893807154282148
0.9893572302618799
0.9893396308544568
0.9893339358852128
0.9893358359037735
0.9893566146872912
0.9893537566519242
0.9893380172677031
0.9893610947889389
0.9893660541909789
0.9893685755611806
0.9893621824303015
0.989372161777298
0.9893604206372395
0.9893390703640359
0.9893248766979664
0.9893249255322271
0.989335722735264
0.989321862735223
0.989304996081038
0.9893090400751244
0.9893296856476037
0.9893162674907877
0.9893282729053067
0.9893492285765372
0.9893557251740072
0.9893594990552492
0.9893515370901527
0.9893479409354333
0.9893560722467913
0.9893532769484796
0.9893551269805198
0.9893559106527674
0.9893408869047311
0.9893353277256932
0.9893218690684016
0.989321187509274
0.9893223120050828
0.9893358088185747
0.9893358935465831
0.9893597505004025
0.9893867025975164
0.9893865520283558
0.9893976470957082
0.989420719205094
0.9894395151894291
0.989445420865322
0.9894610722406508
0.9894657844922344
0.9894655266207364
0.9894816867501781
0.9894702615159173
0.9894818623422854
0.9894643975877975
0.9894690057733079
0.9894558151265855
0.9894354396723877
0.9894288059966324
0.9894121426358932
0.98939309783837
0.9893849727923891
0.9893822174795929
0.9893524127965099
0.9893466477201877
0.9893395770334372
0.9893321135458868
0.98935032231134
0.9893709703263621
0.9893672967172514
0.9893833114300282
0.9893954825439929
0.9893949114232442
0.9894056490635451
0.9894150325990332
0.989424516028155
0.9894502937150499
0.9894344476134508
0.9894259559749531
0.9894280822429964
0.9894162289558258
0.9894156509479756
0.9893876266126076
0.9893851366893932
0.9893806984425227
0.9893725199365971
0.9893528985344991
0.9893486369552762
0.9893454981308903
0.9893565609175724
0.9893800408657835
0.989380407994975
0.9893904037073479
0.989397455077017
0.989397722300744
0.9893922045509217
0.9893706112753538
0.98936272394682
0.9893700028895356
0.9893683780932768
0.989364606454534
0.9893714897727064
0.9893772585133741
0.9893743385176406
0.9893709933042296
0.9893700055504772
0.9893928480366577
0.9893948843152481
0.9893972566425543
0.9894117602592986
0.9893896793358042
0.9893746164151868
0.98937258823818
0.989344397278363
0.9893347350832659
0.9893059975328427
0.9892966359401675
0.9892821385180889
0.9892544435298983
0.9892493939787826
0.989228513108108
0.9892229075952457
0.9892056784573163
0.9891950408744502
0.9891901814629134
0.9891941008031102
0.9892134090560664
0.9892286523508492
0.9892297421070038
0.9892463797448793
0.9892656317573392
0.9892709750180758
0.9892799502066586
0.989276480040609
0.9892815861261934
0.9892902395852767
0.9893010220737328
0.9892817874500204
0.9892683635952143
0.9892446301391757
0.9892406025615195
0.9892277980732151
0.9892239602370918
0.9892324350797037
0.98922633833159
0.9892244014471364
0.9892327708313934
0.9892372308956597
0.9892446699098401
0.9892593441421801
0.9892619694961824
0.9892572484723646
0.9892493630490329
0.9892447791553317
0.9892378708570123
0.9892473443977423
0.9892592573381837
0.9892607182872057
0.989256736173127
0.9892568234616195
0.9892519812250501
0.9892538196052769
0.9892688638902504
0.9892733884068978
0.9892519450305085
0.9892362362812777
0.9892307577907253
0.9892351526241686
0.9892476989788465
0.9892542288372227
0.9892626475308085
0.9892586281373157
0.9892708382493236
0.9892661612702159
0.9892691014705509
0.9892686492769568
0.9892544578888152
0.9892459603738275
0.9892408381543166
0.9892276452463784
0.989222734301104
0.9892177614123371
0.9892165545931151
0.9892223621539118
0.9892326386505409
0.9892322711343122
0.9892335924300268
0.989232552314117
0.9892258376834167
0.9892269420749955
0.9892245569512758
0.9892294000593669
0.9892320300967387
0.9892371750262842
0.9892401918809816
0.9892194029261802
0.9892128634596679
0.9892249876414865
0.9892327858201287
0.9892314991412599
0.989239536055302
0.9892344211793287
0.9892255344673179
0.9892185307606771
0.9892333475973468
0.9892106146150507
0.9891819011641498
0.9891826452136414
0.9891875123192404
0.9891898219862448
0.989182128337643
0.9891633775099112
0.9891569425137537
0.9891503317736487
0.9891452247217091
0.9891251918855125
0.9891255065418624
0.9891158833023618
0.9891155988786362
0.9891024070915307
0.9890891858158319
0.9890921535895354
0.9890979759877128
0.9891107201610178
0.9891204442172132
0.9891259841152353
0.9891095542926746
0.9891006729471483
0.9890767587469862
0.9890674120952755
0.9890709447204321
0.9890614456048816
0.9890676029692065
0.9890746037501157
0.9890749202638377
0.9890748456185795
0.9890704633419989
0.9890661917488421
0.9890772578214817
0.9890780771404378
0.9890768487793045
0.9890817331611138
0.9890741445052212
0.989066004259847
0.9890501075069458
0.9890370480892305
0.989025463623329
0.9890135658107677
0.989008901740343
0.9889962203413911
0.9890004413603167
0.989012822507978
0.9889922119604513
0.9889879020247077
0.9889832617240468
0.9889842887243168
0.9889835152150338
0.988970480255928
0.9889666203878054
0.9889731868991503
0.9889781012620447
0.9889793077113732
0.988980889958838
0.9889864491568273
0.9889787665557683
0.9889916969647354
0.9890003986986234
0.988991545190888
0.9889891223935459
0.9889930665176478
0.988984658641978
0.9889855148158595
0.9889960997830756
0.9889916300009397
0.9889899969529675
0.9889972900493147
0.989000694445647
0.9890061958805447
0.9890158256084207
0.9890161134450212
0.9890080602276792
0.9890156112361272
0.9890047869134955
0.9889975810036304
0.9889916871743023
0.988995073773703
0.9889860947881387
0.9889848980247499
0.9890012123103082
0.9890026435171051
0.9889982426118974
0.9889892345103394
0.9889995103919922
0.9890091143253252
0.9889953691397493
0.9889868096001607
0.9889890282834207
0.9889888332034418
0.9889838933056309
0.9889889502688031
0.9889930879967354
0.9889909210746537
0.9889843420052584
0.9889723692249403
0.9889745109681729
0.9889888678690134
0.9889934091503305
0.9889966417930096
0.9890056394303616
0.9890088129507267
0.9890128660666078
0.9890079517240445
0.9890114535487268
0.9890232451253164
0.9890264135132615
0.9890317536048567
0.9890381220537827
0.989044700604256
0.98904374659159
0.9890436997544129
0.9890360493165414
0.9890302793584663
0.9890201675882094
0.9890128113670821
0.9890125349247079
0.9890121133101538
0.9890219398074597
0.9890170246140514
0.9890214632169145
0.9890247401170261
0.9890310552320896
0.989040883448354
0.9890333733244713
0.9890391605479945
0.9890452275471224
0.9890562856564923
0.9890491510479494
0.9890556667543734
0.9890608384264633
0.9890641111925004
0.9890711650985078
0.9890733101327557
0.9890622712997127
0.9890539264482308
0.989057800484256
0.9890543522303389
0.9890501201067972
0.9890469192808364
0.9890467828637237
0.9890433400356552
0.9890521642894372
0.9890559757852625
0.9890597822325183
0.9890636915806804
0.9890655561677006
0.9890520528956234
0.9890494127104553
0.989049333793947
0.989052680234696
0.9890458044617889
0.9890543411035903
0.9890548122153443
0.9890475586376536
0.9890431595901413
0.9890445504167971
0.9890429672906417
0.9890374817105648
0.9890292775434385
0.989027514689802
0.9890220450823594
0.989022160777746
0.9890138383824673
0.989006958546415
0.9890000339121874
0.9890118567253111
0.9890194250960511
0.9890337871946397
0.9890276273543969
0.9890272564940347
0.9890156166347457
0.9890235272394388
0.9890350499378342
0.9890307140677307
0.9890250208621031
0.9890188300634005
0.9890115956681516
0.989011475286282
0.9890142489846514
0.9890101731186125
0.9889998371849419
0.9889996970099393
0.9890000593880474
0.9889954329393489
0.9889847477450576
0.9889771006581511
0.9889770444103669
0.9889750480785546
0.9889766351748654
0.9889851454175187
0.988976362844389
0.9889658229187424
0.9889617637199382
0.9889687734700068
0.9889663312530917
0.9889797196515748
0.9889951665472222
0.989001283435163
0.9890080182334015
0.9890139473093419
0.9890066573029027
0.9890014624477329
0.988999511105397
0.9890053244534128
0.9890075830261339
0.9890185894442826
0.9890255408526786
0.9890290786756298
0.9890254327725991
0.9890292707141701
0.9890403566653246
0.9890504734739242
0.9890469643908593
0.9890494224610114
0.9890535307380421
0.9890631351131811
0.9890677983663498
0.9890637440602457
0.9890807502926009
0.9891014263990734
0.9891077028676195
0.98910490225205
0.9891123796813508
0.9891193586486275
0.9891132436748047
0.9891065602078013
0.9891064947444544
0.9891037333153161
0.9891039166505013
0.9891026837211927
0.989109504708102
0.9891157312166927
0.9891220707898191
0.9891205803886294
0.9891292736180348
0.9891311412781012
0.9891359188406298
0.9891451324217784
0.9891440425042317
0.9891414081302473
0.9891458077756348
0.9891418987708673
0.9891514294873791
0.9891640663961254
0.9891705658029498
0.9891731619483192
0.98917876942469
0.9891863070492418
0.9891945345968784
0.989190319533663
0.9891994413733863
0.989197030885384
0.9892037908522897
0.9891925957451502
0.9891832429271572
0.989178351939614
0.9891789569622972
0.989184580176446
0.9891945678842503
0.9891961054188567
0.9892012715655957
0.9892083253192185
0.9892166953454663
0.989216403738815
0.9892222595390524
0.9892182484694025
0.9892157801147453
0.9892152005088648
0.9892157558474138
0.9892089434458035
0.9892068709152325
0.9892092207244503
0.9892211067631326
0.9892194542367501
0.9892228828018262
0.9892294707326914
0.9892295963594868
0.9892298474669424
0.9892347710231713
0.989237675858706
0.9892395699101738
0.9892458681226394
0.9892446294744487
0.9892369866792166
0.9892352043103981
0.9892273187961196
0.9892187095445659
0.9892210447565088
0.9892208857385452
0.9892174370191048
0.9892251825074261
0.9892237950105487
0.9892230497473867
0.9892266462784803
0.9892256669526277
0.9892255957035239
0.9892314676369764
0.9892268797063731
0.9892279499863761
0.9892282987478037
0.9892357904005835
0.989229512586412
0.9892269712974546
0.9892230849077303
0.989219719889587
0.9892192923880501
0.9892149120264918
0.9892071214543392
0.989203397128892
0.9892006753675233
0.9891962523581375
0.9891890699307215
0.9891760668551055
0.9891766380481737
0.9891772816068423
0.9891830825135556
0.9891904705010515
0.9891961714102507
0.9891992571213248
0.9891983092586963
0.9891957758632952
0.9892038617828297
0.9892111771533217
0.989219097039318
0.9892211515343299
0.9892210034693468
0.989218870857338
0.9892079643282362
0.9892095544375834
0.9892186134128805
0.9892230583383833
0.9892214935375948
0.9892243718000611
0.9892290510347593
0.9892340795354627
0.9892287083557834
0.9892287569319366
0.9892255112341669
0.9892244640403193
0.989217574389381
0.9892193109482684
0.989219634815469
0.9892134071963036
0.9892038454436711
0.9892030185953375
0.9891971070849205
0.9891968563396251
0.9892037771926311
0.9892032197092939
0.9892110038216532
0.989206747764215
0.9892112001199825
0.9892201440653705
0.9892226492935088
0.9892227245013737
0.9892226135283076
0.9892243955513528
0.9892282833135446
0.9892308248805933
0.9892293106475232
0.9892283835482829
0.9892222037329385
0.9892245410432278
0.9892331247173277
0.9892401496978677
0.9892366682515265
0.9892271658482956
0.9892305093701512
0.9892287700231948
0.9892269564529537
0.989225491635355
0.9892203005777241
0.9892168402652625
0.9892203293171914
0.9892192656986956
0.9892132650439575
0.9892052720008803
0.9891973400074556
0.9891940222082763
0.9891920920444215
0.9891899863268717
0.9891876100281992
0.9891849957922841
0.9891908238446239
0.9891930217308798
0.9891992548179739
0.9891971541624572
0.9891980605108696
0.9892000305600821
0.98919860666379
0.9891934001266743
0.9891914164300321
0.9891939952226794
0.9891946817152819
0.9891899702100813
0.9891919255046211
0.9891983687117495
0.9891978547329275
0.9891965385056223
0.9891958461759857
0.9892052961269979
0.989198938380606
0.989192134213027
0.9891946391040932
0.9891892821841846
0.9891860644332618
0.9891894333734816
0.9891831758358898
0.9891813240196144
0.9891797541253153
0.9891754423272554
0.9891688051102487
0.9891709967395568
0.9891683461645016
0.9891659762631732
0.989160492185111
0.9891547403628261
0.9891488337302895
0.9891392024511894
0.9891368203108805
0.9891358815774717
0.989136979093745
0.9891420660947947
0.9891406660206282
0.9891421509913653
0.9891407382319591
0.989131023557377
0.9891269758948601
0.9891163274384324
0.9891168958950848
0.9891121114193032
0.9891142182683154
0.9891164393153703
0.9891275957733613
0.9891291388765728
0.9891297843198485
0.9891320557009373
0.9891281334165971
0.9891239315367671
0.9891273405488719
0.9891246194266505
0.989119509901222
0.9891155407314198
0.9891119377526437
0.9891078559124308
0.9891071694015333
0.9891140273813679
0.9891099930058194
0.9891099424883315
0.989106289506981
0.9891057726185889
0.9891112895664658
0.9891063161953484
0.9891041697173067
0.989104223663401
0.9891040509314222
0.9891095879181124
0.9891118946665391
0.9891140012527454
0.9891147493608057
0.9891196874155329
0.9891261764580025
0.9891315191075577
0.98913501832042
0.9891424192314257
0.9891401881740365
0.9891347022355077
0.9891382926160037
0.98913477888701
0.9891383552404981
0.9891342534655491
0.9891342305612674
0.9891332284914436
0.9891276700475046
0.9891302533525009
0.9891247836931013
0.9891215384097626
0.9891185496956962
0.9891150987651007
0.9891087967590368
0.9891096330517811
0.989100118833575
0.9890974483145444
0.9890989490336091
0.98910282634455
0.9890986761481071
0.9890985152323601
0.9890994919759534
0.9890953888395524
0.989095110617815
0.9890947061912514
0.9890869333823913
0.9890836110423702
0.9890771460811179
0.9890739753005416
0.9890761416003172
0.9890738825588733
0.9890765916841767
0.9890777154638816
0.9890847050836707
0.98909251166506
0.9890935263534583
0.9890951016807914
0.9891013741117884
0.9891038033127981
0.9891035950900893
0.9891059945487783
0.9891008423289267
0.9890947807770948
0.9890899504458369
0.9890885586424809
0.9890892851491815
0.9890869902080313
0.9890818855388276
0.9890862993648134
0.9890838033707797
0.9890771857747267
0.9890739431425233
0.989078540651924
0.9890782687406772
0.9890729030769941
0.9890671785232868
0.9890646376472533
0.9890594866149537
0.9890599165059675
0.9890578096181823
0.9890587536981238
0.9890535844649228
0.9890510858246946
0.9890544296668267
0.9890493155107176
0.989042474656312
0.9890381150249373
0.9890279666366957
0.9890230073588573
0.9890171300680144
0.9890139241497174
0.989013923895801
0.9890099411132603
0.9890056952853462
0.9890006862579132
0.9889935544161372
0.9889884269111802
0.9889878328559961
0.9889859063357312
0.9889846899405759
0.9889817090111997
0.9889880436864675
0.988981787500249
0.9889776733449703
0.9889720225651408
0.9889779925846252
0.9889777874763336
0.988975439256216
0.9889768354564723
0.9889720062524441
0.9889647738563697
0.988958570050128
0.9889586775535406
0.9889575111684575
0.9889575559452423
0.988957649774738
0.9889573196870228
0.9889571549375626
0.9889539802693188
0.9889475000618544
0.9889550795425439
0.9889556219048764
0.9889578043663386
0.9889534160810375
0.9889503783065993
0.9889515615089379
0.9889534228138225
0.9889511720688645
0.988950867755063
