0.969358701288237
0.9765911405511092
0.9781606232435638
0.9802984060671183
0.9817986005036379
0.9839374991444855
0.9851810789946613
0.9852028816541685
0.9861222231802077
0.986853108739285
0.986856311031983
0.9870920533205068
0.9876055422484509
0.9879944167283199
0.9885894029761374
0.9891170628658527
0.9893864795417534
0.9896013248211509
0.9897141478544077
0.9899179810052345
0.9900902395625797
0.9900034844159935
0.9898762206493055
0.9898667720906896
0.9900104993187456
0.9901294030311003
0.9900542100235753
0.9901969714329015
0.9902826415323797
0.9900837761353515
0.9900576085373888
0.9901144350598048
0.9900934086844688
0.9899780661522684
0.9898789950497024
0.9898246676393686
0.9897961030920309
0.9898077349304123
0.9899132430241969
0.9898968802488164
0.9898816081133549
0.989870734678874
0.9898230918863516
0.9897964816467899
0.9897949688838245
0.9897637285930548
0.9898127186939869
0.98983137390677
0.9898040001418345
0.9898071851868624
0.9898905225027202
0.989890665152991
0.9898855999818976
0.9898694117128581
0.9898372768315938
0.9898538761800498
0.9899412476110834
0.9898505446629203
0.9898446152288282
0.9898791126878368
0.989971297029505
0.9899488927927813
0.989928901109612
0.9899994968125394
0.9899812415463954
0.9899847357060793
0.989940982336002
0.9899350060921404
0.9898984507469079
0.9899295338739744
0.9899711680074175
0.9900441013813134
0.9899934600034316
0.9899683126150746
0.9900222391233713
0.990046334208798
0.990062257949495
0.9900415124401959
0.9900557798168605
0.9901115464943688
0.9901285197082699
0.9900956577889741
0.9901118170517954
0.9901107648978192
0.990123669786317
0.9901418587750577
0.9902055645085517
0.9902787976696091
0.9902887809331974
0.9902845931893686
0.99028786268401
0.9903379678303857
0.9903778981051352
0.9903928749459906
0.9904283153175479
0.9904219640081634
0.9903683623696824
0.990322919631077
0.9903149641939902
0.9903165142144774
0.9903111449831483
0.990318059132408
0.9903340357841633
0.9902875017371081
0.9902855753258961
0.9902939376352254
0.9902825103034724
0.9902895559479277
0.9902734463637808
0.9902779196955834
0.9903117603759081
0.9902829202818062
0.9902588146748287
0.9902568930869611
0.9902801626077633
0.9902715169793069
0.9902469276934941
0.9902430319321481
0.9902394298586468
0.990245062116094
0.9902609417761783
0.990281416818276
0.9903134326144263
0.9903152307641285
0.9903212763256818
0.9903379304196595
0.9904091764101045
0.9904671756620383
0.990496061017496
0.9904914619885061
0.9904998878202694
0.9904808346872296
0.9904939532762305
0.9905065102397586
0.9905304520923197
0.990525641898919
0.9905361553494159
0.9905318098969155
0.9905217344326828
0.9905131673175844
0.9905157189324175
0.9905409216483883
0.9905538543473048
0.9905679442454121
0.9905891757096021
0.9906171985223928
0.9906412896905796
0.9906320987087007
0.9906443748278049
0.9906776221166849
0.9906752563119766
0.990702168200395
0.9907192978527828
0.9907187378306093
0.9907242216848676
0.9907174537488895
0.9907101649749287
0.9907233095817884
0.9907314111384194
0.9907526312095982
0.9907458305865504
0.9907426513104697
0.9907591499136622
0.9907603473067461
0.990756377388876
0.9907898341737813
0.9908089066284695
0.9908232884448269
0.9908058870447196
0.9908198216250652
0.9908283830646916
0.9908589321997217
0.9908658762927024
0.9908837816463679
0.9908791756954728
0.9909079219251447
0.9909173918144221
0.9909219209965139
0.9909521065775462
0.9909522369720147
0.9909640312619583
0.990993240964402
0.9910074070566298
0.9910056474697526
0.9910180594192829
0.991021243735969
0.9910326098710239
0.9910262259115147
0.9910476872900839
0.9910485093162956
0.9910276395793496
0.991050544902624
0.9910549451242936
0.9910837259524816
0.991127418481714
0.9911410006262855
0.9911423832763198
0.9911472339955144
0.9911463811708106
0.9911564048928612
0.991134345555805
0.9911317919030513
0.9911519027498861
0.991170907222156
0.9911623492294351
0.9911727102939698
0.9911860651553474
0.9912027297276726
0.9912050017463041
0.991210505723604
0.9912280196541794
0.991243163641221
0.9912402988343463
0.9912411805682485
0.991250423548732
0.9912441868247438
0.9912618359891852
0.9912701847392141
0.9912710935075537
0.991279962860052
0.9912972895945904
0.9912999502675797
0.9913109591059487
0.991318181488721
0.9913189852184026
0.991315821625994
0.9913135004599831
0.9913072092912117
0.9913029526241955
0.9912895307165094
0.9913148465509
0.991312941470861
0.9913058593111438
0.9913177221875266
0.9913325960876624
0.9913487558496065
0.9913349447238903
0.9913566983014199
0.9913454805469456
0.9913631831212991
0.9913624065786184
0.9913667338347407
0.9913688551935327
0.9913537768465471
0.9913383446108734
0.9913432914698695
0.9913284514870695
0.9913200553289051
0.9913116416372407
0.9913091135290985
0.9913027187793831
0.9912973773288407
0.9912982479594943
0.9912993664864528
0.9912986291844621
0.9913004554654296
0.9913329001441257
0.991339646476729
0.9913446625152644
0.991352482103794
0.9913508170182105
0.991352795654964
0.9913462252960917
0.9913391248267404
0.9913438717074355
0.9913316232211118
0.9913368541063599
0.991351104637566
0.9913503506982709
0.9913527220280967
0.9913529688100199
0.9913521986755534
0.9913478297732015
0.991346449930647
0.9913374192172049
0.9913313785218759
0.9913161752357609
0.9913014916089166
0.9913100002832517
0.9912995970284008
0.991288222020779
0.991305130448835
0.9913186317113489
0.991324576937925
0.991321936533857
0.9913445254176646
0.9913354323100976
0.991359948961297
0.9913638985681462
0.991369049295423
0.9913826306293649
0.9913930838810785
0.991389148837455
0.9913959774910032
0.9914051786951903
0.9914076161611685
0.9914131439566989
0.9914121214665097
0.9914047655040162
0.9914128517391656
0.9914114017720708
0.9914163161205818
0.9914067117216938
0.9913986183050089
0.9913990118342665
0.9914129376172003
0.9914147661529669
0.9914105604446097
0.9914010642092763
0.9914037184271403
0.9913983404992386
0.9913970105793605
0.9913933180046298
0.9914033314779538
0.9914137411986346
0.9914167621081291
0.9914191076144341
0.9914110954049544
0.991404059247151
0.9913941594220278
0.991384568589959
0.9913855884223717
0.991369224253269
0.991364544312471
0.9913596521201462
0.9913628488216333
0.9913590615782388
0.9913519530624922
0.9913535552981542
0.9913597286880286
0.9913573531474783
0.9913514415542143
0.9913545958025536
0.9913628388077145
0.9913611166746155
0.9913677263771312
0.9913638211491898
0.9913569327413052
0.9913582372235948
0.9913579334652703
0.991350940969817
0.9913479843449648
0.9913396897020063
0.9913341883086351
0.9913339755109307
0.9913293903478881
0.9913332683049846
0.9913319242561345
0.9913296631265665
0.9913416638073191
0.9913454450524356
0.9913452581686558
0.9913557402914899
0.9913579119729922
0.9913503908708501
0.9913529476075547
0.9913585510603423
0.9913587962901628
0.9913598807755664
0.9913506610630727
0.9913588826762288
0.9913508427386937
0.991353353253177
0.9913547654571034
0.9913611570482244
0.9913640357073996
0.9913554862775443
0.991355399408566
0.9913586844747652
0.9913556731163928
0.9913593983678418
0.9913528074387191
0.9913543390911737
0.9913555728082101
0.9913476965401468
0.9913437171833903
0.9913506440622437
0.9913558971079169
0.9913642434375295
0.9913743228786859
0.9913748622802808
0.9913710015333901
0.9913742811843069
0.9913715386545617
0.9913700924777835
0.9913646741195851
0.9913718036358439
0.9913660423656867
0.9913595215995759
0.9913605469416309
0.9913705624445205
0.9913698316213699
0.9913659332328141
0.9913656811436246
0.9913699855360569
0.9913750753604696
0.9913722486202923
0.9913674952314642
0.9913758767345318
0.9913733077307634
0.9913768387022207
0.9913731063170016
0.9913793106811818
0.9913777173471651
0.9913762981545549
0.991382838423304
0.9913788591622905
0.9913731432250578
0.991381580324554
0.9913819796117734
0.9913947466213241
0.9913999891621321
0.9914131641542431
0.9914245384601837
0.9914283148667022
0.9914310806045995
0.9914258940208704
0.9914234090018816
0.9914216248532474
0.9914136716964107
0.9914127784792109
0.991405506628197
0.9913929249979474
0.9913903963121624
0.9913937717162108
0.9913915258322713
0.9913897391773809
0.9913878438972983
0.9913910433893752
0.9913929194209585
0.9913904086148941
0.9913844960360272
0.9913766693339804
0.9913671566353334
0.9913669015847293
0.9913649947254998
0.9913577019344857
0.9913430146237506
0.9913496736847293
0.9913526175060857
0.9913503869891034
0.9913446949246251
0.9913345611427303
0.991329991074451
0.9913275299265216
0.9913324739511258
0.9913246576390021
0.9913189801768999
0.991305993434279
0.9912980968551435
0.9912909806454995
0.9912887873333016
0.9912846654250702
0.9912691877229706
0.9912594273952231
0.9912620547571488
0.9912588521716343
0.9912611359796452
0.9912687587325815
0.9912744949988646
0.9912766875563096
0.9912863737625437
0.9912970708103168
0.9912929112139868
0.9912914108585225
0.9912839748618896
0.991293880397513
0.991303027670454
0.9913005666735936
0.9912982197467806
0.9912965801874922
0.9913013564539452
0.9913016567787557
0.9912942976467045
0.991290053112583
0.9912977123506809
0.9912985632195497
0.9912919295947155
0.9912967941303878
0.9912967103191841
0.99129102460124
0.9912909612869071
0.9912950638565727
0.9912974243404508
0.9913075610182107
0.991310845109086
0.9913115638453843
0.9913094030148951
0.9913183059660177
0.9913221673954615
0.9913229100648938
0.991330102763375
0.9913295556921425
0.9913252287960954
0.9913124966402235
0.9913071888806846
0.9913057116414188
0.991301769959315
0.9913023594004335
0.9912972965222254
0.9912958687873409
0.9912913106052202
0.9912849343324969
0.9912720748711922
0.991277913118119
0.9912867606227905
0.9912901177289444
0.991284219457643
0.9912894821600919
0.991294039280227
0.9912958590022387
0.9912982925329871
0.991304983502347
0.9913034412182614
0.991300708588424
0.9913051747754322
0.9913038497968015
0.9913026263121
0.9913006476851999
0.9912968067545272
0.9913019416887637
0.9912997049864838
0.9913009742805409
0.9913069573287565
0.9913155429918048
0.9913243198613242
0.9913298945988547
0.9913252572420717
0.9913206500940901
0.9913174291256698
0.9913143588112688
0.9913159636172866
0.9913135750921723
0.9913159104419312
0.9913265614433205
0.9913306087470398
0.991336145980586
0.9913321807705016
0.991323851832992
0.9913207752605592
0.9913167578390417
0.9913134878951649
0.9913023347840064
0.9913027206651756
0.9913028989665501
0.9913049607974052
0.9912950643162283
0.9912938830760675
0.9912878045344354
0.991295334682054
0.9912911447656229
0.9912934920729881
0.9912932609676668
0.9912915296818658
0.9912863946639577
0.9912875307837894
0.9912939326737514
0.9912886915979833
0.9912843291130337
0.9912898768324716
0.9912840364316096
0.9912818822708557
0.9912849898415451
0.9912786554402189
0.9912775262671394
0.9912801781821199
0.991278696402946
0.9912756321314559
0.9912781437636715
0.991283717258088
0.9912877326696408
0.9912914072094487
0.9912889885868934
0.991284978600409
0.9912835047764892
0.9912761223167716
0.9912760023724417
0.9912712465201251
0.9912720900356191
0.9912706826454145
0.9912723133572034
0.9912721842734827
0.9912776379912391
0.9912828990830276
0.9912801820444316
0.9912821942123838
0.9912860269777466
0.991286639384861
0.9912943870841091
0.9912905652619401
0.9912889831775404
0.991280480264267
0.9912823035366244
0.9912794073803359
0.9912833420131046
0.9912872134473598
0.9912889733344217
0.991288844297718
0.9912878015707564
0.9912828694331854
0.9912823739215483
0.9912835990546888
0.9912843622529809
0.9912864650917831
0.9912942771983926
0.9912944198778468
0.9912885178317792
0.991295617878291
0.9913048925147294
0.9913077071378741
0.9913149783075976
0.9913162675992004
0.991308134863901
0.9912990030859763
0.991297525162561
0.9912931246834782
0.9912897353683552
0.9912914448395895
0.9912995668332627
0.9913007500842713
0.9913004746933228
0.9913036716466579
0.9913006253124054
0.9912962675435778
0.9912966828495385
0.9912917651477983
0.9912867022330013
0.9912827947992451
0.9912779727888366
0.9912747707098623
0.9912720696126187
0.9912713575049361
0.991272736831565
0.9912634785364732
0.9912602472831371
0.9912605471186478
0.9912567608609839
0.9912481588670835
0.991244269480115
0.9912424812445576
0.9912419401661026
0.9912361048857506
0.9912256443209637
0.9912214568243964
0.9912213233178886
0.9912201482049963
0.9912174655890797
0.9912159056364719
0.991219984528309
0.9912214646543894
0.9912174027067873
0.9912218412353265
0.991223941108622
0.9912249831334724
0.9912254526934949
0.9912311829670702
0.9912364090701841
0.9912400510609428
0.9912392392291165
0.9912389466944652
0.9912273057262899
0.9912260236066569
0.9912281335287733
0.9912278217741526
0.9912242778319501
0.9912296367532296
0.9912348190931842
0.9912325156971902
0.9912323148195131
0.99123366218091
0.9912313625759869
0.9912299724841668
0.9912293846787508
0.99123169225978
0.9912329941714064
0.9912372575019918
0.9912289203155804
0.9912229403314969
0.9912178747058481
0.9912154979312247
0.9912100361766804
0.9912104603440942
0.9912119183609929
0.9912157482506665
0.9912202523629049
0.9912193047312475
0.99122207244592
0.9912234917281884
0.9912203981344819
0.9912238565925332
0.9912255103145791
0.9912221646326009
0.9912155106802317
0.9912085294766987
0.9912063640202137
0.9912068542564385
0.9912125129699387
0.9912155209347545
0.9912182686290122
0.9912237579162944
0.9912243647271785
0.9912275119794456
0.9912302371670639
0.9912328165124192
0.9912342075886422
0.9912361379823795
0.9912350080729386
0.9912342069274611
0.9912353995894005
0.9912277348918617
0.9912244930008849
0.9912257133821648
0.9912221105504513
0.9912202692182811
0.9912231878222862
0.9912250681816284
0.9912221099616986
0.9912277202779093
0.9912293144720623
0.9912292831988946
0.9912279361796013
0.991234975412288
0.9912331409405596
0.9912347499509445
0.9912325175257483
0.9912330720306799
0.9912328742462029
0.9912344140259932
0.991223518832633
0.9912185073313017
0.9912081709473122
0.9912055610032773
0.9912049764998185
0.9912018040293312
0.9912050187449718
0.9912059245213747
0.9912034648563288
0.9911980986485753
0.9911939434507641
0.9911902546603948
0.9911959084173683
0.9912016125532204
0.9912065332184022
0.9912071025478255
0.9912141319556368
0.9912142731215099
0.9912152351695823
0.9912149310604229
0.9912146608295678
0.991209563094399
0.9912085557765112
0.991205166248566
0.9912084686819682
0.9912088814128714
0.991208416700718
0.9912106610095422
0.9912075065582937
0.9912063075409023
0.991205090055715
0.9912049237367101
0.9912025032816711
0.9911992096237251
0.9911941868905599
0.9911865562035042
0.991189050512074
0.9911856365719833
0.9911879010035443
0.9911899257124017
0.9911913153030713
0.9911962762852521
0.9911972089553007
0.9911973194004159
0.9912019951291934
0.9912125896723788
0.99121631851388
0.9912190123315356
0.9912207554944467
0.9912220720975066
0.9912139550141309
0.991211929551998
0.991209967554143
0.9912119464995514
0.9912119237867774
0.9912149944664971
0.9912196692826132
0.9912164395305152
0.9912113175546687
0.9912089935642484
0.991209780926276
0.9912102010991019
0.9912101115684336
0.9912126719247603
0.991211893830679
0.9912123656756591
0.9912146439380832
0.9912145800214147
0.9912133161683251
0.991216643028211
0.9912228722854832
0.9912221496009962
0.9912161273475576
0.9912114379041349
0.9912103163495019
0.9912118949451277
0.9912134835416659
0.9912129702385926
0.9912057421702228
0.9912066646275552
0.9912093058035372
0.9912089610587105
0.9912085528853026
0.9912073801739636
0.9912052867916479
0.9912034659795064
0.9912019661039803
0.9911992847999155
0.9911950132283709
0.9911974338480216
0.9911983963313314
0.9911969765134037
0.9911990369114865
0.9912012936440718
0.9911989748329119
0.9911979527594137
0.9911954115196056
0.991200270168561
0.9911982299478695
0.9911915016878703
0.9911939323662492
0.991191907610568
0.9911911664055568
0.9911945026882027
0.9911995152880815
0.9911988982676316
0.9912027491609582
0.9912035270163673
0.9912019732979475
0.9912029852333917
0.9912024121355252
0.9912036608869288
0.9912023395169788
0.9911982912499074
0.9912009130107206
0.9912005435005425
0.9912057558753904
0.991213772788308
0.9912198791772846
0.991228340494181
0.9912289676682297
0.9912291175405972
0.9912319056981403
0.9912311416481381
0.991225558470524
0.9912170781237838
0.9912136955097907
0.9912118371193311
0.9912137209173679
0.9912161501616922
0.991220343870459
0.9912213884138039
0.9912215130433871
0.9912177453718205
0.991214804760278
0.9912126166060583
0.9912109307798527
0.9912026476076027
0.9911960233753244
0.9911910669868161
0.9911893766607415
0.9911874580965931
0.9911847699243412
0.9911835898814713
0.991179935538329
0.9911809515971742
0.9911788896216295
0.9911777706352339
0.9911814945826506
0.9911787591148463
0.991179457108065
0.9911811749315086
0.9911873089817516
0.9911916632683965
0.9911977187126897
0.9911984379576314
0.9911991444611872
0.991202105265238
0.9912058258467717
0.9912046335651318
0.9912054795338849
0.9912072646568827
0.9912061843712218
0.9912024596731561
0.9912067810347338
0.991206248585052
0.9912112358526781
0.9912126700976663
0.9912158971735734
0.9912146996252935
0.991210635710238
0.9912125490801741
0.9912144011747248
0.9912138173210835
0.9912142314465665
0.9912160229926965
0.9912169172844814
0.9912197647335922
0.9912192628276459
0.9912234302398198
0.9912266177557199
0.9912257193344568
0.9912313465070538
0.9912332981167439
0.9912352174156142
0.9912290063881123
0.9912238183181552
0.9912263041352293
0.9912259269654974
0.9912276534434191
0.9912321536096715
0.9912289151078785
0.9912332424369305
0.991226694135367
0.9912280333455404
0.9912246783185471
0.9912228663939511
0.9912235347027759
0.9912172465629081
0.9912140815154725
0.9912119443675226
0.99121023520923
0.9912080214250746
0.9912078848477943
0.9912036576623507
0.9912015335847488
0.9912009143485117
0.9911995375976436
0.9911999333070156
0.9912012374670096
0.9912005330519673
0.9911972025517363
0.9911976438092824
0.9911910370212478
0.991188434412011
0.9911926444344937
0.9911968409397478
0.9912000152402408
0.9911986320085505
0.9911963717699579
0.9911931674659775
0.9911938666386821
0.991192904839447
0.9911987176305469
0.9911970267035202
0.9912000974032613
0.9912022245543965
0.9912025917437508
0.9912007991486278
0.991204251226961
0.9912039838163464
0.9912036873892559
0.991206338160072
0.9912065787221771
0.9912106097603535
0.9912114601891988
0.991213484847246
0.9912084260366354
0.9912086164383745
0.9912057765889195
0.9912044036939969
0.9912057929034465
0.9912040243453916
0.9911972096162587
0.9911963698063382
0.9911951138838253
0.9911948248793472
0.991195873869365
0.9911949262982629
0.9911949096068446
0.9911962745580051
0.991194616874868
0.99119544346047
0.9911950581564085
0.9911878732630625
0.9911890219698589
0.9911912865240673
0.99119356934506
0.9911980355357737
0.9912018456550475
0.9912043427957109
0.9912034917202741
0.9912019001562067
0.9912028614817584
0.9912026522091161
0.9912006343392428
0.9912009739056634
0.9912025024275259
0.9912020116875434
0.9912056041205051
0.9912056693520166
0.991205306719307
