0.9663812336516903
0.974002386570031
0.9767593742400247
0.9782692889449733
0.9801092178579374
0.9821863795598755
0.9828279933436148
0.9829502510096524
0.9831257554607157
0.9842765437535151
0.9848918871091894
0.9851558553839673
0.9854355980620794
0.9857090114035658
0.9862580919129699
0.986879588904319
0.9870791302592997
0.9871434131000552
0.9873379108872159
0.9875189899357881
0.9878371153173959
0.9876515238029105
0.9875989358500884
0.9874400694226831
0.9873931793868042
0.9875206493446602
0.9874318094384883
0.9874080800714106
0.9874643755791352
0.9874992816897603
0.9877382074387645
0.9878870055906046
0.9880141910692816
0.9881567555846643
0.9881237141749954
0.988094156806351
0.988133589089569
0.9881530102789831
0.9882949116337453
0.9883602815616777
0.9882853713591058
0.9881379712677678
0.9880816941853026
0.9879896397987447
0.9879962280415459
0.9879759003847057
0.9881032040928067
0.988187119021968
0.9882428781940311
0.9882809450668116
0.9882749480318429
0.9883289630536528
0.988348677116734
0.9882443778443455
0.9881629867044425
0.9881580503565967
0.9882289779861568
0.9881907249977927
0.9881657384684686
0.9881419735441225
0.9881637452353674
0.9882164033906354
0.9882359733664914
0.9881996354371035
0.9882509293947143
0.9883752829337735
0.9883310354575378
0.9882974566476931
0.9882873423614348
0.9882943439990821
0.9882622597519001
0.9881909557385655
0.9881206713274306
0.988033834747235
0.9879894960338388
0.9880135151019972
0.9880792473957017
0.9881217406189416
0.9881605727811276
0.9882086018054496
0.9882741806286116
0.988349438595932
0.9884138532496998
0.9884514609041647
0.9884907745593235
0.9884807634464654
0.98852100109535
0.988658441976003
0.988700094469891
0.9887566780787377
0.9888049788324649
0.9888624705300549
0.9888941237617394
0.9889028477289604
0.9889161167215309
0.9889388878765399
0.9889353619262617
0.9889198390514682
0.9889264859234816
0.9889512742854814
0.9889599879238246
0.988969205318589
0.9890267330118472
0.989035255357422
0.9890934746568558
0.9891112044259
0.9890999518835876
0.989093490503465
0.9890721483390628
0.9890726622319299
0.9890979190774929
0.9891189664901026
0.9891403283157792
0.989148706218945
0.9892008349117521
0.9892202607764438
0.989245710879131
0.9892903452112984
0.9892499373843776
0.9892370967579392
0.9892837339540088
0.989253920262333
0.9892552292899129
0.989257049717452
0.9892807494493108
0.9892783774256892
0.989293393910475
0.9892930720985667
0.9892652065185633
0.9892536190930672
0.9892700054208586
0.9892586139136837
0.9892981731219572
0.9892883716255115
0.9892866693846776
0.9893043929898951
0.9893196879597842
0.9893530916975589
0.989369166864869
0.9893512963326981
0.9893628777937425
0.9893675645212312
0.9893722829425263
0.9893595772394886
0.9893771973393286
0.9894071772382999
0.9893920912891363
0.989367904276497
0.9893645286624284
0.989340210595749
0.9893328870015683
0.9893641804043691
0.9893660517107041
0.9893298058564108
0.989353257681006
0.9893696542435139
0.9893563806880331
0.9893609563373928
0.9893589000698406
0.9893449263438345
0.9893326349893735
0.9893302469349069
0.9892716941425648
0.9892364208495655
0.9892023780363358
0.9892089989060011
0.9892065220332744
0.9892202178989492
0.9892516163459995
0.9892574157254683
0.9892454768502427
0.989257865107708
0.9892351852195044
0.9892391045647062
0.9892110818687426
0.9891971745789053
0.989198491718661
0.9892134979190714
0.9892135798252577
0.9892226415085277
0.989244490672349
0.9892497221477948
0.9892569539320292
0.9892586871229604
0.9892652391669059
0.9892767450600284
0.9893177866038676
0.9893225463292742
0.9893715266220245
0.9893574595069468
0.9893659644324638
0.989394437069251
0.9894029969220026
0.9894177450091798
0.9894344023997811
0.9894193785813534
0.989413967235604
0.9894217394711631
0.9894011269920749
0.9894006143565578
0.9893855313949683
0.9893949841180288
0.9894080737799759
0.9894293322718808
0.98942509494765
0.9894201716868539
0.9894229708102825
0.9894217399326205
0.9894186716713683
0.9893915936935004
0.9893924198452967
0.9894028309232495
0.9894066311739736
0.9894025407839997
0.9893604643111017
0.9893617498084506
0.98937338606812
0.9893943354889734
0.9893988201136539
0.9893881137329491
0.9893862102777904
0.9893946260204461
0.9894440477210831
0.9894475549235001
0.9894271590431594
0.9894197101867134
0.989433322087857
0.9894373960566617
0.9894330453406566
0.9894251449279693
0.9894483669143008
0.9894419164078023
0.989422108009731
0.9894277170738657
0.9894366590080463
0.9894282829501048
0.9894097288956205
0.9894280366100319
0.9894181976830179
0.9894237877135421
0.9894379566196753
0.9894438563287421
0.9894217598356712
0.9894264337409836
0.9894210781021947
0.9894127110637515
0.9894206713805602
0.9894094226374981
0.9893936481402225
0.9893907222189242
0.9893937910641831
0.9893933484777571
0.9893793497411487
0.9893692190887475
0.9893678794900811
0.9893646261295879
0.9893826205718619
0.989397354950433
0.9894009922839946
0.9894169078338334
0.98941395489544
0.9894210804820469
0.9894227680340765
0.9894221214331362
0.989443149647416
0.9894427449638983
0.9894382494832905
0.9894318792166379
0.9894151549115022
0.9894198163448061
0.9894155886394932
0.9894132874232382
0.9894111253040602
0.9893971450448589
0.9893936953635797
0.9893811499859766
0.9893651015995425
0.9893516926927302
0.9893486230961435
0.98933728792449
0.9893204040319517
0.9893324801934615
0.9893275375767036
0.9893409653594724
0.9893652334282591
0.989391018002555
0.9894022156476989
0.9894115094364621
0.9894204954080819
0.9894369220899705
0.9894545021787298
0.9894721686058021
0.9895070392441282
0.9895220637901893
0.9895271690887252
0.989526494656364
0.9895188965454169
0.989508406557023
0.9894987163597593
0.989514596298185
0.9895183856436874
0.9895110524607333
0.9894959497766175
0.989492824480698
0.9894962735255258
0.9895074690507437
0.989519702333429
0.989522429936918
0.9895238461922892
0.9895365029512564
0.989530467937069
0.9895293117022678
0.9895165892601803
0.98951957748766
0.9895235200348647
0.989517760678395
0.9895235269881593
0.9895270783554792
0.9895300516806843
0.9895362623074462
0.9895254707001799
0.9895126551717891
0.9895070139886338
0.9895001737725961
0.989510460587639
0.9895190336842128
0.9895018825503653
0.9894885963040144
0.9894859356044993
0.9894801457428406
0.9894889881997493
0.9894881207570279
0.989492405830972
0.9894908351345449
0.9894892723378682
0.9895016564473775
0.989494671652302
0.989496024551692
0.9895133492952006
0.9894995434109691
0.9894903341516684
0.9894829744613578
0.9894860505724437
0.9894755372386129
0.9894783613836561
0.989485345480191
0.9894893283781138
0.9894980297331883
0.9894926479329571
0.9894972670372756
0.989490835201689
0.9895017324746522
0.9895125443940599
0.9895055751343298
0.9894977072630303
0.9894829856905197
0.9894664138839954
0.9894579351435291
0.9894618156289371
0.9894520366538488
0.9894483499755565
0.9894356449692744
0.989427714272123
0.9894195462586096
0.989418320755518
0.989422284827937
0.9894308569143042
0.9894354090971531
0.989442048064533
0.9894461876092865
0.9894465768611248
0.989459891997535
0.9894555669178071
0.9894731522851227
0.9894642145426906
0.9894565788081185
0.9894511670100222
0.9894495313830447
0.9894546485553257
0.9894575826279902
0.9894503368630381
0.9894463239245395
0.9894456508765026
0.989449691682655
0.9894552513338039
0.9894536674452967
0.9894630144446249
0.9894624315387106
0.9894702722565393
0.989466866189254
0.9894634359527356
0.9894571389684689
0.9894536136164582
0.9894615848635784
0.989471782277357
0.9894821608727006
0.9894809460790263
0.989470476507648
0.9894859767472542
0.989478662011475
0.9894868794100167
0.9894821530841508
0.9894830447125842
0.9894806999894306
0.9894806326688615
0.989493458608547
0.9894912409248717
0.9894766814880553
0.9894801343037345
0.9894824584114011
0.9894792015693585
0.9894641417558361
0.9894521523014699
0.9894589393231735
0.989463265655801
0.9894667063304465
0.9894818416415679
0.9894809623916423
0.9894730598418868
0.9894789990169921
0.9894816288537627
0.9894703893072129
0.9894574499739321
0.9894580249517737
0.9894683111681176
0.9894734938374917
0.989469786554651
0.9894584857693499
0.9894536507911498
0.9894519204749604
0.9894374757931982
0.9894215580811105
0.9894225394768277
0.9894169229740546
0.9894201195198782
0.989411788854791
0.9894140168859089
0.9894101406970655
0.9894216930370325
0.9894199409723915
0.9894129700092019
0.9894083789346685
0.9894099714073145
0.989406331679953
0.9893970794125133
0.9893872818785235
0.9893828954597831
0.9893769611761081
0.9893805727457873
0.9893742599181726
0.9893695140159143
0.9893727417451834
0.9893706228518115
0.9893644234802917
0.9893614211283938
0.9893655909146455
0.9893658552028078
0.9893725020077232
0.9893712428983689
0.9893595193851283
0.989351764098713
0.9893583788837258
0.9893520759361214
0.9893436188141256
0.9893378086526535
0.9893217880176762
0.9893221837524443
0.9893218516523834
0.9893133468708681
0.9893035371823371
0.9893008675751574
0.989308327804966
0.9893037281260878
0.9893014285650702
0.9893013071764449
0.9893137627844373
0.9893237604647253
0.9893230757865853
0.9893273995493979
0.9893270128982938
0.9893237023927121
0.9893252359187212
0.9893247777523904
0.989319740710389
0.9893216172441837
0.9893275896920616
0.9893246104877038
0.9893247827645623
0.9893276797603779
0.9893390598613587
0.9893433033320698
0.9893442348549271
0.9893394986306349
0.9893388987404538
0.9893362405516641
0.9893248917743552
0.9893283007567916
0.9893301812635452
0.9893210233783496
0.9893133124098088
0.9893172332515658
0.9893232964133781
0.9893182728914253
0.9893248614604553
0.9893211466961362
0.9893185924944029
0.9893185903272425
0.9893128164701354
0.9893215577806849
0.9893272555979602
0.989322829546212
0.9893267530081254
0.9893339386961029
0.9893354491288259
0.9893453996771158
0.9893543288231544
0.9893551750839213
0.9893568907386998
0.989355254595537
0.989351363858287
0.9893635909474088
0.9893707898056844
0.9893672288689837
0.9893797011829442
0.9893813867814296
0.9893912608455284
0.989394393622084
0.9893884737449478
0.989385162918965
0.9893878919065462
0.9893886406619665
0.9893956264020088
0.989387308482703
0.9893819574825103
0.9893863662124672
0.9893888466543349
0.98939586512067
0.9894009208103512
0.9893951023801087
0.989386578656044
0.9893903690756006
0.9893913711440192
0.989390823914229
0.9893826036959379
0.989384146532214
0.9893813299378492
0.9893802565131815
0.9893695410395403
0.9893642634555939
0.9893648718773269
0.9893564758983764
0.9893516912251418
0.9893450162218901
0.9893508118103002
0.9893570102427575
0.9893642710753234
0.9893711250470584
0.9893721771480859
0.9893731860080566
0.9893799847333402
0.9893830369149724
0.989386297467689
0.9893879779483171
0.9893822969793381
0.9893878603282302
0.9893921413460363
0.9893956385356053
0.989392231895605
0.9893862664023285
0.9893897767810444
0.9893820057880555
0.9893755271369848
0.989376997773449
0.9893812700752723
0.9893796955908787
0.9893760315092444
0.9893793337136519
0.9893732935165434
0.9893726329857547
0.9893794930492794
0.9893833534055689
0.9893816169407665
0.9893791141026513
0.9893777003639799
0.9893749237811312
0.9893773725061566
0.9893815544739537
0.9893884205361624
0.9893891638762975
0.9893849769601196
0.9893846958244724
0.9893788612387744
0.9893852696277724
0.9893781730786014
0.9893783245822925
0.9893729913896363
0.9893702652837773
0.9893771393919858
0.9893769314087122
0.989379587525648
0.989378738982653
0.9893795644228296
0.9893835479466523
0.98939309063176
0.9893926024097481
0.9893881309473628
0.9893904805306447
0.9893971004465397
0.9893939093404657
0.989388685091552
0.9893958147792543
0.9893939261173528
0.9893974585624209
0.9893859199964719
0.98938518705795
0.9893873544087057
0.9893790973364227
0.9893763576891159
0.9893811202254277
0.9893836585448568
0.9893837609253153
0.9893981217399518
0.9894048778742156
0.9894001226267055
0.9894059757811122
0.9894061402558498
0.9894068566802554
0.9894052681999053
0.9894054069490323
0.9894029908910803
0.9893999273327421
0.9894052428285337
0.9894043160551618
0.9893970243263668
0.9893971173645738
0.9893991569026218
0.9894065275731733
0.9894042662401451
0.9894081489257949
0.9894073059097241
0.9894158712350003
0.9894069432537093
0.9893987429757898
0.9894082543204182
0.989412391141597
0.989409992456954
0.989409183174273
0.9894046767873034
0.9894040912945641
0.9894043582951252
0.9894005708265162
0.9893927787646393
0.9893907767337354
0.9893911621364456
0.9893924220138461
0.9894009848776404
0.9894087448332866
0.989414893846513
0.9894165516102053
0.9894149008231661
0.9894126341166174
0.9894092131092037
0.989416222287707
0.9894254011938325
0.9894284917960491
0.9894357938334327
0.9894379014540148
0.9894375896107769
0.989443279756389
0.989448354647634
0.9894526059745171
0.9894485590979065
0.9894524024435681
0.9894547325311924
0.989447339287395
0.9894447148960366
0.9894412233039617
0.989440512805939
0.9894385692680946
0.9894366559832593
0.9894285746360352
0.9894300190464317
0.9894329159219472
0.9894402252019913
0.9894450743308578
0.989445183075847
0.9894516101045435
0.9894599899567583
0.9894664860345752
0.989468399899209
0.9894646386323236
0.9894596721818578
0.9894587069535439
0.9894594597973432
0.9894517928929272
0.9894537291089435
0.9894579063660739
0.9894576037020097
0.9894556416478407
0.989458635019774
0.9894576058911315
0.9894595255085646
0.9894592454270609
0.9894709367636033
0.9894682865746293
0.9894711386545793
0.9894743112154547
0.9894714513862043
0.9894712202950489
0.9894587544154515
0.989458432137838
0.9894524264747867
0.9894463258297611
0.9894508209689568
0.989448118721101
0.9894458480967699
0.989437636609152
0.9894413371592959
0.9894399058378552
0.9894365747474742
0.9894406692712243
0.989444505337956
0.9894397093366272
0.9894391158165735
0.9894399960765787
0.989445903790228
0.9894489500526621
0.9894506357673095
0.9894461005919079
0.9894417729195101
0.9894388780967507
0.9894346155218999
0.9894323996838564
0.98943339693357
0.9894335485593604
0.9894352468045537
0.9894339826022768
0.9894276597138489
0.9894294407159119
0.9894279438282367
0.9894347749913867
0.9894371536116792
0.9894333640002531
0.9894291095032939
0.989428101515822
0.989426734538027
0.9894336610768546
0.989434281503624
0.9894380357135528
0.9894351884179441
0.9894325745999548
0.989428495774781
0.9894263797294246
0.9894291513947893
0.9894283603862235
0.989427097362629
0.9894235391436478
0.9894225467814896
0.9894229496110428
0.9894278060652838
0.9894305948523013
0.9894318680177165
0.9894279708603414
0.9894232553549775
0.989426223605012
0.9894244951338768
0.9894263473475738
0.9894269859315042
0.9894235816643498
0.9894219327356889
0.9894133692221995
0.989413188439711
0.9894160043572214
0.9894161366086802
0.9894147188069381
0.9894105166771913
0.98940838682386
0.9894129844980007
0.9894082051996621
0.9894049395703042
0.9894034903245755
0.9894047535235954
0.9894027781475008
0.9894087460649317
0.9894106123045655
0.9894102142560853
0.9894105483254548
0.9894188551360468
0.9894194064749249
0.9894251906774333
0.989431333291156
0.9894213515425264
0.989419507979667
0.9894183472875729
0.9894146034927833
0.9894134234464219
0.9894137264285381
0.9894161619667075
0.9894192568985103
0.9894187356501148
0.9894126938010942
0.9894080471369294
0.989406689840751
0.9894021854597325
0.9893962817288804
0.9893929472719324
0.989389415918214
0.9893878439555254
0.9893853447328504
0.9893865681252727
0.9893895682905546
0.9893879423925404
0.9893866965051116
0.9893859647682643
0.9893855873956463
0.9893843353476046
0.989383861393503
0.9893928763324562
0.9893991516028495
0.9893983439242455
0.9894027017100441
0.9894069065638421
0.9894071274075601
0.9894086822235542
0.9894090287841668
0.989408967785334
0.9894031959233147
0.9893983122098585
0.9893993845129962
0.9893924096225051
0.9893780139068953
0.9893763044920081
0.9893683829131764
0.9893602740106714
0.9893570276218245
0.9893559127680533
0.9893565051327731
0.9893596679493026
0.9893599604515363
0.989361476071223
0.9893649802277685
0.9893683244140772
0.9893727411192894
0.9893716279674039
0.989369495182835
0.9893713664885314
0.98937346002856
0.9893750759996027
0.9893706684674776
0.9893669865377669
0.9893613243170153
0.9893573163372834
0.9893529905295478
0.9893497107475925
0.9893435291414933
0.9893421175401677
0.9893425795160797
0.9893460081101233
0.9893545325953028
0.9893567381739198
0.9893556206774584
0.9893502009203169
0.9893475133127546
0.9893469903740121
0.9893462243769092
0.9893440575836888
0.989344973097547
0.9893437582465634
0.9893426016120608
0.9893384974837642
0.9893410218242407
0.9893442552522291
0.989339953191821
0.9893366688869691
0.9893340057297602
0.9893403343337407
0.9893427338582358
0.9893418945590079
0.9893399752869423
0.989336003016346
0.9893346956719425
0.9893329959060039
0.9893355781916763
0.989332165426867
0.9893371760839831
0.9893403840870739
0.9893433341506086
0.9893409250281205
0.9893459096999007
0.9893483209937715
0.9893467132181218
0.9893467853307281
0.9893498150484434
0.9893471153762425
0.9893499101734301
0.989345807875135
0.9893431629643382
0.9893363074193644
0.9893285464451622
0.9893287875899294
0.9893207533788713
0.9893179308884239
0.9893201728061095
0.9893190401691706
0.9893135579903962
0.989314877101164
0.9893138805319137
0.9893142210275836
0.9893191749710626
0.9893234583569347
0.9893283552029496
0.9893323824710689
0.9893325333175045
0.9893273086485308
0.9893244412958048
0.9893256400556731
0.9893247474575783
0.9893267776478544
0.9893274963610271
0.9893251646432766
0.989329085599508
0.9893284620899426
0.9893277225919103
0.9893256333285804
0.9893318410801021
0.9893350379100101
0.9893361533111539
0.989334964368009
0.9893346987336317
0.9893389764754508
0.9893408531163378
0.9893454108753197
0.989344921216622
0.9893387954334368
0.989337515017157
0.9893378248873993
0.9893353286369666
0.9893317913937324
0.9893268404085576
0.9893242420705431
0.9893266570128523
0.9893279886536223
0.9893292387487072
0.9893294385773258
0.9893323965378069
0.9893314382788233
0.9893293762881746
0.9893282113442925
0.9893276941921292
0.9893272260841773
0.989327215405773
0.9893297742807495
0.989320370089819
0.989320695533534
0.989322510297516
0.9893216439224369
0.9893174606181172
0.989315621988192
0.9893117201016374
0.9893113945411763
0.9893109239395893
0.9893108663458791
0.989312618356346
0.98930993461146
0.989308089036492
0.9893042073047715
0.9892971897421291
0.9892937626687236
0.9892965097206295
0.9892961556608055
0.989298807866373
0.9892996507404302
0.9893072996260125
0.9893051349999518
0.9893083518887807
0.9893108068466406
0.9893173811829118
0.9893196857359952
0.989318722922003
0.9893233771599427
0.9893255298767565
0.9893262028019071
0.9893236181585253
0.9893259605942727
0.9893267947591001
0.9893278052046108
0.9893286583620329
0.9893275610868574
0.9893250260790548
0.9893257537632668
0.9893271184658016
0.9893294584248111
0.9893288004000192
0.9893279680123829
0.9893286423936002
0.9893327710602641
0.9893313868665083
0.989330343979608
0.9893258297821373
0.9893252272082615
