0.9503904515799284
0.9635950876964049
0.9673700223221183
0.9724344904031238
0.9758923322487475
0.9788674628398888
0.9797313201658437
0.9801187018348251
0.9809624079186455
0.9820757655286767
0.9822176146813221
0.9822874764851129
0.9826887211143372
0.983490964115123
0.9839620290303678
0.9847651266702323
0.9851002558852112
0.9856934587141051
0.9858997610387883
0.9862811797819662
0.9864702622099693
0.9866015072313613
0.9868778489490649
0.9871215373017688
0.9872139317816224
0.9873510247465955
0.9872202571352915
0.9874161814997944
0.9875542498928362
0.9876440029130383
0.9879472192303956
0.9880733780477142
0.9881841551414313
0.9882547731352987
0.9883032611248925
0.9882347923550635
0.988202121456953
0.9882037593646418
0.9881699962023982
0.98822612718488
0.9882213101758933
0.9881992122811752
0.9881368847197022
0.9881165647039615
0.988047791179862
0.9879950813154034
0.9880762504797772
0.9880781069875431
0.9879650983779917
0.9880943558120191
0.9881155195535319
0.9880859020534485
0.9881220509890264
0.9880949190782335
0.9880349803619815
0.9880300511997463
0.9880578954115875
0.9879925703137382
0.9879590715770947
0.9879443549447838
0.987982125229467
0.9879608917425402
0.9879847806937614
0.9879490344414197
0.98795199672668
0.9880769413535654
0.9880625918156286
0.9880621268049148
0.9881256762622963
0.9881527272856853
0.9881924742753154
0.9882634011840636
0.9882847605056962
0.9882612854085933
0.9882597105650963
0.9882789415952202
0.9883356472915256
0.9883039325743451
0.9883731152430578
0.9884244297446358
0.9884209806512287
0.9884087830812979
0.9884602796125714
0.9884032776862255
0.9883730964792176
0.9884083121179285
0.9884184856544085
0.9885340403060662
0.988597347270578
0.988632927412609
0.9886723483161894
0.9887685007414322
0.988804320034799
0.9888073080627837
0.9888198760861407
0.98882194098965
0.9888009181794852
0.9887926678111664
0.9887730487228931
0.9887677834662084
0.9887539462979458
0.9887439957609272
0.9887757141261289
0.9887333739046061
0.988746205917518
0.9886872804221079
0.9886887365993231
0.9886609881907826
0.9886598398711531
0.9886538742415102
0.9886740970304017
0.988676040394766
0.9887151437294296
0.988708460864928
0.9887387933889068
0.9887528606520286
0.9887356195122332
0.9887195493169533
0.9886947952624818
0.9886759510169943
0.9887203850701005
0.988699687365615
0.988692384557019
0.9886816313842511
0.9887176061986733
0.988708654268751
0.9887308931539837
0.9887617443285297
0.9887170904047866
0.9886761500940802
0.9886847399622538
0.9887117472377782
0.9887145220538818
0.9887283058755202
0.9887359169287767
0.988781393616104
0.9888264412369195
0.9888605415183178
0.9888444092659514
0.9888053094950497
0.9888063798084915
0.9888000811336636
0.9888080952667493
0.988802242260613
0.988822835465702
0.9888365147542951
0.9888362606249913
0.9888218579253046
0.9888378440612968
0.9888326821387036
0.9887990648124945
0.9887890226822249
0.9888022535366706
0.9887685100909508
0.9887682545203077
0.9887842836618218
0.988761467022033
0.9887439409650131
0.9887522542094416
0.9887349991096042
0.9887147754603526
0.9887134138205437
0.988700587108912
0.988670212207374
0.9886793909486293
0.9887135316271988
0.9886976160390888
0.9887152376850378
0.9887542288224014
0.9887958965937714
0.9887961361971962
0.9888017172709986
0.9887897497971163
0.9888110340477675
0.988807447372079
0.9888139774419232
0.988825237887361
0.9888191330993934
0.988806382953335
0.9888092881754359
0.9888069521270555
0.9887999142434218
0.9888033045281411
0.9887830715935785
0.9887931071356642
0.9888054271467253
0.98886118182589
0.9888865633253688
0.9889137090206302
0.9889030688834372
0.9889231122982414
0.9889524947705282
0.98895887012468
0.9889679115432551
0.988989315217647
0.9890134622117763
0.9890105223995438
0.989027893409258
0.9890251113920303
0.9890217999898248
0.9890367550556539
0.9890576762395527
0.9890504616876462
0.9890629089416293
0.989056869461663
0.989064148407633
0.989081183973279
0.9891035511996146
0.9891036571973729
0.9891000556939543
0.9890956582775536
0.9891075907033786
0.9891074643066797
0.9890998713242423
0.989098664589801
0.9890842873745623
0.9890872362721637
0.9890969358196235
0.98909406546234
0.9890823426714475
0.9890959796340143
0.9890976588346636
0.9891365006887889
0.9891404938750823
0.9891141686667214
0.9891103851560319
0.9891172637572594
0.9891183685352006
0.9891220403003647
0.9891158579044554
0.9891474411854162
0.9891439501411816
0.9891294567623604
0.9891319374322275
0.9891367640232944
0.9891320905899409
0.9891336853313235
0.9891559652209924
0.9891584352135233
0.9891597450787046
0.9891756015088589
0.9891802627011436
0.989168212989098
0.989170965093405
0.9891799876657499
0.9891929864243509
0.9891990783834063
0.9891971698005345
0.9891821183033247
0.9891694102819322
0.9891716220361252
0.9891641631141532
0.9891557068625795
0.9891441748277524
0.9891257931041404
0.9891191335884907
0.9891493094175722
0.9891874197726478
0.9891978155856732
0.9892258635282914
0.9892357088164873
0.9892451348938106
0.9892577783325793
0.9892546622873578
0.9892752507412857
0.9892709352985958
0.9892750537622186
0.9892844374741979
0.9892787365359588
0.9892783926322899
0.9892775443559221
0.9892789179253635
0.9892896054494158
0.9892854381032078
0.9892753954843367
0.9892655278692792
0.9892407664942626
0.9892338023202116
0.9892226804733095
0.9892029747146192
0.989188117336629
0.9891949316963611
0.9892014555339304
0.9891986479430773
0.9892023380892232
0.98921972901748
0.9892166613261474
0.9892363870313059
0.9892472462695224
0.989255212154183
0.9892764732049424
0.9892947293011278
0.9893199948142622
0.9893146970324176
0.989307914519157
0.9893034269832299
0.9893001862457965
0.9892907676216112
0.9893026673332733
0.9893216373420504
0.9893378522739739
0.9893408697587606
0.9893428382157872
0.9893498117656467
0.9893568914571553
0.9893601022820124
0.9893646745216469
0.9893689109657393
0.9893682911099714
0.9893862960940879
0.9893903900024955
0.9893956111802704
0.9893904202085186
0.989385351951501
0.9893833681541978
0.9893629693767749
0.989345543720144
0.9893351518320828
0.9893471363588384
0.989347697806229
0.9893411103873895
0.9893370571244584
0.9893189784468392
0.9893061320349215
0.989316082715653
0.9893095690230567
0.9892939953702891
0.9892939030250746
0.9892793194756274
0.9892845614210325
0.9892903681152626
0.9892913420804598
0.9892866114110397
0.989287703288455
0.9892924481933951
0.9893040352779902
0.9893088180025494
0.9893247588188199
0.9893536471464405
0.989347957920242
0.9893440456321049
0.9893373995425842
0.9893342318849924
0.9893275986387742
0.989322944760168
0.9893280826379665
0.9893280460792804
0.9893231722701771
0.9893140182500783
0.989316424062011
0.989312019857128
0.9893269236441962
0.9893290122039852
0.9893308028685687
0.9893311135676848
0.9893254641282275
0.9893218977338643
0.9893132365530121
0.9893134034383212
0.9893219400081311
0.9893252493289751
0.9893165248580768
0.9893088989036155
0.9893093239748941
0.9893116872845289
0.9893158809453675
0.9893045790579758
0.9892944033404107
0.989300480858801
0.9893136866475117
0.9893222487404368
0.9893351944087114
0.9893277469674377
0.989340952076164
0.9893280603326027
0.9893101315564192
0.9892910157287156
0.9892932282844359
0.9893135007229161
0.9893242268793561
0.9893238269109214
0.9893268073463847
0.9893190956712036
0.9893188582314218
0.9893350902399292
0.9893279457016128
0.9893328016484106
0.9893302153762157
0.9893350461098764
0.989345481477935
0.9893523645775115
0.9893647927526926
0.9893752913077399
0.9893886269260131
0.9893931838895805
0.9894079074859616
0.9894129501628822
0.9894126113955695
0.9894351467771042
0.989427713630375
0.9894389638607103
0.9894556978291027
0.9894531690655121
0.9894515730830981
0.9894535147621194
0.989468894767682
0.9894760039876414
0.9894752846883743
0.989481457759976
0.9894778742018234
0.9894622170393225
0.9894523928945013
0.9894443656921014
0.9894578853439319
0.9894572601301149
0.9894612618774643
0.9894635972480839
0.9894770785269017
0.989473805415793
0.9894665087762051
0.9894701622872257
0.9894636181274481
0.9894465506128298
0.989447789081801
0.9894518793356676
0.9894641825929895
0.9894705917117818
0.9894684330034698
0.9894710193231883
0.9894796443875811
0.9894733970825694
0.9894837102195495
0.9894864768216026
0.9894799209526297
0.9894843600043224
0.9894688532760479
0.9894573286029625
0.9894540467786129
0.9894548862714259
0.989455294923565
0.9894519587624818
0.989450048265741
0.9894440563217637
0.9894378380240962
0.989436807081435
0.9894496960295162
0.9894601331990751
0.9894550522467624
0.9894545313951971
0.9894518904782048
0.9894464272467505
0.9894407269438903
0.9894401660480492
0.9894424251987574
0.9894363814256311
0.9894409194129051
0.9894425947588377
0.9894484694085511
0.9894476246843908
0.9894527140544369
0.9894574430497992
0.9894672595727847
0.9894758495187821
0.9894711364311584
0.9894771644468068
0.9894676441394602
0.9894654758071183
0.9894701060071079
0.9894661951850471
0.9894587482689166
0.98945633412765
0.9894608917743885
0.9894429382656672
0.9894375897536805
0.9894376905948717
0.9894405250248789
0.9894523837596308
0.9894508902898481
0.9894587753090259
0.98946434258604
0.9894596849834616
0.9894561329214314
0.9894431994432328
0.9894402370220232
0.9894448314406425
0.9894452890268445
0.9894400872931314
0.9894339011962446
0.9894414966171841
0.9894437840224463
0.9894419270224323
0.9894406397420661
0.989430949243113
0.9894256586522734
0.9894120440355467
0.9894075427157842
0.9894131226598409
0.9894176346110728
0.9894147814550671
0.9894084986600536
0.9894147787464659
0.9894154071571342
0.9894046736461459
0.9893913930318105
0.9893900583029653
0.9893830614209875
0.9893787853052257
0.989365505055621
0.9893644443306837
0.9893776551389081
0.9893688631818294
0.9893735630653613
0.9893816454596243
0.9893861068466201
0.9893902683607384
0.9893961333726199
0.9893927118758565
0.9893904011918644
0.9893868545681768
0.9893852447469388
0.9893893542711886
0.9893913734949296
0.9893900205608139
0.9894014239101818
0.9894108189596874
0.9894250342063536
0.989427008588236
0.989416800070604
0.9894051838626806
0.9894022073546513
0.9893977534968236
0.9894074836075519
0.9894105058580484
0.9894125947677547
0.9894220939739684
0.9894234969519531
0.9894243502927702
0.9894277064381697
0.9894236106515413
0.9894153602590754
0.9894182731036217
0.9894262542233593
0.9894240425275418
0.9894223314847661
0.9894215441717579
0.9894173668224899
0.9894185931282954
0.9894144074346485
0.9894099339114505
0.9894143879361629
0.9894133064507132
0.9894148535237581
0.9894143288026671
0.9894225074459185
0.989418091526116
0.9894205259889032
0.9894195120479906
0.9894132225663634
0.9894108818574971
0.9894103509244918
0.9894078768938253
0.9894114178545973
0.9894127757179939
0.9894104891365141
0.9894174342982528
0.9894220484385303
0.9894296757657397
0.9894260104409277
0.9894217703415489
0.9894267709279362
0.9894191970893619
0.9894181354599566
0.9894113509246273
0.9894114860736701
0.9894094538929901
0.9893958074443562
0.9894009267030714
0.9893906667985704
0.9893910525233265
0.9893932964693223
0.9893917361945723
0.9893862729400298
0.9893838115039342
0.9893861717724672
0.9893833336941474
0.9893844864635843
0.9893831438242428
0.9893837121712707
0.9893773644412065
0.9893638409660567
0.9893565361115695
0.989352037614714
0.9893543255484487
0.9893518922191072
0.9893422396257641
0.9893407182091977
0.9893374844080529
0.9893394169175376
0.9893435154766743
0.9893456965000957
0.9893451152062075
0.989344599603874
0.9893524980521009
0.9893564199361254
0.9893544572498689
0.9893486549714688
0.9893544174540252
0.9893554556884757
0.9893520752952291
0.9893505425549258
0.9893491017446976
0.9893515417667011
0.9893552627649796
0.9893520484476499
0.9893622527372561
0.9893691376996021
0.9893708649297501
0.9893801573808558
0.9893909997935004
0.9893975636275167
0.9893966359529922
0.9894078385902794
0.9894087062373556
0.9894022650441219
0.9893987435702372
0.9893960651856177
0.9893906324254125
0.9893856241306265
0.9893873006633243
0.9893796506857659
0.9893774862366487
0.9893762486619774
0.9893744819787327
0.9893694200193542
0.9893640541064456
0.9893651494229541
0.9893614919848441
0.9893532340059017
0.9893579507370424
0.9893591791488306
0.9893625261951016
0.9893548457880944
0.9893430054009654
0.9893430687887615
0.9893378595195438
0.9893325934839132
0.9893203405492675
0.989306411796473
0.9892946036158129
0.9892887470950603
0.9892837167543286
0.9892800821798983
0.9892870670355768
0.9892927396202478
0.9892958687925689
0.9892995226581909
0.9893009501694394
0.9892971300877513
0.9892810775666258
0.9892788539609035
0.9892729900627899
0.9892703027342105
0.9892781625073265
0.9892821028812343
0.9892781001246352
0.989278790658831
0.9892808371617652
0.9892832224101323
0.9892849511526692
0.9892873115372419
0.9892928233911308
0.9892867136283608
0.9892814014308031
0.9892807848999415
0.9892738038689398
0.989270287192335
0.9892575149465165
0.98925351859804
0.9892485463659081
0.9892424673720717
0.9892353617974279
0.9892346638715658
0.9892386259732996
0.9892440150133652
0.9892443018345273
0.989246203560578
0.9892502309284296
0.9892553071987573
0.9892582914666416
0.9892615198736497
0.9892614882588403
0.9892599792679213
0.9892635794237256
0.9892656214320132
0.9892608606383061
0.9892618590214138
0.9892636117463813
0.989269495065822
0.9892707869744668
0.9892727573319539
0.9892735109732934
0.9892695603136528
0.9892658561603042
0.9892712841768037
0.9892665771326994
0.9892656470819677
0.9892670537338368
0.9892649652320423
0.9892642721904004
0.9892557963620153
0.9892624253210639
0.9892695140823897
0.989269526039408
0.989273653455591
0.989272190998232
0.9892701465871138
0.9892641396050871
0.9892725510343942
0.9892675607765054
0.9892683114513974
0.9892700294952511
0.989272033218588
0.9892649314081897
0.9892586623691016
0.9892515790905436
0.9892540339783906
0.9892555536197376
0.9892625567906541
0.9892586075878775
0.9892578209244303
0.9892536058267245
0.9892533023225099
0.9892491297616252
0.9892463146195566
0.989247485954916
0.9892498368195137
0.989248262614421
0.9892477176924933
0.9892535850676566
0.9892521452594638
0.9892524698501077
0.9892517257304765
0.9892481561613328
0.9892426911162508
0.9892384434530355
0.9892312842935014
0.989230626321042
0.9892244704624773
0.9892251069158112
0.9892221027475928
0.9892230089073
0.9892211588756774
0.9892176645534398
0.9892152208072866
0.9892133374744789
0.9892107247674435
0.9892065568980403
0.9892062857037666
0.9892063900086662
0.9892103922123525
0.9892067795946762
0.9892085537443035
0.9892035887938879
0.9891961906830545
0.9891962713176502
0.9891975204998363
0.9891937329978963
0.9891987560284955
0.9891992341965945
0.9892037304337878
0.989201023076433
0.989195519634077
0.9891956767234018
0.9891907177939813
0.9891936190801404
0.9891956903054479
0.989197766027944
0.9891946097424968
0.9891888924872518
0.9891771465897218
0.9891767995146324
0.9891831183517601
0.9891849064669328
0.9891828193840858
0.989187161034137
0.9891896437290059
0.9891896773523715
0.9891913317640959
0.9891955073943242
0.9891998821871519
0.9892015017241779
0.9891955574128565
0.9891932490591318
0.9891964791366039
0.9891882361818044
0.9891851799284872
0.9891815427948405
0.9891812295387823
0.9891801177274667
0.9891775740876192
0.9891703985944551
0.9891698221811633
0.9891722085436567
0.9891742891035858
0.9891708616226541
0.9891722025947741
0.9891662280977028
0.9891610409174993
0.9891573600215098
0.989155806769057
0.989157662244132
0.9891597161866528
0.9891568604450094
0.9891599784327205
0.9891583424230392
0.989154690967534
0.989154502054542
0.9891627660091288
0.9891741701444713
0.9891727256354919
0.9891765614775139
0.9891744385866786
0.9891703286616744
0.9891709964131012
0.9891778390415285
0.9891821407589548
0.9891779043596608
0.9891703659587727
0.9891671051123837
0.9891581605922285
0.9891462974478313
0.9891475376169744
0.9891461762989957
0.9891455360852669
0.989150411457339
0.989150396896986
0.9891532263208672
0.9891525907454687
0.9891506935686905
0.9891534738529253
0.9891579477698208
0.9891577711108266
0.9891581389248871
0.9891617750594178
0.9891642027767492
0.9891668085303118
0.9891724983256315
0.9891758375362146
0.9891734901072998
0.9891708285949958
0.9891692541524643
0.9891687433214522
0.9891666524639958
0.9891601631610188
0.9891598494536642
0.9891595072930939
0.9891583390329715
0.9891632057596439
0.9891700837656072
0.9891716249613063
0.9891675247803573
0.9891592375272317
0.9891614245930572
0.9891626171230347
0.9891651412620814
0.9891606214473889
0.9891537193644844
0.9891497321440282
0.9891488200164316
0.9891459032843375
0.9891506665634815
0.9891546817528082
0.9891487857229303
0.9891477978260003
0.9891379023207763
0.9891373432501294
0.989133211415473
0.9891290971576279
0.989132745097865
0.9891308991908229
0.9891328511095322
0.989134134192576
0.9891373015385221
0.9891364997760641
0.9891344611994168
0.9891338207040092
0.9891325634264558
0.9891275312280146
0.9891270296969029
0.9891241548570036
0.9891185448290771
0.9891140551256478
0.9891205563162058
0.9891190914131517
0.9891218194004081
0.9891134563478473
0.9891166740613814
0.9891125829004404
0.9891078976675823
0.9891078651549066
0.9891029471624284
0.9891046985054226
0.9891052075440975
0.9891062476716539
0.989105819331667
0.9891095758424466
0.9891175032661063
0.9891200909377544
0.9891231943679097
0.9891245654295483
0.9891256207589296
0.9891306887503046
0.9891323596501778
0.9891212800146569
0.9891205535531223
0.9891167176208658
0.9891145072219582
0.989115003363183
0.9891145890675953
0.989118356561272
0.9891198196299775
0.989116213598591
0.9891137421297502
0.9891127928090562
0.9891165487767871
0.9891157827002391
0.9891161728267673
0.9891149446294731
0.9891151909647374
0.9891226291572108
0.9891264485385997
0.9891303429319968
0.989128826479166
0.989122193750844
0.989119972660641
0.9891210411169085
0.9891250282571309
0.9891206494857703
0.9891233904510822
0.9891210423956343
0.9891224375158989
0.989124220481985
0.9891255877907968
0.9891244124570819
0.9891281858889532
0.9891283431064697
0.9891239003847435
0.9891146305206248
0.9891107331841714
0.9891105296729804
0.9891095400942865
0.9891112963386827
0.98910524890604
0.9891041594241652
0.9891072584362246
0.9891094938764073
0.9891149273388196
0.9891223003443788
0.989125770726041
0.9891261470040441
0.9891274258731739
0.9891276204510004
0.9891281800187698
0.9891263105031625
0.9891273641324251
0.9891247647469305
0.9891216308211545
0.9891210035601558
0.9891206640946405
0.9891203795597152
0.9891222331786632
0.9891214325268378
0.989130430597503
0.9891347735046516
0.9891360197877127
0.9891381892474029
0.9891420559368538
0.9891430298866686
0.9891400466428816
0.9891428934552624
0.9891415944527941
0.9891442176281212
0.9891433417678152
0.9891508993501533
0.9891580614633085
0.9891641456396951
0.9891673965840191
0.989165875752714
0.9891666773095547
0.9891672886866965
0.9891695744897775
0.9891665621346118
0.989166081367907
0.9891585575737373
0.9891596071677493
0.9891634761605534
0.9891662659050657
0.98916747631617
0.9891677180978157
0.9891685442401122
