0.9602990048554398
0.9670494554250494
0.9696069452567677
0.9731240195876399
0.9779362110442622
0.9801661804268369
0.9813950094621725
0.9818392620770572
0.9828815417828817
0.98344600820762
0.9833174180080564
0.9835354437662531
0.983871415908467
0.9843216780126441
0.984975333869807
0.9854526674703407
0.9856345931001856
0.9860632745002768
0.9862210844555633
0.9865034529083845
0.9865795390592297
0.9866399276038811
0.9868400840134218
0.9871984832562591
0.9872824739595731
0.987316826528931
0.9870068664041091
0.9870290352639509
0.9869316818511865
0.9868242131670378
0.9867480539111462
0.9867989875469598
0.9866752624534121
0.9867384758272677
0.9867840547088838
0.9866944164241348
0.9866016722616185
0.9865155847384284
0.9866749100513933
0.9867059993746369
0.9867341245092753
0.9867667945796491
0.9866750084967537
0.9866460238623511
0.9867077754840824
0.9867949206709292
0.9869115496128102
0.9869256177892881
0.9869140275979424
0.9869117086430531
0.9869098473753514
0.9868497744621255
0.9868480329093257
0.9868309283996098
0.9867818061673225
0.9868012502415131
0.9869180778371773
0.986856398374048
0.9868703310120802
0.9868331944734724
0.9869320356628609
0.9869696660026892
0.9870213768074327
0.9870547183705919
0.9871267380207419
0.9872647306257779
0.9872802524148775
0.9872570215380319
0.9872638065367851
0.9872734286588505
0.9872732564470167
0.9872624353294559
0.98718835077016
0.9870985048352842
0.9871338046816946
0.9871427916773561
0.9871856089521445
0.9871520240278989
0.9871460873809411
0.9871685660405531
0.9871991105362315
0.9872884782155136
0.9873457738412963
0.9873114944828543
0.987324102386283
0.9873446705367398
0.9873599377010825
0.987431887901531
0.9874598046320789
0.9874696651299025
0.9874587084319909
0.9875261795074208
0.9875546300770789
0.9876241469803763
0.9876929024622939
0.9877203384297955
0.9877202826280725
0.9876922817537304
0.9876426017906988
0.9876782406068467
0.9876290697786241
0.987679895138297
0.9877632780345642
0.987761926918034
0.987840177160316
0.9878503330964981
0.9878158242875312
0.9877809455951861
0.9877576462210393
0.9877462292068914
0.9877941556092817
0.9877864547572032
0.9877974322723158
0.9878149266133064
0.9878952578425553
0.9879204531919832
0.9878883748306986
0.9878727329010271
0.987858183389709
0.9878365601862359
0.9878463868720436
0.9878139095025531
0.9878270405037656
0.9878064002601759
0.9878471469079553
0.9878342853591712
0.9878909553713578
0.9879027710085362
0.9878639753091079
0.9878607194987717
0.9878719989241632
0.9878653956323458
0.9878416337979842
0.9877906730038949
0.9877749484813099
0.9878016618815776
0.9877786923894197
0.9877352230422979
0.9877295292740587
0.9876859788222463
0.9876882927026381
0.9876797324166394
0.9876779410095873
0.9876865703557824
0.9877198876622201
0.9877387418240967
0.9877172280798114
0.9877009266457709
0.9876889120881424
0.9876942684900224
0.9876902674121893
0.9877281156148392
0.987738494116981
0.9877189294431186
0.9877321564469073
0.9877220638031868
0.9877217131000859
0.987716170256782
0.9877157271561643
0.9876658079091236
0.9876353628100529
0.9876367566022886
0.987601584260141
0.9876032668322021
0.9875982875236834
0.9876092999339308
0.9876061865652765
0.9875824394589636
0.9876053001802076
0.9876215305849307
0.9876347990936807
0.9876622917769322
0.9876422509425363
0.987645442973778
0.9876290970756613
0.9876088581615852
0.9875934429429423
0.9875843438840916
0.9875467623278994
0.9875541761126082
0.9875450013146162
0.987565722265006
0.9875812692918798
0.9875858789462995
0.987594884190603
0.9876168921655297
0.9876691632637025
0.9876923430318653
0.9877315309782794
0.9876928451604314
0.9876762487604867
0.9876860542407977
0.9876747965640524
0.9876873945358298
0.9876943114961784
0.9876872304943713
0.9876681483304707
0.9876734143585681
0.9876501152906129
0.9876253805405932
0.9876064751458008
0.987602291182092
0.9875928178340849
0.9875891213466673
0.9875675074110759
0.9875446313521034
0.9875492887104025
0.9875528986179415
0.987528445375916
0.9875102062827077
0.9875150224343384
0.9875378436061801
0.9875490128411178
0.9875378578732659
0.9875312754235204
0.9875245309726179
0.9875304985265803
0.9875401954770004
0.9875476509982413
0.9875546568483136
0.9875543705972436
0.9875587872596271
0.9875868954868042
0.9876051755202812
0.9876098028789124
0.9876258506501633
0.9876240946661694
0.9876185559882874
0.9876040944109599
0.987618237914427
0.9876331458771311
0.9875981424085247
0.9875618817683233
0.9875565728519577
0.9875576085194195
0.9875607341319019
0.9875541663015008
0.9875784168710772
0.9875868469827646
0.9875722490986119
0.9875836781515562
0.9875947460193201
0.9875907905530341
0.9875815157788433
0.9875798441678387
0.9875891044780564
0.9875821109292148
0.9875797616029975
0.9875836654747243
0.9875598400314755
0.9875361510382372
0.9875376432644539
0.9875216392053782
0.9875207219994231
0.987514611374226
0.9875209192570128
0.9875321440891712
0.9875500135375173
0.9875548890041534
0.9875493280409616
0.9875375609590016
0.9875355958250259
0.9875342854570153
0.9875272817943782
0.9875392990211387
0.9875242898069048
0.9875330529994487
0.9875471390908193
0.9875255203904497
0.9875326372081786
0.9875249239589753
0.9875251060293485
0.9875193915448529
0.9875090471281025
0.9875063308323314
0.9874962531954175
0.9874914152013201
0.9874831357408275
0.9874736346214448
0.987465177158925
0.9874651673661882
0.9874652795760344
0.9874780521934865
0.9874904673271021
0.9875125777319907
0.9875234776689464
0.9875495616763064
0.9875926765977943
0.9876033836611922
0.987634802721594
0.9876450412764314
0.9876587479586092
0.9876821863856987
0.9876735462861934
0.9876765081718877
0.9876920723064011
0.9877008947053619
0.987690539828748
0.9876809823407557
0.987700932614523
0.9877096820215193
0.9877077262173437
0.98770517768764
0.9877115978942232
0.9877108706793373
0.987726056784838
0.9877448583851381
0.9877511795676807
0.9877628186340413
0.9877818155940185
0.9877811618463902
0.9877698629927936
0.9877634227907989
0.9877773218802026
0.9877855444603015
0.987797420443992
0.9877975209834804
0.9877846300432874
0.9877681515522756
0.9877594432751046
0.9877517688239137
0.9877416338861936
0.987738626746551
0.987723181686954
0.9877207621183889
0.9877387128551719
0.9877245221025934
0.9877149319821046
0.9877032821756612
0.9876963962612202
0.9877021837663041
0.9877062856419344
0.9877192468606113
0.9877293834829594
0.9877217235770098
0.9877389212507105
0.9877390405665706
0.9877348220306059
0.9877297110945064
0.9877135645277699
0.9877011415426198
0.9876809226954426
0.9876835225883327
0.9876925817331421
0.9876892555598783
0.9876942877135132
0.987704427378142
0.9877093331728882
0.9876982136939618
0.9877011573168841
0.9876993210360158
0.9877016750271397
0.9877089537659174
0.9877072753426331
0.9876929995627115
0.9876703160971463
0.9876699188975027
0.9876571128501668
0.9876480215998483
0.9876472489403522
0.9876469440309268
0.9876490205560073
0.9876468858436933
0.9876523520163479
0.9876566462925811
0.9876735271615366
0.9876781439695
0.9876793139302806
0.9876837257295956
0.9876882960133156
0.9876900480874431
0.9876974204335015
0.9876994642076192
0.9876939366630343
0.9876731411103089
0.9876581550616634
0.9876428197569961
0.9876442220889367
0.9876697696823359
0.9876827584268686
0.987683234132366
0.9876804015829562
0.9876756453047693
0.9876779962463168
0.9876916152806215
0.9876915563100946
0.9877101883915698
0.98771282070292
0.9877146980539908
0.9877276757061614
0.9877405911671919
0.9877470674775162
0.9877414550769862
0.9877472872978009
0.9877522570958525
0.9877479297734985
0.9877454135931019
0.9877367509342518
0.9877387365733437
0.9877317004680655
0.9877419036141466
0.9877455122217093
0.9877508035495652
0.9877562983664969
0.9877431409494236
0.9877436214162061
0.9877373912686737
0.9877280955577183
0.9877307219676951
0.9877384660250647
0.987732461887416
0.9877221813625832
0.9877210458265361
0.9877386464625142
0.9877436038216596
0.9877472598573005
0.987761585528783
0.9877712094968991
0.9877692565457088
0.9877736135685554
0.9877851158988553
0.9877748303640549
0.9877567833204279
0.9877656863547074
0.9877609687458999
0.9877647637897756
0.9877577176072977
0.987757450793769
0.9877671179433638
0.9877748698620837
0.9877710074155273
0.9877780414791959
0.9877833285450291
0.9877713634671123
0.9877771823714976
0.9877740612719422
0.9877617562462222
0.9877583574905655
0.9877573818946658
0.9877589077159739
0.987761694240607
0.9877555321841034
0.987741672139173
0.9877225788113468
0.9877114705863236
0.987707232149356
0.9877062753531687
0.9877060786738804
0.9877149414625067
0.9877099311423913
0.987710343760282
0.9877059736692059
0.9877012247740946
0.9876927053333001
0.9876838358946237
0.9876817431854034
0.9876757135326735
0.9876754278901246
0.9876706334008146
0.9876713589356662
0.9876648398323198
0.9876678839625567
0.9876693377037756
0.9876602970014913
0.9876594463176955
0.9876437922344415
0.9876491014110212
0.9876595779038818
0.9876524714096934
0.9876418320421754
0.9876333898960261
0.9876306665857021
0.987623925922647
0.987605287923043
0.9875953392228511
0.9876037488794369
0.9876124652752926
0.9876219590552691
0.9876259933911371
0.9876231652824549
0.9876152342059521
0.9876179731446274
0.9876235180857825
0.9876238537650027
0.9876314229206067
0.9876383896562138
0.9876361380790319
0.987631020673727
0.9876383503434981
0.9876291980756468
0.9876183302229506
0.9876127156058598
0.9876106534826793
0.9876117704865598
0.987602087320807
0.9875911881477811
0.9875954122821713
0.9876050844352454
0.987596397220657
0.987593243161381
0.9875877933368155
0.9875839436049156
0.9875729541987252
0.9875672950132176
0.9875694924488392
0.9875677190762372
0.9875624241350227
0.9875567062156287
0.987565061181832
0.9875777564880929
0.9875692059523564
0.9875687180909242
0.9875783394984047
0.9875862350210771
0.9875934436452998
0.9876032183581269
0.9876040836467281
0.9876122287433405
0.9876105307619357
0.9876146516127934
0.9876274906404373
0.987636578556379
0.9876508277358934
0.987654129833741
0.9876609677196517
0.9876706946522311
0.9876702013499352
0.9876633905302584
0.9876545265272837
0.9876538399656782
0.9876558350969543
0.987657726645793
0.987656332851618
0.9876601210789563
0.9876585320219989
0.9876558082343094
0.9876534880670206
0.9876540720299207
0.9876380976800023
0.9876215090573831
0.987622842047008
0.9876247096990638
0.987628871763356
0.987624967200658
0.9876294023386224
0.987632010586758
0.9876306707786215
0.9876320035832052
0.9876303208091399
0.9876401764488703
0.9876453434035763
0.9876560181935342
0.9876600702694579
0.9876645722416764
0.9876709941177954
0.9876782597088434
0.9876777766326349
0.9876740955021382
0.9876582985965883
0.9876491497493439
0.9876417329510745
0.9876399831275777
0.9876457861807562
0.9876459660961558
0.9876536734987675
0.9876549004521806
0.9876576462587966
0.9876513449383743
0.9876488427928508
0.9876522657874792
0.9876468724467896
0.9876414876302984
0.987639780442087
0.9876369080817268
0.9876332498580412
0.9876294042143826
0.9876355644271917
0.9876251081276592
0.9876151950100365
0.9876157085657897
0.98761522230736
0.9876078242187768
0.9876056228811921
0.987606603286851
0.9876063135679228
0.9876106180671821
0.9876159315385965
0.9876109410528687
0.9876065645879788
0.9875956769189952
0.9875967234527744
0.9875973774673117
0.9876105873572141
0.9876153321693075
0.9876185121358216
0.9876159995650603
0.9876245085599714
0.9876300659608167
0.987629464905812
0.9876197179990978
0.9876172848284309
0.9876126772399254
0.9876090673399834
0.9876111263637737
0.9876082395929623
0.9876041155056209
0.9876046672434858
0.9876124892055966
0.9876164942948463
0.9876122456039242
0.9876085382974921
0.987610629701921
0.9876007527562438
0.987594134846897
0.9875958958856724
0.9875895177970467
0.9875831619489102
0.9875879981990296
0.9875967941687805
0.9876070589759119
0.9876090107728445
0.9876211113499276
0.9876224702868156
0.9876147143134807
0.9876170031328354
0.9876175533442646
0.9876166136061222
0.9876138174996074
0.987611595414901
0.9875965753601799
0.9875984486154457
0.9876005793832616
0.9876029929255535
0.9876038211241969
0.987612109730491
0.9876127816767925
0.9876144238253494
0.9876116642414559
0.9876139950316032
0.9876171058046525
0.9876201431953356
0.9876161504027803
0.9876038655643712
0.9876020615200761
0.9876043209483502
0.9876026623736006
0.9875916180361821
0.9875896518073146
0.9875920358145442
0.9875864626278849
0.987587325819506
0.9875924422263248
0.9875933781159328
0.9875981314014212
0.9875929366346163
0.987601188950446
0.9876105123747041
0.9876103192063639
0.9876028658997813
0.9876067943188884
0.9876151800919788
0.9876271187721773
0.9876418041435981
0.9876457797324685
0.9876459863804405
0.9876597563046324
0.9876633703381186
0.9876637596713459
0.9876675828368472
0.9876761019586264
0.9876805646943084
0.9876823497464333
0.9876895503599782
0.9876949200697372
0.9876918251024492
0.9876995914971275
0.9876876889588087
0.9876889854382103
0.987685876402497
0.9876818535423021
0.9876776134522052
0.9876829577500927
0.9876971503902975
0.9877045911307225
0.9877051590809184
0.9877063222017408
0.987712964807495
0.9877155658753466
0.9877251138955129
0.987728309981564
0.9877298331579669
0.9877249037449221
0.9877232952501563
0.9877236253276568
0.9877160033260649
0.9877176416276499
0.9877197082445606
0.9877191712313377
0.9877174000438028
0.9877179805141899
0.9877202756560303
0.9877194096530728
0.9877170150003391
0.9877183211012825
0.98771152082645
0.9877023634734575
0.9876982684394547
0.9876898967242452
0.9876886224991202
0.9876858702179632
0.9876861420941861
0.9876804397586868
0.9876769533289933
0.9876789173575865
0.987673095202261
0.9876773220643702
0.9876722830547533
0.9876698665929966
0.9876648423312357
0.9876699502574914
0.9876692978035504
0.9876737715361361
0.9876716521693145
0.9876711094450987
0.9876685928217699
0.987671390736823
0.9876723359114266
0.9876727960041318
0.9876676696550359
0.9876677839432888
0.9876647851127481
0.9876627778626722
0.9876520797282169
0.9876428090579089
0.9876432412309101
0.9876446496904775
0.9876381799425114
0.9876326067673906
0.9876381414234913
0.9876339391430655
0.9876453650216763
0.9876495773562233
0.9876459742445921
0.987643085470049
0.9876403286556864
0.987638452442431
0.9876413761827992
0.9876382569016764
0.9876409668990406
0.987640282466788
0.9876365076301987
0.9876351990725757
0.9876364064215443
0.9876404945486611
0.9876427505846204
0.9876434764279283
0.9876416657399733
0.9876380592347787
0.9876385230859631
0.9876469877889232
0.9876425894299043
0.9876414843092143
0.9876369313613197
0.9876310059947906
0.9876267905275665
0.9876299176458416
0.9876290162872011
0.9876341214249992
0.9876371019849537
0.9876380553609999
0.987639193541768
0.9876412128558884
0.9876462307736306
0.9876456166069505
0.9876484795777202
0.9876427884607024
0.9876480993554465
0.987656178652558
0.9876510014207979
0.9876451913921696
0.9876455921580871
0.9876484592927105
0.9876501456240416
0.9876520365493451
0.9876549216455828
0.9876592033790146
0.9876525289498349
0.9876526285672668
0.9876631363415963
0.9876677079165087
0.9876712584864745
0.98766652947115
0.9876637981008486
0.9876599367850734
0.9876516959178678
0.9876529211596358
0.9876508553104624
0.9876523060595693
0.9876544345837727
0.9876538960604108
0.9876470473566012
0.9876408587402498
0.9876323905781295
0.9876321013323827
0.9876229467208368
0.9876199584278382
0.9876172829653848
0.9876137723873388
0.9876179590330061
0.9876187858182736
0.9876204535071634
0.9876187200919586
0.9876161550017468
0.9876148952195737
0.9876149426096391
0.987604014986202
0.9875955783214919
0.987595329296232
0.9875963171087179
0.9875896041439827
0.9875896013396036
0.9875869912911557
0.9875856152988822
0.9875878336208077
0.987592606095952
0.9875949594848091
0.987586871280056
0.9875723955040102
0.9875709675139762
0.9875641014403055
0.9875562432162495
0.9875585691194508
0.9875549898193156
0.9875476558800346
0.9875428616150962
0.9875380498442627
0.9875356504328622
0.9875385050194113
0.9875308098201535
0.9875308820233447
0.9875319805359644
0.9875322691986227
0.9875343655103939
0.9875289006635241
0.9875273354453978
0.9875286269987144
0.9875315928192748
0.9875364946818488
0.987535765413774
0.9875380635380544
0.9875349078136317
0.9875270773905189
0.9875234775520086
0.9875169605802728
0.9875198784853081
0.9875217457639504
0.9875255803756557
0.9875283734167756
0.9875378494553537
0.9875372358419019
0.9875387816444912
0.987539657618789
0.9875358728419812
0.9875314262907706
0.9875298036022192
0.987526768320288
0.9875166572169548
0.9875098374954209
0.9875100661613833
0.9875094690740805
0.9875152569392942
0.9875229662200412
0.987515253641453
0.9875176838948672
0.9875137279654688
0.9875141779879049
0.9875160266568298
0.9875151043415266
0.9875172108590062
0.9875141718306023
0.9875163017289318
0.9875230053588004
0.9875251812842115
0.9875290027132574
0.987536298215502
0.9875467648255002
0.9875507778008418
0.9875454512881248
0.9875453416991328
0.9875484396074236
0.9875492340163216
0.9875452449794936
0.9875484249231046
0.9875425301320391
0.987539913560836
0.9875329834504267
0.9875324829600766
0.9875290256989689
0.9875230156797693
0.9875230632611169
0.9875141421178016
0.987512636827442
0.9875100249182446
0.9875105231125058
0.9875085715226081
0.9875076764578168
0.9875111270648375
0.9875151069592059
0.9875193067029067
0.987521490843695
0.9875201479328584
0.9875226940023323
0.9875208961746745
0.9875180576897893
0.9875164147460284
0.9875185833512109
0.9875137613037118
0.9875154689094217
0.9875104799128163
0.9875092442993578
0.987512200033859
0.9875055883326209
0.9875012427675672
0.9874935458859343
0.9874994212276069
0.9875048462974214
0.9875079232452934
0.9875091023260234
0.9875138670601527
0.9875169941495495
0.9875207189381262
0.9875230996260627
0.9875209905495004
0.9875134241363026
0.9875098443438871
0.9875085074348132
0.9875085166314705
0.9875056553099234
0.987502592900666
0.9875013085845471
0.987500941741913
0.9874945772135845
0.9874936244942623
0.98749411678469
0.9874965678418623
0.9874972107237128
0.987495886265699
0.9874938718898136
0.9874908109232166
0.9874888154765353
0.9874907663533574
0.9874925687883411
0.9874829198974817
0.9874809400574031
0.9874885745316184
0.9874901628616939
0.9874873270102806
0.9874880770672694
0.9874837162772837
0.9874811507400856
0.9874842341342637
0.9874838359831308
0.987487455014495
0.9874871333537736
0.9874897918932771
0.9874879203575162
0.9874838038174774
0.9874853887096223
0.9874901096291384
0.9874884790180857
0.9874896865868817
0.9874846713044731
0.9874925196600182
0.9874939900251701
0.9874950196763661
0.987494736828442
0.9875006760956074
0.9875027219805199
0.9875011087058562
0.9875001780308587
0.9874984547492325
0.9874967035752169
0.9874926078938403
0.987495335261075
0.9874958026895575
0.9874980378620558
0.9874979337245723
0.9874963274154867
0.9874930492931271
0.9874949440897073
0.9874964444329993
0.987492861012892
0.987488486639811
0.9874874666401481
0.9874862661490608
0.9874895252499473
0.9874914219347808
0.987491125242462
0.9874865273852966
0.9874870938566443
