0.9551700723042356
0.9668688319554841
0.9702260237090815
0.9725483061676989
0.9766183622766367
0.9789244934819588
0.9803793603086807
0.9805159289967529
0.981128954698512
0.9811390315729925
0.9820415530131092
0.9822302804688485
0.9827783470318506
0.9836340301585098
0.9840317241629275
0.9842697214017869
0.9847944745072053
0.9850216070197165
0.9853421833962137
0.9857021142891519
0.9859813383140353
0.9861367448366622
0.9863550778939306
0.9868157752277767
0.9867707671596179
0.9868396151326564
0.9865048425894846
0.9867729063748891
0.9867660163360921
0.9868750710385474
0.9870877871564525
0.9872939374392358
0.9873753392507416
0.9874878925127527
0.9874174169105628
0.9872333512736954
0.9870138311020976
0.9869308124987767
0.987102569859256
0.9871083240121336
0.9871101047795399
0.9872338170451977
0.9870685247403626
0.9870536950558374
0.9870836925773643
0.9871772532125667
0.9872716997060093
0.9872594132724649
0.9872172022661461
0.9873312560394231
0.9873161919498826
0.9872809700310823
0.9872891867385319
0.9873321689087843
0.9873272624881742
0.9873601681168517
0.9875202683511747
0.9875042006783529
0.9875477009799838
0.9874833637030993
0.9875956720233948
0.9876004452257967
0.9876730526673902
0.9876442796299203
0.9877101562393295
0.9877935244598961
0.9877291433153156
0.9877496416742391
0.9877586354724094
0.98771668413393
0.9876994781027293
0.9876973511995636
0.9876236210856949
0.9875871589866502
0.9876311944007355
0.9876484241157686
0.9877078601635848
0.9876569653657009
0.987687920048902
0.9876742757080201
0.9877000290439802
0.9878012834444988
0.9878325115358941
0.9878625841670431
0.9878522317558104
0.9878432846478072
0.987858123471148
0.9879301867728741
0.9879629038916512
0.9879913410526995
0.9880262557428778
0.9879978606503473
0.9880193288891829
0.9880776672331734
0.9881601363256667
0.9881782931678695
0.9882106526896278
0.9881779276472192
0.9880883053686546
0.9880307642500439
0.9879905479655735
0.9879909966726282
0.988090960783562
0.9881038339139541
0.9881710225713994
0.9881517696428399
0.9881364613832436
0.9881177468181636
0.9881359144919158
0.9881291257625114
0.9881983477094028
0.9882346088597982
0.9882412653978567
0.988270987251588
0.9883259209192737
0.9883559729733633
0.9883988644282546
0.9884412243383677
0.9884599304116773
0.9884530588472629
0.9884854084649337
0.9885141280616141
0.9885410207267981
0.9885581134022496
0.988564498269741
0.9885005164128438
0.988506241216986
0.9884923337061977
0.9884342791742291
0.9883882441066929
0.9883989418855806
0.9883927575709703
0.9883609983500024
0.9883395544176412
0.988345571121805
0.9883763407764066
0.9884070742866695
0.9883816456402784
0.9883847785165591
0.9883473076092137
0.9883439347770828
0.9883169421889096
0.9883437040252795
0.9883515555997429
0.9883677042901353
0.9883644409697436
0.9883390645206043
0.9882943046879088
0.988294049130007
0.9883053179943401
0.9882889406824007
0.9883006380947079
0.9883088776019312
0.988285990917119
0.988291859426782
0.9883074684968838
0.9883109238194637
0.9883180377293564
0.9883129904458958
0.9882772702051259
0.988244964869657
0.9882516670989642
0.9882349049884502
0.9882223796802897
0.9881989505987969
0.9882324443097938
0.9882329290805548
0.9882473969014521
0.9883054953604838
0.9883524319865536
0.9883770441130203
0.9884119390761622
0.9883900633597753
0.9883858398667874
0.9883617663202098
0.988380875410194
0.9884034895274252
0.9884039686396462
0.9883695355909876
0.9883897132316305
0.9883762496916274
0.9883670385261367
0.9883529320407803
0.9883510801257673
0.9883718052209866
0.9883883002148337
0.9884557327248552
0.9884963186620414
0.9885316108728274
0.9885144482258827
0.9885028319664793
0.9885095169188152
0.9884880443271268
0.9885138638052756
0.988523405037495
0.9885149478263924
0.9884700443689364
0.9885028757462927
0.9884930548330692
0.9884819466186172
0.9884813317601346
0.9884628392522639
0.9884656624494708
0.988470675325839
0.9884586545393026
0.9884600487846563
0.9884856961520092
0.988516352030541
0.9885236395354607
0.988514505515628
0.9885192786495519
0.9885389980929012
0.9885409576495459
0.988521743995106
0.9885039892017314
0.9884765449495747
0.9884642744056685
0.9884881929174008
0.9884804757798311
0.9884847346265592
0.9884908043561266
0.988503777256101
0.9885408232458208
0.988556762657876
0.9885603942400685
0.9885664955958938
0.9885857552358152
0.9885928019367818
0.9885897624783899
0.9885944151189948
0.9885973794802817
0.9885885790960796
0.9885606613090205
0.9885618561362741
0.9885684352418658
0.9885546899260309
0.9885576078480017
0.9885643727712871
0.9885880964905172
0.9886016909592068
0.9886151615466898
0.9886180284918678
0.9886262615048815
0.9886246242521068
0.9886029539525112
0.9885977168087622
0.9885953727252491
0.9885775240484382
0.9885954895221007
0.9885813703553441
0.9885706724593808
0.9885436480447694
0.988522085073822
0.9885184125356152
0.9885308513612802
0.988540664726853
0.9885444795412853
0.9885641477710713
0.9885772150631756
0.988578920914954
0.9885683554929637
0.988589672519729
0.988598369585056
0.9885962305631709
0.9886142379612156
0.9886269389318793
0.9886359363445678
0.9886339289799017
0.9886226927626254
0.9886465982397192
0.9886298450962523
0.9886423904578406
0.9886512187606679
0.9886457342371291
0.9886440139840407
0.9886349674762887
0.9886279708857794
0.9886259406327198
0.9886372670479195
0.9886244693610114
0.9886254611288645
0.9886444163553195
0.9886495930106499
0.988674169792734
0.988696452249991
0.9886883369567263
0.9887062623051295
0.9887366088381858
0.9887429231822464
0.9887568819155576
0.9887640899263294
0.9887735112350339
0.9888001443151372
0.9887903320249447
0.9887958579239197
0.9887966320608114
0.9887931342132956
0.9887894215524696
0.9887660224711503
0.988776044175242
0.9887784648003467
0.9887695949804468
0.9887692209618089
0.9887720600779433
0.9887665839138459
0.9887704676407872
0.9887854424271733
0.9887987515837223
0.9888100168922495
0.9888354768965697
0.9888279904278598
0.9888360854375485
0.9888348374036909
0.988827370426709
0.9888209101531303
0.9888107526864001
0.9887905367071096
0.9887986402578611
0.9888010186156498
0.9887955951652687
0.9887990534334772
0.9888004536637691
0.9888239313490382
0.9888190724676774
0.9888235737007162
0.9888243932059776
0.9888054016872484
0.9887886889608111
0.9887812705559774
0.9887673201591145
0.9887731507215506
0.9887520371071643
0.9887401522686932
0.988739184217003
0.9887141568945521
0.9887187215509604
0.9887212608774859
0.9887110998531461
0.9887014903038112
0.9886929901413531
0.9886978463278252
0.9887016004497619
0.9887209069940013
0.9887304460479754
0.9887238424285812
0.98873550747467
0.9887463299153693
0.988748456238902
0.9887430230986962
0.9887455383040912
0.9887324657747264
0.9887480025358654
0.9887589016532631
0.9887545090194809
0.988744117695767
0.9887224783925009
0.9887176966646563
0.9887064489892329
0.9887155928121597
0.9887172255875881
0.988738374457604
0.9887356904799476
0.9887357352560843
0.988736552070199
0.9887331993650144
0.9887352952978
0.9887481386285052
0.9887450115107147
0.9887437392754378
0.9887572211107739
0.988766702993964
0.9887808633900325
0.9887836499840932
0.988783745466786
0.9887591097641678
0.9887375350664599
0.9887270951615976
0.9887298907768717
0.9887495663665217
0.9887531377703613
0.988743898712393
0.9887423063720185
0.9887413966159334
0.9887389137001718
0.9887582089490291
0.9887585343052737
0.9887732666448229
0.9887796419295853
0.9887981113773852
0.9887995936957372
0.9888029252061352
0.9888080872506354
0.9888166712567544
0.9888265116222977
0.9888237910356857
0.9888266975771756
0.9888271009149663
0.9888161929039291
0.9888305711847071
0.9888255455418669
0.9888408843165527
0.988846211016237
0.9888443959057683
0.9888493927784416
0.988848641285897
0.9888543130156922
0.9888598451715062
0.9888653793992138
0.9888698019962746
0.9888818520858857
0.9888886112881801
0.9888822650881277
0.9888795158276549
0.9888982549970635
0.9889114542763424
0.9889094954628956
0.9889230758379705
0.9889276729294192
0.9889329715144242
0.9889388663410758
0.988946142778905
0.9889342393894842
0.9889191790254049
0.9889216134958884
0.9889153880822367
0.9889135090695921
0.9889038420155829
0.9888920800465225
0.9888879609215722
0.9888801324272529
0.9888612000341592
0.9888477675258343
0.9888501289733125
0.9888513555967405
0.9888546790932538
0.9888471009151387
0.9888450280826255
0.9888557273822819
0.9888531916414087
0.988852155505825
0.9888489420231534
0.9888403129183203
0.9888177066236585
0.9888061726929744
0.9887809634343778
0.9887808424475487
0.9887931631694926
0.9887871058087642
0.9888084380927106
0.9888072577795513
0.9888104150907788
0.9888025155010287
0.9887920703613728
0.9887954893524972
0.9888016574747953
0.9888116764635182
0.988807413993998
0.9888124066018267
0.9888164963260107
0.9888034880355674
0.9887914566610582
0.9887908577298896
0.9888028089966107
0.9888102732561341
0.9888157486048059
0.9888135241766799
0.9888233905669566
0.9888355248344985
0.9888237022061209
0.9888185150764024
0.988817036192146
0.9888114905065428
0.9888028804413721
0.988793046187244
0.9887857998866664
0.988785672942601
0.9887947115516543
0.9887891164737098
0.9887913796959816
0.9887987216447004
0.9887919322726244
0.988806155418068
0.988814011036189
0.9888039052439769
0.9888018548959242
0.9888043624870193
0.9887975009623671
0.9887932330439926
0.988801197894913
0.9888021948037194
0.9888089607727383
0.9888121924778965
0.9888085573084108
0.9888111475899097
0.9888054023561725
0.9888041403316927
0.9888074424679286
0.9888221808931033
0.9888193500323482
0.9888139031055183
0.988811650278191
0.9888125631863733
0.9888004011938131
0.98880130672976
0.988803375942516
0.9887995463438911
0.9887881246213771
0.9887833356795799
0.9887818816066545
0.9887910864568898
0.9887792816489303
0.9887681960892566
0.9887725882796615
0.9887820959070537
0.9887840653025476
0.9887931140901256
0.9888007300191523
0.9888038875331144
0.9888053718150044
0.9888010972647343
0.9888108568590873
0.9888261553392587
0.9888335675595468
0.9888367250243671
0.988836699320192
0.988841351972284
0.9888364433667629
0.9888343542028486
0.9888281180813709
0.9888212955871485
0.9888231859869933
0.9888202238438979
0.9888149291426407
0.9888153206197645
0.9888060571778692
0.9888033252698909
0.9887959850869088
0.9887900358666397
0.9887740400221915
0.9887598081699915
0.9887504323425244
0.9887457738990066
0.9887495507600268
0.9887436504908398
0.9887514720395709
0.9887455734915263
0.988748247157823
0.9887481391667262
0.9887359735660719
0.988735785168553
0.988732270806374
0.9887381554547402
0.9887441347009165
0.9887533266382075
0.9887521854472197
0.9887547763407202
0.988754138965621
0.9887563656179695
0.9887533055046145
0.9887505620318573
0.9887596868132172
0.9887609106063148
0.9887600004762209
0.988761184578099
0.9887749914909097
0.9887811561260511
0.9887839706259701
0.9887804328592594
0.9887785232630147
0.9887772358255085
0.9887732355775354
0.9887637191561715
0.988767654091184
0.9887667988669679
0.9887640574584854
0.9887598376228535
0.9887640226683991
0.9887518289324927
0.9887428825838046
0.9887420897811209
0.9887468159136528
0.9887442130217939
0.9887436715796768
0.9887464606108284
0.9887490516531078
0.9887495340829234
0.9887504332406254
0.9887385394834391
0.988724020333895
0.988714787965175
0.9887146209363519
0.9887165213537494
0.9887216253832148
0.9887176703421268
0.9887189426485494
0.9887172606803964
0.9887178477066045
0.9887290009123157
0.9887269663307439
0.9887188769713416
0.9887169809154127
0.9887163674802552
0.9887163788254318
0.9887166598816612
0.9887025939106598
0.9886945517646596
0.9886965422006598
0.9886954435929073
0.9886921810107527
0.9886767543808689
0.9886625807367566
0.9886572587486883
0.9886546441560382
0.9886503695879654
0.9886512493545955
0.98864687653141
0.9886410603337441
0.9886410777429171
0.9886424703649187
0.9886420490830313
0.9886513630059178
0.9886580963107402
0.9886657834396549
0.9886633748577557
0.9886639824804344
0.9886595676130839
0.9886562546050477
0.988644059853329
0.9886380680081133
0.9886230529173451
0.988623274517855
0.9886252798591033
0.9886218775105317
0.9886234632311927
0.9886227423312086
0.9886236190084551
0.9886246718526712
0.9886179093032542
0.9886218216613024
0.9886199076835718
0.9886254850549004
0.9886259659766505
0.9886133529548061
0.9886231709954104
0.9886301067774255
0.988624143913524
0.9886161878730143
0.988615605589538
0.9886203993407083
0.9886187429135643
0.9886231259978909
0.9886162724917993
0.9886184661319506
0.9886282719334041
0.9886278806946531
0.988630191024041
0.988639332680244
0.9886436951667966
0.9886323496882986
0.9886317441138248
0.9886271664308571
0.9886327819210942
0.9886360293215531
0.9886377729441517
0.9886302042933802
0.9886313658693904
0.9886261943038414
0.9886272095763254
0.9886323103009905
0.9886376639706072
0.9886429133283712
0.9886396873791575
0.9886465895839077
0.9886557825010792
0.9886559528369123
0.9886640855629908
0.9886579325081858
0.9886592602928127
0.9886594326727755
0.9886584787411394
0.9886569588696803
0.9886620261308131
0.9886660073184259
0.988671146940533
0.988672159758018
0.9886783614541024
0.9886876475440066
0.988691225584181
0.9886929758786868
0.9886938521339391
0.9886900124407908
0.988687038051534
0.988688406803312
0.9886933482299969
0.9886875987959275
0.9886846864258603
0.9886846508667102
0.9886871298859791
0.9886784070510924
0.9886794479166436
0.9886811999387408
0.988677369693055
0.9886740677983776
0.9886727282628179
0.9886669904263207
0.9886593291247708
0.9886596179020162
0.9886506328709913
0.9886464479359723
0.9886413508570371
0.9886391735813944
0.9886311050020749
0.9886355896781593
0.9886404202685147
0.9886364685333129
0.9886452616417161
0.9886427108748226
0.9886479939754108
0.9886499300476146
0.988648414836317
0.9886488259830976
0.9886482692678712
0.988643270736406
0.9886481410454954
0.9886489291450873
0.9886561563692645
0.9886529626572221
0.9886550089744705
0.9886543775114235
0.9886537180439752
0.9886493205772497
0.9886462811358476
0.9886444225622252
0.9886389220069254
0.9886417520935338
0.9886486126434241
0.9886462418687849
0.9886398574624565
0.9886483744845507
0.9886475208403488
0.9886545439816686
0.9886609093543323
0.98865584807124
0.9886536948506386
0.9886469321159298
0.9886411145037587
0.9886494574591604
0.988647617384443
0.9886446813170764
0.9886453048071406
0.988643231101352
0.9886440323426382
0.9886334711767506
0.9886363565103223
0.9886448182032047
0.9886474887957232
0.9886470635238027
0.9886445591853013
0.9886467934542646
0.9886508787507778
0.9886494352416758
0.9886471840019723
0.9886437124548062
0.9886436297327699
0.9886376709057657
0.988646463050551
0.9886435301793651
0.9886451306894163
0.9886440545980741
0.9886420814331777
0.9886463529280938
0.9886444177969441
0.988649932428679
0.9886522868082374
0.9886635361696013
0.9886605396603132
0.988664245082008
0.9886692156929962
0.9886651513508132
0.9886565297877077
0.9886514719723188
0.988656121517048
0.9886624506019788
0.9886683358042172
0.9886688093231144
0.9886713736367263
0.9886676903988774
0.9886821036076391
0.9886953455166589
0.9886966485273363
0.988700646865885
0.9886971100975187
0.9886941055492525
0.9886892891061722
0.9886869471715636
0.9886914055155197
0.9886889931420417
0.9886921992180098
0.9886944561396938
0.9886933892091521
0.9886882123479481
0.9886853223790124
0.9886768152200831
0.9886792106420587
0.9886768103276835
0.9886764844452455
0.9886705869265994
0.9886658430923677
0.9886674907336691
0.9886670393343627
0.9886673047976573
0.9886674020051341
0.9886662459093568
0.9886707379298126
0.9886703373888662
0.9886663322157778
0.9886647373100731
0.988672009224644
0.9886754617543025
0.9886694293162067
0.9886702993511255
0.9886737065653134
0.9886776332104354
0.9886775542889364
0.9886792380483969
0.9886837791370333
0.9886786373884143
0.9886735421728985
0.988674505756016
0.9886673058232897
0.9886617870560561
0.9886621218932279
0.9886551585509852
0.9886453754024556
0.9886429780145473
0.9886316921435578
0.9886237643530688
0.9886271160573983
0.9886219692932209
0.9886259430016491
0.9886304069086369
0.9886319352840668
0.9886304442358117
0.9886324236297206
0.9886366045790385
0.9886410895884888
0.9886475611781522
0.9886515860331683
0.9886501457246508
0.9886526115031096
0.9886513011061845
0.9886470165532235
0.9886454162597882
0.9886386973404259
0.9886417895891244
0.9886470465342726
0.9886532477211215
0.988656272849197
0.9886625488153624
0.9886611045187816
0.988659941318796
0.9886617487347349
0.988657528365652
0.9886542678935388
0.9886633088696716
0.9886682074987955
0.9886642395692266
0.9886593450315307
0.9886592207831864
0.9886566731432318
0.9886590300810274
0.9886628780278797
0.9886597073038003
0.988658541338706
0.9886535342648546
0.9886559442817108
0.988659568264459
0.9886560183579736
0.9886597172208031
0.9886601360312967
0.9886572644121324
0.9886615466596401
0.9886673812606724
0.9886707708896166
0.9886705671494662
0.9886740678974251
0.988677968310884
0.9886753132739698
0.9886800041118305
0.98868487762471
0.9886880374418855
0.9886895468805111
0.9886947457011742
0.9886916444039741
0.9886935588499597
0.9886899303007717
0.9886904375748216
0.9886871913505835
0.9886830540143279
0.9886840379398659
0.9886767898551676
0.9886759597470994
0.9886745662930737
0.9886729210567361
0.9886685652409255
0.9886684494259186
0.9886666058606305
0.9886637395279201
0.9886657985916799
0.9886680436032615
0.9886717226224013
0.9886785831705907
0.9886796681884917
0.9886737619202371
0.9886693689156908
0.9886678010233318
0.9886594893442584
0.9886533674491272
0.9886446003145776
0.9886464389055294
0.9886547299954993
0.9886571962524991
0.9886539462714491
0.9886535476540026
0.9886597530019113
0.9886670017190333
0.9886737331136078
0.9886760764386181
0.9886790163930164
0.9886804810572974
0.9886828305447521
0.988686100029255
0.988687645593956
0.9886868113146328
0.9886857246164298
0.9886862044593914
0.9886894172530659
0.9886888104019077
0.9886885285035305
0.9886930945122916
0.9886915422916374
0.9886920065146466
0.9886963615694916
0.9886943040619532
0.9886974975410852
0.9886967613334677
0.9886929058967697
0.9886912575655994
0.9886894249268863
0.9886880035321886
0.9886906077680586
0.9886929874264266
0.9886909249843328
0.9886888717679269
0.9886938814326297
0.9886905920818118
0.9886854503775602
0.9886861564428547
0.9886859469193663
0.9886881963063657
0.9886833855642538
0.9886839723852755
0.988684908668556
0.9886826534633636
0.9886809995916455
0.9886793456955261
0.988679554453188
0.9886814292048142
0.9886862596208599
0.9886848629784338
0.9886838257588001
0.9886820675740879
0.9886925178872448
0.9886928240454251
0.9886941636326825
0.9886914158277084
0.9886960423321007
0.9886947648722516
0.9886948563700877
0.9886914610307056
0.9886878673218193
0.988684968507381
0.9886836889318728
0.9886913485486557
0.9886909534678726
0.9886930206929156
0.988691291891837
0.9886864792993608
0.9886846594236443
0.9886855717720647
0.988691565574304
0.9886941403272103
0.9886922001381057
0.9886915636719946
0.9886871707093936
0.9886890002397549
0.988688414500603
0.988688338586052
0.9886848014442208
0.988685545821871
