0.9591020603604151
0.9700597718932827
0.9726630932977498
0.9759175576999366
0.9788660573121837
0.9811057633195348
0.9825058396516068
0.9829811747225103
0.9834081805421937
0.9837935323171155
0.9839541027900869
0.9843044076449418
0.985076520921597
0.9856511556926251
0.9864267924652627
0.9870239492873782
0.987180782594914
0.9878516061374565
0.9881726435911731
0.9884165082451456
0.988511810483952
0.9884058808313797
0.988466697525715
0.98857095551784
0.9885750661139212
0.988771131582619
0.988603664752734
0.9887342515936146
0.9886708026728982
0.9886388757332804
0.9885789289494373
0.9887379348851073
0.9887300176085376
0.9887893342607592
0.9888060091311043
0.988723648822824
0.9885907337237057
0.9885439891438926
0.9885743952249348
0.9883756247262309
0.9881870861184884
0.9880418309762733
0.9878186951466948
0.9877919152565321
0.9878066777993908
0.9878033651000881
0.9878303208387319
0.9878853590589185
0.9879113835078538
0.9879168608641979
0.987917486403736
0.9879013032944151
0.9878959092342166
0.9879156449394482
0.9878782473242751
0.9878399941619721
0.9879661317703418
0.9879239223946511
0.9879322845641505
0.9879586940326252
0.9880381338364628
0.9880679087757371
0.988126177128062
0.9882035207637861
0.9882390428513568
0.9883525291061853
0.9883351777600178
0.9883435570993596
0.9883343922640161
0.9883350880238109
0.9883455376423674
0.988333613711171
0.9882479770864517
0.9882246120403033
0.9881926321487784
0.9882178647982259
0.9882509342357937
0.9882371716993178
0.9882547269516384
0.98829374165509
0.9883019092899494
0.988288470285781
0.9883321724200168
0.9883886527798176
0.9884408767269575
0.9884763811349794
0.9884968131984131
0.988586236623447
0.9885903285787191
0.9886113390008312
0.9886486211005561
0.9886858738541406
0.9887205482192265
0.9887296589884633
0.9887673574651449
0.9887880882664898
0.9888092415621805
0.988790046516055
0.9887978408391904
0.9887923876536497
0.9888061013969304
0.9888122473118784
0.9889074837872813
0.988890880267144
0.9889394370493436
0.9889158302061782
0.9889374889534168
0.9889630241833487
0.9889413306365119
0.9889545142103202
0.9889812423160027
0.9889914484439379
0.988998630673361
0.989048980172947
0.9890870419021083
0.9891015250735704
0.9891045911047532
0.9891058786419967
0.9890886855077471
0.9890874108600927
0.989092586867396
0.9891290936254887
0.9891529390030929
0.9891594025384973
0.9891634433320274
0.9891602233216338
0.9892283595415876
0.9892716757414314
0.9892636919072497
0.9892163156903809
0.9891854891771493
0.9891394803888288
0.9891323913602587
0.9891272243158856
0.9891355395721465
0.989162382606987
0.9892011963357213
0.9891775526275975
0.9891649648240263
0.9891738095415078
0.9891738477526805
0.9891608325561093
0.9891644709880568
0.9892030011583126
0.989228850607118
0.9892618703553283
0.9892727502150321
0.9892757977769115
0.9892896924696007
0.9893106130632646
0.9892911625369839
0.9893041036153659
0.9893276061257338
0.9893182720220162
0.9893311552531261
0.9893425957668864
0.9893043168892913
0.9893117981063834
0.9893190726506644
0.9893170849274058
0.9893042097630071
0.9893112576223427
0.9892903238656755
0.989280918087593
0.9892753719121136
0.989309886479211
0.9893169745253884
0.9893139597650391
0.9893348324712918
0.9893648377205483
0.9893700753363892
0.9893869067696232
0.9893632877810257
0.9893793091828501
0.989348510394396
0.9893607289425757
0.9893741504267182
0.9893817777098345
0.9893509311967997
0.9893295819423228
0.9893182413276493
0.9893129742720709
0.9893101516233667
0.989309739938712
0.9893443042346315
0.9893514615687479
0.9893892464093893
0.9894044655187646
0.9894325721307653
0.9894313781208588
0.9894351998855421
0.9894462331154423
0.9894581401958977
0.9894714996387034
0.9894963458397498
0.9895155218008954
0.9894973162842653
0.9895247829079695
0.9895198660417114
0.9895155989439481
0.9895252677451389
0.9895192544586292
0.9895271970770119
0.98953581018506
0.9895200163334592
0.9895176418451409
0.9895273520150742
0.9895174097581888
0.9895105366030875
0.9894982976420901
0.9895055885366577
0.9895095083117971
0.9895105110777899
0.9895137764161114
0.9895126797140499
0.989503720635865
0.9895235432476615
0.9895499599271689
0.9895404913586154
0.9895484516472501
0.9895731596452422
0.989592738455513
0.9896224559595371
0.9896217419162159
0.9896202998447392
0.9896156171929428
0.9896317695445109
0.9896304120841171
0.9896412413593655
0.9896221759277897
0.9896225265621292
0.9896099622793337
0.9895936925924463
0.9896008907369098
0.9896219743161265
0.9896038162242529
0.9896158508861618
0.9896408820160245
0.9896364119358336
0.989633918685549
0.9896386421833006
0.9896513641346503
0.9896427683689525
0.9896470367672754
0.9896428773391128
0.9896376899304771
0.9896350362129486
0.9896425058933146
0.9896478827751692
0.9896487469446715
0.9896568827929186
0.9896610347807844
0.9896623990935126
0.9896689850320608
0.9896698150837394
0.9896759571673555
0.9896977040093176
0.9897161690461146
0.9897245171280287
0.9897221474067982
0.9897152600682522
0.989730990204259
0.9897431062222084
0.989743928571391
0.9897558416668064
0.9897571995577693
0.9897600715114626
0.9897570308841397
0.9897531216035383
0.9897494523521635
0.9897537311131531
0.9897616383869904
0.9897574869781992
0.9897549175259428
0.9897672694823452
0.9897707759973537
0.9897583177308108
0.9897540270999404
0.9897619395930529
0.9897680785844213
0.9897655651315237
0.9897868602147785
0.9897968441889662
0.9898049353133
0.9898165663954673
0.9898480725237455
0.9898514361352732
0.9898819508355825
0.9898932200195851
0.9898922749016346
0.9898978488991067
0.98991328149143
0.9899228042856149
0.9899099366209623
0.9899004347672161
0.9898975631331101
0.9898909695889191
0.9898867555626882
0.9898812464082912
0.9898868126401905
0.9898769075956902
0.9898842976151382
0.9898790123931588
0.9898711547324304
0.9898711870797149
0.9898719948532547
0.9898819311050675
0.9898688344568811
0.9898697772817785
0.9898754846367083
0.9898702142319539
0.9898783982908189
0.9898658432215164
0.989859919589595
0.9898658783362406
0.9898629125014538
0.9898635914122803
0.9898628254946844
0.98987002163123
0.9898573965250015
0.9898635237499355
0.989866305231809
0.9898622256042181
0.9898563554860378
0.9898529962059788
0.9898563730928396
0.9898515380165932
0.9898438665504159
0.9898352746905345
0.9898300798605775
0.9898329683570931
0.9898199350273259
0.98981885217398
0.989828605756572
0.9898382081542034
0.989844665752027
0.9898450718182351
0.9898415779540018
0.9898418925907457
0.9898439703245203
0.9898435862824705
0.9898434504677954
0.9898504583739451
0.9898468123446887
0.9898531838013902
0.9898600826249504
0.9898742880971025
0.9898758224036516
0.9898743093000376
0.9898786898069224
0.9898757587862389
0.9898851062822122
0.9898888278349941
0.989886800208837
0.9898903376054055
0.9898884046936547
0.9898840275113318
0.98987965026036
0.9898865112737367
0.9898804631617472
0.9898841375420425
0.9898800681505623
0.9898780276105658
0.9898803282841201
0.9898918299010244
0.9899017504297758
0.9899061862587052
0.9898988048620068
0.9898976546766258
0.9899018622830148
0.9899097013331817
0.9899126451277365
0.9899174911315473
0.989917429390133
0.9899023891405815
0.989903158414664
0.9898985750119342
0.9899094378433336
0.9899291102432698
0.9899434695020843
0.9899406760239896
0.9899293085624766
0.9899299467834528
0.9899287352589993
0.9899284262217748
0.9899166043150327
0.9899217358675869
0.9899272454841648
0.9899369772192346
0.9899402333316928
0.9899499880354095
0.989963221414114
0.9899760277785008
0.9899832137859008
0.989989410554544
0.9899930264555974
0.9899900954028633
0.9899863175104746
0.98999282070362
0.9899965662878846
0.9900115022992941
0.9900233849690916
0.9900311726026387
0.9900247513124129
0.9900157322919227
0.9900299388231537
0.990030946948825
0.990026031638855
0.9900324999476765
0.9900372448507083
0.9900409943873922
0.9900431891952749
0.9900418718449201
0.9900514609039969
0.9900540153639147
0.9900545686144101
0.9900616415621706
0.9900680855447341
0.9900715573786087
0.9900680530846296
0.9900768700838533
0.9900634254211709
0.9900599457108882
0.9900690838301136
0.9900840873024729
0.9900930061526055
0.9900988230260906
0.9901036885800575
0.9901091963258731
0.9901156911881748
0.9901143977017204
0.9901045729263277
0.9901046806304883
0.990098322262426
0.9901020864562391
0.9901049241932796
0.9901022436458988
0.9900978382855261
0.9901055921517464
0.9901126777899981
0.9901092258602108
0.9901134932937111
0.9901127831348495
0.9901134174850169
0.9901095579590978
0.9901143251768834
0.990123672210911
0.9901209952893711
0.9901251447611281
0.99011769853072
0.9901167000324423
0.9901140933730812
0.9901047725003396
0.9900949720539342
0.9900910776134672
0.9900965093888283
0.9900915197554117
0.9900893662151071
0.9900813379780612
0.9900806884272547
0.9900804997047289
0.990083389721188
0.9900900644965019
0.9900873156149602
0.9900911964654722
0.9900844635609788
0.9900827985180478
0.9900850368920299
0.9900872438369955
0.9900794424566192
0.9900752898184524
0.9900813774326427
0.9900721752210988
0.9900601236025491
0.9900622580649605
0.990069801697401
0.9900696155550618
0.9900666819823736
0.990073440838203
0.9900787620451942
0.9900783048885163
0.9900836167975121
0.9900858071507922
0.990083938377117
0.990087728341005
0.9900839019333129
0.9900790868225218
0.9900740461706063
0.9900786806964722
0.9900781983806018
0.9900741200747135
0.9900857570413012
0.9900891900068638
0.9900893726674601
0.990083111204137
0.9900795492682591
0.9900847561052616
0.990082757225758
0.9900802783931992
0.9900766409173998
0.9900773828768834
0.9900794559155421
0.9900741098314872
0.9900697363720397
0.9900836963800564
0.9900931531627133
0.9900965282642665
0.9900887149966768
0.9900951463629805
0.9901011786240261
0.9901030041440265
0.9901107121948014
0.9901141865848597
0.9901156022868007
0.9901190700846014
0.9901261913064708
0.9901349424490857
0.9901390341084932
0.9901435927496188
0.9901436406870893
0.9901544930436028
0.9901665127380224
0.9901703270541637
0.990184088816865
0.9901960477134744
0.9902061691378816
0.9902117935200422
0.9902019137662065
0.9902011140001268
0.9902025487578604
0.9901974229061188
0.9901953907208242
0.9901923802393581
0.9901900813121053
0.9901940301577032
0.9901970730383454
0.9902045295903935
0.9901990218422952
0.9901936319326988
0.990192975890863
0.990191699279681
0.9901913213355317
0.9901921738676688
0.9901923434246256
0.9901914602916827
0.9901856337071032
0.9901829805861395
0.9901804420760649
0.9901750120671542
0.9901736812030905
0.9901604699412817
0.990157181935711
0.9901556423151376
0.9901615972059495
0.9901586988264005
0.990161181280406
0.9901662125092361
0.9901655261188468
0.990166475773408
0.9901712336332846
0.9901735532857332
0.9901722788759859
0.9901705901679926
0.9901620186217374
0.9901626861551416
0.9901627227108434
0.9901587812330142
0.9901526661247926
0.9901473886428946
0.9901537578751605
0.9901547508492596
0.9901560944949956
0.990157528188553
0.9901472631587259
0.9901422290008532
0.990138841691529
0.9901377488648596
0.9901328153806951
0.9901280836606842
0.990126874754449
0.9901310006221551
0.9901333721615716
0.9901392994230475
0.9901506178787979
0.9901460622679764
0.9901452240648242
0.9901482060275303
0.9901517956837231
0.9901490168663774
0.9901489388068523
0.9901539878698313
0.9901503663596886
0.9901557224861655
0.9901524075266159
0.9901483023237769
0.9901445311590955
0.9901356420467775
0.9901408425384874
0.9901456726319098
0.9901519975866949
0.9901508729335026
0.990146619732781
0.9901421669883792
0.9901409616650001
0.990141309224629
0.9901365974777576
0.9901343551863194
0.9901422255133864
0.9901434027477837
0.9901340422573051
0.9901305519109023
0.9901362084976442
0.9901349244872846
0.9901294362424848
0.9901268689484264
0.9901192652153807
0.9901086975183107
0.9901038534608936
0.990104298495677
0.9901024811212473
0.9901031170182089
0.9901060418473081
0.9901093439879737
0.9901141699218866
0.9901118485653981
0.9901086889900287
0.9901088850137633
0.9900987899295826
0.9900937501159353
0.9900783042119937
0.9900735766376275
0.9900715479777582
0.9900656331413136
0.9900540542078081
0.9900480355775967
0.9900416519899907
0.9900393149790201
0.9900245203836391
0.9900263092265358
0.9900238310944535
0.9900262960702352
0.9900189845032518
0.9900100263564385
0.9900110707870237
0.9900100339030643
0.9900041471982245
0.9899965083354731
0.989989354666708
0.9899887785171928
0.9899896802774609
0.9899892692675731
0.989985693193797
0.9899897378596094
0.9899888400163853
0.9899883759622283
0.9899883639417851
0.989995812492344
0.9899963774182562
0.9899930609031652
0.9900010293012278
0.9899930224038919
0.9899957371935151
0.9900030762813117
0.9900085409231977
0.9900107725385537
0.9900186535116479
0.990025173854051
0.990027809515982
0.9900339648342361
0.9900370639665665
0.9900363988213862
0.9900309110662862
0.9900360048761017
0.990042784247552
0.9900380047386146
0.9900413028412111
0.9900334331195868
0.9900294183668983
0.9900230123334112
0.9900194018985395
0.9900164921391607
0.9900169040086187
0.9900126548005104
0.9900162501377769
0.9900195468922453
0.9900162157562206
0.9900267357261061
0.9900313583452622
0.9900293247314786
0.990033528602152
0.9900367339467953
0.9900349254796247
0.9900340835958001
0.9900388689857214
0.9900306515020318
0.9900328530036682
0.9900321561448778
0.9900326060825038
0.9900256457167055
0.9900250967105079
0.9900266028580789
0.9900256912978946
0.990022298557149
0.9900262076070846
0.9900235193011482
0.9900219933418335
0.9900223228994927
0.9900196079340304
0.9900162309595926
0.9900088989732239
0.9900058242855967
0.9900032904329392
0.9900024417287392
0.9900072727069967
0.9900066814312503
0.9900109400616762
0.9900094103496054
0.9900159230364846
0.9900198261030306
0.9900211751708184
0.9900188914878255
0.9900240703233336
0.9900243654946761
0.9900219782276546
0.9900144926751734
0.990016341359589
0.9900167810367643
0.9900184426415904
0.9900120468732222
0.9900122972518094
0.9900014921765541
0.9899972521169027
0.9899899833844329
0.9899903383193455
0.9899906753478026
0.9899944501302815
0.9899974470282042
0.989993581307225
0.9899969842673488
0.9900033515414173
0.9900096527919136
0.9900190093702351
0.9900220264910193
0.9900215871346469
0.990023398242354
0.9900200880530963
0.9900245877456947
0.9900270297362258
0.9900283076602033
0.990021738715304
0.9900212528008728
0.9900193383201915
0.9900108968244019
0.9900088068567844
0.9900089491711123
0.9900140982375633
0.9900129697757927
0.9900132855609719
0.9900118246275686
0.990014770546486
0.9900115857497402
0.9900111126043457
0.9900062807909852
0.9900010467505579
0.9899994723550571
0.9899961864356408
0.9899972009094496
0.9900009083883559
0.9900071848027031
0.9900133735725885
0.9900130855408001
0.9900102789736673
0.9900118612813642
0.9900159741293951
0.9900218870134588
0.9900199213940981
0.9900254369756365
0.9900248656112843
0.9900221054053486
0.9900184075688657
0.9900178888733581
0.9900241796294437
0.990027270779276
0.9900287315440727
0.9900350197952099
0.9900331465052489
0.9900302490681245
0.990034214588785
0.9900359958047239
0.9900365006275029
0.990040978582173
0.9900420857069937
0.9900478761527405
0.9900470983450145
0.9900421449736401
0.9900414566382871
0.9900423077548923
0.9900475123765214
0.9900503187821801
0.9900462446478554
0.9900407422796027
0.9900384526265319
0.99003414137692
0.9900334262446202
0.9900302018911236
0.9900314662403944
0.9900223887894913
0.9900182772690611
0.9900147354671872
0.9900098466963414
0.9900094963168322
0.9900107474437305
0.9900131048418761
0.9900124673394601
0.9900120112213117
0.9900051017750585
0.9900046772421326
0.9900109282397106
0.9900166186079014
0.9900159918112211
0.9900174241107953
0.9900219821477226
0.9900194186264856
0.9900198778568996
0.9900241870715494
0.9900297716750639
0.9900296431868743
0.9900257819869148
0.9900277511860535
0.9900219508565697
0.9900182235588482
0.9900210678342625
0.9900210354772734
0.9900171029194952
0.99001718869102
0.9900130562584236
0.9900104341271468
0.9900120832271486
0.9900105550282107
0.9900110207578028
0.9900105640191829
0.9900067220328327
0.9900080883294716
0.9900054988828021
0.9900084900051691
0.9900124876527453
0.990017002527262
0.990019864466218
0.9900178748399945
0.9900160457698183
0.9900142243028031
0.9900149736453484
0.9900125301313644
0.990004408157118
0.9900018319837883
0.9900014590443244
0.990000973921561
0.9900079338309021
0.990017745954393
0.9900166713271429
0.9900202944397772
0.9900209835930515
0.9900200967240478
0.9900130990724313
0.9900141886808471
0.9900113071714164
0.9900037152053187
0.9899963093662123
0.9899948462660353
0.9899968206036595
0.9899992248194714
0.9900028066087777
0.9900019204905447
0.9900032994326589
0.9899989698694072
0.9900009914178459
0.9900064630480793
0.9900090871902055
0.9900108504022309
0.9900124017615637
0.9900168831442647
0.9900243296878899
0.9900279154328455
0.9900287584251461
0.9900306127749406
0.9900350448202964
0.9900387053286052
0.9900358601664841
0.990039024584844
0.9900396526252436
0.9900370874692404
0.990033043715308
0.9900398240906919
0.9900405653445101
0.9900392536548168
0.990034745710953
0.9900382242863504
0.9900358866158049
0.9900301956827927
0.9900295369180258
0.9900256437756207
0.990023086325911
0.9900209665130721
0.9900214647533438
0.9900186055637265
0.9900175465142141
0.9900186645411189
0.9900210920119299
0.9900246371487162
0.9900228398137887
0.9900255764445073
0.9900252770139606
0.9900244320149668
0.9900172751442781
0.9900117632176215
0.9900097053036904
0.9900073182608715
0.990010623784958
0.9900145816256042
0.9900169013652794
0.9900205772058503
0.9900175098801055
0.9900191521092219
0.9900189306205049
0.9900211420482189
0.9900164650855194
0.9900120610795
0.9900091763321341
0.9900128613112466
0.990012595553608
0.9900114457156299
0.9900117814460894
0.990009933508103
0.990010136681205
0.9900077034968178
0.9900081307062799
0.9900057419999143
0.9900062697557309
0.9900063679593145
0.9900022761747964
0.9900048684088876
0.9900048351535411
0.9900097497170337
0.9900138425632691
0.9900179506255586
0.9900165675423986
0.9900164275302727
0.9900170199352988
0.9900125724778388
0.9900108361244427
0.9900096392897383
0.9900125581719382
0.9900102040230297
0.9900143859051427
0.9900170852034438
0.9900188184915085
0.9900242385904382
0.9900277023932679
0.9900261793172748
0.9900273631141054
0.9900271795165534
0.9900273801269558
0.9900298937390566
0.9900313912990996
0.9900299247860636
0.9900244529829223
0.990020773835573
0.9900173955974031
0.9900159095014854
0.9900133581817937
0.9900093405894734
0.9900063259382194
0.9900127720152604
0.9900151045241175
0.9900178944072587
0.9900192838441988
0.9900192460034837
0.9900219232849271
0.990021348081372
0.9900246146626367
0.9900234171439546
0.9900204869626568
0.9900180615762204
0.9900201117887949
0.990020626815407
0.9900207918836472
0.9900225477940638
0.9900214049133934
0.9900207343070098
0.9900212928065912
0.990019624179418
0.9900185630243201
0.9900168861762902
0.9900099420273456
0.9900018989322599
0.9900026526750467
0.9900064594803915
0.9900059487301541
0.9900064918240489
0.990005312893873
