0.8875102508980113
0.9347167539332648
0.9551877821220996
0.963113845932287
0.9681800197789264
0.971016900755915
0.9725803135369806
0.9743139186194816
0.9750007848737576
0.9761572990656203
0.9771166087744962
0.9783934264481052
0.978933386736738
0.9794268760077086
0.9803261779874909
0.9806050211912177
0.98092583095799
0.9811653390808915
0.9814874950699507
0.9820546079119072
0.9824648876878328
0.9827007586161318
0.9833608210366107
0.9837197208648594
0.9838976113885758
0.9839025457453376
0.983992404759324
0.9841956447008379
0.9841304088142021
0.9842496256267806
0.9843460396540981
0.9845501413984787
0.9844302240814341
0.9846274242727829
0.9848422224132319
0.9850950727997777
0.9851317919314967
0.9853381985739204
0.9855110679461366
0.9856337106130105
0.9856936502006994
0.9859124557222446
0.9862991525714357
0.9865781760046868
0.9869171118844335
0.987162657825131
0.9873643588592698
0.9875391953337681
0.9875481923151934
0.9876406449607134
0.9877192604516115
0.9877851616227951
0.9878645827524756
0.9879646121470005
0.9879287871874753
0.9878288651003505
0.9878026317845889
0.987792432444289
0.9878448733294252
0.9878202318484369
0.9877945172906155
0.9877654438265214
0.9877635687261698
0.9878507771178178
0.9878982866814278
0.9879506993315431
0.9879421847920803
0.9879430737459465
0.9880246516613919
0.9880880691018384
0.9881473120776492
0.9882045034563373
0.9882723522713783
0.9883444619450094
0.9884444327438924
0.9885118792886181
0.9885742606208562
0.9885844996447803
0.9885910612985037
0.9886489814230857
0.9886382886091474
0.9887095646547311
0.9887054759673924
0.9886753135752038
0.9886239739520732
0.9885980244771015
0.9885713083131059
0.988542421960309
0.9885735925074541
0.9886625533275707
0.9887557481008914
0.9888191747881692
0.9888557900843047
0.9888822846765275
0.9888674129808271
0.9888744665719511
0.9888843957451431
0.9888973927304288
0.9889479454757056
0.988948773163824
0.9890369322377136
0.9891183175575042
0.9892076252782498
0.98927212297875
0.9892320011153304
0.989231409673412
0.9892161750299713
0.989170150059646
0.9892066521624574
0.9892420535013082
0.9892298924932528
0.9892206065900647
0.9892635147776555
0.9892408558480921
0.9892240359708979
0.9892503033903759
0.9893393997699759
0.9894208477164215
0.9894645546363703
0.9894762806805971
0.9894571777063688
0.98947388250213
0.98944852244145
0.989397059845382
0.9893804732995348
0.9893576555395078
0.98934889705886
0.9893440511097138
0.9893846551088464
0.9894273031803218
0.9894169590484518
0.9894508569308734
0.9894906768100616
0.9895138385567339
0.9895399062513218
0.9895264754962205
0.9895425528080678
0.9895604658013871
0.9895718248607748
0.9896034800793067
0.9896272070279635
0.9895718987130682
0.9895425451956846
0.9895601189947175
0.9895378540597902
0.9895118967522669
0.9894906588540358
0.9894876833774666
0.9894841639102647
0.9895355918885687
0.9895772842049008
0.9896337826379888
0.9896798904957631
0.989722914025899
0.9897460603567293
0.9897548291860967
0.9897795352630357
0.9898107170747253
0.989872571482637
0.9899071361721341
0.9899147636932428
0.9899040524720834
0.9899318941349616
0.9898940848142747
0.9899000038976117
0.9899293215958896
0.9899453019893588
0.9899835688729703
0.9899447579571242
0.9899507087224755
0.989958583259739
0.989937110686273
0.9898890084841322
0.9898662989195982
0.9898526544523578
0.9898716310380709
0.9899002061486882
0.989918990999227
0.9899307033475726
0.9899163104788513
0.989957440008091
0.98996858119519
0.9899964265524097
0.9899890203119454
0.9900080786009521
0.9900292727376447
0.9900461182233455
0.990057889816664
0.9900626207242542
0.9900835920649715
0.9901050594184724
0.9901197089632437
0.9901382967286901
0.9901245425830222
0.990097894734638
0.9900735515991836
0.9900327757304602
0.9900185006264594
0.9900290042961624
0.9900226780398338
0.9900132251383433
0.9900054849431521
0.9900080850829673
0.9899476433569451
0.9899130649016624
0.9899002367788977
0.9899103190784582
0.9899352593766991
0.9899307983558348
0.9899182498973305
0.9899386783035837
0.9899685730197499
0.989971860223692
0.9899644775704496
0.989958840594876
0.9899274856301716
0.9899239619305751
0.9899341567169386
0.9899332122805685
0.9899315772480121
0.9899478882798503
0.9899606028241412
0.9899602888397881
0.989955660628291
0.9899387512369088
0.9899574982301229
0.9899487359959435
0.9899506051450361
0.9899671892175115
0.9899821190806507
0.9900169491641245
0.9900396291153425
0.9900468524803803
0.9900360510736084
0.9900335129956518
0.9900184577335429
0.9900226334774941
0.9900255426571483
0.9900144145211675
0.9900319370516951
0.9900255758797956
0.9900341398349126
0.990035736099465
0.990023917221169
0.990038645758894
0.9900333268360065
0.9900335739722796
0.9900509355464624
0.9900758866386195
0.9900814260777916
0.9900739729937452
0.9900518315783181
0.9900385773290892
0.9900434452168787
0.9900502083330603
0.9900624204154227
0.9900560996234875
0.9900756154983642
0.9900746544900186
0.9900864451665058
0.9901021755144834
0.9901259413341161
0.9901468892781927
0.9901781211323926
0.9901996841835714
0.9902366655322193
0.9902445929319369
0.9902529635276061
0.9902550740718483
0.9902685434946162
0.9902904836559605
0.9902984861640345
0.9903059095173555
0.9903274527165478
0.9903452364337262
0.9903565754560375
0.9903706662183258
0.9904010159028519
0.9903915205904343
0.9903738421743016
0.9903665648443384
0.9903479605408663
0.9903248019098212
0.9903269092486218
0.9903261387659476
0.9903201330383178
0.9903109366589623
0.9903266760570253
0.9903249890655527
0.9903126188789262
0.9903066215766599
0.990290970411984
0.9902794304299597
0.9902691682191901
0.9902677836144353
0.990278528382936
0.9902646811721555
0.9902674621772676
0.990267005785151
0.9902564759589212
0.9902696743495005
0.9902724013120359
0.9902808307922549
0.9902740023036988
0.9902613454476651
0.9902494782818512
0.990262687766498
0.99028455618395
0.9902848445777562
0.9902874953320655
0.9902901919587155
0.9902960825676392
0.9902968742732585
0.9902761910749773
0.9902513944745123
0.9902301099897431
0.9902260976649728
0.9902286255611198
0.9902389228914057
0.9902657923091633
0.9902780048585489
0.9902992055217901
0.9903175480165826
0.9903221688900993
0.9903210498460059
0.9903104839335557
0.9903233931027725
0.9903349982526183
0.9903488107074437
0.9903496240397074
0.990365169760141
0.990369159940337
0.9903856466055533
0.9903796753718097
0.9903762649388452
0.9903847648364865
0.9903780344858766
0.9903824187542034
0.9903813791876868
0.9903677041141572
0.9903566452146942
0.9903538344611045
0.9903591654581895
0.990376499307501
0.9903832911759648
0.9903857982374515
0.9903855793085495
0.990387823150485
0.9903788808296774
0.9903832254946889
0.9903912510934447
0.9903994111576911
0.9903972641806598
0.9904061066439731
0.9904104002965566
0.9904195885063761
0.990405062500614
0.9903922937247299
0.9903841098957855
0.9904022139869871
0.9904120695244093
0.9904133940510503
0.9904129913163208
0.990387673146372
0.9903841951586627
0.9903880720668843
0.9903901228101297
0.9903765499336267
0.9903617312101416
0.9903605364647803
0.9903604626138028
0.9903759849817803
0.9903806083095336
0.9903884088838899
0.9903784833939833
0.9903777860662215
0.9903938133867175
0.9904113229843147
0.9904138916876276
0.9904038318895803
0.9904004831556064
0.9903891643745093
0.9904057073056417
0.9904129175475388
0.9904146206734618
0.9904060193854948
0.9903977032816468
0.9904041457906373
0.9904100682717025
0.990395892127088
0.9903904712741162
0.990395193990223
0.9903947430043606
0.9903933635208004
0.9903965962601848
0.9904019978904783
0.9904159894310067
0.9904215721573335
0.9904110875977971
0.9903996999656043
0.9903993542907064
0.9903834852780714
0.9903747445408642
0.9903823644707771
0.9903833263688284
0.990397611106255
0.9904142307653059
0.9904169673631986
0.9904176364703441
0.9904198399266207
0.9904284080016486
0.9904252110279727
0.9904273906178233
0.9904298384126495
0.9904456958649683
0.9904692380299734
0.9904827058177066
0.9904874665915324
0.9904810408331292
0.9904793744588881
0.9904739441227594
0.9904781193931441
0.9904711917113997
0.9904665138348263
0.9904747414234012
0.9904790166373734
0.9904729962144553
0.9904651041676584
0.9904661903696403
0.9904593451392337
0.9904671781770936
0.9904656852110152
0.9904686904658001
0.990475179042565
0.9904831975436683
0.9904956966311816
0.9904921746115031
0.9904893244904319
0.9904826412237788
0.9904755165745738
0.9904793371872446
0.9904761149782191
0.9904737796264015
0.9904677223592924
0.99045784015816
0.990451121237998
0.990457018811461
0.9904615259750209
0.9904530448172428
0.9904511330888872
0.9904641916099965
0.9904650828017292
0.990465195655147
0.9904748547284948
0.9904767316218065
0.9904895546295504
0.990499030729861
0.9904892394398433
0.9904916078766428
0.9904903308977616
0.990487034856352
0.990485237824016
0.9905001791704874
0.9905052361749879
0.9905070013755987
0.9905082553289695
0.9905086771083257
0.9905054672670397
0.9905088933340618
0.990512226499077
0.9905143406461034
0.9905091517064967
0.9905022258369516
0.9905016236900958
0.9904975259225239
0.9905003296308692
0.9904980019878395
0.9904865794223827
0.9904824528197052
0.9904955723510609
0.9905067703933121
0.9905144785673989
0.9905113657697083
0.9905075457912695
0.9905056063564351
0.9905073286348521
0.9905028110866557
0.9905143995765882
0.990519905869573
0.9905362401043784
0.9905403011191549
0.9905402049117175
0.9905500675710509
0.9905529160213733
0.9905587491502723
0.9905626956960045
0.9905683285095322
0.9905740238680045
0.9905797369312722
0.9905879607033271
0.9905909173340983
0.9905975848981333
0.9905925579290806
0.9905849101773498
0.9905920166672831
0.9905836349778767
0.9905854018495246
0.9905819641150554
0.9905761163599409
0.990577738257422
0.9905770480938969
0.9905722300939008
0.990567128725376
0.9905667337470011
0.9905609280564677
0.9905636386884132
0.9905617748501101
0.9905456547820153
0.9905452164674541
0.9905449374283106
0.9905442397220721
0.9905453601326294
0.9905418778247814
0.9905388262336233
0.9905427973282339
0.9905441093355439
0.9905387918734262
0.9905373542392947
0.9905300172788217
0.9905208967973654
0.9905178269140541
0.9905067225835702
0.9905080924748437
0.9905106241191466
0.9905126359070001
0.9905078648901005
0.9905078853020184
0.9905140911989555
0.9905106399493071
0.9905137521985387
0.9905185962092361
0.9905167196631159
0.9905143494284269
0.9905026313809056
0.990491411510284
0.9904896469150946
0.9904822499057333
0.9904809353295732
0.9904849458184828
0.9904807634219651
0.9904750581735362
0.990480600230355
0.9904904900565031
0.9904963096499532
0.9905007127051882
0.9905020578013243
0.9905074730747908
0.9905106904775105
0.9905056253001908
0.9905110800740127
0.9905111346929508
0.9905052015832179
0.9905061663480361
0.990508111650109
0.9905000150058204
0.9904979536507118
0.9904990957309681
0.9905032487274119
0.9905095350991149
0.9905101239332784
0.9905093081121021
0.9905085198360531
0.9905023452255588
0.9905050006682263
0.9905020568554941
0.9905129016933776
0.9905095627955197
0.9905059610470166
0.9904974894646063
0.9904866604836469
0.990476366026998
0.9904717649890212
0.9904606579494556
0.9904623014194625
0.9904593367639625
0.9904569609347446
0.990455431031285
0.9904636551244491
0.9904712891872035
0.9904641789692132
0.9904623705001527
0.9904581679936514
0.9904607776616782
0.9904536211072255
0.9904478019388392
0.9904417053602287
0.9904338748578699
0.9904274746385725
0.9904248674831907
0.9904324533575772
0.9904425986918632
0.990447951283564
0.9904450307374184
0.9904452670425918
0.9904432800973562
0.99044531627748
0.9904416707593903
0.9904452890879997
0.9904410404995417
0.9904383857261194
0.9904418888693849
0.9904389108878174
0.9904407582630598
0.9904413014772111
0.9904470111528675
0.9904439695336015
0.9904518403279458
0.9904590795141563
0.9904576877689703
0.9904471099272795
0.9904372441917183
0.9904320232191495
0.9904339468921181
0.9904378519629866
0.9904335919174563
0.990438774937062
0.9904341742376613
0.990438868582231
0.9904380268267424
0.9904371958203779
0.9904417983744527
0.990451733666689
0.9904548422590914
0.9904688305639815
0.9904885757381025
0.9904970517946232
0.9905077500937957
0.9905111713972722
0.990514163813852
0.990517349675101
0.9905216493386839
0.9905253900607814
0.9905330012277029
0.9905296538735251
0.9905319464995106
0.9905361405039879
0.9905428225424503
0.9905493880238271
0.9905540903008844
0.9905588304479362
0.9905591229918991
0.9905547045169465
0.9905605029366905
0.9905641114183932
0.9905685566281314
0.9905743876826087
0.9905746323961386
0.9905674858335193
0.9905727937361332
0.9905779639934768
0.9905888621523993
0.9905933556341585
0.9905992528167609
0.9906036758858956
0.9905994593075771
0.9905972962341713
0.9905898051086693
0.9905805122311068
0.9905709887742262
0.9905650001233349
0.9905638749413124
0.9905503576507386
0.9905541683518342
0.9905565369336666
0.9905593668786133
0.9905654141570205
0.9905733021449209
0.990572694357753
0.9905764984532942
0.9905739625113146
0.9905732522447209
0.9905708361413933
0.9905748178800243
0.9905741953907793
0.9905760132600238
0.9905758638443872
0.9905745057937542
0.9905690195784138
0.9905693611609666
0.9905731256935442
0.9905760236590738
0.9905769022365004
0.9905859340018967
0.990587116270566
0.9905977609573496
0.9905976564797175
0.9905993644690648
0.9905965395862172
0.9905888603698874
0.9905898422622575
0.9905867016091536
0.9905844835255784
0.9905861053776612
0.990577750752303
0.9905742852343755
0.9905736523989235
0.9905721238646469
0.9905738558411463
0.9905816745390432
0.9905872179561845
0.9905867422679041
0.9905821427427052
0.9905880660445717
0.990600012503815
0.9906101036160837
0.9906084066069183
0.990617946453602
0.9906110627035836
0.9906036897760201
0.9906024491612315
0.9906045629798763
0.9906096643852116
0.9906093560479194
0.9906048066156597
0.9905988371237507
0.9905940851907581
0.9905921138940849
0.9905944449227012
0.9905946807981393
0.9905948079997893
0.9905912730210175
0.9905868785063657
0.9905856636354073
0.9905786089265142
0.9905774681050281
0.9905773889590093
0.9905816694526683
0.9905874629184681
0.9905877081611978
0.9905874904231567
0.9905845284541274
0.9905842467837873
0.9905871963333842
0.9905823022079635
0.9905763695273644
0.9905719917254768
0.9905746768002559
0.9905732233342367
0.9905692990835743
0.9905683462630731
0.9905722662098679
0.990573025836281
0.99058401200698
0.9905952308273092
0.9906078260681553
0.9906098368577628
0.9906085382722841
0.9906039000249438
0.9906103139668845
0.9906156679141211
0.9906196640066721
0.990624513815911
0.9906351644918263
0.9906425067423288
0.9906462961918489
0.9906424411533896
0.9906417600754757
0.9906384935054556
0.9906284952343332
0.9906229534657088
0.9906279126924802
0.9906346672689699
0.9906347152372119
0.9906280657898455
0.9906309144786383
0.9906362140113505
0.9906426066889451
0.9906492030775914
0.9906534932086156
0.9906551993955922
0.9906531002460499
0.9906520611809173
0.9906552397644335
0.9906554296152574
0.9906512533380816
0.9906487876454931
0.990654294431247
0.990658524815722
0.9906609431099752
0.9906550085892788
0.9906545947981429
0.990647544706655
0.9906373219396878
0.990627035728004
0.9906214207043045
0.9906163745979331
0.9906181022598721
0.9906084220056826
0.990613539741029
0.9906141961857291
0.9906139535207713
0.9906126674664524
0.9906066072844948
0.9906012167516488
0.9905964321612106
0.9905944642823798
0.9905930573052307
0.9905890253977923
0.9905881425546187
0.9905803761048428
0.9905788538509289
0.9905669690726405
0.9905574604459445
0.9905501107347289
0.990553035065894
0.9905582516425021
0.99056669373649
0.9905735802437071
0.9905726175958257
0.9905783002451203
0.9905801767892745
0.9905774759205969
0.9905793073644799
0.9905833005408515
0.9905800904526317
0.9905828556646641
0.9905797686471896
0.9905809648168371
0.9905756468232918
0.9905696119492874
0.9905668832936083
0.9905620553486044
0.9905673534619251
0.99057830583457
0.9905763532102934
0.9905803566342232
0.9905777173918026
0.9905799238171092
0.9905713421959659
0.9905651604243837
0.9905599009862357
0.9905596112023632
0.9905565018667147
0.9905540782793671
0.9905518841754771
0.9905503798973476
0.9905479993592083
0.9905463134642253
0.9905464272973047
0.9905452094315654
0.9905479720162044
0.990548868706865
0.9905501053989614
0.9905547678507248
0.9905617421249192
0.9905640342198533
0.990566663342741
0.9905701729359156
0.9905737469367222
0.9905737248648412
0.9905688108998035
0.9905710640020938
0.9905729637544963
0.9905673683494489
0.9905649048766739
0.9905622328807527
0.9905555735258522
0.9905507511172205
0.9905477478714043
0.9905522154883707
0.9905446829427087
0.990539639458017
0.9905346840354723
0.9905271492475388
0.9905275940284015
0.9905365713905243
0.9905418336557176
0.9905462902752531
0.9905515493700848
0.9905567707239173
0.9905523862202943
0.9905469441395448
0.9905424445786277
0.9905460662790729
0.990548586052415
0.9905510549864592
0.9905499615447411
0.9905525069703707
0.9905540162008062
0.9905620907168778
0.9905659662322442
0.9905621777581459
0.9905662281001948
0.9905653669313517
0.990562316963193
0.9905592670696696
0.990565080422728
0.9905713435541047
0.9905719565063028
0.9905675278705214
0.9905624653798899
0.9905648766079155
0.9905684615890882
0.9905722681096079
0.9905715645801054
0.9905767639195217
0.9905817102200429
0.9905762460912225
0.9905779543816807
0.9905803434253505
0.9905846103484646
0.990583114442436
0.9905784984141575
0.9905810152723589
0.9905818549194707
0.990582904105522
0.9905782325643998
0.990568716712785
0.9905657879075941
0.9905641427806477
0.9905645271066149
0.9905617975486637
0.9905598946963424
0.9905556480312366
0.9905538368559331
0.9905552655241049
0.9905580920106398
0.99055790003102
0.9905595087230495
0.9905589570346696
0.9905579752553906
0.9905588960900701
0.9905584603008966
0.9905556694479685
0.9905520155018934
0.9905479571352996
0.9905424079047069
0.9905452037339749
0.9905467648482146
0.9905489394979919
0.9905423208245417
0.9905344081432801
0.9905314887811575
0.9905216962670754
0.9905182944514407
0.9905181756726352
0.9905222261691602
0.9905191165559668
0.9905183617927522
0.9905161382833347
0.9905193107211692
0.9905243248936151
0.9905234454009547
0.9905279670367517
0.9905305718853037
0.9905365513692542
0.9905398008634179
0.9905404958192406
0.9905459846971177
0.9905434048475231
0.9905404375887618
0.9905357290033183
0.9905320193835574
0.9905361938651639
0.990536769259217
0.9905370612984423
0.9905394906913889
0.9905417373886806
0.9905401509660018
0.9905387173566887
0.9905360019579451
0.9905366457665217
0.9905380772314223
0.9905362632701674
0.9905414760426025
0.990547048462733
0.9905511709302822
0.9905526772710417
0.9905564329522177
0.9905571227893571
0.9905568021026251
0.9905587767742849
0.990557967710132
0.9905660444210329
0.9905671463766572
0.9905698719720908
0.9905660197584952
0.9905571256243627
0.9905516862626369
0.9905519654377525
0.9905545068397206
0.9905557326915052
0.9905531012942576
0.9905514735980688
0.9905483627912374
0.9905555104642195
0.9905585807569046
0.9905592720787433
0.9905571102649312
0.9905516196722767
