0.37140306295323555
0.47870165682915256
0.517305414905666
0.5696861190627316
0.6120853255032264
0.6317774047741095
0.6507453132989875
0.6746881960197709
0.6933377360624948
0.7063103473043415
0.719911032708584
0.7364194543374802
0.750943220028638
0.7622177852836458
0.7745049716358354
0.788979398197343
0.8031696969714344
0.8170109644321519
0.8282342082321389
0.838505592743101
0.8467015128937181
0.8541742408482579
0.860270874009949
0.8666365171974741
0.8724866876996125
0.8772481395328379
0.8820870988388536
0.8864461688367006
0.8903915301167958
0.8947206787729457
0.8983627561229328
0.9017809444009324
0.9047931634391652
0.9076171520197713
0.9103203758697076
0.9132953116942769
0.9157162646401308
0.9177791050045238
0.9197510076905665
0.9218732476157234
0.9239008443629507
0.9257555895391153
0.9276377917657975
0.9293455626149457
0.9310605557825016
0.9327256668162177
0.9340582240545655
0.9353318625868043
0.936589852115513
0.9378112044282925
0.9391432652523629
0.9403330485147493
0.9415766761736672
0.94286621153466
0.9440816972325787
0.9454044466701376
0.9465281465423387
0.9476239347538992
0.9486305408718387
0.9495509839590857
0.9504384064323791
0.9513701396640976
0.9523866761339305
0.9532472708971987
0.9540282763051162
0.9547704935840766
0.9555129378266984
0.9562512128442066
0.9569122440553706
0.957500629048262
0.9581758268877137
0.9587840611092981
0.9592699766531435
0.9597256616005254
0.9601473909020674
0.9605536029350727
0.9608694742561922
0.9611721302978664
0.961480684658883
0.9617778056317574
0.9621671582829051
0.9625171731354961
0.9628300478367369
0.9631302208382071
0.9634544567128084
0.9638033915735543
0.9640843121553455
0.964413675659971
0.9647586144543756
0.9650903500105126
0.9654310050488487
0.9658290535381963
0.966208538224006
0.9666023860256155
0.967003894080921
0.9673657887249013
0.967704083985357
0.9679964832414536
0.968247248553144
0.9684845481307249
0.9687448323084887
0.9689663915693547
0.9691665669994635
0.9693072649535942
0.9694973185157881
0.9696533996883351
0.9698516878945905
0.9700734759398885
0.9702386686188128
0.9703633951785501
0.9704829238417948
0.9706718805309048
0.9707983007837744
0.9709307786002044
0.9710509101428559
0.9712131018664485
0.9713867514987605
0.9715261460660259
0.971650440385679
0.9718178503825845
0.9719574754047051
0.9720840460834007
0.9721993992489444
0.9723168643306583
0.9724841729588747
0.9726658997648578
0.972799687581985
0.9729482877512945
0.9731038282441387
0.9732354272992654
0.973390728279023
0.9735187223273619
0.9736631823255333
0.973830174681561
0.9739917973994018
0.9741345119014749
0.9742562223745868
0.9743590169104895
0.9744920909398108
0.9746013933034167
0.9746780295800085
0.9747342903800792
0.9747991223069644
0.9748553754023518
0.9749160069394109
0.974951982156207
0.9750154366482293
0.9750734378739913
0.97513788696864
0.9752304102528315
0.9752960087374947
0.975369370751315
0.9754520716463131
0.9755306096081432
0.9756101841275768
0.9757071685382119
0.9757965226138636
0.9758866111784771
0.9759784310509125
0.9760788960859923
0.9761624085642363
0.9762741937373622
0.9763666451365282
0.9764391543867629
0.9765267637434855
0.9765937128581876
0.9766840882391387
0.9767727189350928
0.9768554660702635
0.9769240622654555
0.9769707934691289
0.9770114232930341
0.9770576428914705
0.9770864735183141
0.9771214833533043
0.9771486644139578
0.9771719692653053
0.9772289342988147
0.9772908784868274
0.9773448527088486
0.9774072017840354
0.977472606234902
0.9775402651782743
0.9776231673373215
0.977695897462459
0.9777718490517059
0.9778523875719829
0.9779606357555447
0.9780444395427127
0.9781388414838124
0.9782335452013643
0.978314240257771
0.9783901476256575
0.9784865984698023
0.9785922622035051
0.9786981519823035
0.9787953000265167
0.9788838506671788
0.9789708140950639
0.9790485974581201
0.9791358367567427
0.9792348326382535
0.9793345908689609
0.9794077607465064
0.9794926886686725
0.9795897344538352
0.9796490344976063
0.9797015856287562
0.9797456026959442
0.9797800702563809
0.9798277759467746
0.9798702440158821
0.9799194139154257
0.9799695982626819
0.9800100696698509
0.9800561676684401
0.9800998575104963
0.9801484581599428
0.9801850670164445
0.9802317573828927
0.9802742880468155
0.9803191579377345
0.9803563929734123
0.9803936368193872
0.9804363691695127
0.9804843172302158
0.9805249314402138
0.9805591107994659
0.980597867121357
0.9806597830380387
0.9807157054576833
0.9807798974195189
0.9808437010000298
0.9809002527694952
0.9809625605210821
0.9809999688995404
0.9810443676691804
0.9810835272347284
0.9811290624466668
0.981177029879091
0.9812319183790058
0.9812956315738149
0.9813643191282863
0.9814198440414059
0.9814790206103107
0.9815335043573726
0.9815877295221223
0.9816284528103669
0.9816797092821189
0.981733090958569
0.9817763907839121
0.9818214887800484
0.9818531933690768
0.981884818250264
0.9819175595822426
0.9819309351687575
0.9819623767302768
0.9819954035765508
0.9820344487862813
0.9820705921506929
0.982102932847833
0.9821284150122793
0.9821486046002104
0.9821763644875492
0.9822075381721523
0.9822402137642626
0.9822884421783314
0.9823245553610207
0.9823606648239042
0.9823875236672637
0.9824320030329827
0.9824705350777173
0.9825008670916119
0.9825358527172964
0.9825574232482747
0.9825725390820069
0.9825828577126066
0.9826025532763006
0.9826250449356059
0.9826376936774024
0.9826739799913201
0.9827104930757052
0.9827448008833665
0.9827848934344584
0.9828102476599306
0.9828432016518284
0.9828733784629441
0.982905596601047
0.9829292582904284
0.9829528215256005
0.9829807927400099
0.9830139296351578
0.9830470167314287
0.9830774885305812
0.9831096496746803
0.9831374800055811
0.9831708396038465
0.9831983758519486
0.9832219000202216
0.9832453278526155
0.983263979021535
0.9832744895549096
0.9832906835504482
0.9833104698038877
0.983327738084261
0.9833373905430339
0.9833505006543176
0.9833569821324643
0.9833682295657709
0.9833844647357283
0.983404942819054
0.9834073431515175
0.9834143096261625
0.9834297445440638
0.9834436045196804
0.9834471788154523
0.9834552729092126
0.9834719606690505
0.9834850371614159
0.9834956671317115
0.9835135310128668
0.9835343734766387
0.9835586198096223
0.9835903656598525
0.9836225702176169
0.9836449534886732
0.9836612635538428
0.9836828869661265
0.9837006834057853
0.9837130761680607
0.9837132829854336
0.9837084137964884
0.9837046420009574
0.9837006084223565
0.9836988062846969
0.9836967118499953
0.9836981602718079
0.9836982303512648
0.9836986444238123
0.983699580931402
0.9836953307231232
0.9836936133508755
0.9836857986345952
0.9836796492316283
0.9836695804186711
0.9836570218804617
0.9836456197552982
0.9836359823078802
0.9836345555493131
0.983635785396467
0.983633984333132
0.9836212625550752
0.9836075375914369
0.9835911240604416
0.9835788264695094
0.9835673018870266
0.983567690858048
0.9835791767059134
0.9835854672194416
0.9835837402955793
0.9835841276207508
0.9835934875659139
0.9835987507542301
0.98361063303463
0.9836255323615845
0.983636950184462
0.9836471690389363
0.9836621626933932
0.9836846390788275
0.9837089190841022
0.9837358062745358
0.9837591732452826
0.983776306033199
0.9838034149677737
0.9838227390720168
0.9838532433578028
0.9838859275059073
0.983915259352605
0.9839436076498056
0.9839662783701711
0.9839961257179981
0.984018696065361
0.9840400377614706
0.9840634710363979
0.9840766018530221
0.9840821880693023
0.9840915802914157
0.9841029890179358
0.9841183644550421
0.984133794008554
0.9841406933526008
0.9841551080864326
0.98417228490786
0.9841985704236256
0.9842223264926888
0.9842526500771125
0.9842748219980072
0.9842944748322483
0.9843133788801793
0.9843350377746576
0.984357929846405
0.9843742349683163
0.9843977648839891
0.9844188674820852
0.98443474145092
0.9844432069168882
0.9844564019746087
0.984469416712032
0.9844831030698661
0.9844956874227682
0.9845126511082005
0.9845239278575125
0.984536568445934
0.9845471688256561
0.9845529380736727
0.984554353525672
0.9845672749191731
0.9845730054473377
0.9845796460138992
0.9845807594910722
0.9845815423262424
0.9845854390345209
0.9845938928889041
0.9846072898324886
0.9846127092781023
0.9846175146254524
0.9846253833909531
0.9846309436642072
0.9846384984525933
0.9846439593094704
0.9846545674012224
0.9846688073615079
0.9846823805309864
0.9847076798932881
0.984724465988896
0.9847448500096717
0.9847648624097833
0.9847828591202535
0.9848008527272789
0.984806823051482
0.9848182362932936
0.9848324271868732
0.9848542161496618
0.9848770480864403
0.9848976216025039
0.9849238574899508
0.9849436754006633
0.9849575339486532
0.9849768609558646
0.9850072209838129
0.9850321729123478
0.9850598081726847
0.9850907468787854
0.9851268418788104
0.9851616319046534
0.9851942603650704
0.9852215510446989
0.9852494022230668
0.9852745429101074
0.985296787702777
0.985323303208039
0.9853398815438595
0.9853518961288119
0.9853624876904953
0.985375494984948
0.9853931013012946
0.9854139845515575
0.9854296129996429
0.9854510423709555
0.9854660680678652
0.9854750480923845
0.9854887246990965
0.9855013324780205
0.9855142904869454
0.9855266700288207
0.9855426048908345
0.9855524247010078
0.9855617896675932
0.9855670005567847
0.9855761017317629
0.9855829520658919
0.9855879521932025
0.9855906669159045
0.9855962624039885
0.9856038880175091
0.9856083863533329
0.9856130471513813
0.9856169081239583
0.9856171761454954
0.9856155441621223
0.9856207616614505
0.9856254737956115
0.9856266519572923
0.985629490474921
0.98563924516424
0.9856476002238147
0.9856571751558603
0.9856673401452642
0.9856800624736892
0.9856945784776024
0.9857067862526419
0.985716420896596
0.9857283575235669
0.9857356546828592
0.9857461116801864
0.9857629661556726
0.9857752938752466
0.9857836171840092
0.985800105450163
0.985811764729392
0.9858214248721253
0.985829315505943
0.9858397873444665
0.9858531614405007
0.9858674852223585
0.9858854376352657
0.9858993618346955
0.985914384211021
0.985930192665281
0.9859491712436355
0.9859640750681291
0.9859772765245
0.9859843644387668
0.9859888564139396
0.9859931613855388
0.985998278834786
0.9860000584071954
0.9860028088369204
0.9860055284656217
0.98600734344504
0.9860145867930225
0.9860194859211248
0.98601736676476
0.9860150843032169
0.986016855878079
0.9860168057409253
0.9860207255182359
0.9860247208139428
0.9860316657449458
0.9860341574874791
0.9860399393708579
0.9860477685178693
0.9860527297165517
0.9860619766443386
0.9860750984174901
0.9860802914917799
0.9860847375355101
0.9860909001095373
0.9860967700504272
0.9861019242199013
0.9861057245529588
0.9861138278271501
0.986114122794876
0.9861121694873741
0.9861127116319005
0.9861110526489425
0.9861076707313766
0.9861083354550144
0.9861095372617792
0.9861131334056232
0.9861159821396481
0.9861159212030647
0.9861195280272284
0.986119214845594
0.9861223994041813
0.9861255242481952
0.9861252874052512
0.9861320285829938
0.9861322288906533
0.9861277696914977
0.9861228562932305
0.9861165152677981
0.9861123505080027
0.986104931491773
0.9860985481988371
0.9860964818250311
0.9860914080155243
0.9860869192392561
0.9860874264677927
0.9860848440703156
0.9860868741100676
0.9860933633542852
0.9860970838568363
0.9861051909632927
0.986113962487827
0.9861225746164147
0.9861325186539347
0.9861370678424028
0.9861417928741397
0.9861496714471641
0.9861613770992835
0.9861747482049884
0.9861833389388649
0.9861960775023784
0.9862141401271426
0.986231881289683
0.9862448691904513
0.9862548595210405
0.9862661972224551
0.9862757585977457
0.9862876379023752
0.9862997737248914
0.9863090733955093
0.9863133615466073
0.98632131615627
0.9863311509863331
0.9863384427091929
0.9863486109858703
0.9863535138373596
0.9863535316703325
0.9863573383765297
0.9863604927223087
0.9863624410561773
0.9863654141471766
0.9863717066394021
0.9863771476294946
0.9863812368313535
0.9863909081576651
0.9863959216884277
0.9863903859091133
0.9863822871651707
0.9863831758342118
0.9863832403070723
0.9863908996091164
0.9863992798818629
0.9864109024289958
0.9864248452307949
0.986436217682346
0.9864504079109305
0.9864596320709278
0.9864751995087556
0.9864892725547049
0.9865033880900362
0.9865156135587562
0.9865265142353437
0.9865289825867136
0.986531028640491
0.9865369777070978
0.9865448602340975
0.9865532208923518
0.9865617551972387
0.9865653681817684
0.9865695188928931
0.9865758488220496
0.9865814997843639
0.9865919724723647
0.9866014943450853
0.9866087963683393
0.9866100488382825
0.9866097531373893
0.9866106468793783
0.9866099359650677
0.9866033481817875
0.9865975877121358
0.9865941900555321
0.986584193767926
0.9865809207053449
0.986574805121474
0.9865727762284406
0.9865699879159538
0.9865650887617242
0.98655663492593
0.9865474633785675
0.9865380188080383
0.9865293398509252
0.9865182668297933
0.9865133843287223
0.986509288058293
0.9865123359820162
0.9865136350524395
0.9865234242630057
0.9865322458489625
0.9865373977795738
0.9865465524275597
0.9865485560848182
0.9865490176775278
0.986549959722548
0.9865532777067634
0.9865541147786552
0.9865543747135761
0.9865533176460652
0.986558587313521
0.9865635654188677
0.9865724225691477
0.9865815945737616
0.9865903989789092
0.9865967630544336
0.986604008879026
0.9866088476765512
0.9866149678151817
0.9866156445086853
0.9866214639202389
0.9866291009118343
0.9866275994192243
0.9866282729627863
0.9866348003621624
0.9866350785499406
0.9866289185807153
0.9866232190336622
0.9866187341565996
0.9866146797340543
0.9866132038477475
0.9866119631702979
0.9866077363847123
0.9866046193953598
0.9865984392300979
0.986592930944298
0.9865881806148867
0.9865867390718227
0.9865852529290726
0.9865855805315585
0.9865853734331864
0.9865861442430004
0.9865895602588829
0.9865971329385802
0.9866011094652112
0.9866095611741842
0.986621432072014
0.986632002952164
0.9866447163435444
0.9866578202704808
0.9866671036488625
0.9866778646124434
0.9866887979390968
0.9867004052620606
0.9867101254955398
0.9867188131175049
0.9867313157953698
0.9867401434076848
0.9867509562790904
0.986761481907625
0.9867660048233097
0.9867717525018646
0.9867754652343319
0.9867765348556921
0.9867800318678503
0.9867819164106746
0.9867830025881011
0.986780717760552
0.9867826092128611
0.9867820101927894
0.9867806805692179
0.9867825902805788
0.9867857352485779
0.9867919116012094
0.9867966696116275
0.9868020190096489
0.986808649772311
0.9868161861148874
0.9868217462513186
0.9868298653574974
0.9868393272030196
0.986843764068525
0.9868491327371846
0.9868559202044078
0.9868596556555266
0.9868638368395659
0.9868681882297606
0.9868738691521323
0.986877536929594
0.9868807722330958
0.9868816918742364
0.9868857371304598
0.9868944064071861
0.986901252139608
0.9869038130461337
0.9869022875194434
0.9869028938221597
0.9868994355761639
0.9868949372583359
0.9868916263987337
0.9868881680243083
0.9868865242162059
0.9868868924994342
0.9868890330581118
0.9868929558338876
0.9868958463877304
0.9868964345597847
0.98689936972028
0.9869050797606184
0.9869087787528336
0.9869125247363548
0.9869195566507741
0.9869229417745111
0.9869294988878213
0.986932733765333
0.9869363544918891
0.9869401494126998
0.9869416554256625
0.9869461597428573
0.9869471545943087
0.9869450059284802
0.9869420599002549
0.9869403086641677
0.9869426834808465
0.986945175080537
0.9869476405091621
0.9869535919715381
0.9869587108853644
0.9869607484615898
0.9869607656292608
0.9869592055139489
0.986957978600175
0.9869552892216906
0.9869559668438989
0.9869588300768449
0.9869595962099089
0.9869579773891273
0.9869542510871366
0.9869530465634433
0.9869545515784646
0.986948817659154
0.986940841252409
0.9869346653919936
0.9869263752120858
0.9869147725101669
0.9869054901653375
0.986895119304399
0.9868883491544592
0.9868819996021109
0.986881567204646
0.986877323823191
0.9868763203474229
0.986875556552365
0.9868700573447141
0.9868637910220015
0.9868574382947289
0.9868488566849214
0.9868417752235298
0.9868346485470484
0.9868292551747143
0.9868257417124269
0.9868199929498243
0.9868154882289588
0.9868123717437611
0.9868107733810678
0.9868105595374678
0.9868084615615232
0.9868027456907363
0.9868007175046594
0.9868011786981188
0.9868056603140984
0.9868095403923078
0.9868156155556224
0.9868231753838121
0.9868289580358938
0.9868386121129752
0.9868482348650258
0.986858533686954
0.9868684114427083
0.9868790512719893
0.9868912290575347
0.9869056800514012
0.9869184643639505
0.9869314867745731
0.9869467403510048
0.9869616794033476
0.9869774225143365
0.9869899099421294
0.9869994859259338
0.987003425758798
0.9870117646557377
0.9870185633164298
0.9870269268437244
0.9870317856236567
0.9870375540821359
0.9870423941583993
0.9870493957737289
0.9870564141447689
0.9870652918197222
0.9870744696571163
0.987081280947905
0.987085652592096
0.9870907339383304
0.9870981286244144
0.9871034938569133
0.987108737941407
0.9871115856181103
0.987115017025434
0.9871181913132326
0.9871206379522524
0.9871214223186667
0.9871235727439632
0.9871218362007702
0.9871233890379206
0.9871230982282415
0.9871253635739988
0.9871322010581217
0.9871389646538171
0.9871471469411066
0.9871564978488843
0.9871627553526333
0.9871707084281783
0.98717526137642
0.9871790782450787
0.9871848209766091
0.9871910317960356
0.987192744002669
0.9871927667579461
0.9871930751254933
0.9871936080010848
0.9871933649835108
0.9871918389872276
0.9871915626344745
0.9871936799599956
0.9871970217409303
0.9871975657796477
0.987195457882322
0.9871940951271622
0.9871910050528644
0.9871886472608269
0.9871854507591438
0.9871818683082868
0.9871816106209281
0.9871842796248578
0.9871858125191796
0.9871888171578617
0.9871909594959665
0.9871919433004503
0.9871930425507578
0.9871952034836983
0.9871967056070042
0.9872015356455339
0.9872035725526728
0.9872061027886344
0.9872091911496402
0.9872120983482764
0.9872100385550057
0.9872100921769087
0.9872119631755589
0.987212484276622
0.9872127574888517
0.9872113288865358
0.9872091142941589
0.9872041101675691
0.987197899868677
0.9871924750968899
0.9871853987398548
0.9871811002548592
0.9871769943843325
0.9871709348453609
0.9871669647134357
0.9871594543867637
0.9871480677766984
0.9871396147085214
0.9871296107880221
0.9871164666379324
0.9871081660568376
0.9871010308687379
0.9870905567626311
0.9870818101033393
0.9870754515900119
0.9870702508646998
0.9870644398216428
0.987058948904779
0.9870553020822614
0.9870500354523274
0.987042436084206
0.9870361436635854
0.9870275674751636
0.9870208839409043
0.9870159064421647
0.9870134790189447
0.9870122528874735
0.9870110709659938
0.9870083225849701
0.9870049279132904
0.9870005887663421
0.986994998676954
0.9869899946142018
0.9869827095197221
0.9869773896083438
0.9869716596680902
0.9869665680804277
0.9869645817187876
0.9869603967372617
0.9869582167878099
0.9869587638374686
0.9869569075743583
0.986953367401096
0.9869484356186364
0.9869446767075879
0.9869405752850898
0.9869382278885338
0.986934218661187
0.9869306954386146
0.9869298396317946
0.9869298445185113
0.9869337086018537
0.9869389552547618
0.9869418868000437
0.9869417647486682
0.9869437299840607
0.9869440015116254
0.9869441099000001
0.9869454874947546
0.9869430951963986
0.9869427955528192
0.9869452979641595
0.9869467561611664
0.9869449919099449
0.9869432095796925
0.9869444265992717
0.9869429874063452
0.9869409841899665
0.9869397727905096
0.9869403791247495
0.9869380022261951
0.9869322283852129
0.9869278245087981
0.9869254403486701
0.9869210179349811
0.9869151849157315
0.9869121702685187
0.9869107492497805
0.9869084606068317
0.9869076400286578
0.9869058789344826
0.9869029742343363
0.986900002775262
0.9868986655310806
0.9868980582070174
0.9868976119218846
0.986894535408332
0.9868927537955272
0.9868889611213537
0.986889582125561
0.9868905843052403
0.9868924369716765
0.986895208422112
0.9868966096276263
0.9868980764344398
0.9869009218642164
0.9869033856591155
0.986908275003341
0.986915510432004
0.9869220750281819
0.986927774645782
0.9869330056963329
0.9869380262825084
0.9869418874468847
0.9869470582393436
0.9869505972303328
0.986954509214584
0.9869613131978977
0.9869666552995688
0.9869685105615917
0.9869768789969315
0.9869816950732385
0.9869861939330845
0.9869901032537371
0.9869958595684717
0.9870002087101504
0.987003060983727
0.9870071008702342
0.9870132260252867
0.9870172722527045
0.9870193676553098
0.9870196596895107
0.987021887449339
0.9870247976728334
0.9870249731690072
0.9870242622538862
0.9870246563522935
0.9870222095641296
0.9870181210884678
0.9870133820774586
0.9870083734246797
0.9870049169833354
0.9870007324534342
0.9869975643034097
0.9869956534235962
0.9869958756491903
0.986992800418589
0.9869895269467024
0.9869872789831473
0.9869858397333567
0.9869873246747112
0.986990039215983
0.9869927759267354
0.9869948900227415
0.986996639760089
0.9869988667723897
0.9870018519265029
0.987002167192675
0.9870049894317973
0.9870066319561565
0.9870068438353417
0.9870049755035573
0.9870014434285245
0.986997079703157
0.9869936689493971
0.9869936735037336
0.9869936297615846
0.9869935221684328
0.9869921705003099
0.9869918835852406
0.986990746561719
0.9869907800964091
0.9869903738433687
0.9869917251958846
0.9869926707608118
0.9869932433272677
0.9869902272170819
0.9869891423398265
0.9869868362487804
0.9869819566074711
0.9869778597914599
0.9869734448406771
0.9869688496599279
0.9869653479618697
0.9869583704847066
0.9869499485180002
0.9869394299054975
0.986930225654638
0.9869213145311934
0.9869103275420468
0.9869034773998117
0.9868985536049243
0.9868934300205505
0.9868869872878916
0.9868804805150131
0.9868761738137501
0.9868687608602187
0.9868607244062717
0.9868563961826707
0.9868518483601835
0.9868468335997173
0.9868472884439193
0.9868417880667033
0.98683666626868
0.9868334903292455
0.9868335653420299
0.986831919170246
0.9868321158408864
0.9868331903422353
0.9868349652185198
0.9868369939990898
0.9868412163110786
0.9868480515743806
0.9868557103175343
0.9868631862672781
0.9868706708139601
0.9868797389162699
0.986889006047767
0.9868981294484989
0.9869038311760716
0.9869093752495115
0.9869137588667731
0.9869163830211757
0.986915947581294
0.9869163319985678
0.9869150783874708
0.986915648069657
0.986919273138756
0.986922396065427
0.9869241521051398
0.9869264495491975
0.9869267394794398
0.986929410670631
0.9869305542958196
0.9869330100358084
0.9869322402913372
0.9869351145526946
0.9869399854457139
0.9869435415858618
0.986945413879125
0.9869466999467486
0.98695166764208
0.9869566251729578
0.9869623209793541
0.9869718615312935
0.986978347000423
0.9869858265214163
0.9869925552017721
0.9870021015065606
0.9870104936590218
0.9870185201758663
0.9870258889293244
0.9870318498199817
0.9870374391367711
0.987041168618723
0.9870462797851045
0.9870523256830845
0.9870573325648871
0.9870637210670882
0.9870656238019971
0.987067552599991
0.9870689416189236
0.9870685615449496
0.9870676045597654
0.9870657117390442
0.9870629619187639
0.987061857909872
0.987060599294303
0.9870589063607212
0.9870576759843839
0.9870592661951263
0.9870626079458542
0.9870648589972751
0.9870671299371288
0.9870697968035539
0.987071770722666
0.9870722052005382
0.9870729831096527
0.9870739294980305
0.9870772477749256
0.9870801671439688
0.9870857524082499
0.9870896658977395
0.9870945229032309
0.9870972760503097
0.9870990443315889
0.9870990785666335
0.9870988274822864
0.9871015985896066
0.9871027319395368
0.9871022867660892
0.9871031686290339
0.9871009098268496
0.987100651177525
0.9871001110699494
0.9871006296782695
0.987101549031528
0.987103361906337
0.9871042279999668
0.9871027886031101
0.9871027504129483
0.9871009994949229
0.9870993474856066
0.9870968710471608
0.9870927669729515
0.9870885071679822
0.987082858159621
0.9870780285836359
0.9870737382205901
0.9870704273806516
0.9870674512232154
0.9870634181338397
0.987056655346358
0.987049908044412
0.9870447591540222
0.9870403085333945
0.9870371646175745
0.9870306437253967
0.987026196542736
0.987023849067033
0.9870210277122693
0.9870189019445961
0.9870165064406563
0.9870151630550847
0.9870135242708962
0.9870152476322458
0.987013930641108
0.9870146130712979
0.9870158143534085
0.9870169715916457
0.987017521039583
0.9870182261284768
0.9870212773396964
0.9870233016046213
0.9870241487811406
0.9870232088820189
0.9870267397591209
0.9870298122111414
0.9870343307683758
0.987040199322345
0.9870434963164175
0.9870481302244832
0.987051851136679
0.9870576522642208
0.9870600032412887
0.9870626627040139
0.9870657831062246
0.9870666555805747
0.987068947282556
0.9870706477338498
0.9870732984856048
0.9870774495957715
0.9870832232929504
0.9870889455942232
0.9870936020700528
0.9870988957020678
0.9871038511746567
0.9871080320550525
0.9871135438911087
0.9871197572100193
0.9871263802005026
0.987129626642877
0.9871324757329649
0.9871348480015144
0.9871374323689533
0.9871420702545902
0.9871471519522592
0.9871517762139138
0.9871535707952652
0.9871560579830057
0.9871598680003691
0.9871618001259426
0.9871628243022368
0.9871649204636205
0.9871682276107441
0.9871682696998446
0.9871705511738039
0.9871725966960655
0.9871733294760149
0.9871746617947313
0.9871783439368522
0.9871806269175676
0.9871836567233975
0.9871859721533569
0.9871861323466948
0.9871865647829807
0.987184123072552
0.9871809264225242
0.9871771623636497
0.9871745949040952
0.9871737391142802
0.9871740617023856
0.9871730934477121
0.9871718896435772
0.9871709896746563
0.9871723929886277
0.9871757310491758
0.9871782412589027
0.9871782255042985
0.9871788589867448
0.9871774791769801
0.9871772560783069
0.9871764447581474
0.9871744096941244
0.9871713031897986
0.987169505515436
0.9871710408254131
0.9871730113748928
0.9871751290323622
0.9871765930530766
0.9871784654003817
0.9871794216672114
0.9871789864261603
0.987180265390138
0.9871803880613165
0.987180436150309
0.9871794947481524
0.9871792295449363
0.9871803938404173
0.9871802443182158
0.9871800645879945
0.9871799522286128
0.9871785440879989
0.9871774743969824
0.987177359343706
0.9871781976905243
0.9871779144829453
0.9871763605135992
0.9871759783089142
0.9871762359899765
0.987174020515569
0.9871731110628087
0.9871709411871268
0.9871659550428726
0.9871610539076816
0.9871576218937567
0.9871558329309489
0.9871527440499972
0.9871492240886953
0.9871476027172841
0.9871442456169826
0.9871395135634841
0.987135699001
0.9871331878701686
0.9871292143836662
0.9871241839129707
0.9871204742234497
0.9871173660079491
0.9871125191741322
0.9871077984309905
0.9871054169719699
0.9871020251081626
0.9870971979420371
0.987092076840313
0.9870878297355901
0.9870813686299047
0.9870763245303411
0.9870715700974402
0.9870672613629994
0.9870634257998614
0.9870597431827246
0.9870563453313258
0.987054370030784
0.987052692896564
0.9870519050773338
0.9870503159942722
0.9870481836928162
0.9870469051559744
0.9870457998161949
0.9870446727240149
0.9870446841068716
0.9870432566242767
0.9870411577053138
0.9870393695439689
0.9870382478019146
0.9870388400703423
0.9870404962191563
0.987041732958617
0.9870400454240394
0.987039641754036
0.9870396625086588
0.9870390768410687
0.9870391336388848
0.9870387555911082
0.9870383175297154
0.9870403054277844
0.9870424066981479
0.987042141942538
0.9870431394250052
0.9870431414880316
0.9870416423967505
0.9870423795671618
0.9870420617225318
0.9870441942639266
0.9870434423331234
0.9870432932576754
0.9870442169896381
0.9870442088106205
0.9870459304239612
0.9870482920307433
0.987049702834254
0.987051446377593
0.9870528459095708
0.9870560477270145
0.9870583043763898
0.9870584651096284
0.9870578317808361
0.9870587420165163
0.9870585284003429
0.987058445855076
0.9870588792946486
0.9870606443493162
0.9870627096110453
0.9870642993879357
0.9870648092227552
0.9870655453698141
0.9870640622785566
0.9870638335798955
0.9870625309393083
0.9870618611294308
0.9870618110329609
0.9870619543537724
0.9870623072828187
0.9870644540166752
0.9870684753854186
0.9870698494409048
0.9870712810612761
0.9870736100472016
0.9870737911920301
0.9870744385386406
0.9870751654781558
0.9870732305431288
0.9870717703361759
0.9870685843104826
0.9870655436171892
0.9870635234759115
0.9870620135222796
0.9870603797580804
0.9870610734146175
0.9870614558205995
0.9870621041381413
0.9870621948877666
0.9870631523502618
0.9870649517214355
0.9870646709299336
0.987061970074453
0.9870606206957393
0.9870601594429994
0.9870593872630499
0.9870590085534399
0.9870581977120181
0.9870579080885368
0.9870594081585858
0.9870630519869618
0.987064585613238
0.9870643934561202
0.9870648590569823
0.987065935692359
0.9870677347058313
0.9870694215785637
0.9870714340805175
0.9870735947712452
0.9870746906999465
0.9870769057533958
0.9870801458059306
0.9870846949180939
0.9870886961079736
0.9870935026797273
0.9870983994056743
0.9871035905895998
0.9871083512323678
0.987113569762476
0.9871168381057538
0.9871210994917544
0.9871246267715714
0.9871292763906919
0.9871344644109196
0.9871381967807921
0.9871401422985354
0.9871446924317168
0.9871499628850561
0.9871546690793428
0.9871592359465639
0.9871637370229026
0.9871676224081075
0.9871727304684109
0.9871785276253753
0.9871844770921921
0.9871893589062541
0.9871948192537326
0.9872021380781963
0.9872100937347555
0.9872160353825089
0.9872213680418136
0.9872254159474212
0.9872307444171061
0.9872349459783983
0.9872404097218375
0.9872461382469074
0.9872520191970058
0.9872562044542221
0.9872612955483612
0.9872674802108162
0.9872729813754192
0.9872802762858641
0.987288772536903
0.987296274848763
0.9873028615611982
0.9873101779549013
0.9873186408731325
0.9873236296561101
0.987331511479029
0.9873393347804904
0.9873479660959809
0.9873549264555948
0.9873586890941715
0.9873629894969299
0.9873676500955072
0.9873716426677417
0.9873767399773945
0.9873806490061812
0.9873855423061605
0.9873904267591546
0.9873935970858323
0.9873954746171988
0.9873946999303322
0.9873948999547228
0.987396197450705
0.9873974390326836
0.9873977729439745
0.9873970215490548
0.9873982413206991
0.9873987466216916
0.9873984623098044
0.9873996374376329
0.9874018528795542
0.9874038402875478
0.9874058151291725
0.9874072401617663
0.9874093087306245
0.9874105629059383
0.9874124677742984
0.9874164451392047
0.9874216053913236
0.9874262331985356
0.9874306495059997
0.9874354522001361
0.9874404073832249
0.9874444715300643
0.9874487765986066
0.9874520171465863
0.9874559049735988
0.9874603436152121
0.9874650336616118
0.987469304644845
0.9874711998991814
0.9874737610278352
0.9874781538449393
0.9874819822400419
0.9874845939549268
0.9874871207874367
0.9874896097370978
0.9874931601490802
0.9874957618226055
0.9874958998562681
0.9874992939844688
0.9875029795084151
0.9875052200054864
0.9875062955028805
0.9875072799563599
0.987506877275686
0.9875081772225168
0.9875093951935993
0.9875106497775001
0.987512977228325
0.9875146449824393
0.987515703614962
0.9875162333373777
0.9875160216875659
0.9875144238494745
0.9875135329152521
0.9875134739229475
0.987512317472654
0.9875102892205289
0.9875083569532079
0.9875046983542712
0.9875043170603061
0.9875027965824645
0.9875041239285659
0.9875030939180847
0.9875023478259825
0.9875017035793527
0.9875023581305058
0.9875040432481111
0.9875055715311735
0.9875045093796236
0.9875034740329425
0.9875029472847427
0.9875036041290194
0.9875028485906109
0.9875043532655252
0.9875057983473524
0.9875074699150092
0.9875102952251148
0.9875128583880345
0.9875151279071046
0.9875187819737055
0.987522905122859
0.9875262287061154
0.9875293544217266
0.9875310351401594
0.9875336209025568
0.9875348673874204
0.9875370108577106
0.9875397826127419
0.9875410783705034
0.9875420129806375
0.987542719898855
0.9875442395466686
0.9875434653936895
0.9875422471370613
0.9875409398370225
0.9875394769771831
0.9875385915645921
0.9875378909041103
0.9875383065985781
0.9875387016908255
0.987539602869721
0.9875407536568084
0.9875419848401039
0.9875450365643458
0.9875487663711165
0.9875532448459783
0.9875565004399754
0.9875589436262227
0.9875632639953771
0.9875688423348875
0.9875754707011741
0.9875808792209092
0.9875875341056992
0.9875922158223309
0.9875961799650449
0.9875992777616859
0.9875995498462957
0.9876013232339378
0.987604387624259
0.9876067721528312
0.9876095320377443
0.987611872247799
0.987614793395202
0.9876177044667821
0.9876201259943336
0.9876208372471504
0.9876223800444786
0.9876232506524495
0.9876236762171027
0.9876249210336268
0.9876251693288727
0.9876231761277994
0.9876211264796545
0.9876180405642022
0.9876142893022843
0.9876120659186428
0.9876102419728057
0.9876097039956906
0.987608314249101
0.9876071894471957
0.9876057200028066
0.9876037115371019
0.9876017323437581
0.9875984505198449
0.987595126574112
0.9875930624131523
0.9875899979441697
0.987586975201043
0.9875829513361944
0.9875789999370815
0.9875754372397803
0.987570857915586
0.9875676934775388
0.9875644602495787
0.987563782539407
0.9875623359763488
0.9875607232735735
0.9875583774716531
0.9875561898113109
0.9875551675817397
0.9875552138361636
0.9875552173608921
0.9875556641064263
0.987559121243226
0.9875626606391077
0.9875648627813876
0.9875669018605168
0.9875694649363757
0.987570001441296
0.9875693324405371
0.9875710101367596
0.9875721309642909
0.9875741013142495
0.9875762487653638
0.9875794191484042
0.9875820004171144
0.9875856366957936
0.9875875706260768
0.9875886492070959
0.9875879944094583
0.987588610224064
0.9875908644504492
0.987592576305866
0.9875960925383396
0.9876012156540555
0.9876051549665232
0.9876074464768483
0.9876094849943163
0.9876110792369248
0.9876123277090161
0.9876123457697316
0.9876126210147098
0.9876125173248941
0.9876120318895055
0.9876111806820387
0.9876105776492232
0.9876119142206147
0.9876124125534522
0.9876116217662416
0.9876108538125825
0.9876100470632051
0.9876100930950069
0.987611778698629
0.9876132312595283
0.9876139590087073
0.9876127653901672
0.9876105329159899
0.9876096295201225
0.9876077827181488
0.9876058268114201
0.9876033934236154
0.9875996272600437
0.9875968515177989
0.9875933513827427
0.9875909217444868
0.9875880979671345
0.9875847452486753
0.987582111800154
0.9875799393464132
0.9875786507370665
0.9875773031027648
0.9875775046040063
0.9875766452686752
0.987575051956749
0.9875724176112046
0.9875701764776018
0.987567974252957
0.9875642589185429
0.9875619098016754
0.9875599512311568
0.987556027378886
0.9875532501341032
0.9875502392875951
0.9875467381021331
0.9875432451160743
0.9875411440949889
0.9875389972534501
0.9875371210045047
0.987535362994941
0.9875346455874144
0.9875334975734567
0.987530024713194
0.9875277132508908
0.9875257820422887
0.9875252334360353
0.9875241091044851
0.9875250608842684
0.9875250276523991
0.9875245662811527
0.9875245767324017
0.9875237726202301
0.9875231225591856
0.9875212692140484
0.9875191484286946
0.9875183108475616
0.9875185501386404
0.9875185171706484
0.9875187698129877
0.98752017942045
0.9875206944933451
0.987520451334062
0.9875198557893028
0.9875193569493843
0.9875191017584012
0.9875216189013961
0.9875230071378166
0.9875240841933098
0.9875267994027519
0.9875294942184588
0.9875333421934313
0.9875367912375617
0.9875395387341257
0.9875425909103147
0.9875437658871951
0.9875452989968587
0.9875448963091172
0.9875453508670781
0.9875464998112173
0.9875454318030933
0.9875455954348471
0.9875439137613633
0.987543431902838
0.9875435102479815
0.9875444991635698
0.9875452748681061
0.9875460433001239
0.9875459159978678
0.9875460346423808
0.9875456795933996
0.9875445923551485
0.9875448891689658
0.9875454007209518
0.987545106088057
0.9875445604826082
0.9875431153894694
0.9875434888831489
0.9875451829039434
0.9875455626448967
0.9875466777013533
0.9875473479993414
0.9875478626079894
0.9875487492945558
0.9875485462906589
0.9875475751014487
0.987546424588346
0.9875452401535469
0.9875452892234865
0.9875462101943115
0.98754679024486
0.9875465598613835
0.9875461414509294
0.9875440702546091
0.9875418454829746
0.9875407718507109
0.9875415935833493
0.9875412673155585
0.9875410107356346
0.9875418245729161
0.9875427200057997
0.9875420895635111
0.9875429782360681
0.9875429300953635
0.9875429413307167
0.9875451633227503
0.9875470527662414
0.9875486821073586
0.9875512150909388
0.9875548030485082
0.9875581395904962
0.9875607337657533
0.9875638104852124
0.9875647596966324
0.9875659764930217
0.9875659311810441
0.987563834963735
0.9875618913237759
0.9875592013787993
0.9875574243750013
0.9875564366669948
0.9875556066442011
0.9875547909659027
0.987555172271708
0.9875539018423853
0.9875530967583451
0.9875536277310233
0.9875538759578107
0.9875538578892831
0.987554815209046
0.9875545864867863
0.9875548815557494
0.9875563475811339
0.9875591189021986
0.9875616690806247
0.9875623792052617
0.9875632691757213
0.9875644572854564
0.9875646582316779
0.9875654023953205
0.9875679659777017
0.9875706774040071
0.9875728290751515
0.9875742159839604
0.9875740224184972
0.9875737883993478
0.9875736340940252
0.9875734975918825
0.9875732185632302
0.9875727860647606
0.9875726083591083
0.9875728019245812
0.9875726784636099
0.9875715059561112
0.9875710658796693
0.9875706953337945
0.9875688650749668
0.9875669276219325
0.9875669988348446
0.9875666732592228
0.9875664085788256
0.9875661194848055
0.9875656282180323
0.9875657780860756
0.9875653327002715
0.9875654885436997
0.9875667540126336
0.9875684318424887
0.9875705285841134
0.9875724310452715
0.9875740744921426
0.987574406090342
0.9875746887034365
0.9875763404173069
0.9875786713480044
0.9875801278329513
0.9875795433081866
0.9875802219918818
0.9875824119656532
0.987583072217769
0.9875824008518673
0.9875824001671508
0.9875818130661986
0.9875820278027133
0.987583678651684
0.9875858076354438
0.9875871890370943
0.9875881136317558
0.9875876905596059
0.9875865317508165
0.9875859476092748
0.9875859421774404
0.9875862888207797
0.9875866695073041
0.9875867755838245
0.9875867443698892
0.987585750417067
0.9875857804236453
0.9875855976792666
0.9875860683338794
0.9875864081939443
0.9875874566952267
0.9875888742271396
0.9875916546189604
0.9875947226577487
0.987596543284414
0.9875978318656026
0.987599341848912
0.9876014896938222
0.9876030317649224
0.9876045844090402
0.9876040890040243
0.9876031590666361
0.98760516121533
0.9876063627471874
0.9876071026202672
0.9876073545585387
0.9876074385307074
0.9876086364749875
0.9876096962944052
0.9876107528564076
0.9876106412305712
0.987610827568615
0.9876110808445209
0.9876105988649672
0.9876087863291454
0.9876080170658448
0.9876076509638704
0.9876077288196013
0.9876090409073834
0.9876098470761622
0.9876112150608306
0.9876126242000156
0.9876151231246009
0.9876163943181863
0.987617276436963
0.987618309066005
0.9876198546077096
0.9876212070192014
0.9876220739238474
0.9876249563512245
0.9876282319762725
0.9876306728247598
0.9876317242501716
0.9876339219703776
0.9876354249848028
0.98763706855473
0.9876385284471232
0.9876398088668487
0.9876406879400342
0.9876401214253341
0.9876392238582852
0.9876386862823037
0.9876379048461674
0.987636988351904
0.9876362292019762
0.9876357078116381
0.9876352822047133
0.9876364325888004
0.9876390524937644
0.9876396107599394
0.9876397199150152
0.9876386265041908
0.9876370832570844
0.9876375209796671
0.9876371093296173
0.9876371774341158
0.9876376915622562
0.9876378633761443
0.9876384415881007
0.9876394192982968
0.9876401253429639
0.9876405328519794
0.9876418636319123
0.9876434897365287
0.9876457695673329
0.9876472966660667
0.9876477645210799
0.9876464935796477
0.9876451642269135
0.987643940118797
0.9876430660842399
0.9876416811211246
0.9876400148604855
0.9876383666427773
0.9876386851684985
0.9876390258462292
0.987639710450405
0.9876400342605912
0.9876417172773653
0.9876427375721947
0.9876439769728681
0.9876446730209633
0.987644394794692
0.9876447755022779
0.9876462781258687
0.9876466157433943
0.9876462173395051
0.98764748329541
0.9876487185109172
0.9876500158889636
0.9876491417446454
0.9876489366070303
0.987649723870535
0.987650981476387
0.9876520761269184
0.9876531651009639
0.987653922131478
0.9876536424810324
0.987652292670909
0.9876507722164447
0.987649686106486
0.9876476715831374
0.9876460212994637
0.9876442395499955
0.9876428997368775
0.9876406723768713
0.9876382514728762
0.9876351871328845
0.9876314496624369
0.9876288102371377
0.9876254490507353
0.987623424873224
0.987620626410369
0.9876172250009478
0.9876129689514234
0.9876087100479677
0.9876052483817063
0.9876012167419763
0.9875983451822352
0.9875945999519148
0.9875929231683029
0.9875926614831311
0.9875937284753402
0.9875931210672838
0.987591547266041
0.9875895468045895
0.987587863016767
0.9875875474979257
0.9875858982236752
0.9875857510428243
0.9875845028031829
0.9875834734259429
0.9875825581683065
0.987580962981248
0.9875803966166018
0.9875798289493566
0.98757818041159
0.9875760163816695
0.9875727083972711
0.987568831442675
0.9875655851116505
0.9875625896633741
0.9875607118648638
0.9875593343966095
0.9875579576053293
0.9875555110939973
0.9875528913836594
0.9875498533058266
0.9875455875853661
0.9875404291620952
0.987536103996778
0.9875320551479607
0.9875285579474103
0.9875243007643274
0.9875200462545999
0.9875168741445349
0.9875152404083323
0.9875119718266077
0.9875081854438064
0.9875049677151707
0.9875028178702089
0.987500425418982
0.9874987392936154
0.9874981987502692
0.9874979358703747
0.9874975842215965
0.9874965096418994
0.987493953368409
0.9874936345898788
0.9874922026699158
0.9874918306334488
0.9874908450607683
0.9874885049875423
0.9874871444753759
0.9874867016614565
0.987487241704317
0.987487744040949
0.987488070586993
0.9874896829167635
0.987491000501953
0.9874907039480811
0.9874899399821175
0.9874903202233326
0.9874901139575487
0.9874902505390631
0.9874902141155604
0.9874885925203586
0.9874868512064693
0.987485336749186
0.9874834539159484
0.9874829045561699
0.9874820412720912
0.9874813936156189
0.9874805033783713
0.9874801296313261
0.9874774857738033
0.987475210965489
0.9874742473806178
0.9874734144854137
0.987472790989677
0.9874726628676755
0.9874731681994182
0.9874739704985271
0.9874754671066399
0.9874758836060721
0.987476204769712
0.987477272939916
0.9874777628307938
0.9874782513629582
0.9874788051265485
0.9874777846694472
0.987477702491063
0.9874775938067589
0.9874778256941951
0.9874775615160644
0.9874786205425897
0.9874779691101954
0.9874799938668308
0.9874800282161955
0.9874800006609665
0.9874800101267573
0.987480609435991
0.9874804752656754
0.9874797441458169
0.987479603837289
0.9874814519033079
0.9874824035952173
0.9874828197579649
0.9874837188875533
0.9874848297660757
0.987485174075809
0.9874858605466125
0.9874873423198799
0.9874895919990995
0.9874897762494083
0.9874902914103707
0.9874908879322523
0.9874915757505344
0.9874920903450625
0.987491611602708
0.9874921226414605
0.9874928326991197
0.987494980748681
0.9874969739699838
0.9874981314009795
0.9874998049592545
0.9874998041039541
0.987500405071028
0.9875010017433945
0.9875020818291259
0.9875016527868621
0.9875001264556372
0.9874984713984033
0.9874981574046298
0.9874980359334781
0.9874985905468774
0.9874986705285093
0.9874985971904892
0.9874988679931083
0.9875001199627409
0.9875012606412379
0.9875018237406457
0.9875017030489982
0.9875002334506318
0.9874997371234094
0.9874984135690011
0.9874973443009887
0.9874980829822141
0.987499578079967
0.9875016486781609
0.9875020056485626
0.9875026640123826
0.9875030106053714
0.9875027754293295
0.9875034369304363
0.9875028889411488
0.9875030644052801
0.9875043169507373
0.987504667202289
0.9875059395981818
0.9875058704731123
0.9875041728354154
0.9875022018629744
0.9875014594353311
0.9875013876280604
0.9874998130212495
0.9874986971719419
0.9874998774325063
0.9874999138766413
0.9875000330056888
0.9875006897776875
0.9875022217321209
0.9875027064040951
0.9875018483174657
0.9875004608626355
0.9874993151527456
0.987497380980784
0.9874963031326445
0.9874950945344323
0.9874942330037931
0.9874945218638473
0.98749452179192
0.9874944142978439
0.9874941039957018
0.9874945917328909
0.9874950654854023
0.9874963044861014
0.9874968048155642
0.9874977126656135
0.9874988182847596
0.9875012147449597
0.9875039046120289
0.9875056326718099
0.9875084687030156
0.9875114802820141
0.9875151268634738
0.9875191677235293
0.9875229083599105
0.9875260743571328
0.98752806225798
0.987531221465466
0.9875351565593034
0.9875391153240443
0.9875418900014518
0.9875435285734351
0.9875451175732517
0.9875459654794738
0.9875461933182568
0.98754615543793
0.9875466005313268
0.9875463847885314
0.9875462113687508
0.9875454265913272
0.9875466111542396
0.9875469671838009
0.9875472095853636
0.9875481851167534
0.9875491907231093
0.9875499368512617
0.9875501397115153
0.9875512355472478
0.9875510058328489
0.9875509587320025
0.9875515487771028
0.987552844253241
0.9875543130991495
0.9875561730369296
0.9875579694493729
0.9875603208835108
0.9875623766639342
0.9875639164024202
0.9875657621041318
0.987567894358257
0.9875692690376797
0.987569700534509
0.987569161465628
0.9875692987709064
0.987568923884229
0.9875673999215512
0.9875653027054186
0.9875633083653931
0.9875617793499034
0.9875615527887511
0.9875601607447182
0.9875587893514248
0.9875587804262977
0.9875587943690488
0.9875593331038319
0.9875599295441646
0.9875606904303964
0.9875618761768576
0.9875637441677579
0.9875642548515936
0.9875637882027272
0.9875626155829168
0.9875607289616078
0.987558930542635
0.9875590721285619
0.9875590757341371
0.9875595074471235
0.9875598477095686
0.9875594658853871
0.9875603678517222
0.9875611630616355
0.9875617420094812
0.9875623001715425
0.9875627365616142
0.9875625551079079
0.9875632993102189
0.9875652925904138
0.9875674471134781
0.9875688376522413
0.987570823091394
0.9875715282593597
0.987573502766733
0.9875746481214174
0.9875751567975906
0.9875756586313365
0.9875756362573607
0.987576646152816
0.9875766112112278
0.9875772251062547
0.9875778293759205
0.9875786231208667
0.9875794888945697
0.9875794932481733
0.987579907457862
0.9875799808702737
0.9875792194520178
0.9875787271677698
0.9875781893148893
0.9875774211304397
0.9875769562269261
0.9875768756124059
0.9875767960494323
0.9875771167349602
0.9875764343522758
0.9875757499467561
0.987575572904716
0.9875748753560678
0.9875741175695941
0.9875736702497914
0.9875719661646396
0.9875699564910848
0.9875676256496808
0.9875665769262073
0.9875651835676611
0.9875629315185491
0.987562455902718
0.987561141820548
0.9875598580931603
0.9875587254831552
0.9875578457987128
0.9875566510338152
0.9875561032210192
0.9875555015650721
0.9875547984001133
0.987554398879461
0.9875533940469876
0.9875529177314649
0.9875519651127529
0.9875511719422778
0.9875516540572593
0.9875514810319687
0.987551381131415
0.9875501183035053
0.9875501332622839
0.9875506242237754
0.9875511538709685
0.9875522458818107
0.9875527218404125
0.9875536247127319
0.9875547529454766
0.9875559992847633
0.9875569364912686
0.9875594920294951
0.9875610314082269
0.98756231773495
0.9875635505353847
0.9875636912527007
0.9875639329600617
0.9875640403390203
0.9875648942313849
0.9875658476154718
0.9875650060037069
0.987564636762211
0.9875643612580498
0.9875644972385178
0.9875634595008627
0.9875626234746379
0.9875618549846207
0.987560212126315
0.9875593193034488
0.9875590830908298
0.9875596447078913
0.9875605592200581
0.9875614777863149
0.9875616064395004
0.9875620672046149
0.9875622649370792
0.9875635462050095
0.9875653875624909
0.987566707215353
0.9875665650308693
0.9875664559699204
0.9875660635701181
0.9875660403722967
0.987564716684464
0.9875621867032137
0.987559057759446
0.9875559497714554
0.9875535831600377
0.9875502670019148
0.9875479611509567
0.9875475067983581
0.9875467538300962
0.9875462058364202
0.9875464790919459
0.9875460227224749
0.9875453546284084
0.9875454938117258
0.9875458248542845
0.9875466539880313
0.9875480443610766
0.987549876463548
0.9875507747756122
0.9875522819232634
0.9875525577562001
0.9875534527999038
0.987555110375948
0.9875569259505488
0.9875584609031115
0.9875591384413468
0.9875607820522486
0.9875599300505841
0.987559544602424
0.987558328270276
0.9875573043578333
0.9875570250673559
0.9875561807630532
0.9875571961417647
0.9875581841621904
0.9875587941255957
0.98755955421628
0.9875591738648577
0.9875581285117776
0.9875573664793289
0.9875572388873705
0.9875556441682738
0.9875543427395732
0.9875533924221339
0.9875519725122762
0.9875505258089614
0.9875493236402918
0.9875481652957702
0.9875474467350344
0.9875473660391542
0.9875489806125426
0.9875493826094706
0.987551013643004
0.9875526853448713
0.9875540597942297
0.9875559807597566
0.9875572264754526
0.987557571161326
0.987558952621698
0.9875591750438171
0.9875596827189761
0.9875599516226028
0.9875598953300618
0.9875588058053867
0.9875579297430953
0.9875565787504407
0.9875549655117254
0.9875533568595724
0.9875525513508584
0.9875502781350296
0.9875480989867034
0.9875458800948705
0.9875441745736673
0.9875424329701955
0.987541553070511
0.9875418020598076
0.9875410447572484
0.9875400291155219
0.9875409805049971
0.9875426527682951
0.9875436789747125
0.9875447710747084
0.9875453713345949
0.9875458338633234
0.98754561079699
0.9875466372807336
0.9875481616411338
0.9875507304759634
0.9875527162484746
0.9875537867870551
0.9875560653202708
0.9875575742568431
0.9875593342569475
0.9875615477799857
0.9875625217482845
0.9875632913058149
0.9875645974814349
0.9875651938785986
0.9875669982353007
0.9875678403430269
0.9875687019085068
0.9875692769137424
0.9875691402000598
0.9875686957420556
0.9875672437819832
0.987564947636491
0.9875632319061124
0.9875624062117687
0.9875616195523405
0.9875606293719841
0.9875598156770692
0.9875593701552321
0.9875585641430963
0.9875581545964042
0.9875582536582646
0.9875581765509408
0.9875571261164967
0.9875557842151232
0.9875547346015725
0.9875542667104874
0.9875536655128351
0.9875530671877504
0.9875516280461534
0.9875511280438329
0.9875510592851512
0.9875502097841949
0.9875491525871299
0.987547544439383
0.9875465939291153
0.9875472787839861
0.9875490744701994
0.9875518296418825
0.9875528889883783
0.987552941916628
0.9875520607031014
0.9875512191203383
0.9875497248179423
0.9875478835162204
0.9875463898020338
0.9875454680391423
0.987545930683428
0.9875451924879836
0.9875444911874799
0.9875453647428202
0.987545686074352
0.9875449606213784
0.9875453671902131
0.9875460052374397
0.9875463093590865
0.9875454694450608
0.987544230037144
0.9875420951799994
0.9875415794671387
0.9875405679934834
0.987539267768824
0.9875376762994608
0.9875359148404673
0.9875356491798383
0.9875343750914543
0.9875337449331482
0.9875336896938863
0.9875332651019259
0.9875323516866445
0.987532317604228
0.9875317957117761
0.9875317766073377
0.9875330101282619
0.9875334984471843
0.9875336742165334
0.9875339503808596
0.9875333923902836
0.9875328213066226
0.9875316128629691
0.9875305494672079
0.9875301489555656
0.9875295148185552
0.9875296095936016
0.9875292080867111
0.987529030541364
0.9875285028207327
0.9875283800545193
0.9875274110506493
0.9875258942745792
0.9875242868527201
0.9875235652393163
0.987523967118483
0.9875237463618289
0.9875238560191651
0.9875242838937136
0.9875235560440853
0.9875239387996201
0.9875249070537859
0.9875249222088994
0.9875249153967703
0.987524705723928
0.9875232872383023
0.9875211555675554
0.987519418820361
0.987517760617145
0.9875154220778786
0.987513298089922
0.9875112206977272
0.9875087263603562
0.9875074909747176
0.9875064621310081
0.98750497415807
0.9875034360671296
0.9875016814837876
0.9874994140582172
0.9874990391740578
0.9874986101771598
0.9874971959337162
0.9874958707497234
0.9874943424802903
0.9874927201309437
0.987492206241056
0.9874916822547525
0.9874904243164861
0.9874886899141249
0.9874880085467937
0.9874862720697115
0.9874848329996629
0.9874849872197631
0.9874847609089433
0.9874859622860537
0.9874873608070126
0.9874885613053602
0.9874899011701022
0.9874907372561179
0.9874916832441372
0.9874921591478795
0.9874915942227122
0.9874894741858171
0.9874885165961073
0.9874875792313491
0.9874873520747286
0.987487225884742
0.9874878077588007
0.9874894521703396
0.9874909495321944
0.9874911642180781
0.9874904422505852
0.9874911823177862
0.9874925018715712
0.9874940307185616
0.9874955650992407
0.9874969438060205
0.9874975131186549
0.9874973771999629
0.9874976019996781
0.9874973567618537
0.9874983588839595
0.9874985932312494
0.9874993173502714
0.9874989389690415
0.987499128150518
0.9874999229036415
0.9874997234527793
0.9874993018804527
0.9874984640654884
0.9874979596806842
0.9874979695393451
0.9874976573331045
0.987496082169042
0.987493927193401
0.987491907634789
0.9874895275082125
0.987487725644171
0.987485161392696
0.9874822345827241
0.9874804908922801
0.9874779347963136
0.987475701044856
0.9874734570500494
0.9874713173841111
0.9874689025562274
0.9874655908038471
0.9874619615110003
0.9874591560210314
0.9874553862170553
0.9874514953076957
0.987448354505897
0.9874457032052251
0.9874441755120477
0.9874424714090227
0.9874411044923295
0.98744082781959
0.9874409300822045
0.9874403459698373
0.9874394551072903
0.987437692322744
0.9874356605132935
0.9874339504776465
0.9874330259942828
0.9874316007514862
0.9874302444565758
0.9874305541041455
0.9874296579887816
0.9874290539619891
0.9874291815608958
0.9874293950011797
0.9874288123897391
0.98742902485728
0.9874283991686974
0.9874289510866514
0.98742845138162
0.9874276104834802
0.9874258297578486
0.9874252279564788
0.9874246609169449
0.9874243444116374
0.9874231219281457
0.9874213617537622
0.9874200356642581
0.9874183431270841
0.9874182864710437
0.9874190452354356
0.9874193920435774
0.987418225635112
0.9874168291838161
0.9874159280441636
0.9874149407325281
0.9874143024546782
0.9874124244986496
0.9874112514754093
0.9874113611288403
0.987412583232221
0.9874139003369073
0.9874145109851051
0.9874154768805171
0.9874162115873829
0.9874179341297019
0.9874198609794956
0.9874222686607586
0.9874244753905639
0.9874271986099648
0.9874288824691091
0.9874315148562616
0.9874340291587427
0.9874348985858911
0.9874363716491106
0.9874388158861453
0.9874409097469576
0.9874428046864994
0.9874456367502772
0.9874484804195344
0.9874513502413147
0.9874531452086363
0.9874559747873008
0.98745800535194
0.9874605152562584
0.987464243271728
0.987466615117572
0.9874680646784106
0.9874692301235339
0.9874704648982027
0.9874713789871702
0.9874722856293342
0.987473356082459
0.987474709147717
0.9874759051193117
0.9874778284330219
0.987479830816631
0.9874820418678889
0.9874837885052293
0.9874843335392137
0.9874861304972394
0.9874878424738951
0.9874901965763956
0.9874929472847801
0.9874952363682293
0.9874981795843903
0.9875014023744145
0.9875052388148002
0.9875090779021133
0.9875141202711568
0.9875198931414316
0.9875250627052754
0.9875284368158164
0.9875322806990595
0.9875363563868393
0.9875405823023125
0.9875453137584809
0.9875483773666662
0.9875521607348597
0.9875552588114221
0.9875583703317143
0.9875614421794114
0.9875641682536763
0.9875672051328694
0.9875705948540509
0.9875731173730686
0.9875751686911352
0.987578113712192
0.9875817580044964
0.9875852314415513
0.9875874598976463
0.9875897263164044
0.987592224449508
0.9875955082119249
0.9875986382229981
0.9876006902509497
0.9876029883605119
0.9876054483573509
0.987607875388542
0.9876114619763698
0.9876141882237017
0.9876166714400559
0.9876181767753789
0.9876197257883637
0.9876203592897804
0.9876210450442692
0.9876227446306117
0.9876239732033969
0.9876253687711565
0.9876268681671729
0.9876278770411085
0.9876296155695672
0.9876302103507539
0.9876319719630732
0.9876333997405267
0.9876353386782007
0.9876362953653142
0.9876373306173382
0.9876385629696652
0.9876399360202159
0.9876407162260747
0.9876420273219271
0.987643312044444
0.9876436463843722
0.9876436396799411
0.9876433010508745
0.987641691486078
0.9876412228735846
0.9876403524227135
0.9876399931831455
0.9876394581416493
0.9876394022244905
0.9876396534677732
0.9876400634572652
0.9876391319138184
0.9876374349269847
0.9876355698169166
0.9876347885523281
0.9876335093495155
0.9876335400373865
0.987633758678509
0.9876333320796866
0.987633317245378
0.9876332753181158
0.987632020704945
0.9876308800337558
0.9876301171962898
0.9876307102495904
0.9876320417002209
0.9876323865462656
0.9876323399369213
0.9876321189114622
0.9876332369965731
0.9876339491606762
0.9876346848670063
0.9876339951760521
0.9876329431098667
0.9876312351046782
0.987630547601435
0.9876297412611148
0.9876286007945556
0.9876268458942552
0.9876245709972811
0.987623035319142
0.9876223452069255
0.9876213430253477
0.9876209793926101
0.987620159794295
0.9876196721109358
0.9876195531049994
0.987617972691035
0.9876164138989221
0.9876153570482323
0.9876148706149201
0.9876145010036034
0.9876143422705376
0.9876153785076253
0.9876164914934759
0.9876166544551547
0.9876170308173233
0.9876169620297176
0.987616647250973
0.9876161158649508
0.9876140981314994
0.9876133908787402
0.9876133354268412
0.9876135172972192
0.9876141411362818
0.9876147947578433
0.9876154691847452
0.9876161582849606
0.9876175465760485
0.987618647411247
0.9876197273778774
0.9876204461411697
0.9876219257420525
0.9876238769315582
0.9876257239303159
0.9876280007547016
0.9876298107951396
0.987631803331011
0.987634593618266
0.9876367554001807
0.9876392144964818
0.9876413242423607
0.9876452005310992
0.9876483374837033
0.9876501437993289
0.987651318480602
0.9876531163530657
0.9876545342553946
0.9876554860300178
0.9876567182847833
0.9876596258132558
0.9876624595735449
0.9876655697132721
0.9876696146505775
0.9876728489891206
0.987675682242159
0.9876780092491892
0.9876788905171195
0.9876804441876028
0.9876820713754089
0.9876836818676828
0.9876855236775731
0.9876864918189907
0.9876875767581229
0.9876889381048638
0.9876884807783404
0.9876905947488364
0.9876932168852619
0.9876950327720554
0.9876961783118101
0.98769743526029
0.9876977631789475
0.987698861673292
0.9877006023680626
0.9877014112808197
0.9877023200842019
0.987703105138986
0.9877046201732496
0.9877076718809235
0.9877107341380371
0.9877140616050643
0.98771715700267
0.9877197830463942
0.9877224991873569
0.9877243844330221
0.9877269379283387
0.9877283377366165
0.9877290782163307
0.9877308157309117
0.987732865818222
0.987734300743057
0.9877350464597286
0.9877354034606174
0.9877350852903105
0.9877358751749736
0.9877363448593827
0.9877376950979129
0.987738571862649
0.9877390054385462
0.9877400392093131
0.987741714366104
0.9877431808716034
0.98774544599589
0.9877474184952392
0.9877500364531786
0.9877522310496063
0.9877537464997496
0.9877545832909994
0.9877558298701535
0.9877561883291092
0.9877561932353429
0.9877570751202502
0.9877570125052796
0.9877573140346084
0.9877586829201619
0.9877599209620562
0.9877615423011566
0.9877626689192283
0.9877641591544236
0.9877654048075323
0.9877669742884754
0.9877690186183237
0.9877718947942408
0.9877751063971705
0.9877779887476322
0.987780164121953
0.9877823632022358
0.9877838140539908
0.9877851574627449
0.9877863464640342
0.9877879740239331
0.9877890201124923
0.9877895143697457
0.9877888411658282
0.9877888468043623
0.9877893957200602
0.9877897415453364
0.9877896705649325
0.9877908517958207
0.9877907753824532
0.9877916626874459
0.9877927171075644
0.9877940301328271
0.9877957631042532
0.9877978130125565
0.9877987652023724
0.9878005467773115
0.9878023840999549
0.9878033069937182
0.9878027229715464
0.9878022074860623
0.9878026577732321
0.9878029168374782
0.9878034189658356
0.9878036586583074
0.9878041161078259
0.9878042583065657
0.987803984586114
0.9878039685987188
0.987803504663428
0.9878030498445806
0.9878026487883278
0.9878028158197713
0.98780286538031
0.9878027186308317
0.9878025290551166
0.9878030452594452
0.9878030853178326
0.9878039080857904
0.9878044694069038
0.9878057098830373
0.987806541600177
0.9878070031812521
0.9878065576781371
0.987806422317818
0.9878065542126324
0.987807295432998
0.987807096429662
0.9878072924902983
0.9878063421829038
0.9878068046657782
0.9878069123164283
0.9878076183914056
0.9878078260038464
0.9878076127209776
0.987807409619347
0.9878082701580876
0.9878087550533875
0.9878095214736655
0.9878092446200563
0.9878098033366753
0.9878102419406517
0.9878110459739896
0.9878120162559783
0.987813874456274
0.987815620502305
0.9878171542127248
0.9878179571063167
0.9878187455239686
0.9878191820388056
0.9878196503422011
0.9878208251182177
0.9878216310105689
0.9878225529376572
0.9878223458698886
0.9878237082460819
0.9878247219085772
0.987824866152336
0.9878254621544297
0.9878261898287004
0.9878270678795212
0.9878289020101072
0.9878304245881775
0.9878324747633208
0.987835249585011
0.9878384612082877
0.9878406211606895
0.9878433980783734
0.9878453996822114
0.9878477215969307
0.9878500816203993
0.9878537172343511
0.9878569489353088
0.9878598213123172
0.987861913363321
0.9878642998944082
0.9878653670093953
0.9878664473558535
0.9878672699367201
0.9878681829232907
0.98786853384685
0.9878693978027555
0.9878705793343681
0.9878716835763323
0.9878728119368182
0.9878743415975116
0.9878760091325439
0.9878775048409483
0.98787882612313
0.9878804032309464
0.9878812772267549
0.9878835189866503
0.9878856769345152
0.9878869237480514
0.987887906023552
0.9878884408155301
0.9878889116136388
0.987889444799437
0.9878892548090797
0.9878881849735016
0.9878874785886352
0.9878860784840303
0.9878855801549472
0.9878852499049233
0.987885057053035
0.9878843860769229
0.9878838738431038
0.987883344312676
0.9878832390469446
0.9878825035708477
0.987882465560683
0.9878820325343716
0.9878810772239706
0.9878793280056949
0.9878779319638425
0.987876310974058
0.9878759461177626
0.9878757375797927
0.9878759519308984
0.9878763031355677
0.987875965071348
0.9878765555776711
0.9878767921199245
0.9878765731235679
0.9878761644257006
0.987875357583318
0.9878755606146565
0.9878745238200849
0.9878739953353912
0.9878738212466758
0.9878737465958444
0.9878727156099778
0.9878722147094962
0.9878728970127708
0.987873056891737
0.9878743398732512
0.9878748444114559
0.9878744594636826
0.9878739860351368
0.9878735449522504
0.9878740917141868
0.987873795333388
0.9878733893259984
0.9878721740914727
0.9878713003613389
0.9878700054260725
0.9878689841943964
0.9878688167037256
0.9878688373227869
0.9878693199284251
0.9878694269884319
0.9878707301089814
0.9878726772093117
0.9878732572235505
0.9878749706009539
0.9878763244837248
0.9878776262417132
0.9878786031838129
0.987879547503339
0.9878803568023
0.9878823930998195
0.987883669795391
0.9878851488158175
0.9878861216396608
0.9878856446627119
0.9878861317779121
0.9878871267476333
0.9878887656650449
0.9878888100994273
0.9878887382336338
0.9878889842380201
0.9878894562694168
0.9878903673588284
0.9878919183897467
0.9878934637639795
0.9878952398335283
0.9878969739764104
0.9878974193026114
0.9878988505725442
0.9879003313528669
0.9879017340036896
0.9879022493744682
0.9879021498519547
0.9879022359395541
0.9879014152665604
0.9879001902601784
0.987899534005636
0.987898866928248
0.9878986637899785
0.9878981504864945
0.9878977767101659
0.9878977532292449
0.9878981299067546
0.987897340758734
0.9878970630463251
0.9878955751717262
0.9878943586530742
0.9878938851679477
0.9878936738715499
0.9878928744553541
0.9878926039163041
0.9878922232183112
0.98789141125553
0.9878908596613545
0.9878902093857388
0.9878891131744053
0.9878885203678719
0.987887595538601
0.9878866923136436
0.9878851598582485
0.9878833614337725
0.9878824299509836
0.9878818643744516
0.9878801085394946
0.9878794303367276
0.9878792013920978
0.9878788666592226
0.9878780487490464
0.9878769933263114
0.9878759528797906
0.9878755148997325
0.987874909734461
0.9878737732204266
0.9878728128849644
0.9878718595566881
0.9878702092261991
0.9878684943083593
0.9878669233633696
0.9878655103715923
0.9878644708720199
0.9878632224119842
0.9878612846102514
0.9878603438077603
0.9878585400904609
0.9878568858163403
0.9878558863324538
0.9878550542419474
0.9878543797418423
0.9878534056482161
0.9878520237478947
0.9878508963016084
0.9878494972774584
0.9878482320891131
0.9878472331126691
0.9878465258232557
0.9878459867166479
0.9878457169036083
0.9878458126593308
0.9878449569450252
0.9878451763731512
0.9878450161400709
0.987844479479724
0.9878437513297212
0.9878430000700545
0.9878416690228008
0.9878402223935839
0.98783885074472
0.9878377117794269
0.9878363137172326
0.9878349684264959
0.9878337221361625
0.9878326553339384
0.987830777513651
0.9878305880570047
0.9878303284426214
0.9878295467577031
0.9878289430512321
0.9878280433494946
0.9878269128082952
0.9878257375192697
0.987824823175361
0.9878240025149626
0.9878230200387652
0.9878214894180983
0.9878211817299226
0.9878203034884179
0.9878195358917846
0.9878182437572688
0.9878164171346652
0.9878157702364126
0.987813806349664
0.987811990543129
0.9878101726725567
0.9878090016197268
0.9878078920599318
0.9878076977855902
0.9878072177401499
0.9878061695052474
0.9878046922438397
0.9878034969931955
0.9878028094169774
0.9878009692397157
0.987799411643059
0.9877979666461273
0.9877963165906819
0.9877948009276296
0.9877937405266461
0.987792380217478
0.9877905257623286
0.9877894178296522
0.9877884316324527
0.9877870618777916
0.9877862839749177
0.9877861306476702
0.9877863097178147
0.9877864304203696
0.9877872688607429
0.987788340929611
0.9877890138181797
0.9877891604426046
0.987789633201892
0.9877895667186698
0.9877891394640956
0.9877883036776539
0.987786883202362
0.987785974990902
0.9877850206279994
0.9877847167257651
0.9877839652447464
0.9877828376841431
0.9877815773460796
0.9877804092293374
0.9877791339444502
0.9877773659822906
0.9877761517928634
0.9877745029936614
0.9877737906482721
0.9877738119808427
0.9877734679323065
0.9877729143031653
0.9877732164984224
0.9877744392370102
0.987774865310703
0.987774550526417
0.9877757962713818
0.9877763106607755
0.9877762983766784
0.987775750387223
0.9877756481360659
0.9877752610257378
0.9877758758073725
0.9877766711337076
0.9877771938366993
0.9877766644862196
0.9877755666168707
0.9877758284700613
0.9877764399823752
0.9877767739648134
0.9877761107637003
0.9877764519569723
0.9877770769048603
0.9877767858500937
0.9877766967876511
0.9877765419853963
0.987775684678882
0.9877753067202173
0.9877750719610419
0.987774680539136
0.9877744562588117
0.9877735331240186
0.9877729332672485
0.9877734839281171
0.9877743301178573
0.987775110999952
0.9877756436190273
0.9877759376120467
0.987776649547664
0.9877780929105263
0.9877788812087015
0.9877801697860384
0.9877815458897148
0.9877836416971659
0.9877848067307972
0.9877861856683796
0.9877879988436038
0.9877893690408178
0.987790029532839
0.9877900841977311
0.9877899701517647
0.987789888500944
0.987790778770378
0.9877916449504994
0.9877923554506918
0.9877924599700374
0.9877930413436247
0.9877930137481911
0.9877926462114589
0.9877925211924855
0.9877925572070941
0.9877916803648986
0.987790110053431
0.9877888458242929
0.9877877231753072
0.9877860650906861
0.9877843766076113
0.9877827251029445
0.9877808791373027
0.9877794412587464
0.987778560163877
0.9877773639011109
0.9877754586528326
0.9877734142665374
0.9877716553409521
0.9877705308341054
0.9877697515931364
0.9877687213680567
0.9877676876043187
0.9877674264388199
0.9877682058685266
0.9877680888044907
0.9877675898635564
0.9877673195675135
0.9877672461702979
0.9877662294383829
0.9877656833417235
0.987765640324797
0.9877646727308306
0.9877649604553119
0.9877658751958693
0.9877682161014323
0.9877704661856194
0.9877721823703774
0.9877735613926917
0.9877749964936599
0.9877763692546179
0.9877774461595857
0.987778200597372
0.9877788852739602
0.9877791201010565
0.9877789420686157
0.9877790625735736
0.9877790510919789
0.9877786602011063
0.9877785959869275
0.9877786333113835
0.9877793417221048
0.9877804002493158
0.9877810929872337
0.9877816218987244
0.9877824336777202
0.9877830490135562
0.9877831370411614
0.9877840241246377
0.9877844940404764
0.9877857470472472
0.9877865972803975
0.9877881134837578
0.9877891976408363
0.9877894645974705
0.9877886489957249
0.9877879372930299
0.9877875741965888
0.9877876437887095
0.9877877031395392
0.9877880045922418
0.9877886139289188
0.9877886793570059
0.9877898553773108
0.9877914402336612
0.987793207072513
0.9877956692173478
0.9877984876323593
0.9878008542524951
0.9878019029895614
0.9878019680893882
0.987802115286471
0.9878026544451821
0.98780289197489
0.987802505153151
0.9878028098664472
0.987803688459225
0.9878053147928803
0.9878067924360877
0.9878086885006614
0.9878106504343434
0.98781154997864
0.987812291097544
0.9878130972839616
0.9878145437362305
0.9878163544198351
0.9878180372006347
0.9878202280148596
0.9878217029578887
0.9878239984836596
0.9878252016295047
0.9878265853160075
0.9878278062622373
0.9878289509247605
0.9878296416587772
0.9878304935483891
0.987830675835836
0.9878307621105545
0.9878312834965006
0.9878311551602796
0.9878307320534575
0.9878302373703968
0.9878296026957416
0.9878293510502023
0.9878289454857252
0.9878284043527913
0.9878282970513478
0.9878279484693671
0.9878285373199917
0.9878288022333855
0.9878292902546935
0.9878295160858973
0.9878295789566399
0.9878294214364982
0.9878300581728804
0.987831010104596
0.9878320459151562
0.98783241040414
0.987832704797381
0.9878332489280078
0.987834246385993
0.9878348373148309
0.9878353006333115
0.9878352407298553
0.9878352282654506
0.9878349864119986
0.9878348733497031
0.987836382153647
0.9878392213291396
0.9878410338247605
0.987843267929925
0.9878453971557821
0.987848500123564
0.9878509765162101
0.9878534904864096
0.987856316914029
0.9878584624274815
0.9878603634006037
0.9878614580533917
0.9878623100787307
0.9878628741732988
0.9878635503513377
0.9878642227583222
0.9878655308831991
0.9878668244863141
0.9878683139518692
0.9878694565136624
0.987869706462742
0.9878696073582762
0.9878690068760492
0.9878690428079463
0.9878692531241451
0.9878687775535933
0.9878688925220542
0.9878688174344638
0.987868442180849
0.9878697786256118
0.9878709278324145
0.987871681753742
0.9878721535769
0.9878723785001
0.9878735565248333
0.9878742498645888
0.9878747571697625
0.9878757968133013
0.9878756873297401
0.9878757672311166
0.9878759209871756
0.9878764233960381
0.9878773185644497
0.9878779499319875
0.9878784002246097
0.9878797297941534
0.9878806611951783
0.9878820546429746
0.9878831112414864
0.9878839759532856
0.9878846916296472
0.987886222372818
0.9878866702953221
0.9878870752386087
0.9878873094685074
0.9878877062175184
0.9878880655452349
0.9878893767185041
0.9878899833742433
0.9878907810879872
0.9878914135364957
0.9878919684370647
0.987892227322453
0.9878926587656749
0.9878927908277223
0.9878922778542998
0.9878924141021692
0.9878923264319933
0.9878922145205798
0.9878911960374898
0.9878906006859876
0.9878906116484849
0.9878915272065415
0.9878925363350438
0.9878943177862985
0.9878971144395502
0.9878998476396168
0.9879019805762982
0.9879044403908492
0.9879065128941817
0.9879081793226716
0.9879094936885905
0.9879116140922962
0.9879128121869
0.9879130947266033
0.9879127808896452
0.9879129050477745
0.9879129883703539
0.9879126555402604
0.9879126100238178
0.9879128629693819
0.9879126739725783
0.987912717658301
0.9879130639745953
0.9879132536302744
0.9879131333108722
0.9879129538030509
0.9879132443403571
0.9879139723750037
0.9879147297993741
0.9879150540451668
0.9879153292680878
0.9879149592211787
0.9879145279606782
0.9879150007231066
0.9879153926394304
0.9879153052314527
0.9879147301687115
0.9879144796654135
0.9879142940606063
0.9879139148233337
0.9879134629302279
0.9879134128148582
0.9879132170924868
0.9879130101468573
0.9879128024037918
0.9879122333518373
0.9879123660348331
0.9879127266394343
0.9879132419860054
0.9879135915076027
0.987913292686871
0.987912677495802
0.987912115346832
0.9879114697423043
0.9879113837782024
0.9879111812277891
0.9879110716623697
0.9879110015120895
0.9879106340189957
0.9879102353753376
0.9879093115571623
0.9879088564062418
0.9879084075323797
0.987907705949249
0.9879077997939933
0.9879081606240451
0.9879084634030895
0.9879087863559726
0.9879087130780161
0.9879087977711659
0.9879085882601825
0.9879087317781707
0.9879086766249028
0.9879085557178329
0.9879075826057251
0.9879063268550079
0.9879057695624635
0.987906149302979
0.9879058258657292
0.9879051051163721
0.9879050470953753
0.9879047812255315
0.9879051485867699
0.9879054123186823
0.9879054382722676
0.9879057825438142
0.9879059650054315
0.9879062521434677
0.9879072852973443
0.9879075080703797
0.9879069593336653
0.9879066680808126
0.9879069027610968
0.9879074985249232
0.9879081925776911
0.987908933648204
0.9879097074989599
0.9879109257255492
0.9879119139254197
0.9879124300400113
0.987911938301663
0.9879121506248805
0.9879119909198305
0.987911508920062
0.9879105997393856
0.9879091545802482
0.9879081085215866
0.9879069750376548
0.9879059523560465
0.9879054759685705
0.9879047327751863
0.9879043724610924
0.9879039854151767
0.9879042272264255
0.9879048556701757
0.9879055822086997
0.9879064009392831
0.9879070994551317
0.9879075990022822
0.9879078456316543
0.9879079907957004
0.9879080603365609
0.9879076989464314
0.9879079429310467
0.9879076028547774
0.9879069871333267
0.9879059793513901
0.9879052737736271
0.9879051984084574
0.9879054819259235
0.987906301397491
0.9879069833058732
0.9879078229418128
0.9879089852500041
0.9879104797287769
0.9879126353776069
0.9879143660643916
0.9879162714584139
0.987917701177809
0.9879186263109023
0.987920700020447
0.987922459806276
0.987924075548243
0.9879261936622624
0.9879276783682489
0.9879291718190587
0.9879304285869629
0.9879306983590691
0.9879308346026868
0.9879309306921689
0.9879307932970256
0.9879302822341764
0.987929289034199
0.987928836114957
0.9879292425114912
0.9879302880084475
0.9879307597050093
0.9879303947170056
0.9879309636980315
0.9879315420931238
0.9879320800321364
0.9879322537573031
0.98793287145826
0.9879329798533625
0.9879316981293292
0.9879304260851712
0.9879299336497861
0.9879293211548733
0.987927981525696
0.9879271323167328
0.9879257673809736
0.9879243486918214
0.9879232805569629
0.9879220648220045
0.9879217980404447
0.9879216847486393
0.9879223748131051
0.9879237041163837
0.9879260331673476
0.9879277203079091
0.9879287084359033
0.987928719115589
0.9879289795085804
0.9879292078209849
0.9879292006697883
0.9879291878839797
0.9879290808676944
0.9879291159751202
0.9879297485890247
0.9879304831914666
0.9879309350892655
0.9879313671971284
0.9879324103843069
0.9879335063390329
0.9879348397024469
0.9879351992293064
0.9879357735486209
0.9879367551422665
0.9879372908765564
0.9879377117975149
0.9879378147585891
0.9879374904261005
0.9879377372899193
0.9879376646645807
0.9879382094836814
0.9879385048490305
0.9879393012033116
0.9879396174564183
0.9879395275928818
0.9879394191092169
0.9879392118950069
0.9879389087272094
0.9879379252313409
0.987936524051201
0.9879348578347269
0.9879328266668783
0.9879313674320069
0.9879294476979458
0.9879269554163544
0.9879241958016995
0.9879215958457844
0.9879184651823321
0.9879155784550137
0.9879129361021776
0.9879110846357569
0.9879093216697438
0.9879070408507178
0.9879058427879956
0.9879053826137375
0.9879048254740678
0.9879040591716751
0.9879032343083706
0.9879024163425089
0.9879019952739861
0.9879013184199249
0.9879013390007657
0.9879016788130451
0.9879015727597869
0.9879017860875544
0.9879016472073503
0.9879011998424609
0.9879009756662501
0.987900795638007
0.9879011092951387
0.9879007824144246
0.9879012821630816
0.9879017968325007
0.9879010646923121
0.9879003830215494
0.9878994297101951
0.9878983576522549
0.987897300097856
0.9878971072976446
0.9878965114300122
0.9878956492092739
0.9878942597864363
0.9878936849308224
0.9878934139636406
0.9878925000016645
0.9878919367124682
0.9878911501339231
0.9878902463994441
0.9878890462278334
0.9878891001176506
0.9878890589695359
0.9878894472494777
0.9878898297734323
0.9878897309199443
0.9878891207593888
0.9878891513063819
0.987888742466397
0.9878887068663657
0.9878893645625803
0.9878900131811883
0.9878896822837311
0.9878895602209613
0.9878889047044952
0.9878886936072226
0.9878886131375301
0.9878894539342086
0.9878903870700412
0.9878917980765857
0.9878926191417234
0.9878932860162483
0.9878940203299473
0.9878956578798611
0.9878976240227015
0.9878993375471328
0.9879009632638771
0.9879027351767204
0.9879039998023095
0.9879053460533642
0.9879063475477748
0.9879069963599469
0.9879074583837204
0.9879074962277438
0.9879075087241919
0.987907433787855
0.9879076565888864
0.9879080486963963
0.9879081525377525
0.9879084623505346
0.9879076270598491
0.987907104680464
0.9879072060295615
0.9879076422814768
0.9879073140556712
0.9879065183249208
0.9879062348066603
0.9879059081502489
0.987905728709305
0.9879060468395645
0.9879059411877091
0.987906252734291
0.9879061790347381
0.987905900689785
0.9879050020997651
0.9879034121228204
0.987901955105752
0.98790193135829
0.9879019244615646
0.9879017138823692
0.9879005777358741
0.9878993583924384
0.9878980242924603
0.9878968470765296
0.987895810979184
0.9878948755828044
0.9878942027353171
0.9878933383127303
0.9878927456082762
0.9878922329027323
0.987891947072084
0.9878917357981024
0.9878910413787437
0.9878910841119897
0.9878906574890556
0.987890781819012
0.9878904760087821
0.9878903477240446
0.9878894716006155
0.987888415514056
0.9878872154388446
0.9878859710515234
0.9878846732888802
0.9878836567946563
0.9878833704580234
0.9878834812913229
0.9878841665585237
0.987883798495867
0.9878830837707385
0.9878823444331135
0.9878807788318541
0.9878793274179624
0.9878780626240721
0.9878774856529039
0.9878777226678739
0.9878779776915698
0.9878773127496626
0.9878768063111597
0.9878765293097111
0.9878758530481375
0.9878748608043256
0.9878739437669749
0.9878732948621081
0.9878729075089658
0.9878723716397738
0.9878719292339964
0.9878710450121597
0.9878713742887322
0.9878719136106876
0.9878722339357682
0.9878721317193052
0.9878721266278716
0.9878721508468947
0.9878725600536737
0.9878731808377625
0.9878734797832787
0.9878736874208508
0.9878737978832217
0.9878738551972033
0.9878746633846767
0.9878756678767174
0.9878768726575374
0.9878775912628456
0.9878782382344661
0.9878787863013945
0.9878794465810187
0.987879436077157
0.9878790897348756
0.987878868383947
0.9878789526704911
0.9878779955205502
0.98787661118053
0.9878756097827053
0.9878743411420351
0.9878731312194108
0.9878719083800462
0.9878708131346542
0.9878697585403607
0.9878693010330017
0.9878686891012441
0.9878682824659173
0.9878676574612926
0.9878668306329168
0.9878659243640209
0.9878650435237243
0.9878644180107163
0.9878638489397357
0.9878632576276138
0.9878634270026628
0.987864394479342
0.9878652432366098
0.9878660609215824
0.9878669613269476
0.9878671113989561
0.9878675931123371
0.987867912523052
0.9878680307058477
0.9878683012017876
0.987868871100218
0.987869521351861
0.9878698513543848
0.987869435459913
0.9878690463652349
0.9878675683149144
0.9878661468277232
0.9878641492450976
0.9878620549687133
0.9878597568085995
0.9878576673057002
0.9878550119781193
0.9878533713658251
0.9878523269532875
0.9878507597547177
0.987849756933698
0.9878492572557981
0.9878493491624373
0.9878490287709263
0.9878487263632206
0.9878482642407147
0.9878475296686869
0.9878473501853622
0.9878474434346225
0.9878478717566188
0.987847816412016
0.9878484009667811
0.9878487755310693
0.9878494087704446
0.987848963316295
0.9878493389599954
0.9878490034000411
0.9878491564821675
0.9878494354905724
0.9878500734924518
0.9878510979044158
0.9878519587444038
0.9878536528030273
0.9878549332214652
0.9878564599205913
0.9878581322851981
0.9878599670530713
0.9878614918211299
0.9878633162480291
0.9878640241478593
0.9878650197153706
0.9878661295744531
0.9878662459892268
0.987867499686814
0.9878690202165135
0.9878703620415781
0.9878722426785371
0.9878734002671794
0.9878745599921858
0.987875438022026
0.9878760234900786
0.9878772685618552
0.9878780950303786
0.987878709992489
0.9878792582093108
0.987879282580202
0.9878791088741253
0.9878787731145127
0.9878796667253795
0.9878799953964397
0.9878797078848082
0.9878798101811943
0.9878799817886843
0.9878798886274199
0.9878811514248168
0.9878818401230305
0.9878829206799472
0.9878839749852159
0.9878855389028596
0.9878850672319648
0.9878846850216413
0.9878847574206919
0.9878850295889892
0.9878858221559326
0.9878865727108255
0.9878868264268234
0.9878864371436704
0.9878855509984706
0.9878849535374901
0.9878849263759508
0.9878851421743782
0.9878850766668497
0.9878849559599133
0.98788557783607
0.9878852078714331
0.9878856363254165
0.987887046699289
0.9878882487372724
0.9878887241117927
0.9878881346592103
0.9878873436904986
0.9878865093633435
0.9878855872521706
0.9878851443476111
0.9878848021104439
0.9878840581708244
0.9878825609991593
0.9878808742203355
0.9878801089492589
0.9878795843618711
0.9878785546994203
0.9878773580351808
0.9878764501335683
0.9878766668640262
0.9878761070616416
0.9878755765322417
0.9878752684991164
0.9878748434250763
0.9878747806638051
0.9878737426454407
0.9878725111149376
0.9878714348197922
0.9878705863562549
0.9878707487403694
0.9878709051229536
0.9878710751409059
0.9878719662553785
0.9878722041777144
0.9878718847244066
0.9878712152146842
0.9878713223039924
0.9878710546441747
0.9878715569659302
0.9878721168056583
0.9878720395856487
0.9878713909816728
0.9878705056443098
0.9878688057733698
0.9878676958600602
0.9878665691700332
0.9878656396197185
0.987864476515285
0.9878631150460059
0.9878622911849533
0.9878612286802407
0.9878606564410309
0.9878596070882707
0.9878590608130332
0.987858569452188
0.987857841288598
0.987857095686991
0.9878565028389626
0.9878555929674568
0.9878538621734209
0.9878526978555494
0.9878516564566457
0.9878503327852413
0.9878488662626196
0.9878475283053765
0.9878464266138295
0.9878455826928855
0.9878442078046092
0.9878433598665975
0.9878425346947797
0.9878413773550913
0.9878407561648557
0.98784066983908
0.9878410708175432
0.9878418693586796
0.9878430017787103
0.9878442455631564
0.9878451335249733
0.9878464710145739
0.9878475510396757
0.9878484481151478
0.9878498997919913
0.9878502541039056
0.9878505859347253
0.9878511684485853
0.9878512593424872
0.9878503659398356
0.987849649321517
0.9878488435091611
0.9878478126605488
0.9878466614459718
0.9878451885941711
0.9878439678479511
0.9878429931705146
0.9878415175664791
0.9878404422500866
0.9878392977739727
0.9878379477317578
0.9878364736218214
0.987835558217312
0.9878347858627308
0.98783459308556
0.987834338733839
0.9878343209224558
0.9878347245008978
0.9878343593554353
0.9878344844671749
0.9878335928650732
0.9878332518588521
0.9878332592162761
0.9878339150633142
0.987833951197223
0.9878344925130551
0.9878355135484993
0.9878361944287981
0.9878371263315654
0.9878379187737326
0.9878386645152135
0.9878400439334457
0.9878405817160038
0.9878417184762062
0.9878431735093491
0.9878440831270182
0.9878445963956819
0.9878449961382726
0.9878454757655456
0.9878450804970382
0.987844152019453
0.9878431339622262
0.9878421727944277
0.9878416331394425
0.9878405083650132
0.9878392472863659
0.9878379243621459
0.9878365135545588
0.9878354085492219
0.9878341466340181
0.9878331456190266
0.987831939295714
0.987831297799467
0.9878313908786401
0.9878314202947127
0.9878316783500023
0.9878323437064649
0.987832801621505
0.9878336183358154
0.9878344391798624
0.9878353952093606
0.9878363612934311
0.9878376360064941
0.98783815060983
0.9878388293810102
0.9878386528388983
0.9878379421650597
0.9878379319344351
0.987838036160873
0.987837818101402
0.9878373188138003
0.987837131044718
0.9878371239196976
0.9878369382120704
0.9878366084234975
0.9878352579751174
0.9878343063629199
0.9878340874192256
0.9878340450998656
0.9878344187121636
0.9878348804008936
0.9878361463883619
0.9878371979766497
0.9878375900330889
0.9878384783493194
0.9878393446925372
0.987840697306474
0.9878409290633611
0.9878408402053471
0.9878414351736149
0.9878422735904868
0.9878434914552291
0.9878445632618452
0.9878458152168487
0.987847075225897
0.98784717962779
0.9878466331774252
0.987846846621283
0.9878471596128305
0.9878476456928514
0.9878482158075584
0.9878493297152324
0.9878496846009277
0.9878504432234883
0.9878501857382859
0.9878499757674136
0.9878495689267791
0.9878491796514007
0.9878488868187099
0.9878477264413006
0.9878464853710598
0.9878456774111932
0.9878447363661441
0.9878440444455534
0.9878431295152916
0.9878421826177547
0.9878408616601622
0.9878402197212066
0.9878397951082433
0.9878390388209854
0.987838710352784
0.9878382572062003
0.9878375818835716
0.9878363569563783
0.9878354935421376
0.9878348732348537
0.98783466710799
0.987833384400254
0.9878329473025549
0.9878326046419829
0.9878323410162184
0.9878324267930665
0.987831703378803
0.9878307755619887
0.9878302331030446
0.987829869764053
0.9878293880311165
0.9878289465136794
0.9878291669350879
0.9878298086293086
0.9878296397102507
0.9878287299424756
0.9878285392359465
0.9878277401720071
0.9878274390522318
0.9878276305653166
0.9878279222453633
0.9878292307555595
0.9878301815146601
0.9878306812184544
0.9878313432427603
0.987832255045573
0.9878326402468572
0.9878331527357684
0.9878334237739776
0.987833806275125
0.9878339842081972
0.9878351147786966
0.9878356701825973
0.9878365750327128
0.9878372106400464
0.9878379198906719
0.9878384655175992
0.9878391086077735
0.9878391015341168
0.9878395075111737
0.9878399553342415
0.9878405603204975
0.9878410519380089
0.9878421389444034
0.9878434029574972
0.9878456552909561
0.9878476187656641
0.9878495311787365
0.9878509240540941
0.9878517726900243
0.9878531734072828
0.9878550274162997
0.9878564633453952
0.9878575729544571
0.9878581029305353
0.9878592666097951
0.9878598816350219
0.9878601885094035
0.9878603990590457
0.9878609368130141
0.9878618893740927
0.9878622117406984
0.9878624371994172
0.9878630971732971
0.9878639824371411
0.9878650503126586
0.9878667652607932
0.9878678718320576
0.9878682770059313
0.9878689897345042
0.9878697468532439
0.9878700708046223
0.9878705965932388
0.9878707931157594
0.9878708676793856
0.9878710163535958
0.9878714563969084
0.9878713971437381
0.9878716815332149
0.9878729265776175
0.9878732806825669
0.9878741756008256
0.9878751094010233
0.9878751398270023
0.987876217746289
0.9878765271938345
0.987877124005184
0.9878780698952042
0.9878790361042203
0.987879901417209
0.9878802932585938
0.987881167253749
0.9878818637011475
0.9878832803798455
0.9878844173927369
0.9878857908029461
0.987886133401239
0.9878864563216363
0.987886877794245
0.9878876532066887
0.9878878172680806
0.9878880327459824
0.9878879308238647
0.9878883138707547
0.9878889865613408
0.9878903038103491
0.9878908197555166
0.987891101425373
0.9878911967630695
0.9878910626718483
0.9878912593598622
0.9878904960833093
0.9878898071330731
0.9878891479549924
0.9878878643538764
0.9878871357842731
0.9878863133590603
0.9878852604549756
0.987883910195419
0.9878828623580146
0.9878820104728001
0.987881190580723
0.9878805038601447
0.9878794043611644
0.9878781832477503
0.9878768603267506
0.9878758176257215
0.9878743905798959
0.9878725864954807
0.9878708477203771
0.9878689565305041
0.9878671557160164
0.9878653823148803
0.9878636866091429
0.987861777197649
0.987860439977922
0.9878596823350551
0.9878589096339208
0.9878589996957194
0.9878593834786034
0.9878600588157114
0.9878606049416683
0.987860950931029
0.9878610466787352
0.98786193312356
0.9878622009162702
0.9878626994738202
0.9878633250536538
0.9878636442935789
0.9878632419071368
0.9878628785594323
0.9878628583508055
0.9878630318746618
0.9878629947185961
0.9878626991557615
0.9878623410867362
0.9878621078747808
0.9878624418027139
0.9878629913976029
0.9878626480007777
0.9878626870390239
0.9878626423779954
0.9878625104803102
0.9878629586146411
0.9878631139693429
0.9878635295556071
0.9878641586534748
0.9878647427236582
0.9878655375601431
0.9878662403290246
0.9878669586743514
0.9878672623065418
0.9878679242556009
0.987869316495564
0.9878708373257294
0.9878717300388284
0.9878725197231635
0.9878734006745247
0.9878748031972762
0.9878766745842325
0.9878787412448019
0.98788042129443
0.987882205308281
0.9878837265731023
0.987884437342569
0.9878856935224593
0.9878868742611808
0.9878875390632578
0.9878880972864206
0.9878881130256931
0.987888409463501
0.987888778966863
0.987888811650961
0.9878883163905833
0.987888067898461
0.9878876141192038
0.9878867627170465
0.9878858440588075
0.9878844613773041
0.987883129752244
0.9878818784738324
0.9878807085786373
0.9878792688736908
0.9878773025686279
0.9878751859157
0.9878734818439253
0.9878712200647659
0.9878687736573364
0.9878668824370133
0.9878652166172589
0.9878642290157817
0.9878627432727304
0.9878617676709474
0.9878607885207625
0.987859613731729
0.9878578981082045
0.9878560044376602
0.9878537947227871
0.987852315203713
0.9878513549874542
0.9878503069614801
0.987849496073543
0.9878489098623501
0.9878482434541507
0.9878472070785913
0.9878465506057511
0.9878458439189747
0.9878456708641847
0.9878449753393652
0.9878447384596477
0.9878442963589508
0.9878441099949475
0.9878444315354332
0.9878446263257783
0.9878445057128834
0.9878452993876213
0.9878458112769313
0.9878464721382886
0.987847977815746
0.9878495544507065
0.987850274916615
0.9878510433727926
0.9878519285516094
0.9878529687544846
0.9878530966837985
0.9878536786473606
0.9878537973910986
0.9878536917541026
0.9878534506126979
0.987853348786556
0.9878531443874341
0.9878521635178947
0.987851176622527
0.9878502964359794
0.9878496500305555
0.9878492284700937
0.9878486158554785
0.9878473330532019
0.9878467044074931
0.9878460723220571
0.9878458281970669
0.987846057680854
0.9878467580986698
0.9878465517944773
0.9878463664150408
0.9878469035396804
0.9878476499917731
0.9878481584394183
0.9878484105230018
0.9878486928384488
0.9878487014946677
0.9878485940562732
0.9878486590187806
0.9878480972388971
0.987847765951278
0.9878482516609588
0.9878488410038068
0.9878493420782494
0.9878501519641776
0.9878508727916655
0.9878510526761983
0.987851829808623
0.9878530723537248
0.9878535882496435
0.9878539895869978
0.9878541364681768
0.9878547332104451
0.9878553809307593
0.9878552092261439
0.987855871394937
0.9878564718623805
0.9878570151336838
0.98785774086037
0.987858085894881
0.987858795820646
0.9878597861452196
0.9878608665541916
0.9878619860958877
0.9878628803306152
0.9878640119590943
0.9878649643923109
0.9878657396822073
0.987866602210772
0.9878679870951773
0.9878692851174677
0.9878700400997005
0.9878703453254744
0.9878706706556928
0.9878711501475538
0.9878711843064498
0.9878711163100079
0.9878714881171201
0.9878713338167721
0.9878715222561305
0.9878720366987596
0.9878730672301916
0.9878736126060328
0.9878737542031291
0.9878748100805167
0.9878757900464892
0.98787730672588
0.9878782749124303
0.9878794441268625
0.9878807707618289
0.987881512572529
0.9878823189990372
0.9878829115575167
0.9878839939342937
0.9878846184188895
0.9878850937104582
0.9878859977750813
0.9878862247938024
0.9878868010126275
0.9878880868062734
0.9878887501943943
0.9878889083305116
0.9878899862953283
0.9878905270164927
0.9878915732587513
0.9878921390580993
0.98789297216942
0.9878933153090127
0.9878930222046848
0.9878932663850623
0.9878932063762423
0.9878923892576564
0.9878924326385292
0.9878925394928582
0.9878924011816012
0.9878919291882059
0.9878917866105514
0.987890826039452
0.9878903570251552
0.9878899715345042
0.9878894069405325
0.9878888342460574
0.9878886113224744
0.9878887347822674
0.9878883673848302
0.9878888178492562
0.9878895837399658
0.9878902466034494
0.9878907515279715
0.9878909478605895
0.9878906684969323
0.9878903580847438
0.9878901667872282
0.9878903967492508
0.9878909178106778
0.9878907267480096
0.9878913735722059
0.9878915496870055
0.9878914756165504
0.9878924174299629
0.9878927079500671
0.9878928719806689
0.9878925043710031
0.9878916113050653
0.987890420492441
0.987889801220226
0.9878890993817746
0.9878889998991214
0.9878881318916125
0.9878866938691528
0.9878848748456188
0.9878836864279759
0.987882835853963
0.9878820521313624
0.9878824477359046
0.987883328801025
0.987883853653126
0.9878839138419253
0.9878842602607018
0.9878850606517501
0.9878852426368444
0.9878857060189216
0.9878864978102287
0.9878876621598995
0.9878887931008553
0.9878895570189765
0.9878901350865786
0.9878907637108335
0.9878914846757499
0.9878923111121294
0.9878929960131042
0.9878934997411066
0.9878937784902483
0.9878937211645683
0.9878932252759516
0.9878927167658781
0.9878925431340465
0.9878925476774123
0.987891781736224
0.98789142411028
0.9878908110523419
0.9878898499073583
0.9878888419287792
0.9878881263298919
0.9878871855765748
0.9878863512184202
0.9878852332483399
0.9878843560864694
0.9878833771188016
0.9878827003920331
0.9878819064169876
0.987881195304107
0.9878805927077134
0.9878798998308727
0.9878790369514993
0.9878784198872566
0.9878777534653113
0.9878770387991278
0.9878758205797635
0.9878753074848815
0.9878753057095115
0.9878756497969734
0.9878760727234234
0.987876763121975
0.9878771599078082
0.9878767299436664
0.9878765819141726
0.9878773368577706
0.9878783158941709
0.9878789559349083
0.9878799622918868
0.9878802585215561
0.9878806365081199
0.9878806957962479
0.9878808075895605
0.9878811022435626
0.9878814517492142
0.9878819373519653
0.9878824137138091
0.9878826774049827
0.9878830441850287
0.9878835273415965
0.9878838097316409
0.987883749693475
0.9878844436065016
0.9878857155142158
0.9878871218058654
0.9878883356355513
0.9878893463061149
0.9878900862354116
0.9878903551207744
0.987890974329852
0.9878912619982619
0.9878907721834149
0.9878902888493423
0.987889413143578
0.9878888892852965
0.987888418945119
0.987887386672274
0.987886206737055
0.9878855964632166
0.987885171293198
0.9878843036418069
0.9878833349819574
0.9878823278344311
0.9878813693731686
0.9878807145484305
0.9878800565571266
0.9878793010160697
0.9878786071071955
0.9878786800527781
0.9878788450133753
0.9878786492647105
0.9878785308778306
0.9878785485373631
0.9878793003787745
0.9878801353575715
0.9878808845248018
0.9878812561909066
0.9878817213749458
0.987882190051296
0.9878829716027591
0.9878842441210627
0.987885358879955
0.9878859906637094
0.9878864378869867
0.987886481639419
0.9878862877687132
0.9878864576840356
0.9878861541906003
0.9878863914068449
0.9878869015469257
0.9878870203587237
0.9878873898915556
0.9878874898351347
0.9878870031549748
0.9878865099999273
0.9878853698060543
0.9878845356713251
0.9878841324557487
0.9878830479484206
0.9878821575549392
0.9878807989230637
0.9878795403424839
0.9878787175191022
0.9878769639692415
0.9878747363494799
0.9878731156115563
0.9878717372387983
0.9878707880122655
0.9878703723786565
0.987869753818603
0.9878686877080421
0.9878671216641516
0.9878662638678599
0.9878654631210335
0.9878648594275314
0.987864296635573
0.9878636728654386
0.987862849674932
0.9878618495409488
0.9878611420455952
0.9878605685959517
0.987859765861245
0.9878589121139356
0.987857910143168
0.9878570467727779
0.9878566601097382
0.9878556814687196
0.9878547474325146
0.9878544777103122
0.9878537626472177
0.9878529373223763
0.9878522518870289
0.9878523182285841
0.9878526919540429
0.9878523952546212
0.9878518073697
0.987851732007524
0.9878522089898892
0.9878525891596895
0.9878528160723744
0.9878537217484056
0.9878542064283933
0.9878544448139551
0.9878545611659884
0.987854708465059
0.9878543747509839
0.9878545456747391
0.9878552148547989
0.9878557392240002
0.9878563335406028
0.9878571224590588
0.98785803307098
0.9878590449530411
0.9878599641165254
0.9878606343643799
0.9878613185655358
0.9878625666098293
0.9878642252089703
0.9878657048249627
0.9878667697408239
0.9878674793902265
0.9878681550056273
0.9878694584132395
0.9878700794153892
0.9878704346897768
0.9878705149290304
0.9878705839231362
0.9878707327645778
0.9878712262246826
0.9878706056267598
0.9878706834122131
0.9878709467693175
0.9878711114950005
0.9878710148360649
0.9878713858132323
0.9878709761526219
0.987870330565244
0.9878706391850235
0.9878713007197114
0.9878714972371561
0.9878711678406435
