0.9270039678220869
0.9527918070418504
0.9640990437225428
0.9692672701110754
0.9730245602628071
0.974988197462683
0.9776897693111004
0.9790379453326299
0.9794486490958523
0.9805108493888949
0.9816181831248647
0.9826062695712663
0.9834122459744383
0.9841634380943121
0.9848891918522501
0.9856297284613439
0.9862300768673398
0.9867714653291805
0.9874924841822839
0.9880126988409138
0.9884659083926698
0.9889014507154131
0.9891426332238673
0.9891959005384494
0.9892377307549997
0.9894397928781328
0.9897548471850109
0.9900729103532605
0.99013891755732
0.9900922277774762
0.9902558049753466
0.9902687078182929
0.9901618290697131
0.9901442981559515
0.9902114809181626
0.990323401292929
0.9905043289001985
0.9904756624637038
0.990495454307855
0.9903976158593512
0.9902203577736919
0.9902139530893629
0.9902635162126299
0.990285816158535
0.9902597052381364
0.9901729371634023
0.9901263093416144
0.990167581095556
0.9901315971346979
0.9900181858430817
0.989898461978241
0.9898792665216087
0.9898563304572001
0.9898084966586425
0.9897956850302255
0.9897358681230227
0.9897602843561023
0.9897711094568049
0.9898276755807296
0.9898270077118593
0.9898313267067034
0.9897896452166217
0.9898118753997656
0.9898826896311276
0.9899370463716534
0.989948261376219
0.990027628504757
0.9900656022495508
0.9900448210584951
0.9900636032557392
0.9900412559612409
0.9900517174945287
0.9900613494408959
0.9900397986090427
0.9900377231162665
0.9900052303123742
0.9900205175830311
0.9899982021633923
0.9899834374862055
0.9899473132244068
0.9900028428126293
0.9900094062825471
0.9900341930985807
0.9900127500731706
0.9899082550321716
0.9899261657157304
0.9899808609261966
0.9900520782445951
0.9900107657429504
0.9900372205959418
0.9900597397597197
0.9900389100366719
0.9900493543380536
0.9900809097915422
0.9901155136660551
0.990204469815951
0.9902296660993664
0.9902796310173284
0.9903079010879402
0.9903013998670368
0.9902755806980081
0.9902619043381401
0.9902695121177513
0.9902867176744021
0.9902683431334025
0.9902445917711682
0.9902382858167088
0.990241182709122
0.990291433273106
0.9903036642791236
0.9903455895611258
0.9903763925546613
0.9903546958726241
0.990323911896592
0.9903092474641751
0.9903215737933961
0.9902742530423457
0.9902595837790161
0.9901710376381684
0.9901600210132591
0.990131581116347
0.9901328367852265
0.990147454823731
0.9901750079188633
0.9901621797991222
0.9901579734795457
0.990110553742525
0.9900989517362729
0.9900989812497851
0.9900691305274182
0.9900606955192632
0.9900110087915347
0.9900072335328127
0.9900265439162632
0.990071214810934
0.9901004543559443
0.9901044309392453
0.9900974720625247
0.9901060661466258
0.9901259158727395
0.9901567580820967
0.9901787992717245
0.9901742945403456
0.9902421619585428
0.9902690452990198
0.9902938091155618
0.9902984428237327
0.9903034878736634
0.9902737816827867
0.9902623951219909
0.9902663160591145
0.9902819446687708
0.9902527496100353
0.9902627153053436
0.9902894399206208
0.9902848636112782
0.9902549022243353
0.9902595636161258
0.9902395116751725
0.9902540189988408
0.9902692473795858
0.9902854642007268
0.9902941430791145
0.9902902508198415
0.9902387115503313
0.9902154192041491
0.9902136876094747
0.9902474744856634
0.9902571265291374
0.9902707439634056
0.9902717875889241
0.990272932921722
0.9902809209846226
0.9902973856327819
0.990291926110727
0.9902943991797007
0.9902932467054926
0.9902971845533823
0.9902578693307322
0.9902210737642783
0.990217638674177
0.9902053594758985
0.990228406729036
0.9901995580247679
0.9901685590308565
0.9900998731741912
0.9900741967157451
0.9900428409632841
0.9900294765480807
0.9900268663100222
0.9900438784449779
0.990054560747632
0.990060227892263
0.9900726474558901
0.9900813868427648
0.990096568075989
0.9900981581476747
0.9901214080172517
0.9901278272175087
0.9901134611756343
0.9901115733281914
0.9901033177783757
0.9900986268920057
0.9900641474578262
0.990085009197202
0.9900621125322282
0.9900750324192743
0.9900764036128239
0.990099976003837
0.9901074931185198
0.9901234298887746
0.9901501434835172
0.9901669606655235
0.9901668007287782
0.9901728121932621
0.9901562863001675
0.9901680001178146
0.9901915172919974
0.990199458466685
0.9902024452771938
0.9901878119229289
0.9901933477303547
0.9901844711247048
0.9901949379402086
0.9901874733737183
0.990180767247757
0.9901648721302024
0.9901417753549286
0.9901322007224961
0.9901311776172568
0.990116062616035
0.9901043217436059
0.9900955492813522
0.990078799397999
0.9900951724539815
0.9901143610376688
0.990139905438209
0.9901316098350028
0.9901448953102168
0.990181383044921
0.9901809620451368
0.990178590918902
0.9901942230649442
0.9901863715636711
0.9901989780127375
0.9901838483146577
0.9902046955621522
0.9901869287119011
0.9901838721210353
0.9901778499025138
0.9901328505578921
0.9901270751429434
0.9901187164964801
0.9901145223974143
0.9901016693907986
0.9900960231264985
0.9900811123359244
0.9900858240431747
0.9900920055981017
0.9900991078484374
0.990110803248008
0.9901149105885712
0.9901171068368521
0.99010448050863
0.9900811272228925
0.9900983382495925
0.9900870263138573
0.9900648405196268
0.9900664921000688
0.9900750600982257
0.9900629381413607
0.9900365094079026
0.9900281764564738
0.9900285871915798
0.990044490270959
0.9900355600121532
0.9900327903658381
0.9900264598516126
0.9900212338539587
0.9899945529793028
0.9899667868662511
0.989964865736067
0.9899385940641702
0.9899477635007402
0.9899400950127325
0.9899389761517889
0.9899308997318301
0.9899306814489433
0.9899278961000844
0.9899288879507712
0.9899274266057477
0.9899158065368383
0.9899309479676766
0.9899378726271667
0.9899485051409916
0.9899575612966548
0.9899463355363934
0.98994043899781
0.9899198378585365
0.9899126243297235
0.9899101568902864
0.9899009952600676
0.9898943062409176
0.989881705995032
0.9898916152959939
0.9899040753953928
0.9899147751515822
0.989930213159456
0.9899462403312035
0.9899311631655567
0.9899217837540568
0.9899157602852083
0.9899172686581217
0.9898974451179576
0.9898923548019367
0.9898902381960546
0.9899007239288892
0.9899116532085694
0.9899063716905363
0.9898866653369407
0.9898628637805313
0.9898438951331646
0.9898303376648533
0.9898202149484754
0.989804224878236
0.9897805686619975
0.989760668603814
0.9897652356520915
0.9897569494322717
0.989738506190493
0.9897288251149947
0.9897428625825603
0.989758812329901
0.9897652778715501
0.9897604887088598
0.9897618708857099
0.9897555520738476
0.989751924284635
0.9897534627576835
0.989778831283528
0.9897885643382575
0.9897827014937229
0.9898027733579954
0.9898037288357283
0.9898071815880283
0.9897925872976364
0.9897967633317803
0.9898032868774526
0.9897956201347506
0.9897981592163729
0.989804111436064
0.9898045145540049
0.9898003719148911
0.9898024140803776
0.9897978725763595
0.9898038560229913
0.9897958947489401
0.9898231812706131
0.9898353360355104
0.9898383139174587
0.9898306658864783
0.9898277037481061
0.9898241117700971
0.9898297872827925
0.9898356258329951
0.9898507581994465
0.989856725295313
0.989837303483953
0.9898143414656905
0.9898012546090779
0.9898052931735848
0.9898028814463293
0.9898026619308031
0.9897869594694876
0.9897814746959624
0.9897649320049922
0.9897542558716089
0.9897471767561532
0.9897355485876285
0.9897458362837329
0.9897494484100777
0.9897468892288698
0.9897559261912983
0.9897452853002849
0.9897304171871467
0.9897329489129207
0.9897272120027855
0.989726207775268
0.9897166525882908
0.9897094833984741
0.9897008657851346
0.9896862299826753
0.9896701741668155
0.9896691288690618
0.9896651955519377
0.9896567784026361
0.9896573686842581
0.989665709660577
0.9896824164625623
0.9896808448835971
0.9896723578929579
0.9896666468489967
0.9896557938177796
0.9896485002098482
0.9896339933569078
0.9896185749824532
0.9895955346714579
0.989573157443294
0.9895590487926484
0.989546535771732
0.9895353165932304
0.9895335733666331
0.9895432523327443
0.9895517495092303
0.9895603036894539
0.9895576467366564
0.9895489854692431
0.9895487526234966
0.989554926790798
0.9895442971134238
0.9895378998004525
0.9895273469545611
0.9895210663054933
0.9895045120419128
0.9895040325033339
0.9894812884770197
0.9894689252825228
0.9894535708640325
0.9894336902520098
0.9894192077518303
0.9894222789243601
0.9894127966746107
0.9894116260093425
0.9894069756994313
0.9893991263893734
0.9894058757986179
0.9894047562075556
0.9894097059055803
0.9893956111360607
0.9893991527609473
0.9893951447106475
0.9893944033856831
0.9893992341243512
0.9893992030437265
0.9893936779436965
0.9893906417215542
0.9893922662520875
0.9893892374993558
0.9893999343128347
0.9894186110575415
0.9894288103162348
0.989436723962792
0.9894512161062627
0.9894565586532531
0.9894605365842224
0.9894718558318631
0.9894931867322575
0.9894916623751772
0.9894890257189612
0.9894765341053267
0.9894832139035943
0.9894765353777394
0.9894711889915964
0.9894615765263916
0.9894677092682761
0.9894676868096463
0.9894691973644493
0.989456138565749
0.989449237808159
0.9894427130317014
0.989430476232033
0.9894327336439998
0.9894299725045921
0.9894391921047375
0.9894342240395819
0.9894193850906535
0.989415567038804
0.9894208965894978
0.9894222652929073
0.9894268705488449
0.989431715443814
0.9894276706564821
0.9894076124193107
0.9894010901035054
0.9894028907112787
0.9893883738509337
0.989376768511534
0.989375573112878
0.9893741707312478
0.9893722275815492
0.989378839288949
0.9893717712472697
0.9893750038437606
0.9893754300044588
0.989363885696727
0.9893562362416602
0.989356289579898
0.9893549221396495
0.9893555991327718
0.9893607796533117
0.9893423082421497
0.9893409488130064
0.989327410133248
0.9893147077501547
0.9893186422991905
0.9893126043353808
0.9893213476781325
0.9893284719765596
0.9893276037434912
0.9893310479704491
0.9893294175920625
0.9893387463488157
0.9893420409723872
0.9893428130974221
0.9893282067915643
0.9893180301228061
0.9893142726769699
0.9893154958402234
0.9893187715028214
0.9893236789876947
0.9893293618675124
0.9893227890113231
0.9893174828259335
0.9893178656624158
0.9892986668790419
0.9892800633224751
0.9892708219081888
0.9892689793451619
0.9892656809060326
0.9892649736931368
0.9892660836492939
0.9892611441913832
0.9892622017731606
0.9892663631760779
0.9892670284272027
0.9892694566353375
0.9892796610597356
0.9892900334818443
0.9892903914807439
0.989283750648022
0.9892702703027729
0.9892551821198383
0.9892471408453553
0.9892407285483199
0.9892421132445173
0.9892580768334946
0.9892634002017513
0.9892738244700401
0.9892793953687226
0.9892793337199699
0.9892867550701372
0.9892933738536206
0.98930295939665
0.9893077157360637
0.989301952480438
0.9892946013227744
0.9892987460508941
0.9892956785224274
0.9893014065063871
0.9893073106790157
0.9893142906992568
0.9893113879022989
0.9893089030386356
0.9893080187440776
0.9893021827448102
0.9892998504604493
0.9892839918491506
0.9892922377886577
0.9892918299157872
0.9893033316567292
0.9893029358435311
0.9893052704258428
0.9893082735174782
0.9893216114410052
0.9893406057224416
0.9893508692069553
0.9893522839460157
0.9893536895350189
0.9893604519822058
0.9893585369370044
0.9893629865503798
0.9893710766020911
0.9893713384959415
0.989376350267392
0.9893730277185749
0.9893781355624244
0.9893836682810158
0.9893859669099431
0.9893881413879019
0.9893968188466791
0.9893984432312792
0.9894093098535465
0.9894194660707417
0.9894249811891259
0.9894128347444525
0.9893961099186265
0.9893864916117154
0.9893781893940592
0.9893694939116435
0.9893602631636723
0.9893536087846047
0.989355635809278
0.9893547106333161
0.9893575311336658
0.9893569769957035
0.9893439594831527
0.9893285689566159
0.9893233415325778
0.9893218391817499
0.9893150073402939
0.9893131609202015
0.9893111379430505
0.9893096391508024
0.9893154444954708
0.9893173526002126
0.9893136119451628
0.9893169511527045
0.9893172413337986
0.9893136210258479
0.9892989799348967
0.9892989833190335
0.9892920046160953
0.989286773551407
0.9892938050041045
0.9893006000158459
0.9893066051974793
0.989301817763195
0.9893049466681147
0.9893022896034027
0.9892973369886543
0.9892928076338833
0.9892852411915676
0.989269896138258
0.9892692552630011
0.9892593667412725
0.9892589351911876
0.9892548326426741
0.9892414035677906
0.989241622661904
0.9892514861433876
0.9892596427245839
0.9892587760282657
0.9892660554378966
0.9892639785889222
0.9892654437019712
0.9892530330667941
0.9892500316692054
0.9892558044215277
0.989254432125046
0.9892483628554573
0.9892530323856453
0.989252734877318
0.9892548804470762
0.9892574773213106
0.9892618941742455
0.9892684089517371
0.9892652187598707
0.9892664141571871
0.989271347002751
0.98927967897061
0.9892855858900753
0.9892906141685611
0.989298379755264
0.9892945535089401
0.98930022391497
0.9893009589948168
0.9892995998901367
0.9892921393661952
0.9892865480841282
0.9892798092037619
0.9892766752996706
0.9892733351510457
0.9892748953513705
0.9892778201999979
0.9892728539080339
0.9892781429496879
0.9892788637434685
0.9892759874899808
0.9892740687923623
0.9892681627347042
0.9892604207371175
0.9892495221371101
0.9892559695847246
0.9892574247967535
0.9892643119302427
0.9892580404077637
0.98925673555858
0.9892511498187196
0.9892462916011519
0.9892429182564976
0.9892388950978637
0.9892383069848808
0.9892443714474415
0.9892465599151752
0.9892455113510716
0.989247340171924
0.9892455641563207
0.9892500426208382
0.989249119933561
0.9892510051864217
0.9892526584182846
0.9892602646573821
0.9892705453273025
0.9892793850572564
0.9892861524514472
0.9892951533644998
0.9892911664177663
0.9892851873661375
0.9892954649451198
0.9892966553571115
0.9892911405427529
0.9892797377438133
0.9892865860297235
0.9892961159544921
0.9892917346072168
0.9892982095261064
0.9893011234374393
0.9893021436801167
0.9892999984562557
0.9892896021877176
0.9892806330568344
0.9892770485435282
0.9892800946233049
0.9892794026860173
0.9892774126007148
0.9892746560076383
0.9892675854413316
0.989265286562038
0.9892726632279059
0.9892804512760545
0.9892914643108386
0.989299641142648
0.9893002974016113
0.9893044949592116
0.9893113723614553
0.9893122245849512
0.9893112161946367
0.9893167339165877
0.9893192017484822
0.9893214914860654
0.9893296515831697
0.9893371250320631
0.989344171216873
0.989334572220133
0.989330331503331
0.9893311043526157
0.989328581904316
0.9893292216171973
0.9893232376898194
0.9893189259473728
0.9893201735061583
0.9893168252150474
0.9893123647633981
0.9893165278154722
0.9893198643771801
0.9893175240171126
0.989309623985711
0.9893025023349608
0.989297413417343
0.9892957392461297
0.9892965703312393
0.9893050174328503
0.989308871994237
0.9893005044447569
0.9892973004484702
0.9892948002042288
0.9892950916913853
0.9892922500371006
0.9892950875175679
0.9892970150236077
0.989297260462007
0.989293632172593
0.9892942118340605
0.9892900752617542
0.9892944167644907
0.9892888618274308
0.9892835304111549
0.9892786181861786
0.9892789270010612
0.9892852480587544
0.9892934520206736
0.9892918394447778
0.98929439610139
0.9892919436516825
0.9892939697617836
0.9892879813110983
0.9892826051402271
0.989282209947717
0.9892839511746708
0.9892830710328204
0.9892847884038846
0.9892831326986942
0.9892830395854986
0.9892761924645673
0.9892758370634563
0.9892806685536989
0.9892830435819094
0.9892859227303751
0.989287979046826
0.9892939037370567
0.9892989697619191
0.9893030410975371
0.9893086144861877
0.9893076879282259
0.9892996651039621
0.98929787107569
0.989300824794124
0.9893043560325926
0.9892983788186395
0.9892904883550698
0.9892885835165202
0.9892836130305297
0.989278328456219
0.9892738709228731
0.989274229441274
0.989271436772968
0.9892775144443922
0.98928648969282
0.9892885641252985
0.9892949879848016
0.9892997943156193
0.9892948879491233
0.9892918967000359
0.9892917171659722
0.9892908456104942
0.9892973647080046
0.9892966893000472
0.9892996790913516
0.9893021287854289
0.9893027681600891
0.9893037318625862
0.9893027937911059
0.9893012511636785
0.9893075919727319
0.9893037726816865
0.9893065943027881
0.9893037152592635
0.9893054197922099
0.9893036332609836
0.9893037856676762
0.9893042210862357
0.9893080919695837
0.9893015600914304
0.989300623104212
0.989298829769147
0.9892919907034503
0.9892847046539939
0.9892810262123483
0.9892774100165674
0.9892766156090866
0.9892754135914061
0.9892730979873317
0.9892786598821596
0.9892882405952306
0.9892980505498563
0.9893100681290086
0.9893184321078868
0.9893204214100598
0.989317513371179
0.9893182237963315
0.9893144229309093
0.9893194205104539
0.9893236416765435
0.9893191800914287
0.9893161854513315
0.9893109818831843
0.9893047878225044
0.9893036747182928
0.9892953303908727
0.9892921753269507
0.9892941394024992
0.9892948802061368
0.9892954067857627
0.9892941408335644
0.9892908177127717
0.9892900454506972
0.9892904500768495
0.9892829176167456
0.9892816211206295
0.9892845332462668
0.9892816856242191
0.9892793570027145
0.9892744292711867
0.9892760104905453
0.9892740184982752
0.9892757453709735
0.9892755976765825
0.9892798497359508
0.9892818173384706
0.9892845865530226
0.9892913262716423
0.9892896838320298
0.9892869223925358
0.9892884364939935
0.9892893814435313
0.9892912844386035
0.9892862304391782
0.9892902795289067
0.989300584127881
0.9892969545273771
0.9892908507261715
0.9892893246323118
0.9892856774673944
0.9892803342158473
0.9892729527309239
0.9892727648035711
0.9892728686224693
0.9892699322521761
0.9892706897327767
0.9892661403786116
0.9892692733702005
0.9892698044147472
0.9892686400384321
0.9892704407995351
0.9892696458271383
0.9892687876583652
0.9892695336374628
0.9892643077670285
0.9892594659966827
0.989253804116731
0.9892509533927076
0.9892500234839727
0.9892525328310418
0.9892498769345973
0.9892492876176795
0.9892601349243597
0.9892697990546696
0.9892713311239059
0.9892672607225816
0.9892640793266891
0.9892606949106449
0.9892628492448285
0.9892601633250079
0.9892536432888196
0.9892538610960598
0.9892452359687549
0.9892488404730467
0.9892558217080611
0.9892567122638186
0.9892613751509021
0.9892607375179483
0.989264024326579
0.989262546813819
0.9892617959382876
0.9892570805282405
0.9892548383725068
0.9892574218617208
0.9892520641606815
0.9892502820882395
0.989251478730288
0.989245555564763
0.989246035902258
0.9892483392958443
0.98925217578711
0.9892502994056595
0.9892543565084271
0.9892507189674326
0.9892493128806419
0.9892476614247533
0.9892489039215151
0.9892440622298674
0.9892403606229838
0.9892366552656803
0.9892426868563328
0.9892483866455842
0.9892553066361117
0.9892652258057951
0.9892646013224747
0.989267365569451
0.9892731203728945
0.9892751100671554
0.9892770748848223
0.9892811844470163
0.989277121363043
0.9892697697198463
0.989268390496358
0.9892629049971169
0.989267110167624
0.9892647324119945
0.9892619087498563
0.9892549928832209
0.989259371263617
0.9892576731364898
0.9892533763276128
0.9892500643136103
0.9892512814356271
0.989254371767173
0.9892558062274179
0.9892545112912889
0.9892581124614866
0.989255883249003
0.9892564341257035
0.9892571789810364
0.9892509286594712
0.9892470438832546
0.9892499293057992
0.989255085457201
0.9892588884178263
0.9892628961946703
0.9892644877699256
