0.9105601246435289
0.9380544552126256
0.9517146146179281
0.9571450033581403
0.962853724089691
0.9673047324984412
0.9704116207179999
0.9726157527984385
0.9745649521659278
0.9774402276670224
0.9789188049549876
0.9799714318439054
0.9801825930422922
0.9804079804245616
0.9808274709528002
0.9809625724682544
0.9807218731204329
0.9807018530383926
0.9802172758717141
0.9800227318345567
0.979734829931803
0.979665132939197
0.9795164344408683
0.9796542471296596
0.9795754525563953
0.9794477987761915
0.9796507466733487
0.979280327235182
0.9792341119557849
0.979217372229687
0.9794668253881851
0.9797428206297422
0.9796155155780989
0.9797498885460404
0.9797686210955118
0.9799957638447383
0.9801575463707305
0.9802678225078425
0.9802627221738385
0.9801192608718172
0.979972332529363
0.9799094870946288
0.9801716229706166
0.9802445786978531
0.9801191191789808
0.9800644740592269
0.9798945895884965
0.9798831481050873
0.9798481735129589
0.9798566455942556
0.979828766693243
0.979923047262305
0.9801427813839833
0.9801430662726405
0.9800867769429408
0.9800293472354941
0.9801049362077932
0.9802919861270739
0.9804430221957756
0.9804644557564476
0.9804804249432684
0.9803183703642868
0.9805132011924232
0.9805996887559538
0.9808000926861918
0.980839161966534
0.9809006109589489
0.9808956720065737
0.98071659342131
0.9806088707178579
0.9804383800820661
0.980396441309919
0.9803207489460123
0.9803569395664715
0.9804306315686209
0.9804734583669105
0.9806264378463395
0.9805231116548075
0.9803997934520505
0.980348968333393
0.9802771943130336
0.9802794259387366
0.9802431603165686
0.9801536587989164
0.9800703375840597
0.979986817206808
0.9801316817072794
0.980272127359084
0.9803451150299632
0.9803497643393645
0.9804138547370409
0.9804577130968386
0.980465662939605
0.9804422007994297
0.9804708884332642
0.9804729411739956
0.9805131082303971
0.9805110363191146
0.9805732026419341
0.980582224597941
0.980637439846327
0.9806832303131287
0.9808270852604702
0.9809109132390982
0.980906321815454
0.9808475813754876
0.9807970392040968
0.980797456473767
0.9807465549555061
0.9807257338415768
0.9807867041927094
0.9808036622434714
0.9808028758035593
0.9806891723560827
0.9806628639348275
0.9806723337625345
0.9806991871268926
0.9806584057771807
0.9805708645071576
0.9804796775539482
0.9803848289271037
0.9804447843771918
0.9804642251292973
0.9803954905922632
0.9803313714259774
0.9803047215926534
0.9801792343337841
0.9801630314590716
0.9801466199790179
0.9801443398659992
0.9801374050027467
0.980121393470158
0.9800691088417569
0.9801127899144396
0.9802281467108612
0.9802412797782526
0.9802383577403336
0.9801901317902694
0.9801729234444896
0.9801848807198454
0.9802084435125812
0.980241260918388
0.9802917393765872
0.9802775031304485
0.9802625840676079
0.9802315242881869
0.9802053535758705
0.9801521119489683
0.9801561329551908
0.9801430729022415
0.9801135342373473
0.9800822409129983
0.9800218614272111
0.9800585491216455
0.980099824998577
0.9801449696066084
0.980130291941934
0.9801487127451322
0.9801383492788036
0.9801119764305068
0.9801106261699652
0.9801450879741049
0.9801281979238236
0.9801007975295032
0.9800432600950294
0.9799750786821566
0.9799261883276843
0.9798675953848988
0.9798197827654334
0.9798550631525456
0.9799145304704995
0.9800086970712956
0.980048893137581
0.9800659636243683
0.9800786234161896
0.9800800614934908
0.9800835525862038
0.9801117662208577
0.9800966684669958
0.9800687747378547
0.9801382787150058
0.9801662085875241
0.9801804493699416
0.9801387201207679
0.9801057975437504
0.9800347971671174
0.9800241737777543
0.9799652298214331
0.9799415388793934
0.9799030930658132
0.9799340967709272
0.9798895903878796
0.9798804802558818
0.9798954801020376
0.979900270342005
0.9799681700737741
0.9799695790063077
0.9799982391909308
0.9799778429564867
0.9799145827804205
0.9798453928250954
0.9798427920739906
0.9798651331345282
0.979795267958102
0.9798031737909202
0.9797921081477255
0.9797801594687701
0.9797920202169752
0.9798044279032746
0.9798178463550471
0.9798468195243552
0.9798568819313634
0.9798386553574447
0.9798904147468172
0.9799467250383953
0.9799593069282998
0.9800121964454199
0.9800602993788365
0.9801094741794879
0.9801196027161934
0.9801278273960686
0.9801533323864405
0.9801520224482574
0.9801815270883028
0.9801815301047307
0.9801930224979724
0.9802215802440359
0.9802481461549825
0.9802702774922664
0.9802604438929822
0.9801932929065956
0.9801839833305196
0.9801445799662883
0.9801132353774226
0.9800860481357491
0.9800969549003241
0.9801074444763445
0.9800701400070629
0.9800672098352512
0.9800570241319968
0.9800339558995602
0.980014729027642
0.9800033573132971
0.9800137769751376
0.980062294932919
0.9800516808201594
0.9800441305344311
0.9800441282004249
0.980056557864288
0.9800805895356011
0.9801222878848284
0.980149103581493
0.9801342094594628
0.9801344780286835
0.9801146906420183
0.9801104128540153
0.9801022371279049
0.9801254251207985
0.9801226449355136
0.980147102191618
0.9801402929284964
0.9801307058597574
0.9800971927874185
0.9800509236183091
0.9800251443364943
0.9800199954083499
0.979996421343639
0.9799795863385731
0.9799854152873294
0.9800187905935824
0.9800173304157186
0.9799768781726546
0.9799857245148557
0.9799863365161091
0.979972564282509
0.9799218636862392
0.9798685684768529
0.9798499661911626
0.9798282226784588
0.9798172201887572
0.9798176416490544
0.9798031551428178
0.9797816358249375
0.9797670653813666
0.9797431427854344
0.979743634454568
0.9797552810474124
0.9797500261109616
0.9797370741782208
0.9797228941540271
0.979690581885453
0.9796745427757699
0.9797253875387316
0.9797145189842931
0.9797498613057769
0.9797569268986299
0.9797494597560845
0.9797583243691084
0.9797362101654394
0.9797479458115067
0.9797561253759884
0.9797232066835506
0.979718280283301
0.9797359963121333
0.9797571089095043
0.9797639984471895
0.9798007477676679
0.9798127729128228
0.9798327125453693
0.9798315027704567
0.9798470012899487
0.9798473946126443
0.9798692228287306
0.9798409261621922
0.9798468443590106
0.9798161845700909
0.9798435455102982
0.9798546997591384
0.979841120825325
0.9797745686047877
0.9797153519015707
0.9796406165012606
0.9795710631898343
0.9795372873343718
0.9795123578604777
0.9794841632417012
0.9794358753651581
0.9794247322642657
0.9794100054033087
0.9793785275631305
0.979396436539206
0.9794238790242191
0.9794511522891044
0.9794596487761338
0.9794396479776812
0.979434668392344
0.9793809941182254
0.9793451316901959
0.9793286715832523
0.9793527650681162
0.9793779369835871
0.9793729532504796
0.9793947416384813
0.9794052359902142
0.9794081239215117
0.97939918964146
0.9793911169722704
0.9794026151839014
0.979407177817597
0.979380321379633
0.9794126030833005
0.9794228803863462
0.97944432571613
0.9794447849906636
0.9794405629829963
0.9794355910729609
0.9794451792150178
0.979466372940309
0.9794916005419798
0.9795160122558357
0.9795099740744773
0.9795023237686584
0.9795019242975659
0.9795105398594426
0.9795328733092167
0.9795353009892885
0.9795252064731955
0.9795025816663447
0.9794533643228179
0.9794258144523964
0.9794023379860459
0.9793744476600477
0.9793454180552256
0.9793173384507895
0.9793086854835685
0.9792554727164227
0.979238910853097
0.9792488432526277
0.9792607829786473
0.9792565689126375
0.9792549749708119
0.9792502927397193
0.979276044316951
0.9792757150164583
0.9792570208320689
0.9792423579708144
0.9792401540678695
0.9792522963695183
0.9792429193008902
0.9792256878408356
0.979214255558278
0.9792177352875459
0.9792077407270013
0.9791999821426606
0.9791839314143231
0.9791762006543248
0.9791788235087311
0.979177779924659
0.9791842016834251
0.9791826668779675
0.9791899280664129
0.9791808046328947
0.9791618227476047
0.97914680451421
0.9791296956199648
0.9791191155340478
0.9791201908187035
0.9790885259861274
0.979064288784406
0.9790507233798522
0.9790459451276972
0.9790502022547743
0.9790842788827241
0.9790872010588825
0.9791042917759767
0.9791293209778669
0.9791466914255922
0.9791651873045718
0.9791739183216437
0.9791721831235644
0.9791568171537471
0.9791472706501735
0.9791386236645119
0.9791074143542761
0.9790870491320927
0.9790527108076866
0.9790284965659476
0.9790200650246693
0.9789806317641825
0.9789601302508958
0.9789467402739164
0.9789131686973878
0.9789081232079875
0.9789144169183909
0.9789233498871962
0.9789502009451853
0.9789369988406004
0.9789270277185438
0.978928305722105
0.9789371009597452
0.9789573973424306
0.978957412048643
0.9789633714948572
0.9789591733596539
0.9789594013967593
0.9789571164679092
0.9789704808593063
0.978986550003755
0.9789925780058303
0.9790193810628703
0.9790219253391351
0.9790139518141703
0.97900510649681
0.9790055872341094
0.979009861959332
0.9789935343849623
0.9790143516770534
0.9789925818914771
0.9790054310081073
0.9789865223068664
0.9789780122628726
0.9789871169002065
0.9790071633908395
0.9789983435047889
0.9790067741998209
0.9790243308320535
0.9790233419065805
0.9789897715740805
0.97896632965085
0.9789648100106755
0.9789573653976344
0.9789831915672614
0.9789790666267937
0.9790021544301978
0.9789903969760616
0.9789833914183768
0.9789890286767481
0.9789792104127433
0.9789552322031954
0.9789346785619593
0.9789100978472158
0.9788981415707054
0.9788590763593875
0.9788525120994371
0.9788520160891843
0.9788278171063057
0.978816172244248
0.9788184449581192
0.9788227080370558
0.9788186837126841
0.9788073183326328
0.9787908024313664
0.9788001967750792
0.9788200754743736
0.9788297999705192
0.9788182658335887
0.9788105878114356
0.9788090636211674
0.978794251189845
0.9788081606337953
0.978791079926212
0.9787897532219575
0.9787596359163293
0.9787667528504964
0.978772044696161
0.9787710089971708
0.9787915748530952
0.9788086385973427
0.9788371029348514
0.978849798608295
0.9788590366432546
0.9788877873370465
0.9788813695082687
0.9788663251234065
0.9788449749648042
0.9788581253896858
0.978853227817075
0.9788395483524504
0.9788564668386937
0.9788757310113925
0.9788777642391358
0.9788768287099485
0.9788680766472279
0.9788625093282242
0.97884580887561
0.9788392059076934
0.9788206306606652
0.9787908415653649
0.9787794712692516
0.9787573615240193
0.9787615741293054
0.9787498593591413
0.9787432695862143
0.9787670265716122
0.9787923881154169
0.9787957291799215
0.9788074811277999
0.9788343055692981
0.9788424297849339
0.9788285682733723
0.9788120935009169
0.9788101742122346
0.9788091774417915
0.9787901074619573
0.978810834071572
0.9788345001393227
0.9788493125126748
0.9788819715256626
0.9788839239689541
0.9788940140543411
0.9789142324210878
0.9789373967964804
0.9789559383053761
0.9789603630018059
0.9789534009052924
0.9789518477802841
0.9789652459811066
0.9789853019239572
0.9789809786522298
0.9789794360995426
0.9789693574148942
0.9789622470508934
0.9789584829308645
0.9789513286985861
0.9789418512772554
0.9789383008184394
0.9789175338249678
0.978930489221133
0.978929613949787
0.9789332248577051
0.9789313333406008
0.9789243785643373
0.9789275030804202
0.9789438593516552
0.9789651785400852
0.9789745984450202
0.9789704354350969
0.9789516234616907
0.9789442781342172
0.9789347826862768
0.9789232092120328
0.9789446251259942
0.978935719150314
0.9789374407601377
0.9789200004544398
0.9789167587117125
0.9789240509842185
0.9789187586830226
0.9789170458993758
0.9789352214659321
0.9789407675691477
0.9789462989929654
0.9789411510962577
0.9789441991818622
0.9789267620017259
0.978912403034965
0.9789071590640954
0.9788900562910318
0.9788896292375704
0.9788549417220802
0.9788380877058304
0.9788385952912798
0.9788363008058883
0.9788365814653731
0.9788559543351276
0.9788619696296689
0.9788576802371597
0.9788494365074186
0.9788414465962634
0.9788292160109288
0.9788340737088176
0.9788476571135234
0.9788417729055978
0.9788424192766191
0.978833390378547
0.9788199640884292
0.9788317947033579
0.9788372430957984
0.9788514834727562
0.9788465196351219
0.9788451440031026
0.9788344624289125
0.9788339770902345
0.9788445032619532
0.9788609016880222
0.9788705668555173
0.9788727334830113
0.9788775859837752
0.9788853227329454
0.9789047663882835
0.9789112094063824
0.978919698132135
0.9789302991628185
0.9789297914803733
0.9789086807517281
0.9789113680126015
0.9789160668306259
0.9789071548095484
0.9788947725865584
0.9788971942275445
0.97891475993862
0.9789360948322564
0.978956972960782
0.9789510609209229
0.9789442087937094
0.9789209993013015
0.9789270554862739
0.9789216929964166
0.9789057004095827
0.9789082176033417
0.9789082310276971
0.9789023817864188
0.9788894380378681
0.9788867948936514
0.9788818087489903
0.9788923282461083
0.9788997896105308
0.9789008825157204
0.9789013316030399
0.9789115404120747
0.9789296960749235
0.9789445830430469
0.9789413028530773
0.9789274120457606
0.9789360790967625
0.9789400294994931
0.9789363077206933
0.9789258116489301
0.9789165598002261
0.9789183214298196
0.9789304770739099
0.9789159065031364
0.9789159809741366
0.9789120577054049
0.9788987545244386
0.9788913502992582
0.9788740411492236
0.9788615350264206
0.9788485699115714
0.97884557280212
0.9788371685164188
0.9788339734132502
0.9788358593025788
0.9788362314367418
0.9788404456613904
0.9788413388716526
0.9788305107914927
0.9788009157396629
0.9787763657106817
0.9787690489907493
0.9787680247117577
0.9787726175074689
0.9787780629855874
0.9787723655468089
0.9787608111745583
0.9787516727050034
0.9787500752776812
0.9787563871709537
0.9787635173830977
0.9787676238183115
0.9787623788169217
0.9787671865993073
0.9787869341548218
0.9787917167592699
0.9788111895194234
0.9788095446103003
0.9788011286571479
0.978801102959468
0.9788058310765205
0.9788072196407904
0.9788059493635408
0.9787864915201525
0.9787869272077155
0.9787990336066904
0.9787981871925912
0.9788095951808318
0.9788335128267798
0.9788337916648969
0.9788170942923685
0.9788032737268499
0.9787883101541835
0.9787648245730056
0.9787628401648312
0.9787686765728693
0.9787656880312487
0.978746419745368
0.9787558725400829
0.9787658569736191
0.9787758607222622
0.978782593136803
0.9787882898857753
0.9787788175193834
0.9787753693190481
0.9787916145161311
0.9787982458004457
0.978795331678867
0.9787986990055578
0.9788168438583795
0.9788144029080125
0.9787998652458636
0.9787903822833458
0.9787829730340916
0.9787831878241513
0.9787530039585317
0.9787275442645839
0.9787328597956345
0.9787396666064083
0.9787464958297931
0.9787396695500383
0.9787405938554999
0.9787518638702378
0.9787472209780276
0.9787518589180131
0.9787436061525558
0.9787356865275852
0.978731944721309
0.9787218112921698
0.9787085753522995
0.9786938674294542
0.9786802909117653
0.9786683430370058
0.9786873765288775
0.9786983895776128
0.978691514721972
0.9787038449826732
0.9786912042472024
0.9786996105705911
0.9786989923484863
0.9787084285452343
0.9787041383866516
0.9787015391812027
0.978701778986308
0.9787034956076636
0.9786972862730864
0.9787050570089573
0.9787017724022624
0.9787017445416092
0.9786953604344942
0.978688756077133
0.9786990312549716
0.9786962691964396
0.9787005995090345
0.9787028988789876
0.978706744753362
0.9787199345734999
0.9787285470470035
0.9787198667954243
0.9787221833487265
0.9787103802465595
0.9787105781246604
0.9787147591507653
0.9787172647342952
0.9787270160200104
0.9787167485426437
0.9786988445004984
0.9787003339657537
0.9787029675086194
0.9786976029339672
0.9787076552890104
0.9787246506479874
0.9787320601791133
0.9787393289389134
0.9787429990099751
0.9787368666934777
0.9787186081862341
0.9787208517299488
0.9787288879366961
0.9787421798810023
0.9787379096205714
0.9787273531119174
0.9787232477307208
0.9787100813546266
0.9787143500426412
0.978711139516432
0.9787247881512213
0.978729023968384
0.9787368384022693
0.9787388602648164
0.9787497995945733
0.9787627636378639
0.9787706238891347
0.978767962021562
0.9787691041741425
0.978773090206335
0.9787768183943941
0.9787912379221413
0.9787912588315093
0.9787840370684323
0.9787845763307904
0.9787856496664133
0.9787940134805552
0.9788026946240038
0.9788133115758415
0.9788133749526103
0.9788048799040624
0.9788030442492823
0.9787929725189602
0.9787993532491732
0.9787959820543731
0.9787970231462007
0.9787959386371249
0.9787989076103012
0.9787866259731541
0.9787878874539037
0.9787850585159718
0.97877696320326
0.9787711288904595
0.9787649009526739
0.9787512077751608
0.9787373364299954
0.9787280668064634
0.9787247698823799
0.9787175307072319
0.9787269489706866
0.9787381189361368
0.9787527184094453
0.9787650062454839
0.9787638852252973
0.9787483434782546
0.9787504248926573
0.9787453723015802
0.9787464269715064
0.9787536626959022
0.9787620861588616
0.978764118939055
0.9787575133791063
0.9787545829127833
0.9787579656587279
0.9787443223072422
0.9787415653515642
0.978742889938732
0.9787524675216593
0.9787495546245802
0.9787353528481384
0.9787407041697282
0.9787430210729597
0.9787434158660964
0.9787495063116013
0.978747326695324
0.9787465230048306
0.9787359264976795
0.9787362513644653
0.9787218430007506
0.9787309479386618
0.9787409671011458
0.9787550842721884
0.9787630105727917
0.9787655390596739
0.9787627698083312
0.9787652744081987
0.9787555991153156
0.9787573011891083
0.9787583931629669
0.978752777199309
0.978746309475902
0.9787470443270044
0.9787420920926001
0.9787466688070008
0.9787534505322147
0.9787403266145762
0.9787145787918267
0.9786956369969103
0.9786923177918005
0.9786793965730332
0.9786517900683303
0.9786383376708011
0.9786301542694781
0.978609685112973
0.9786036856904562
0.9785980036702561
0.9786050354705355
0.9785970394114766
0.9786000652724365
0.9786199050605482
0.9786285104140158
0.9786431852823666
0.9786381087912893
0.9786342590471445
0.978636485716069
0.9786348756555664
0.9786405579744193
0.9786299512287683
0.9786209498491576
0.978616058591623
0.9786105729354064
0.9786183112998599
0.9786207819803098
0.9786076181330844
0.978595913943827
0.9785856670445546
0.9785733299362699
0.9785680329566676
0.978558859862638
0.9785493256190844
0.9785474316715093
0.9785448768949426
0.9785617122090299
0.9785707783091325
0.97856990478262
0.9785688865364462
0.9785706749727152
0.9785680709769465
0.9785797318657427
0.9785848777731891
0.9785932863539375
0.9786056897426169
0.9786152200809258
0.9786032504607991
0.9785874348157996
0.9785902611205448
0.9785912788633402
0.9785978422771211
0.9786036263828058
0.9786020264908905
0.9786023546419147
0.9786095839966408
0.9786114452557743
0.9786107271757948
0.9785973063399185
0.9785931499396084
0.9785762857232552
0.9785668623245329
0.9785680590627887
0.9785765868967535
0.9785885516341235
0.9786045600580534
0.9786219283123144
0.9786330185014404
0.9786309895360313
0.9786278578176983
0.9786156524948535
0.978604419094244
0.9786027642941618
0.9785958433507953
0.9785927131081114
0.9785938902258055
0.9785875952754298
0.9785851133770068
0.9785786695041949
0.9785708613233987
0.97856819318534
0.9785704396263745
0.9785624747103644
0.9785568200454198
0.9785512289781949
0.9785507769083783
0.9785501179462174
0.9785397145927127
0.9785371903099807
0.9785314470800253
0.9785261277515013
0.9785359082654641
0.978541844758403
0.9785412963922306
0.9785348221048698
0.9785439392194984
0.978554052319018
0.9785583526661087
0.9785641946256347
0.9785644957240224
