0.8943547533268952
0.9396843533206755
0.9580367749936531
0.9625115632367812
0.9666649166389191
0.9679341117531965
0.9685330702170203
0.9691982680546607
0.969891183098833
0.9718775718689991
0.972662475542204
0.9735112357360886
0.9743834673627042
0.9753473453513908
0.9762649988131936
0.9763306037242507
0.976856704725037
0.9772052005187798
0.9776168093682889
0.9782671511916763
0.9783577765681875
0.9785974422312277
0.9788798123669576
0.9784899339705143
0.9787296704716828
0.978777937385452
0.9788217354833514
0.9789826951581038
0.9789317336513602
0.9788401122388624
0.9788292739895141
0.9789623992644205
0.9790656343163731
0.9793255759483988
0.9795441520768302
0.9799035011445728
0.980045704806878
0.9802135271758589
0.9805785028861476
0.9806433770494111
0.9806085400745382
0.9806585353672175
0.9809934690280375
0.9811478266317777
0.9813401136398846
0.9814339940907131
0.9814131205896354
0.9813560111806547
0.9812454465803551
0.9813729262046114
0.9812310988433885
0.9812073251074084
0.9812628487690875
0.9812810354100702
0.9812076430997846
0.9810081311041321
0.9808599965216984
0.9809048349692193
0.9810915128379676
0.9810544754870508
0.9808271456483554
0.9807650511535094
0.9807565477703818
0.9809157559991473
0.9810706321191788
0.9811847201792465
0.9811863297849732
0.9811088978273885
0.9810871796782865
0.9810435124286878
0.9809205228291181
0.9808896909273068
0.980901299794223
0.9808701393087289
0.9808262411206696
0.9808290043007295
0.9809303083389252
0.9809336691036117
0.9808039460274387
0.9807713349650582
0.9807831793113813
0.9808059001454025
0.9809410105108741
0.9808451274800362
0.980774232479299
0.9807214086215464
0.980749311805377
0.9807325617903528
0.9807095036520549
0.9806794833819887
0.9806689784356212
0.9807158831903794
0.9807131348210755
0.9807456813199282
0.9807787391214619
0.9806964520903657
0.9807391828303582
0.9806804828940089
0.9807207723937648
0.9806732598524175
0.9807743942101105
0.980859037497121
0.9809724208934328
0.9809674826265575
0.9809843191846951
0.9809428673582413
0.980917282525741
0.9809104390236837
0.9809174688954541
0.9808798831122217
0.9809255808003156
0.9809517160765814
0.9809122690913713
0.9808327311569629
0.9808894991059254
0.9809191456227653
0.9809254648152581
0.980883043988768
0.980807280787578
0.9807506492395854
0.980668569485383
0.9806839364564003
0.980700617103228
0.9807082372253243
0.9806888670534173
0.9806315556758455
0.9805742767712501
0.9805923578538213
0.9806102913869902
0.9805945400285895
0.9805663406612564
0.9805699606552484
0.980568086913218
0.9805558539645758
0.9805334996499067
0.9805075811998851
0.9804357604610521
0.9804345574864662
0.9804503748929316
0.9805117367090008
0.980568681798394
0.9806893795330311
0.9807835897521433
0.9808247180020042
0.9808320024799616
0.9808748318043614
0.9808543921803439
0.9807924864762562
0.9808035745853275
0.9808345437137663
0.9808850579109135
0.9809624505398352
0.9809790669634103
0.9810018064114681
0.981027227975341
0.9810893005362231
0.9811215141725087
0.9812146168195451
0.9812747565000096
0.9813144283940337
0.9813441686537049
0.9813457654279727
0.9813746098850658
0.9813512123839526
0.9813406052414296
0.9813267918682624
0.9812674125763913
0.9812008237854062
0.9811337179542019
0.981086116415123
0.9810677397662207
0.9810826698703984
0.9810799584650589
0.9811000844685622
0.9810860482322585
0.9810906260129577
0.9810742809594638
0.9810821921977517
0.9810743691407209
0.9810757391251514
0.9811220180699223
0.9811291081107711
0.9811407539901366
0.9810474566340307
0.9810275946893507
0.9810081954815062
0.9810172797948603
0.981012449615065
0.981003578416054
0.981026383596864
0.9810303586339569
0.9809994069081722
0.9810508849952825
0.9810301209761215
0.9810102048011272
0.9810244176953404
0.981017606344703
0.9810526374281243
0.981104419174404
0.981073282507362
0.9810476632247634
0.9810401292232267
0.9810284157457594
0.9809888334173252
0.9809791440284014
0.9809860905855522
0.98098788378384
0.9809922411825756
0.9809637554158003
0.9809320936452676
0.980932637303081
0.9809350662621
0.9809178887541592
0.9808584405878618
0.9808607968207436
0.9808197946643833
0.9808643027857268
0.9809101276224365
0.9809382522255404
0.980918643825595
0.9809379424261637
0.9809609499383899
0.9809271814223923
0.9809210545770655
0.9809128658397779
0.9808798602303753
0.980868878510375
0.9808697376876215
0.9808649936836249
0.9808044161122639
0.9807941066440948
0.9807708314473923
0.980749996699872
0.9807286697926765
0.9807171121092395
0.9807028649385261
0.9807059923814303
0.9806962389066829
0.9806569827550189
0.9806652746696989
0.9806647686295991
0.9806798692063252
0.9806997245452285
0.9807003961865026
0.9807497998962744
0.9807512333679353
0.9807408156060212
0.9807502734734821
0.980761818528933
0.9807796672780118
0.9808168755200637
0.9808328368325252
0.9808276008879667
0.9808488702574722
0.9808660639205251
0.9808617566000348
0.9808833881266144
0.9809263319678708
0.9809394349641921
0.9809414955812003
0.9809363001647425
0.9809442106269055
0.9809704704165987
0.9809880155438588
0.9809792967591905
0.9810117785869057
0.981011802896186
0.9810382578492167
0.981016382728799
0.9810222733236562
0.9810530143341373
0.9810390547602821
0.9810327884840014
0.9810060990445227
0.9810014855368678
0.980968652962553
0.9809244286304832
0.9809169894611164
0.9808980586891715
0.9808577039765781
0.9808395293612818
0.9808397712490405
0.9808275353338739
0.9808038537935896
0.9807915298075647
0.9807897345553485
0.980802452930679
0.9808009020083881
0.980805422049256
0.9807940823638789
0.9808135652832031
0.9808358152591922
0.9808400500975363
0.9808569444415889
0.9808880748937165
0.9809241258184188
0.9809194560086106
0.9809216456157552
0.9809148472901071
0.980930434978507
0.9809321935539208
0.9809134972730776
0.9809070701253518
0.9809201538804955
0.9809306634114663
0.9809136937847721
0.9809383782131372
0.9809466865930995
0.9809586758969288
0.9809563874734479
0.9809752957281467
0.9809556343694745
0.9809588880070989
0.9809509886273462
0.9809495305443708
0.980937924070447
0.9809547396444908
0.9809658404289949
0.9809649352064104
0.9809452087552303
0.9809388684581073
0.9808993412859206
0.9808731490003696
0.98084471506269
0.98084111356135
0.9808330553782062
0.9808355459956316
0.9808292326032644
0.980819244246235
0.9808020317133342
0.980819455351003
0.9808006807536293
0.9808054478571406
0.9807831600330164
0.9807573992085759
0.9807471482699103
0.9807056119312972
0.9807033559063986
0.9807179986150945
0.9807714851604548
0.9808037339155565
0.9808220913142829
0.9808213815092856
0.9808231877535077
0.9808079940868291
0.9808114734196166
0.9807899409176187
0.9807949111175414
0.9808039260292978
0.9808025019989933
0.9808211570364209
0.9808237621396265
0.9808263270335261
0.9808278145391608
0.98082395143969
0.9808170344557501
0.9808112855430461
0.9808357744327513
0.9808691678264211
0.9808879713330456
0.9808870910477018
0.9808903607936464
0.9808596713888218
0.9808427432480538
0.9808404222354922
0.9808550894305765
0.9808616077758998
0.9808545650340452
0.9808392967018164
0.9808193635897864
0.9808182900524498
0.9808218503032979
0.9808057897129594
0.9807861111573526
0.9807617869669278
0.9807665286586625
0.9807701865240277
0.9807733661721648
0.9807582947775861
0.980742094348192
0.9807283171423279
0.9807242857276667
0.9807582024688003
0.9807457241115171
0.9807334125062048
0.980720148657947
0.9807096350529446
0.9807027431068429
0.9807185671654136
0.9807051449335801
0.9806987506689469
0.9807106869766583
0.980684109534484
0.9806689442272056
0.9806590877711336
0.9806613894538135
0.980656769050616
0.9806486127758898
0.9806409262306494
0.9806227748119398
0.9806275827809642
0.9806149923581843
0.9806047760857654
0.9805880579303831
0.9805787741650986
0.9805912561535358
0.9806162137718594
0.9806011986664227
0.9805955051380418
0.9805943514328878
0.9806036369904408
0.9805886463032121
0.9806081661484355
0.9806142904051389
0.98062302956859
0.9806564621668339
0.9806515222529032
0.9806512800927011
0.9806519037800788
0.9806458020514964
0.9806571646212963
0.9806705896056587
0.9806710204598168
0.9806758297556001
0.9806861117934945
0.9806781730773149
0.9806498811886839
0.9806333514064983
0.9806127239216963
0.980611379328947
0.9806059908532084
0.9805996526779807
0.980597643819299
0.9805935081094125
0.9805950510176575
0.9806146263916733
0.9805870808271068
0.980587423896301
0.9805901674159099
0.9805972999297647
0.980612751283166
0.9806052232867348
0.9806072036117401
0.9806057733908264
0.9806147885387976
0.9806191194587448
0.9806201859198015
0.980654108912791
0.9806609182829484
0.9806714251485108
0.9806855960833185
0.9806714626568763
0.9806773157982537
0.980678618973378
0.9806805288263641
0.9807062153544255
0.9807306388601245
0.9807419475268236
0.9807669338348225
0.980770126211609
0.9807650573988793
0.9807674104284357
0.9807736308465844
0.9807680322910037
0.9807738176744959
0.9807759078312049
0.9807714605053999
0.9807609801432113
0.9807754605049139
0.980795607681856
0.9808036517078621
0.9808093657120465
0.980813178529487
0.9808130466335676
0.9808030258702639
0.9807906006105941
0.9807748851809973
0.9807575899559284
0.9807575220363103
0.9807592132681495
0.9807556549815704
0.9807521181004653
0.9807308412896558
0.9807209136475552
0.980702257104784
0.9806932255302386
0.9806865165587149
0.9806840934836435
0.9806830867352034
0.9806820406318778
0.9806839587475878
0.9806798713110051
0.9806848081541598
0.9806908601372567
0.9806898263569997
0.9806719430295563
0.9806693543436141
0.9806572836583705
0.9806641020048728
0.9806662651115003
0.9806481917108592
0.9806420095320282
0.9806423133369114
0.980643504477162
0.9806439485498222
0.9806307185288098
0.9806523330486229
0.9806503744041896
0.9806461098139814
0.9806367258150311
0.9806471868659253
0.9806580340610037
0.9806540104440578
0.9806296737132978
0.9806102484146317
0.980602640751149
0.9805985719431375
0.9805991358261071
0.9805979783327885
0.9806111184285646
0.980599126957046
0.9805893403868954
0.9805836258944021
0.9805795885454311
0.9805821062160225
0.9805880041446152
0.9805635296518878
0.9805604315489935
0.9805652550154668
0.9805807185066094
0.98058471911021
0.9805640341072183
0.9805489867629357
0.9805450228182587
0.9805530720302371
0.9805657626425055
0.9805784364826768
0.9806084519435038
0.9806126605865106
0.980617245893579
0.980603318461339
0.980605883174677
0.9806017604388321
0.9805657485703896
0.9805563726521829
0.9805556303736273
0.980538854333982
0.9805412749893828
0.9805376295079508
0.980535642486
0.9805475904929954
0.9805442488667745
0.9805476220383332
0.9805411955131631
0.9805365241659368
0.9805281904733786
0.9805344298942414
0.9805409704574003
0.9805397443983009
0.9805287067385151
0.9805257369193854
0.9805261803733427
0.980527128157517
0.9805276048134077
0.9805194627668008
0.9805263660420243
0.9805265884659062
0.9805261566989009
0.9805337107583626
0.9805289761861036
0.9805427454617748
0.9805410095614873
0.9805345175331651
0.9805321084367553
0.980550593784141
0.9805792025803178
0.9805796263849604
0.9805788838654097
0.9805769002126251
0.9805675859663726
0.9805582920775444
0.9805626316161458
0.9805495570737955
0.9805380286862021
0.9805224844697741
0.9805175567366821
0.9805326049121925
0.9805416294750554
0.9805537733758305
0.9805479990825263
0.9805502350070276
0.9805545683449887
0.9805604977184521
0.9805705833339703
0.9805655829587292
0.9805715133145054
0.9805697839947558
0.9805625681794925
0.9805681727303683
0.9805759081709713
0.9805714579625864
0.9805678199847623
0.98056080093033
0.9805754696536835
0.9805915222492866
0.9805948408552777
0.9805944310912501
0.9805894903454432
0.9805854974362246
0.9805845733385303
0.9805772875686856
0.9805625013636705
0.9805531569299434
0.9805514215746732
0.980543885655684
0.9805563624101888
0.9805667365365781
0.9805711641498633
0.980580696830698
0.9805850924926899
0.980593060435443
0.980588944552692
0.9805864253766742
0.980604144467348
0.9806160657293412
0.9806093729908094
0.9806039355034445
0.9806191547785076
0.9806172603628707
0.9806203959654559
0.9806179278112547
0.9806228244311129
0.9806174535082492
0.9806122558928659
0.9806095054318045
0.9806087977830522
0.9806100709616467
0.9806065097735784
0.9806069437061895
0.980597499051207
0.9805952626986171
0.9806047542188084
0.9806169391605696
0.9806266867972296
0.9806344297458914
0.980617009432869
0.9806116202773376
0.9805940682127896
0.980586367494064
0.980579590421103
0.9805730852389429
0.9805659337669501
0.9805584909593976
0.9805609389952947
0.9805504231440989
0.9805531238784301
0.9805409007118875
0.9805272352567912
0.9805356168247181
0.9805390155481374
0.9805525049431478
0.9805572181302393
0.9805625228098956
0.9805667601038132
0.9805683216251982
0.9805658930844998
0.9805597765987567
0.9805537511727439
0.9805463002662842
0.9805493278591195
0.9805638804554211
0.9805603514028753
0.9805522535412198
0.9805612034449992
0.9805640270465356
0.9805630846628298
0.9805593827115712
0.9805437334376664
0.9805408088666421
0.980542422249048
0.9805351239938476
0.9805244325243008
0.9805188581703099
0.9805059933628404
0.9804952259963536
0.980491162572042
0.9804846965495342
0.9804802396123627
0.9804664578252097
0.9804679732618381
0.9804790259048058
0.9804745164012154
0.9804730847455503
0.9804616829190257
0.9804630739685848
0.980452120480864
0.9804384804601675
0.9804398734151563
0.9804394912866943
0.9804297886761816
0.980421710775542
0.980417624693081
0.9804181817036671
0.9804189915339742
0.9804275435926053
0.9804158572495194
0.9804209840510628
0.9804230332447235
0.9804228012696592
0.9804246127555971
0.9804198882416993
0.9804038191815225
0.9804172098921446
0.9804261910159544
0.9804352128581334
0.9804377964709367
0.9804463236787387
0.9804470008044326
0.9804426307529819
0.9804268179711598
0.9804119224693406
0.980420596395716
0.9804407251964002
0.9804579147473136
0.9804781892172475
0.980481024335282
0.9804815807441221
0.9804814473974444
0.9804815323620403
0.980478168020108
0.9804815911702763
0.9804917169367869
0.9805058346296202
0.9805168331142287
0.980523688587469
0.9805258110633422
0.9805193068262096
0.9805307202290765
0.980532536752616
0.9805370457012138
0.9805345637962866
0.9805291612173743
0.9805377668527304
0.9805220842852497
0.9805094408700474
0.980519027947364
0.9805179430697447
0.9805169909817913
0.9805070684419801
0.9805138059598211
0.9805072159341344
0.9804934488654038
0.9805006257822979
0.9805078520084035
0.9804981477887187
0.9804967390840844
0.9804908672674139
0.9804762805893409
0.9804636423608295
0.980449102504887
0.9804439636319529
0.9804617485827531
0.9804682685860165
0.9804788215556772
0.9804850788832646
0.9804837086216102
0.9804855449888631
0.9804894690876284
0.9804820590728749
0.9804869827817967
0.9804879529472307
0.9804983968643922
0.9804989249835219
0.9804912181277472
0.9805065151632731
0.9805059584862273
0.9805112001927596
0.9805033042142205
0.9804904840550468
0.9804885381718231
0.980482196175865
0.9804982465993898
0.9805093560062468
0.9805224494187467
0.9805474461105058
0.980563288986458
0.9805718463093902
0.9805778978804642
0.9805796413757394
0.980592471044196
0.9806057088513408
0.9806056299171537
0.9806017403421039
0.9805954384695639
0.9805916543922876
0.9805939672836174
0.9805936445365816
0.9805896981082138
0.9805933793340392
0.9805983213084494
0.9805994447260218
0.9806006299525686
0.9805975108445515
0.9806028751866028
0.9805961766138763
0.9805977764697618
0.9806163692231802
0.980631426361312
0.980629325236435
0.9806247796379608
0.980625879738066
0.980629124112621
0.9806354181891714
0.9806400301611797
0.980649070968006
0.9806498909224368
0.9806611725428396
0.9806751647944707
0.9806799433909145
0.980686593628361
0.9806910645925007
0.9806937080336777
0.980697098903612
0.9807014780987161
0.9807000123580288
0.9807059542306488
0.9806961044038586
0.9806985840610599
0.9807037842411758
0.9807045673876106
0.9807014866229754
0.980700711290135
0.980699681695839
0.98070709311163
0.9807113243526815
0.9807123630104375
0.9807107916809029
0.9807217987711425
0.980726333381233
0.9807301976711108
0.9807283787766483
0.9807205742580333
0.9807146067764784
0.9807176939949225
0.9807105983565643
0.98069552770227
0.9806918588501758
0.9806870886186297
0.9806830175648814
0.9806807831948317
0.9806779283312579
0.9806775354270397
0.9806617373657074
0.9806631022361255
0.9806620183040407
0.9806543435769213
0.9806565179166293
0.9806613468820162
0.9806586790620683
0.9806604813384229
0.9806603104054044
0.9806589983061051
0.9806598535942804
0.980647960555451
0.9806402748409608
0.9806359333224134
0.9806352788747257
0.980641325348381
0.9806366676295506
0.9806517309653981
0.980659186975238
0.980665019776547
0.9806598062491091
0.9806525906762428
0.9806451761906418
0.9806439005326474
0.9806353609624348
0.9806269301939667
0.9806289623896496
0.9806346043487616
0.9806316669120314
0.9806241355393401
0.9806146543807736
0.9806227370883728
0.9806322665618468
0.9806338410503254
0.9806313284446755
0.9806282612439021
0.9806256476973788
0.9806293368330515
0.9806268866933533
0.980621515627729
0.9806217592475985
0.9806200035684108
0.9806153887576193
0.9806192834246157
0.9806231566979875
0.9806325611584903
0.9806410970658551
0.9806349496770873
0.9806257269308172
0.9806296986974561
0.9806376432785383
0.9806428386114215
0.98063048852568
0.9806215623990574
0.9806200618883779
0.9805985306276482
0.980593361741315
0.980584806093972
0.9805851824483249
0.9805806375694114
0.980576407633861
0.980583173680328
0.9805947497177034
0.9805982910951674
0.9805990146895326
0.9805961674076171
0.9805940674600018
0.9805920940350218
0.9805969324285817
0.9805892844265961
0.9805861310012783
0.9805866984619613
0.9805906352044301
0.980608247371302
0.9806124857176581
0.9806152532527838
0.9806081503885776
0.9806111878645184
0.980611396801444
0.9806130465273684
0.980610293224183
0.9805963259209914
0.9805975177304971
0.9805977934940785
0.9806047443173385
0.9806067566611837
0.9806066102636253
0.9806151741252711
0.9806071738265618
0.9806141234994087
0.980632969279192
0.9806325863094242
0.9806284847583314
0.9806375825694361
0.9806420991277345
0.9806366176785026
0.9806315207721493
0.9806333521711077
0.9806314478570115
0.9806277152218252
0.9806186757302187
0.980616512220402
0.9806254295951425
0.9806359474122565
0.9806377930426081
0.9806341357976129
0.9806299897025162
0.9806215304232074
0.9806054232075095
0.9806061335620556
0.9806081293067835
0.9806096618197183
0.9806058233576564
0.9806090535788589
0.9806178248319294
0.9806196344621068
0.9806207173957497
0.9806133090896955
0.980608113306849
0.980606070630031
0.9806097767936315
0.9806192094048481
0.9806252596200561
0.9806328722326867
0.9806302928706239
0.980622222568293
0.9806189091137579
0.9806138551442
0.9806153365804243
0.9806166956223655
0.9806177930044975
0.9806291586271908
0.9806234297952092
0.9806163164460082
0.9806060195189358
0.9805853837818354
0.9805812310161468
0.9805788746828167
0.9805763124098507
0.9805775899185668
0.9805782335324131
0.9805688961575942
0.9805673953931789
0.9805791759426254
0.9805808487421039
0.9805848963581048
0.9805878542214206
0.9805907084037594
