0.882991158369904
0.9267350935693845
0.9489166009973191
0.9563647483765569
0.9632135486250951
0.9683205939330892
0.971945964369701
0.9743646866802754
0.975176953502603
0.9769130233778492
0.9768782970753231
0.9773216463735493
0.9768691780101072
0.9773255363173703
0.9780152394730259
0.978463388117008
0.9787289646557534
0.9787193933525592
0.9787483251965993
0.9792104312981401
0.9792275034476319
0.9792204841593454
0.9792481630656426
0.9793820090832709
0.9797151637656233
0.9798653365286545
0.9801545301533336
0.9803596263544202
0.9801389018322922
0.9800764408055997
0.980063667524671
0.980195825292835
0.979974308343579
0.9798787016763659
0.9797934922102258
0.9799025475582492
0.9800026426647409
0.9799937194598864
0.9800339850797299
0.9799981362384163
0.9800305920020611
0.9802097237213091
0.9804508212172766
0.9806353695306189
0.9808339576584033
0.9809835462554497
0.9810571603125914
0.9810437586579556
0.9811837294439705
0.9813703875305632
0.9813635627387832
0.9815591171648512
0.9817634154090695
0.9819049798908003
0.9818668006125983
0.9818394302204329
0.9818054898269175
0.9819476600243012
0.9822603300725588
0.9824728216002323
0.9824856036499033
0.982573565386947
0.9825992741268822
0.9826648412630872
0.9828258115430119
0.9828754539350314
0.9829520582940284
0.9830114651187918
0.9829264632490817
0.9828364845195242
0.9828603224562777
0.9828753463092504
0.9828500541685706
0.9828037862917135
0.9829395217454829
0.9830028868218823
0.983090193062123
0.9831351320940886
0.9830297475605843
0.9830614829629817
0.9831992107524911
0.983219164183882
0.9832255547702536
0.9832462546838664
0.9831829130408517
0.9832189464173489
0.9832399754290608
0.9832459241977948
0.9832571626918449
0.9832837654007826
0.9833529172139015
0.9833558450490989
0.9833405271169184
0.9833704079750746
0.9834046483349642
0.9833713009105027
0.9834139469518051
0.9833870872738186
0.9833829713682896
0.9833524292521749
0.9833964047942527
0.9834461125297477
0.9835143597119327
0.9835475753736802
0.9835322298552839
0.9835169957285235
0.9834834247016567
0.9834589512038725
0.9834725767991532
0.9834602120166858
0.9834812677298637
0.9835417653781475
0.983490167199873
0.9834235363139661
0.9834516295855872
0.983452101628847
0.9834482298056221
0.9834643470201339
0.983453205737403
0.98345865520799
0.9834576267493575
0.9835328318150615
0.9836285335064325
0.9836035930143749
0.9835735176102669
0.9835607012658648
0.9835256995678967
0.9835225239449132
0.9835566365035917
0.9835412702143174
0.9834861234150921
0.9835177505239228
0.9835517690348183
0.9836248936513236
0.9836847018412735
0.9837806126834553
0.9838263574096715
0.9838404692995891
0.9838787958090988
0.9838778621976492
0.9838812202468009
0.983873493061041
0.9838855204201198
0.9839272477199761
0.9839017776707405
0.9838782092117987
0.9838955147170118
0.9838540673669888
0.9837964858135743
0.9837721964793871
0.9837699022254698
0.9837863465831878
0.9837640928365111
0.9837760517337046
0.9838526365638266
0.9839356580717556
0.9839686948875318
0.9840086984320174
0.9840186521499757
0.9840357195586631
0.9840528939862188
0.9840737214436422
0.9841026508311771
0.9840619498297734
0.9840516987895335
0.9840102558587976
0.9840047436649928
0.98397548742877
0.9839596636107383
0.9839681780378423
0.9839517250717813
0.9839487007149965
0.9838851396263096
0.9838463168631044
0.9838109098717281
0.9837902729646638
0.9838125879649626
0.9838364796247883
0.9838979237562734
0.9838982393127127
0.9839328194539341
0.9839923003465922
0.9840476951625563
0.9840430134600053
0.9840678391591394
0.9840756215008977
0.9840693127280026
0.9840570103744269
0.9840935615993355
0.9841096827620887
0.9841702309103192
0.9842133109078188
0.9842317526823595
0.9842564432925737
0.9842611292323781
0.9843046980810422
0.9842915393483466
0.9842712839650489
0.9842935489888817
0.9842703332707562
0.9842583309260499
0.9842451494126147
0.9841991030321103
0.9841798211219291
0.9841394680481133
0.9841380221294584
0.9841498385849972
0.9841511007022137
0.9841770695869735
0.9841696146509104
0.9841984889160532
0.9841863689217036
0.9841529673800635
0.9841151408215447
0.9840676905362404
0.9840271430777968
0.9840450454533086
0.9840631349964725
0.9840549876389425
0.9840447363843489
0.9840263947711033
0.9840516641241662
0.9840580481533334
0.9840778894313575
0.9840744574630175
0.9841069149030192
0.9841108045282322
0.9841162493579113
0.9841352608217294
0.9841324610523831
0.9841211167121887
0.984126445453086
0.9841365080574069
0.9841797207180615
0.9841668856229635
0.9841616694348014
0.9841702457356528
0.9841435395102595
0.9841486340603762
0.98417922538044
0.9841436148630892
0.9841659926879303
0.9841723249526196
0.9841697320041031
0.9841780493928514
0.9841758991679679
0.9841664629492383
0.9841422991566859
0.9841296110747517
0.9841392752192096
0.9841625103357167
0.9841633151485187
0.9841529940884979
0.9841890355709849
0.9841734241037918
0.9841896345226848
0.9842143867342978
0.9842198684543858
0.9842338807427636
0.9842381741183993
0.9842847683857492
0.9842824220646716
0.9842868533097958
0.9842876488699157
0.9842858062169346
0.9842865968512798
0.9842755674054225
0.9842926849572544
0.9843069631602199
0.9843171133340686
0.9843355687899799
0.9843510588845581
0.9843279045688325
0.9842976812522062
0.9842824289357712
0.984252968292415
0.9842283173587522
0.9842410026454859
0.9842244633960976
0.984201685342002
0.9841992324421832
0.9841944734924947
0.9841888114924753
0.9841994948326448
0.984211375359122
0.984196586873265
0.9841990993513775
0.9842117496055206
0.9842400449252617
0.9842383933773651
0.9842372473734078
0.9842369027891471
0.9842328936323903
0.9842224628318393
0.9842294508930622
0.984248973547306
0.9842751096565281
0.9843099535992842
0.984328290330868
0.9843476747072167
0.9843304995763827
0.9843439335888045
0.9843445568863453
0.9843434523116851
0.9843666051346085
0.9843566770069573
0.984366568375729
0.9843849010199245
0.9843830661734208
0.9843639203698787
0.9843697958744181
0.9843575090528758
0.9843724350071386
0.984342798067036
0.984336945463297
0.9843113256839847
0.9843077177916681
0.9843144804210678
0.9843120095798334
0.9842899672599839
0.9842767548883063
0.9842734537653344
0.9842534758557198
0.9842298982051944
0.9842171349277484
0.9841827467242353
0.9841771234889725
0.9841851954963188
0.9841704064314161
0.9841604430905811
0.984157479129871
0.9841694109475966
0.9841837703913668
0.9841949623986304
0.9842101045946408
0.9842023074944528
0.9842024387669609
0.9841909293500912
0.9841837696974897
0.9841850738311965
0.9841787770252227
0.9841570865749001
0.9841528695218693
0.9841461694920802
0.9841529522215214
0.984164958774274
0.9841505547764074
0.9841282226111304
0.9841441562951968
0.9841589238808852
0.9841932358158176
0.9842195906948589
0.9842554681355792
0.9842522838028824
0.9842731500071562
0.9842799529824289
0.9842860944127774
0.9843075908598257
0.9843219297281136
0.9843398216613995
0.9843288233490225
0.9843325220304605
0.984321541686697
0.9843207428565004
0.9843230082457592
0.9843263448229562
0.9843424511140019
0.9843280861032108
0.9843055389846959
0.9843115119341215
0.9843036691190555
0.9843104862296892
0.984304593089786
0.9842865877916518
0.9842994502189879
0.9843070222697018
0.9842880081078643
0.9842782434835596
0.9842624069009376
0.9842594957559001
0.9842679821272374
0.9842778036422853
0.9842946847474806
0.9842654917805962
0.9842380313178349
0.9842323838084581
0.9842370169161891
0.9842332597303227
0.9842530228153169
0.9842444545133571
0.9842571606393973
0.9842716934038631
0.9842886893577281
0.9843008992940685
0.9843184491874145
0.9843380640784081
0.9843260097152193
0.9843264479707031
0.9843351968020754
0.9843165915503592
0.9843387714483579
0.9843427467695188
0.9843566201061726
0.9843571483387904
0.9843538509139514
0.9843669144790829
0.9843776278483664
0.9843446595165791
0.984345581610133
0.9843430036429176
0.9843459910933067
0.9843488294434062
0.9843467060934445
0.9843484052119058
0.9843598014501912
0.9843775813209588
0.9843710780362859
0.9843745768024312
0.9843740802483495
0.9843537012639314
0.9843639792927408
0.9843659672858798
0.9843702259969144
0.9843638810433907
0.9843542380699214
0.9843371935611887
0.9843383065807942
0.9843377263461679
0.9843117902322625
0.9843075966398069
0.9843085563428933
0.9843074884698342
0.9843067583837054
0.9843072682634819
0.9842948956447222
0.9843028956247868
0.9842984336747442
0.9842999542580795
0.9842908600087202
0.9843007487490165
0.9843058473552044
0.9843114075887468
0.9842969513274894
0.9842900790237926
0.9842827788335464
0.9842775790088326
0.9842811086307951
0.9842950502669341
0.9842811024702133
0.9842928658811224
0.9842914822869058
0.9842824309540218
0.9842863779592937
0.9842928042134257
0.9843074381099742
0.9843201872408169
0.9843180236374528
0.9843213731994398
0.9843212567663818
0.9843159462703909
0.9843135219665412
0.9842982625620432
0.9843034156471039
0.9842943936284074
0.9842880863700478
0.9843021845593527
0.9842992238928655
0.9842868933577932
0.9842883585087855
0.9843069098403543
0.9843153262052434
0.9843322780910189
0.9843365153065673
0.9843391941193506
0.9843397265315857
0.9843265789009978
0.9843244614542177
0.9843101666905828
0.9843109076111741
0.9843154378609564
0.9843219344485822
0.9843248549432121
0.9842984563240461
0.9842850584040957
0.9842717762326185
0.9842477933327095
0.9842348619541756
0.9842047624248614
0.9842022618724362
0.9841959411287345
0.9841881141521521
0.98418747091137
0.9841951607985221
0.9841993906997409
0.9842009445342865
0.9841960998319536
0.9842050519166536
0.9841920533266252
0.984188124339675
0.9841863257019172
0.9841744211336694
0.9841777323066319
0.9841644350727983
0.98416069616065
0.9841647007302513
0.984154779887005
0.9841741959053752
0.9841757860945405
0.9841677137539983
0.9841642425810275
0.9841639739616899
0.9841778826178486
0.9841717721149025
0.9841658029364722
0.9841727276229102
0.9841813414492605
0.9841903677248658
0.9841997371112061
0.9842110496959278
0.9842253653174206
0.9842130651439572
0.9842076787371551
0.9841982319609174
0.984184680475637
0.9841794809742409
0.984179757990881
0.9841672182352902
0.9841651942343052
0.9841688537116074
0.9841680774814101
0.9841637098057677
0.9841499092051887
0.9841588595342717
0.9841883310761913
0.9841964854076194
0.9842000690109864
0.9842121310186989
0.9842295827579147
0.9842418325165689
0.9842529593202611
0.9842433733185993
0.9842574011458308
0.9842660106014663
0.9842517086221195
0.984244494255649
0.984241192414569
0.984233396112974
0.9842402616042609
0.9842425928276424
0.9842425954467617
0.9842461052687839
0.9842490164094294
0.9842424895170703
0.9842325202623973
0.9842253752291634
0.9842131960047393
0.984208808272091
0.9841956673831014
0.9841805609242731
0.9841712330925192
0.984151422478292
0.9841459165085575
0.9841424731172312
0.9841377021608522
0.9841277341328925
0.9841196577548847
0.9841194790061403
0.9841192536349204
0.9841244912016698
0.9841240940282441
0.9841332926629808
0.9841343208464506
0.9841301062043384
0.9841214996368041
0.9841430479257858
0.9841634493776593
0.9841655023411435
0.9841636642046613
0.9841650363435839
0.9841557532455979
0.9841405767082995
0.9841438825890338
0.9841313891075559
0.9841396665396984
0.9841403982511137
0.9841377711529707
0.9841494925035749
0.984157414019628
0.9841623629170255
0.9841586720188894
0.9841529741088327
0.9841527645280029
0.9841605764523614
0.9841612915875501
0.9841578756273925
0.9841614674655317
0.9841573449267773
0.9841534078384843
0.9841602533573954
0.9841522363923565
0.9841449279750907
0.9841404572441957
0.9841356547521284
0.9841517153021275
0.9841564322896712
0.9841653798120432
0.9841659370348516
0.9841682456812569
0.9841570033522073
0.9841563431552535
0.9841659700302847
0.9841671083790089
0.9841514786275939
0.9841484384904169
0.9841473442216704
0.9841442254266499
0.9841629051322988
0.9841744597615647
0.9841818059370135
0.9841779461671095
0.9841685765195622
0.9841601350023822
0.9841552384365334
0.9841551863644318
0.9841495398063888
0.984146416203298
0.9841325867577876
0.98413212281953
0.98412961792837
0.984141303564651
0.9841420869301621
0.9841400822791007
0.9841298015658217
0.9841435367459959
0.9841433971686957
0.9841354587193726
0.9841428785798768
0.9841526026348637
0.9841651342785578
0.9841732468496494
0.9841842300402183
0.9841912365333113
0.9842047621032657
0.9842155404157569
0.9842148554534682
0.9842035807465134
0.9842020811244204
0.9842041988328838
0.9842205726893667
0.98423333967877
0.984239311732599
0.9842405267929105
0.9842401389789405
0.9842462164708314
0.9842403226967882
0.9842341396478143
0.9842213375702129
0.9842071003061589
0.9842019407029615
0.9842035067499794
0.9842157201634739
0.9842115555121833
0.984212510342717
0.9842110847829922
0.9842139610493085
0.9842144749258843
0.9842120580994935
0.9841988774406614
0.9841842041161939
0.9841781072636561
0.984177381108161
0.984160095017353
0.9841415437315568
0.9841469971677743
0.984145356932508
0.9841486125515893
0.9841534279713181
0.984137533538643
0.9841286291517373
0.9841185826002788
0.9841006363988973
0.9840978394457645
0.9840956836725363
0.9840869623538674
0.9840839248920485
0.9840847777226527
0.9840752141095964
0.9840683607261272
0.9840666306921083
0.9840590660230021
0.9840636491597406
0.9840724407179253
0.984071856598045
0.9840660065038425
0.9840608767093951
0.9840567962833557
0.984049596802876
0.9840505400002276
0.9840656610325265
0.9840697642188219
0.9840727523020182
0.9840764378525269
0.9840842534815223
0.98408176319962
0.9840785747754894
0.9840664300612945
0.9840695637159457
0.984066680658448
0.9840637332394158
0.9840630496451886
0.9840677756212449
0.9840589233503446
0.9840576221110012
0.9840625878954845
0.9840532729112228
0.9840607661413188
0.9840663314451926
0.9840651534869839
0.9840552404460534
0.9840498529975205
0.9840442339573323
0.9840467750242693
0.9840593521853853
0.984072362069711
0.9840825211456997
0.9840698575329886
0.9840741700375707
0.9840782888348734
0.984083573736989
0.9840778007248991
0.984080336833552
0.9840824066732942
0.9840830671799821
0.9840850374838302
0.9840908053748437
0.9841017876870138
0.9840957270454207
0.9841029995324838
0.984110297390478
0.9841124793010176
0.9841047143196642
0.9841081797358012
0.9841064258447617
0.984090169377629
0.9840776239663752
0.98407106933664
0.9840582919497459
0.9840549646232851
0.9840542090619072
0.984053102866832
0.9840524908564142
0.9840412657364986
0.9840331416559447
0.9840278095077497
0.9840151274332295
0.9840163637020939
0.9840040494760881
0.984001239801408
0.9839973350259207
0.9840004267229057
0.9840005714537542
0.984022959459067
0.9840412063396141
0.9840493609909126
0.9840548551380511
0.9840520902190872
0.9840512898232573
0.9840467547921297
0.9840377861195447
0.9840279923770774
0.9840222750551326
0.9840317830860855
0.9840321722932384
0.9840268968306948
0.9840324634551293
0.9840270621804664
0.9840297969305107
0.9840336746010803
0.9840288217651129
0.984022428826374
0.9840079044593113
0.984004369387145
0.9839994974261128
0.9839929652196785
0.9840006965354021
0.9840001767208472
0.983999168885818
0.9839979423081755
0.9839943701221561
0.9839983068561267
0.9840121735617945
0.9840118453045817
0.9840112844569009
0.9840013201794924
0.983989272828576
0.9839877292210004
0.9839823044769151
0.9839712120066583
0.9839784838108971
0.9839775761737928
0.9839758223379818
0.9839734911756918
0.9839680613432289
0.9839651886448525
0.9839583893186951
0.9839537445276041
0.9839611181706017
0.9839671260727174
0.9839654752353522
0.9839603258920778
0.983961102896103
0.9839634447130046
0.9839610299255633
0.9839614994398519
0.9839657701563493
0.9839601233338755
0.9839557281426193
0.9839571562666602
0.9839608229678457
0.9839692662174316
0.9839784961727429
0.9839799418878016
0.9839826869958119
0.9839819883244498
0.9839869797054293
0.9839938017681544
0.9839956743662645
0.9840000815480606
0.9840046952608307
0.9840029151038026
0.9840118818964272
0.9840215527951204
0.984025210664583
0.984040641583779
0.9840473346306282
0.9840497524034449
0.9840464886072853
0.9840491808161316
0.9840492006965158
0.9840516222284285
0.9840540050680749
0.9840492940670204
0.9840423177663761
0.9840364406169277
0.9840276770783273
0.9840246779328224
0.9840220502422298
0.9840258426033834
0.9840248293435392
0.9840249853071774
0.9840260103446247
0.9840287466407136
0.9840274670405595
0.9840271922669969
0.9840253126140475
0.9840201109048536
0.9840173356023073
0.9840125167529035
0.984010015707121
0.9840132361764832
0.984004750145306
0.9840036648801459
0.9840079849928509
0.98400635821479
0.9839997060708553
0.9839983034352219
0.983994758062897
0.9840016161859895
0.9839903915005982
0.9839919047361211
0.9839984077747029
0.9839959535505054
0.9840021714377599
0.9840057944696636
0.984006473734603
0.9840098128878101
0.984018929569527
0.9840227696790061
0.9840175772754671
0.9840094701547554
0.9840036493432419
0.9839970766762325
0.9839869363384751
0.9839897973654912
0.9839964802165436
0.9840019635892066
0.9839968311399883
0.9839932425231653
0.9839959331559048
0.9839898622822292
0.9839881151596139
0.9839860008016733
0.9839860438521781
0.9839832506099103
0.98398489566786
0.9839963281794339
0.9839971086562692
0.984003790787353
0.9840182605610422
0.9840217736114895
0.9840239164531511
0.9840304592990116
0.9840328203116152
0.9840335915395322
0.9840317706117176
0.9840304779268843
0.9840265976256312
0.9840163968118533
0.9840175490290561
0.9840079079049143
0.9840118984388434
0.9840063027695265
0.9840012367429675
0.9840121093755849
0.984018968577967
0.9840153603410962
0.984011732469727
0.9840116686927942
0.9840075717659343
0.9839994917449516
0.9840046121434125
0.9840008187443934
0.9839969677013836
0.9839927609956439
0.9839848243565098
0.9839880859805551
0.9839951256691593
0.9839958631238984
0.9839936444291858
0.983992088222035
0.983989184644756
0.9839956321038517
0.9840020384697271
0.983999587704457
0.9839994864863641
0.9839935705578288
0.9839999638208159
0.9840091341614333
0.9840068492124585
0.9840130271168032
0.984011624049689
0.9840189501479789
0.9840303042805664
0.984036199593577
0.9840349263126779
0.9840359028289004
0.9840372790526424
0.98402154378394
0.9840140634680885
0.9840153448578114
0.9840189390156504
0.9840259984142413
0.9840312116317045
0.9840308339072238
0.9840289375175181
0.9840367625717994
0.9840343931393001
0.9840336879625118
0.9840301096883503
0.9840288330674009
0.9840238804849493
0.984021350398375
0.9840198690098041
0.984020146992705
0.98402033588061
0.9840230517655028
0.984039200510908
0.9840475494304093
0.9840542570017085
0.9840530446007829
0.9840553664945494
0.9840606028071175
0.9840581840796307
0.9840550589776401
0.9840522930630933
0.984053496729407
0.9840539660298022
0.9840600640937395
0.9840621108719577
0.9840530271408481
0.9840476414504342
0.9840452617452842
0.984042810982952
0.9840510835777031
0.9840489465154572
0.9840431267398532
0.9840287976169179
0.9840164853644648
0.9840162062888868
0.9840147265726753
0.9840165048105454
0.9840175663974112
0.9840248673432744
0.9840286319613095
0.9840265353007468
0.9840349166703424
0.9840420078161195
0.9840466353228466
0.9840449027344498
0.9840429545159828
