0.9063663176350109
0.9399242617674554
0.9544372718707261
0.9602330667978761
0.966496641909717
0.9686751561277909
0.969831237579851
0.9714223712831848
0.9718197379909737
0.9737243584045442
0.9752071974071611
0.9770992761306756
0.9776860366442768
0.9784473293311096
0.9792640314833373
0.9801394178379449
0.9810068962095606
0.9811271028356369
0.9817571277472613
0.982083723575738
0.9822677719405396
0.982707592887517
0.9831847493790942
0.9831636565502642
0.9834865954579034
0.9837384890336496
0.9835473911426613
0.9836501360527282
0.9836280854271394
0.9836290988075317
0.9835466729319636
0.9833431959509952
0.9832282672164178
0.9829337561040827
0.9829614604843648
0.9830457566152141
0.9831496157393762
0.9831058230341774
0.9831499206668051
0.9831400952456567
0.9831787967955353
0.9831265518389107
0.9834315294169506
0.9835888058852722
0.9837633554768064
0.9837570734889636
0.9837330075208863
0.9836486153296432
0.9835789647517057
0.983691783218326
0.983528462785938
0.9835238007027917
0.9835716933413802
0.983642040962894
0.9835596474252182
0.9834098853120886
0.98332743995139
0.9832755931094427
0.9834961806648124
0.9835982859897473
0.9836230763910975
0.9834811986291626
0.9834804671129078
0.9835207798017818
0.9835118147520627
0.9836381248396038
0.9837041231065493
0.983681596436455
0.9836848884649725
0.9837068969237639
0.9836327347559153
0.9835242999058005
0.9833766857869722
0.983268158009081
0.9832556818265666
0.9833262117153878
0.983322912724499
0.9833700462942766
0.9833717360137453
0.9834245856516307
0.9833923682923937
0.9833224253004231
0.9833831832860651
0.9833262370668768
0.9832330496715649
0.9832437383853329
0.983294219416528
0.9832537253132202
0.98331718930295
0.9833872057882743
0.9834112200579369
0.9834559082272272
0.9834863677335908
0.9835184552208037
0.9835802308127379
0.9835996157588542
0.9836517350849017
0.9836182858804615
0.9836570306504882
0.9836189813523056
0.9836169933971519
0.9835467220432846
0.983526649185458
0.9834953159318612
0.9834619772100367
0.9834200366588327
0.9833890821032384
0.9834300952114963
0.9834594833318635
0.983517775601672
0.9834958795835701
0.9835340933793051
0.9835798569041438
0.9835785035224318
0.983697171191622
0.9837091205397016
0.983707071062892
0.9837108324250861
0.9836789762633269
0.9836766068234913
0.9837040487311689
0.983654380234326
0.9836344828622339
0.9835846910891655
0.9836051381679682
0.9835961939963591
0.9835598448743503
0.9835792600067429
0.9836007200830303
0.9836103406295074
0.9836034251909753
0.9835947661608215
0.9835878752008111
0.98358871384816
0.9835398972641973
0.9835200562397581
0.9834148433127007
0.9833298727886132
0.9832749715881073
0.983254310426032
0.9833243032770792
0.9833490849295133
0.9833868667736725
0.98339300850412
0.9834078402698921
0.9833539346883312
0.9833240587829271
0.9832562537360029
0.9832537036369611
0.9832632571833432
0.9833463923485357
0.9833874283494833
0.9833589447432877
0.9833725715741523
0.9834102769479385
0.9834899245167555
0.9834872722492343
0.9834671320337275
0.9834602680770969
0.9834630487855122
0.9835024276744022
0.9834678714835755
0.983525244371882
0.9835424899800871
0.9834839838005971
0.9834451703483065
0.9834327412909809
0.9834379705964956
0.9834368145595895
0.9833883328996527
0.9833368886652681
0.9833141626871359
0.9833234570647414
0.9833236880185562
0.9833669809773599
0.9833965619182928
0.9834407689154706
0.983459207992278
0.9834561679170883
0.9834604466945747
0.9834789413149766
0.9835122479523217
0.983555902433153
0.9834968976668862
0.9834876348229222
0.9834663600190237
0.9834890479480829
0.9835144807405387
0.983528604619937
0.9835393031195232
0.9835461539608903
0.9835438054987146
0.9835530055552392
0.9835346284690577
0.9835196093505922
0.9835344518987121
0.9835710495521787
0.9835848851322766
0.9836390070912694
0.9836302101162999
0.9836112306419875
0.983590394213755
0.9836203458484732
0.9836208716798446
0.9836586483482864
0.9837021901017714
0.9837292766798374
0.9837229902907823
0.9837535132617068
0.9837427652944765
0.9837646077726392
0.9837746173582841
0.9837782422169516
0.9837345840950281
0.9837258813594009
0.9837048684470829
0.9837205490721167
0.9837370070878833
0.9837269505421554
0.9836977102907964
0.9836861754533468
0.9836707398551653
0.9836900471940089
0.9837185361460458
0.9837132875897756
0.9837062036080805
0.9836814781620845
0.9836375728587686
0.9836453099361706
0.9836037501785826
0.9835954447086873
0.9835817157889579
0.98355942965801
0.9835259592784328
0.9835325396764968
0.9835375320034121
0.983533632144471
0.9835058506460806
0.9834893661858052
0.9835160364743587
0.9834837244637195
0.9835064326244493
0.9835273580718761
0.9835504534217259
0.9835944548063842
0.9835806819654218
0.983558203591357
0.9835477564019683
0.9835578610906406
0.9835602052776399
0.9835572866843001
0.983556611558443
0.9835545405330235
0.9836025449361016
0.9836241250049019
0.9836210840249929
0.9836538529263082
0.9836789535398905
0.9837039738090638
0.9836985689633421
0.983688714497946
0.9836637060954362
0.9836087999566291
0.9835561700333653
0.983498868324866
0.983510155177341
0.983515348358547
0.9835333047543726
0.9835179903316851
0.9834935523528402
0.9835018868257008
0.9834779693763864
0.983465435493771
0.9834646032135815
0.9834652093442083
0.9834576567896296
0.9834521271911502
0.9834567826119341
0.9834510423743237
0.9834163037552215
0.9834092997335575
0.9833988518892187
0.9834099947531706
0.9834368055337916
0.9834247632628537
0.9834178897782119
0.9834250328946377
0.9834474380382227
0.983459504279182
0.9834304902583442
0.9834314887401272
0.9834538444780665
0.9834431613867701
0.98344075164946
0.983461549883494
0.9834834204640027
0.983461542070314
0.9834495008846348
0.9834339928927484
0.9834372179248393
0.9834123587948339
0.9833873744391868
0.9833965290160095
0.9834067240234532
0.9834210228230789
0.9834156104289193
0.9834250713736561
0.9834279122568663
0.98343320993784
0.9834481797356189
0.9834437189683769
0.983429441007505
0.9834295868157488
0.9834407106656623
0.9834524558081825
0.9834726871542786
0.9835054729193844
0.9835196028711191
0.9835151153744423
0.9835151603880847
0.9835209136234764
0.9835062681737426
0.9834828354794999
0.983456912488704
0.9834539888079331
0.9834264806815692
0.9834106999350974
0.9834177536366513
0.9834092931907115
0.9833778775810557
0.9833799024901939
0.9833660796820045
0.9833650558979474
0.9833741382069581
0.9833677017025144
0.9833828384650297
0.9833677350432696
0.9833677718963593
0.9833362969692174
0.9833369482420253
0.9833318885792726
0.9833227811393997
0.9833176653228343
0.9833008768428841
0.9832762283829336
0.9832612942486848
0.9832157538475547
0.9832262088031659
0.9832527888025642
0.9832795137693578
0.9832916696170001
0.9832796266310341
0.9832787695180069
0.9833031374269252
0.9833079346357029
0.9833093086072416
0.9832876279216962
0.9832905540220065
0.9833048843017921
0.9833104078836387
0.9833011284992974
0.9832741419985851
0.9832418347957773
0.9832404731688912
0.9832592522196366
0.9832904090178499
0.9833219330132337
0.9833103353423578
0.9832885422090298
0.9832725711935981
0.9832611353994759
0.9832852004322771
0.9832881555278716
0.9832646728836136
0.9832811444555427
0.9832881586198947
0.9832706324912682
0.9832682839495147
0.9832641491681902
0.9832761112348347
0.9832843905527777
0.9832990901421745
0.9833273998769209
0.9833269801098116
0.9833143485213655
0.9833107406951564
0.9833212547823289
0.9833308494304219
0.9833347385629554
0.9833329060456137
0.983345577908218
0.983334513423925
0.9833046299063862
0.9833134179523014
0.9833103013780985
0.9833151118375769
0.9832850665895655
0.9832832928670049
0.983289424126797
0.9832647582861079
0.9832683457359427
0.9832631866376215
0.9832742539280163
0.9832802176257222
0.9833047702030873
0.9833227688930639
0.9833440623937142
0.9833413141190889
0.9833498695149561
0.9833558349725752
0.9833551547055649
0.983347568848345
0.9833472126516525
0.983357097442529
0.9833439816549266
0.9833727092771068
0.9833794785376324
0.9833942062919631
0.9833898130150774
0.9833782557045895
0.9833891712612479
0.9833937036523245
0.9834069711560515
0.9834253723363122
0.9834462802629614
0.9834478327025797
0.9834465773507584
0.983454138839999
0.9834569975785599
0.9834670709829917
0.9834759169684121
0.9834694871987728
0.9834676759804878
0.9834565707212849
0.9834411761547192
0.9834530017431267
0.9834293358388763
0.9834131083126677
0.9834096187434069
0.9834132831452926
0.9834106073941105
0.9833893175823637
0.9833877270451277
0.9833872102070814
0.9833854919861571
0.9833769028378004
0.9833577065512511
0.9833618135490341
0.9833675025018143
0.9833866846986753
0.9833865276456456
0.9833668741970687
0.9833489387646902
0.9833184451815866
0.9832980712268039
0.9832898704898086
0.9832877407698819
0.9832747500650935
0.9832786360610403
0.9832879039865601
0.9832883877908359
0.9832808663951812
0.9832737383395217
0.9832675964685361
0.9832613864996617
0.9832570628736796
0.9832513093848683
0.9832339441444587
0.9832210001412354
0.9832146820623455
0.9832015712468226
0.9832009891066363
0.9831949407932936
0.9832043795225218
0.9832149303209206
0.9831972399200168
0.9831977238629134
0.9832008519975518
0.9832116210149665
0.98321889952376
0.9832269564826392
0.9832346844711667
0.9832290422969425
0.9832312962513996
0.9832237793813519
0.9832147448014145
0.9831972049340498
0.9831803119014272
0.9831741936782948
0.9831841963776793
0.983184973056747
0.9831886104780253
0.9831931695755564
0.9831847094154343
0.9831672164197707
0.9831524108485642
0.9831661904436715
0.9831627070401656
0.9831856042862963
0.9832108217898897
0.9832091446039951
0.9832004295863981
0.9831824248078923
0.9831626771754692
0.9831602794055623
0.9831609580882257
0.9831814904483223
0.9831856359285611
0.9831824210577721
0.9831780670209823
0.9831727751277349
0.983182778831848
0.9831831078531331
0.9831713807834083
0.9831558255292301
0.983153401734043
0.9831570396037479
0.9831627098078308
0.9831614165858146
0.9831626412003803
0.9831639776134791
0.9831500163183731
0.9831390034956542
0.9831464734761137
0.9831480729912179
0.9831607124997855
0.9831595571509092
0.9831649154792694
0.9831792417335957
0.9831764371163586
0.9831858517358008
0.9831828519024909
0.9831700196195488
0.9831598677422295
0.9831732960286472
0.9831719996616807
0.9831684794982041
0.9831755100665176
0.9831685779218083
0.9831638609576592
0.9831371065771701
0.9831427643368669
0.9831313570506458
0.9831192289515057
0.9831204518889106
0.9831188297207849
0.9831074340516627
0.9831157280340851
0.983129792291176
0.9831233705339343
0.9831168788671971
0.9831143969341974
0.9831212156160917
0.983130686079547
0.9831352765402981
0.9831395770600565
0.9831511040972557
0.9831423070278549
0.9831393778851643
0.983115273712186
0.9830943272565962
0.9830806980181886
0.9830686853540364
0.9830493271496138
0.9830412255137846
0.9830469941341841
0.9830543321344529
0.9830576918269146
0.9830529489056966
0.9830599472863408
0.9830626379943733
0.9830707608926476
0.9830705558344811
0.9830724216900995
0.9830963534582976
0.9831096947543396
0.9831296344177184
0.9831297796456183
0.9831261268074115
0.983131134162103
0.9831251553414999
0.983121752381005
0.9831107336262581
0.9831044938174034
0.9830879182431538
0.983083449076398
0.9830807938323326
0.9830910064766433
0.983090797195361
0.9830909371822876
0.9830933876572406
0.9831022905425852
0.9831014014373646
0.9830843894314538
0.98307463328636
0.9830735659278983
0.9830694807855626
0.9830662448563993
0.9830709831763574
0.9830827386825524
0.9830923121412177
0.9830940829329865
0.9830844672808731
0.983100363075263
0.9831117185001685
0.9831110724556514
0.9831074610673959
0.983104936376863
0.9830971998165219
0.9830884732489311
0.983080789505511
0.9830590095911478
0.9830582743331248
0.9830596815151067
0.9830624341956267
0.9830647539974978
0.9830696408309229
0.9830752651460428
0.9830874486408328
0.9830892943777075
0.9830973812749848
0.9831007535055772
0.983095058411566
0.9830987914723686
0.9830944505017492
0.9830925696638713
0.9830792973390444
0.98308040795696
0.9830741788649897
0.9830631754089609
0.9830632040065324
0.9830503885505125
0.9830444176231673
0.9830407465908272
0.9830445030888426
0.9830446430274488
0.9830533997853481
0.9830616200436478
0.9830626875108595
0.9830587644199982
0.9830637069102482
0.9830566370130788
0.9830630827591731
0.9830517187550807
0.9830626090952057
0.983055429753157
0.9830431349355659
0.9830305011917605
0.9830291304059557
0.9830278666763558
0.9830267834236451
0.9830383041094558
0.9830366835453302
0.9830379754549166
0.9830394070145027
0.9830544624569706
0.9830546904818637
0.9830439244630217
0.9830447265079252
0.9830407025687943
0.983042980627369
0.9830437946569909
0.9830456077811077
0.9830369166556657
0.9830473877273913
0.983044115603879
0.9830449948058285
0.9830376058266254
0.9830274480611165
0.9830249237719361
0.9830244300394965
0.9830178187477555
0.9830119632644796
0.9830141699470526
0.9830114051896345
0.9830097715129684
0.9830118925615637
0.9829966194072943
0.9830035890586795
0.9829970652217335
0.9829900833425552
0.9829930907105336
0.9829866588910624
0.9829830415015447
0.9829773618973704
0.9829682736385851
0.9829441798339913
0.9829367538345302
0.9829374719762266
0.9829442757292348
0.9829440924731667
0.9829394488700383
0.982949418889491
0.982947265538234
0.9829432494246387
0.9829458448616902
0.9829320510341336
0.9829378121940393
0.98292615470552
0.9829190643352151
0.9829169250227642
0.9829182735147467
0.9829181859961821
0.9829152349911765
0.9829232870361936
0.9829157275506529
0.9829167951880058
0.9829126697318332
0.9829182034567943
0.9829217246053827
0.9829163914894612
0.982907634460485
0.9829056843536695
0.9829114931587178
0.9829130002897571
0.982902038935127
0.9828975177153881
0.9828988123756949
0.9828902578368752
0.9828735390873903
0.9828534129965737
0.9828539506737239
0.9828660500791068
0.9828813856319522
0.9829044561894829
0.9829136427202554
0.9829115551588397
0.9829094662502549
0.9829182913771344
0.9829236352011057
0.9829369943240912
0.9829424086083267
0.9829507731317438
0.9829464633375748
0.9829517608315925
0.9829472403626148
0.9829470934564474
0.9829547385122588
0.9829619263075284
0.9829716992415495
0.9829771592464842
0.9829773107621055
0.9829911191769449
0.9829866659484758
0.9829818080271963
0.9829841569373754
0.9829854998356425
0.9829891320921299
0.9829849917678526
0.982978709550359
0.9829739098914663
0.9829648191002714
0.9829675537495988
0.9829744809012667
0.9829818515085029
0.9829776889026256
0.9829761423590082
0.9829693460380751
0.9829570720711072
0.9829451047599057
0.9829454364389322
0.982959581455364
0.9829508635550902
0.9829555941096358
0.9829570843079287
0.9829513964982021
0.9829481846380875
0.982944061698087
0.9829312564326745
0.9829232296087048
0.9829081785605477
0.982908403659658
0.9828981286557942
0.9828713861520167
0.982864264340087
0.9828605817047449
0.9828661764735537
0.9828681721991016
0.9828629059728298
0.982854887280762
0.9828601876609012
0.982860681613202
0.9828503025147344
0.9828431755192928
0.982843819951024
0.9828306493744274
0.9828307995166983
0.9828306812374087
0.9828385969594516
0.9828487724032031
0.9828601509643021
0.9828648421520428
0.9828687883621339
0.982868150665402
0.9828635164080718
0.9828714956310042
0.9828711230802671
0.9828713090054867
0.9828800869805998
0.9828823369979389
0.9828837127386886
0.9828928390708803
0.9828988212532829
0.9828968478873491
0.9828924596245615
0.982891636552853
0.9828978368501793
0.982904144527068
0.9829058981404579
0.9828990925634044
0.9829027274230833
0.9829123667650518
0.9829193177846769
0.9829288929577498
0.9829348756827838
0.9829428599554474
0.9829517009979398
0.9829620441197178
0.982963462731433
0.98297340106698
0.9829693955312105
0.9829686383580583
0.9829650112484729
0.98295888878333
0.9829510684717343
0.9829551858512121
0.9829609124981816
0.9829601680434981
0.9829670079544519
0.982970362600147
0.9829704171898431
0.982968314695023
0.9829640241047385
0.9829669958626766
0.9829716285195713
0.9829630908398778
0.9829622527985846
0.982962532864068
0.9829664014090866
0.9829642696669145
0.982971028304075
0.9829743226578479
0.9829640778724688
0.9829651103044315
0.9829693072624764
0.9829583410443211
0.982961054683791
0.9829651824888097
0.9829616952202554
0.9829615376392542
0.9829569996319755
0.9829644270802392
0.9829592206107415
0.9829594238312495
0.9829559614080269
0.9829386297856093
0.9829427181081211
0.9829478751046457
0.9829481875279533
0.9829452408297958
0.9829409272486874
0.9829466266992378
0.9829541839749548
0.982954724870859
0.9829608619359503
0.9829616115142515
0.982969443085232
0.982983798067569
0.9829767727852623
0.9829851305485008
0.9829969152384072
0.983000135583231
0.9829998803627187
0.9829940866743259
0.9829976497330933
0.9830027553090233
0.9829893317750572
0.982978191200694
0.9829777799218689
0.9829830150871565
0.9829739205762904
0.982967657860835
0.9829625959750993
0.982967663650056
0.9829751626995745
0.9829706073948551
0.9829652241208281
0.9829588081323047
0.9829534600214311
0.9829529515578429
0.9829593738275865
0.9829448260084848
0.9829434224273237
0.9829413782912448
0.982949981538242
0.9829549796723087
0.982952922590441
0.9829508403070318
0.9829487971454699
0.9829413873924979
0.9829316746458204
0.9829357274953895
0.9829328599726651
0.9829325070847544
0.9829207807327185
0.9829151590457021
0.98291439795045
0.9829055176240405
0.9829004531208804
0.982904311782638
0.9829255728036677
0.9829228559558157
0.982929191571734
0.9829398894857971
0.982951110264708
0.9829550127928682
0.9829515633043291
0.9829384003958775
0.9829348101681958
0.9829339354384077
0.982936895961784
0.9829393916882952
0.9829382418591897
0.9829394635801448
0.9829350960761801
0.9829433927646652
0.9829438375765964
0.9829484963616082
0.9829471952172496
0.9829518622978785
0.9829583264903461
0.9829662423515537
0.9829691046739164
0.9829568630203518
0.9829544784814369
0.9829555993221137
0.9829561733250817
0.9829589467318348
0.9829525803951766
0.9829591615623731
0.9829574963166781
0.982960112635539
0.9829692117244295
0.9829756173908734
0.9829713384095723
0.9829745015786541
0.9829789144203138
0.9829749800822163
0.9829754995842986
0.9829836097074988
0.9829831202528387
0.9829844611670286
0.9829864161937218
0.9829891230175891
0.9829916529946318
0.9830012037199445
0.9830052867625005
0.9829960229321617
0.982995119106866
0.9829971010744776
0.9829879199290708
0.9829888114148962
0.9829961306801231
0.9830068495890288
0.98300446213568
0.9830081005189654
0.9830123106468758
0.983014116562042
0.9830232795010587
0.983027731107849
0.9830291872563406
0.9830316659723901
0.9830376915888557
0.9830374560110633
0.9830344177753951
0.9830414308713645
0.9830396494009315
0.9830430597767064
0.9830476930000168
0.983044084632537
0.9830447611730375
0.9830437717344036
0.9830424640214573
0.9830417564382055
0.9830404634273435
0.9830478097226131
0.983040005578412
0.9830337690462625
0.9830347421862291
0.9830290168752733
0.9830296757403245
0.9830274386859373
0.9830215282257144
0.9830138572495692
0.9830129373027303
0.9830114582330544
0.9830135260926106
0.9830140719345009
0.983028019244571
0.983025586867881
