0.9104214509177273
0.9357134244609351
0.9506801926485928
0.9560851213445647
0.9605740030598902
0.9628418891900001
0.9641406924687973
0.9660594120170718
0.9670039070296084
0.9685672529858512
0.9707835037961743
0.9716948659124678
0.9725107854905022
0.9739600176943726
0.9748722833533578
0.9752726245597185
0.9758999933899997
0.9762058010533107
0.9769317985849796
0.9773070933644686
0.9772129375174364
0.9775152761713217
0.9775667832286264
0.977514283341149
0.9777146292888381
0.9782189716944641
0.9784431800669785
0.9784574745379901
0.9784595484832389
0.9782402201512788
0.9780469212525816
0.9780007141214909
0.9780549070119409
0.9782141212889698
0.9780525595659509
0.9781457273719703
0.9780795290569924
0.978141610881345
0.9782535894922729
0.9784843467357016
0.9785245223588652
0.9785480169564283
0.9788387130136367
0.9790202025736324
0.9790857475744781
0.9792380779123985
0.9792933190220009
0.979354525615171
0.9792897777302747
0.9793060487745183
0.9792552495783858
0.9794352158904395
0.9794726633960229
0.9796822884219989
0.979708321830619
0.9796360571056789
0.979684046550916
0.9798388823779964
0.9800967530908646
0.9802477343300255
0.980189993533504
0.980195758691101
0.9801979163272844
0.9803510824838494
0.9804539484253002
0.9804119049854929
0.980422266941151
0.9804172072181164
0.980253714049976
0.9801961579239177
0.9800970367431757
0.9799711881811389
0.9799124034958044
0.9798646191381827
0.9799573670889045
0.9798236559103105
0.9798126820878753
0.9797750662745494
0.9798317594922935
0.9799114754851995
0.9799143605271518
0.9798882374655387
0.9799857239890132
0.9799682236252539
0.9799546200310275
0.9800329741322071
0.9800416791741497
0.9800185276410966
0.9799202367248797
0.9799692418822287
0.979969349824087
0.9800028002751219
0.9799816776747281
0.9800707646067244
0.9800748540007901
0.9800598584033493
0.9800243494361099
0.979923670689011
0.9798684291572247
0.9797372747443506
0.9797196956377068
0.9796723942638418
0.9797148144064833
0.9796942754003224
0.979671259300338
0.9796239110269546
0.9795353639958878
0.9794508488236817
0.9794530430599058
0.9794507818644634
0.979432832196475
0.9794370342186043
0.9793971090220334
0.9793301864673976
0.9794195870950775
0.9794986681861185
0.9795717645233195
0.9795682622472786
0.9795740817323907
0.9795822239815855
0.9795815634450905
0.9796175936333553
0.9796560880508621
0.9795984690991254
0.9795663978470414
0.9795511007677871
0.9795504004584973
0.9795753092496446
0.9795838695670832
0.979592260878674
0.9795859203207743
0.9796119958468206
0.9796008388539346
0.9795778176398897
0.9795796988092697
0.9796114264811738
0.9796296540732962
0.9796584453491605
0.9796370369015425
0.9796806955237107
0.97974446855035
0.979770157249277
0.9798542124939147
0.9799168599606115
0.9799748086627231
0.9800262606015149
0.9800187912391187
0.9799862449643382
0.9799716757660126
0.9800001994446188
0.9800651668436094
0.9801106001686261
0.9801254034356127
0.9801430333471597
0.9801677636586987
0.9802535396141628
0.9802860498044342
0.9803239312098102
0.9803554437652082
0.980381313680146
0.9803751474753516
0.9803631176563675
0.980412164522048
0.9804286748372998
0.9804400466098055
0.9804379659149569
0.9804408153265136
0.9804584954292517
0.9804810247856544
0.9805020857028619
0.9805267225041415
0.9805055374318636
0.9804690913158852
0.9804590662223133
0.9804995002997369
0.9805272243807536
0.9805579481216885
0.9805878331263755
0.9805886616375428
0.9806414801623623
0.980674805653398
0.9807366679000371
0.9807980358263737
0.9807785463718066
0.9807532192684363
0.980743575218449
0.9807960271734514
0.9807903941643484
0.9808129879924964
0.9808132257342533
0.9808302211850779
0.980832227992314
0.9808589071597729
0.9808815032351841
0.9809075894402345
0.9809231023838908
0.980907669321204
0.9809070923526517
0.9809209197121896
0.9808945736540007
0.9809125781530369
0.9809202231329864
0.980924086295466
0.9809097572657324
0.9809226243896542
0.9809175359372992
0.9809332174138158
0.9809481554681588
0.980960604034386
0.9809350091550043
0.9809216129614748
0.9809041424633834
0.9809042182961681
0.9808950344962726
0.9809026844408676
0.9808887113366773
0.980922853114579
0.9809561426054187
0.9809324297004046
0.9809150265623037
0.9809349026660902
0.98093733813905
0.9809469591082378
0.9809357988859005
0.9809549860103114
0.9809295401308301
0.9809291247156178
0.9809404868152024
0.9809365509950553
0.980921978664706
0.980912845726422
0.9808826879447877
0.9808749477660812
0.9808776960152691
0.980891876681639
0.9809292331167021
0.9809934931160522
0.9809691052553042
0.9809656819340419
0.9809514519754543
0.980904969120501
0.9809087202182524
0.9808995667064015
0.9808694812922024
0.9808993543513291
0.9808748467615253
0.9808380727043657
0.9808628580610271
0.9808641674352887
0.9808807490010246
0.9808815195372013
0.9808644564944651
0.9808649169096292
0.9808954210965125
0.9809023289141486
0.9809250109860149
0.9809592825258756
0.9810190007373814
0.9810489772160271
0.9810660779832049
0.981105723899338
0.9811308178484595
0.9811368462540765
0.9811397593628621
0.9811660629012562
0.9812101345053392
0.9812355203584258
0.9812830493844042
0.9812943772571094
0.9812966263242977
0.9813173792569775
0.9813106828049074
0.9812925087794475
0.9812864262043728
0.9812704046508536
0.9812631278639118
0.9812305259103543
0.9812421569909453
0.9812169599815814
0.981177326215891
0.9811685018614628
0.9811736244306686
0.9811793323540556
0.981189587461146
0.9811544834576774
0.9811510690352723
0.9811571956007513
0.9811384470174406
0.9811446805423476
0.9811440036368704
0.9811426825847692
0.9811388157255021
0.9811501061843401
0.9811580202541985
0.9812071353304196
0.9812332800215474
0.9812435388347808
0.9812657167434329
0.9812637770818693
0.9812642570467416
0.9812760929948673
0.9812847685907732
0.9812938083507678
0.9813047979642908
0.9813290247968868
0.981330477032679
0.9813594447490421
0.981374157880007
0.9813570118010471
0.9813294149799583
0.9813181973218965
0.9812876641617361
0.9812830373458797
0.9812749979837108
0.9812682633087887
0.981276666147269
0.9812957074754691
0.9813123659968279
0.9813001807503382
0.9812936227623584
0.9812638545200574
0.9812139587659525
0.9812075928572696
0.9812198508077198
0.9812154573808317
0.9812027127475504
0.9811955136681035
0.9811940311110515
0.981184582638784
0.9811853535641087
0.9812066258840259
0.9811937957226372
0.9812116122902377
0.9812203872406569
0.9812135219182576
0.9812068366306239
0.9812076916205311
0.9811610448235925
0.9811486450071021
0.981143048558282
0.981158560219577
0.9811541264879096
0.9811452917906959
0.9811321460974374
0.9811244317486558
0.9811366697796222
0.9811087939863512
0.9810801444577498
0.981080284154656
0.9811061086318369
0.981124539805352
0.9811180207816201
0.9811104367198281
0.981105660336217
0.9810948024500706
0.9810870363036569
0.9810650915390658
0.9810743448164216
0.9810921862768663
0.9810890696263586
0.9810786715747849
0.9810840404676143
0.9810600668864963
0.9810611338251095
0.9810581068088169
0.9810564312505761
0.9810781809139731
0.9810614905950031
0.981040942165465
0.9810352143991451
0.9810534230235674
0.9810729058045434
0.9810840506727789
0.9810888765136903
0.9810985287472654
0.9811027377419691
0.9810901877717192
0.9810910901770917
0.9810707497044462
0.9810432290202618
0.9810193044948005
0.9810166826821222
0.9810197436228585
0.9809966350682536
0.980981526779351
0.9809815282888068
0.9809832064246113
0.9809858173333407
0.9810126609916638
0.9810229961606306
0.9810253330947829
0.9810334362115839
0.981020255011986
0.9810376604267532
0.9810523740224443
0.9810466167497497
0.9810458396449506
0.9810667214827958
0.9810683789343823
0.9810478703600166
0.9810647336063689
0.9810563070355023
0.981056594052443
0.981048935492693
0.9810525523719541
0.9810452136996208
0.9810340449873761
0.9810019485541369
0.9809970206956186
0.9809788575921538
0.980964274863833
0.980952866833643
0.9809424180891785
0.9809276992741036
0.9809397107911287
0.9809710931220024
0.9809786980588369
0.9809830059865207
0.9809762395041619
0.9809705417355401
0.9809844050093844
0.9809929223868172
0.9809751114543307
0.9809590151735705
0.9809599440182111
0.980936134399175
0.9809218767668803
0.9809085006427041
0.9809071563928325
0.9809008331151271
0.980904596205628
0.9809005985251408
0.9809136023114738
0.9809100982685102
0.9809105301518077
0.9809394891000406
0.9809535476624573
0.9809620841515821
0.9809808598640797
0.9809826728259329
0.9810214994884215
0.9810562031921299
0.981075838255445
0.9810701358983308
0.9810789419283628
0.9810673748807129
0.981070927078546
0.9810816746370534
0.9810931465484313
0.9811155854905604
0.9811153436590877
0.9811225610383334
0.981134947332174
0.9811399683103448
0.9811197696432946
0.9811439497759836
0.9811650430066972
0.9811581676149432
0.9811646520026712
0.9811670225902752
0.9811653845108044
0.9811667262079246
0.9811581864284085
0.9811392634836797
0.9811319646018271
0.9811360809321575
0.9811231280776327
0.9811126380434362
0.9811328758894051
0.9811515750762093
0.981150441384874
0.9811551845823451
0.9811552386826732
0.9811566206846899
0.9811498736558224
0.9811333879105947
0.9811157479399776
0.981115193971724
0.9811229059812349
0.9811100840831191
0.9811139721717062
0.981118554975577
0.98110328645155
0.9811126111144515
0.9811192712078267
0.9811107915087065
0.9811091792113839
0.9811050314419321
0.9811152391807519
0.9811274547307895
0.9811245900478592
0.9811230149967778
0.9811201462909429
0.981118767743324
0.9811226220931523
0.9811147973776803
0.981106759626042
0.9810974972099615
0.9810966458919053
0.9810940949519654
0.9810902787756801
0.981083786438672
0.9810724800983045
0.9810778435463702
0.9810972701896121
0.9810965365746593
0.981115705069735
0.9811214758460898
0.9811262817899716
0.9811255796810747
0.98113736765886
0.9811441659769209
0.9811440846921993
0.9811382005683628
0.9811286083021106
0.9811270469480683
0.9811165074315531
0.9811082258548396
0.981109339053955
0.981124881502623
0.9811250019552503
0.9811262984910021
0.9811250199296523
0.9811168299458395
0.9811227335302719
0.981129438351391
0.9811173130591256
0.9811188923119639
0.9811258286412058
0.9811211720435875
0.9811065031338762
0.981068861663464
0.9810540896037762
0.981050007053326
0.9810553670734944
0.9810691449654497
0.9810790541567025
0.981100627356541
0.9811163526669342
0.9811319154740419
0.9811442327676069
0.9811573165754369
0.9811568145694106
0.9811344812415645
0.9811278840704665
0.9811430815297665
0.9811505714125985
0.9811649767923635
0.9811665325265855
0.981160023051302
0.9811599165606966
0.9811629912335268
0.9811685376205058
0.9811647479727865
0.9811463592450806
0.9811392418452277
0.9811385709641801
0.9811426257188803
0.9811453328514668
0.9811431364357058
0.9811379770589826
0.9811295193385965
0.9811334681693539
0.9811424780642426
0.9811452492893954
0.9811507952951188
0.9811574825714964
0.9811620204545524
0.9811593655220178
0.9811513564840779
0.9811697051607516
0.9811740480622048
0.9811812032159517
0.9811868512086372
0.9812011045379814
0.9812054846288635
0.9812052142992373
0.9812044047255495
0.9811947930694637
0.9811969850040425
0.9811892732694605
0.9811890535290959
0.9811707284150097
0.9811612605115198
0.9811365968360166
0.9811182258016009
0.9811239406618015
0.9811174745737005
0.9811196965197361
0.981106713066827
0.9811020625700322
0.9810965218545282
0.9811047626865337
0.9811061890078918
0.981101378486723
0.9811098365229313
0.981115933268415
0.9811132330400755
0.9811205701916472
0.9811247348046166
0.9811247059764839
0.9811224021341546
0.9811169764561988
0.9811294489581742
0.981142711792504
0.9811416179670933
0.9811385707825829
0.9811284792407644
0.9811289764563291
0.9811358502067976
0.9811304709511721
0.981117356007846
0.9811078703040919
0.981109739945038
0.9811000849880112
0.9811095931820587
0.9811147966027179
0.981124185752736
0.9811368967706835
0.9811350272308372
0.98112194200951
0.9811153207901204
0.9811027306656397
0.981112354028888
0.9811122230738808
0.9811007211280944
0.9810889630202023
0.9810938367823298
0.9810992289868051
0.9811116943729695
0.9811033181824214
0.9811163010288698
0.9811198180762606
0.9811159503507462
0.9811144862272323
0.9811162776861366
0.9811268272042628
0.9811314564930645
0.98114028232894
0.9811421549357474
0.9811486606430467
0.9811553092899221
0.9811642866504784
0.9811599199991734
0.9811622903207464
0.9811580019945064
0.9811551848193203
0.9811524513089575
0.9811549584666254
0.9811738186634503
0.9811634125898373
0.9811702182272573
0.9811667328349811
0.9811713366978676
0.9811645415827986
0.981166162009003
0.981153509976186
0.9811508648160504
0.9811593804417408
0.9811569610868819
0.9811676294936907
0.9811702471390837
0.9811669017495787
0.9811591751413085
0.9811642301969488
0.981158781947919
0.981150136618436
0.9811379204801107
0.9811297152253012
0.9811322952854351
0.9811344185098032
0.981126595078352
0.981121367972171
0.9811219295440413
0.9811210233321626
0.9811129463890113
0.981111494102157
0.9811004220823303
0.9811014938020868
0.981098685316895
0.981081479550174
0.9810771985745406
0.9810764920448279
0.9810687555329954
0.9810599708527641
0.9810516043370013
0.9810374841165393
0.9810185156440269
0.9810051072002008
0.9810076706261911
0.9810133490129609
0.9810111775709731
0.9810148749279367
0.9810191297484302
0.981032280597066
0.9810339887246851
0.9810301779574156
0.9810445295068018
0.9810540773341522
0.9810513974717425
0.9810544667448251
0.9810615486722648
0.9810662731487453
0.981065369242159
0.9810749239000004
0.9810746917535613
0.9810742290174836
0.9810698649477418
0.9810694161651267
0.9810703328983463
0.9810630801048771
0.9810520276276592
0.9810500798711518
0.9810463952542513
0.9810532625787697
0.9810519996295622
0.9810602473107258
0.9810515021775599
0.9810417537722599
0.9810196057012964
0.9810086533591785
0.9810035198911794
0.9810034036612493
0.9810163141532428
0.9810226419392046
0.9810199813709012
0.981025059350436
0.9810248271974409
0.9810323359570217
0.981032869946157
0.9810331373276181
0.9810361791873295
0.9810485419674875
0.9810544955065416
0.9810498688597784
0.9810405754940495
0.9810279529485906
0.9810288348336857
0.9810213132748699
0.9810056391636949
0.9809969056292038
0.9809873052562035
0.980983121062009
0.9809660188803386
0.9809528465244066
0.9809508391706468
0.9809496096889323
0.9809465504878166
0.9809438137316652
0.9809440302704192
0.9809378766775123
0.9809233649585735
0.9809149465138762
0.9809138422688258
0.9809164021287932
0.980919906110396
0.9809139015445972
0.9809017239902434
0.9808820205406847
0.9808749600934553
0.9808734257282659
0.9808864083996426
0.9808835415896764
0.9808825110766944
0.9808875571010959
0.9808893275882347
0.9808952099910508
0.9808990124865962
0.9808813769159881
0.9808705736303832
0.9808664324618436
0.9808823632533855
0.9808855381969952
0.980879466043374
0.9808895075883057
0.980887908487307
0.9808826624911595
0.9808715403049871
0.980862229240688
0.9808617546463742
0.9808520069672676
0.9808541140221071
0.9808438251260083
0.9808389988706608
0.9808506809979075
0.9808564856160806
0.9808656908651051
0.9808701241299368
0.9808689507884337
0.9808636747330819
0.9808721666351499
0.9808730459272491
0.9808763799674478
0.9808853459128415
0.9808899803788534
0.9809048640396836
0.9809094224850573
0.9809125726695304
0.9809161526291291
0.9809151241898462
0.9809149347932766
0.980918113863596
0.9809069373195796
0.9809103288274191
0.9809086281295579
0.9809166100014198
0.9809274356720449
0.9809322609685288
0.9809304695565283
0.980932170817639
0.9809272053745413
0.9809311206765554
0.9809308911962867
0.980926495642615
0.980928952037902
0.9809297892105335
0.9809316687459282
0.9809302700696082
0.9809294687552641
0.9809435057086964
0.9809464399550236
0.9809480382488359
0.980956529770717
0.9809705210090066
0.980975806709233
0.9809790654007543
0.9809773296607591
0.9809749913759589
0.9809642980070169
0.9809569626044566
0.9809534462508201
0.980956986616407
0.980955588293716
0.9809581671209974
0.9809655850372461
0.9809585248033342
0.9809533597341854
0.9809646462710688
0.9809590830453134
0.9809565417809916
0.9809620357597421
0.9809597897739696
0.9809521683360463
0.9809615912551792
0.9809574709265065
0.9809456430127736
0.9809387905876839
0.9809304496928779
0.9809269328111873
0.9809180740368774
0.9809121478703126
0.9809164834812168
0.9809014249410113
0.9809092022201624
0.9809071420929948
0.9808978813752732
0.9808997619831097
0.9808943603573175
0.9808918603581954
0.9808919861643272
0.9808934437969504
0.9808993307614587
0.9809044428401339
0.980901641476748
0.9808937613948022
0.9808929247141889
0.9808967430344115
0.9808963587153146
0.9808885216224239
0.9808968122843155
0.9808989425075935
0.9808934989045894
0.9808812856453514
0.9808647453918962
0.980847400819453
0.9808392032598542
0.9808292412336037
0.9808231734794761
0.9808175167326965
0.9808120856569791
0.9808125940631117
0.9808058935587926
0.98080278891313
0.9808183563768383
0.980823347316873
0.9808290568210979
0.9808231291333918
0.9808235410879507
0.9808270740321803
0.9808376393972557
0.9808459805166
0.9808471692519953
0.9808441385742412
0.9808345773884051
0.9808341195793505
0.9808350170307062
0.9808292714021726
0.9808289908096647
0.9808272998101704
0.9808206381125361
0.9808190843131761
0.9808256759450901
0.9808355658897008
0.980839047760051
0.9808361287646413
0.980832129850028
0.9808288632743035
0.9808200252951015
0.980827933230713
0.980823686915674
0.9808313586229254
0.9808356295712127
0.9808305093628475
0.980841595907165
0.9808534473597083
0.980862746479151
0.9808576283859841
0.9808502525300925
0.980843572210329
0.9808352374253876
0.9808351561630195
0.9808316700847032
0.9808219961550915
0.9808230793925004
0.9808224301673752
0.980825801025846
0.9808205485207462
0.9808076469950705
0.9807933834357927
0.9807873358153834
0.9807816123828855
0.9807783064196424
0.9807714490567297
0.9807710949881425
0.9807696163626974
0.9807640354853738
0.9807742373642359
0.9807809382443767
0.9807835706929877
0.9807949752405831
0.9807910828978613
0.9807971194901157
0.980813482112685
0.9808238355079902
0.9808289281177208
0.9808409690984947
0.9808500536693158
0.980852618634151
0.9808560397714312
0.9808676562443599
0.9808681106677867
0.980871863132055
0.9808719055780875
0.9808766304522081
0.9808850735635481
0.9808930190876168
0.9808972496047665
0.9808991068987902
0.9808998073535319
0.9809027531397319
0.9808962890638686
0.9808958829973887
0.9808991655156976
0.9808965245273682
0.9808910609730669
0.9808888062544483
0.9808951937785666
0.9808842052541079
0.9808779893337406
0.9808672838714375
0.9808600563654665
0.9808582975586996
0.9808606066934294
0.9808596906038801
0.9808596757742726
0.980862898584535
0.9808715256386176
0.980877310624439
0.9808841828098944
0.980881200028771
0.9808870182674911
0.9808976780492964
0.9809054909289409
0.9809085684387242
0.9809030060170212
0.9808944871036009
0.9808831507970981
0.9808713488121502
0.9808649089131564
0.9808667817353189
0.9808750301271146
0.980881892112352
0.9808901740030306
0.980888590567539
0.9808910421989494
0.9808913343878357
0.980890998880382
0.9808918796650182
0.9808906400040731
0.9808860815001363
