0.9248070675138906
0.9458478901121372
0.9564925875035324
0.9589991356849241
0.9615127572013352
0.9630189738915903
0.9636423222858532
0.9652419087931718
0.9657732457561249
0.9678336842024181
0.9682785888414912
0.9698322661714781
0.9707992992577633
0.9722693039962174
0.9731238838003171
0.9733203186147721
0.9735519069321156
0.9733770801291103
0.973849358288486
0.9746089713483614
0.974580925215633
0.9750853714675671
0.9755094200472898
0.9755542526553904
0.975733087553318
0.9756855884670442
0.9758429803639859
0.9762607837863951
0.9764015788149398
0.9763800466410677
0.9764467261305836
0.9768020048466388
0.9767648660811818
0.9770101332392584
0.9768941115781825
0.977000747742369
0.9769898797632803
0.9768282008456423
0.9770298920476175
0.9772419752226112
0.9772785828910038
0.9774869136252794
0.9777143153189636
0.9782158762378595
0.9784795076075448
0.9787657630818826
0.9788980545609148
0.9790019490482702
0.9790345318700597
0.9793249321749051
0.9794249192930028
0.9795836444929312
0.9797457894097934
0.9800446237539944
0.9801289302198927
0.9801469695690205
0.9801176201466834
0.9801977995920204
0.9803283526517184
0.9804249915389044
0.9803177540978122
0.980387866854163
0.9803666292177066
0.9804638101059701
0.9806771532569263
0.980711926157644
0.9807817946614011
0.9808923798214403
0.9809442264932187
0.9809063379093848
0.980896156780439
0.9807438766791904
0.9807872137925513
0.9808273754338177
0.9808020567912303
0.9807970922351211
0.9808467638990128
0.980847793496283
0.9807833194228106
0.9807419251687222
0.9807975199819349
0.9806964851818586
0.9807435285573914
0.9807865263569535
0.9808425043538819
0.9808764593403123
0.980808034255917
0.9807331068178946
0.9807832509975181
0.9807852794470568
0.9808220297457256
0.9808512329578117
0.9807700235110242
0.9807650625539568
0.9808887782726501
0.9809823070471125
0.9810735119829332
0.9810001213970057
0.9809841036076147
0.9810001719091466
0.9810022586277388
0.9810157434672191
0.981068372761448
0.9810941505234148
0.9810918914229819
0.9811725425307987
0.9811792126399632
0.9811257786452218
0.9811427918598946
0.9811480636886992
0.9811768664747547
0.9812622401985952
0.9812635901990956
0.9812211559018611
0.9811782576796313
0.9811551701305683
0.9811415808284445
0.981102005865587
0.9810196989071343
0.9809964871716558
0.9809625847330735
0.9809418422430003
0.9810121957591575
0.9809755055134322
0.9809589497394502
0.9810015612798506
0.9810216437370732
0.9809716259338613
0.9810816595770038
0.9811523954098386
0.981121113079049
0.9811586450029973
0.9811979064275057
0.981207336987384
0.9812700072313044
0.981308598784421
0.9813906146452758
0.9814063013457845
0.9814530496541671
0.9814816125528824
0.9814293536628949
0.9814091147743913
0.9813972827878062
0.9813357652590566
0.9813038907372579
0.981275087630496
0.9812724396402409
0.9812408447426805
0.9812521884738802
0.9812721408277002
0.9813059874158909
0.9813231139082019
0.9813267508787803
0.981409409610079
0.98145677452802
0.9815683216034775
0.9815950805220013
0.9816534256033428
0.9816932391795766
0.9817223246638935
0.9817410011923453
0.9817400818004586
0.9817803870261956
0.9817646500199717
0.9818119771394873
0.9817859621054565
0.981742942054877
0.9816601483055846
0.9817125996247091
0.9817032719127794
0.9816915344425796
0.9817032887947208
0.9816957202786645
0.9817626077317568
0.9817690328394917
0.981821037322368
0.9818530844169526
0.981895657003416
0.981982644662618
0.9819727505703042
0.9820309089725827
0.9820378922599916
0.9820467038774073
0.982006566951061
0.9820149858624235
0.9819683759741373
0.9819675154609308
0.98200331585909
0.9819816335431788
0.9820273542422376
0.9820588620107504
0.9820615853373739
0.9820645136924776
0.9820547194398914
0.9820481534607465
0.982022415100425
0.9820047307820596
0.9819835984888965
0.9819713742034115
0.9819814209953325
0.9819835280216309
0.9819659295339496
0.9819404795752822
0.9819375899137408
0.9819713003997427
0.9819798543678643
0.9819699233873571
0.9819532775053282
0.9819611056196851
0.981889238719795
0.9818489635105131
0.9818400320280511
0.9817791116602687
0.9817632822212007
0.9817375696332402
0.9817422564519598
0.9817556195509476
0.9817564943390166
0.9817526579217267
0.9817701489709579
0.9817953949910698
0.9818344061760075
0.9818297380150753
0.9818407358860373
0.9818268599821776
0.9818102254524687
0.9818220938349578
0.9818329707266956
0.9818385555379965
0.9818015794173847
0.9818000508143003
0.9817988943600044
0.9818083215445981
0.981849419930528
0.9818693425601597
0.9818592191666856
0.981902653736438
0.9819498426509403
0.9819250169949061
0.9819480611699067
0.9819359907944175
0.9819807881336774
0.982032823310725
0.9820463240586225
0.9820621415438654
0.9820836818420321
0.9821039504798221
0.982073248358583
0.9820685095247879
0.9820981257844795
0.9821122789621733
0.982070628115489
0.98208913644154
0.9821047284351205
0.9820949357797757
0.9821101267707621
0.9821154963422001
0.9821269556001136
0.9821347669006932
0.9821163905970995
0.9821193592554169
0.9821093630156942
0.9821180050361071
0.9821350332964247
0.9820854403371758
0.9820651484072342
0.9820675443861399
0.9821138514096506
0.9821056625241843
0.9821049680957026
0.9821212661755901
0.982157004089955
0.9821188922954628
0.9820849220431941
0.982078824304185
0.9820726027218045
0.9820583060659683
0.9820422330232402
0.9820448323746012
0.9820370446207732
0.9820408674012457
0.9820643833755183
0.982119417293735
0.9821504674439494
0.9821759282673665
0.9821944538750111
0.9821649674760586
0.9821785534268725
0.982181969055388
0.9821945358190844
0.9822187656590833
0.9822340334759109
0.9822530012988375
0.9822529328223257
0.9822468569568364
0.9822923245571743
0.9822880447965193
0.9822958183743588
0.9822865452465291
0.9822978129977626
0.9823021610859577
0.9823330058434293
0.9823325335345671
0.9823422111487073
0.9823303813157261
0.9823206658594713
0.98233364710071
0.9823240493083889
0.9823093929843303
0.9822881751573946
0.982304633744498
0.9823091040054709
0.9823556785902086
0.9823678827017556
0.9823599772308916
0.9823579209831184
0.9823274454269513
0.9823523228767969
0.9823846992792182
0.9823918887418762
0.9823968224875914
0.9824105102471983
0.9823891680492962
0.9823849262932698
0.9824137823770138
0.9824140538644429
0.9824196071111266
0.9824192258436613
0.9824219306418618
0.9824258547637362
0.982455255175978
0.9824678010941431
0.9824521868289272
0.9824388310881135
0.9824291546963813
0.9824183101608954
0.982413689417493
0.9823782611068989
0.9823760292690656
0.9823912755825916
0.9824098226753335
0.9823964703854109
0.9823744466610002
0.9823766368501763
0.9823623668120345
0.9823637384885436
0.98234188890644
0.9823240531805898
0.9823504585773105
0.982368856450615
0.9823996857823262
0.9824128308192752
0.9824070636258415
0.9823990830584791
0.9824003768900206
0.9823901550769848
0.9823762502492678
0.9823844064341479
0.9823819146388423
0.9823654991167642
0.9823655666537664
0.9823642797788653
0.9823427636017974
0.9823402831199263
0.9823343891481281
0.9823414629782845
0.9823234581454391
0.98235133182037
0.9823351698465171
0.9823366268367838
0.9823560187354806
0.9823539180144976
0.9823340209119286
0.9823089949512649
0.9823225046546173
0.982327212307334
0.9823261532563754
0.9823351742988209
0.9823362877636662
0.9823347158284502
0.9823263821949066
0.9823115196450043
0.9823010228847446
0.9822739720827152
0.9822459568125271
0.9822447579637573
0.9822236271848805
0.9822191238557025
0.9822115496797041
0.9821879273846016
0.9821922021485995
0.9822097887918667
0.9821917301648634
0.9821774814524189
0.98215520819186
0.9821705081004378
0.9821816209666993
0.9821739500084435
0.9821732971096916
0.9821424715541754
0.9821433430091379
0.9821528331227017
0.9821722907066537
0.9821744465730976
0.9821688825132235
0.9821652432351297
0.9821982920805579
0.9822127003757918
0.9822111881610556
0.9822067400052421
0.9822082309936795
0.982196990637822
0.9822200816848241
0.9822701536161393
0.9822988966236806
0.9823214531622914
0.9823290593987248
0.9823276358592945
0.9823399310725548
0.9823343451187198
0.9823666935191672
0.9823960062494322
0.9824098310698566
0.9824211114849142
0.9824277141619248
0.9824203873431474
0.9824260587141967
0.982440195463832
0.9824457422662024
0.9824663827332215
0.9824700245192997
0.982483530215749
0.9824798989458604
0.9824616229334794
0.9824537931572366
0.982455579348857
0.9824242269779522
0.9824392968260264
0.9824339032717317
0.9824094956500976
0.9823857808936254
0.9823796916330594
0.9823984402355441
0.9824158570532137
0.9824467930022391
0.9824790885091094
0.982493819652135
0.9825022939469291
0.9825061048986217
0.9825089223273021
0.9825133505486875
0.9825089605899097
0.9825052806155596
0.9825051860947672
0.9825217056452422
0.9825412947546674
0.9825462439968283
0.9825701736116849
0.9825819866361275
0.9825861828529485
0.9825867087944054
0.9825857067566569
0.9826020248953576
0.9826120237470642
0.982620307670512
0.9826327926927461
0.9826299525123905
0.9826259560428395
0.9826495112653916
0.9826678555938761
0.9826626832054944
0.9826787470448984
0.982671643414743
0.9826797163064376
0.9826921526520601
0.9826855582167915
0.9826989659257496
0.9827000603207028
0.9827261484184597
0.9827307887962705
0.9827436952336781
0.9827700624741972
0.9827788225554456
0.982786188267293
0.9827685542093788
0.9827625850977396
0.9827800879477909
0.9827707862647795
0.9827731290542165
0.9827834826389081
0.9827807805580867
0.9827909670113992
0.9827969114214757
0.9827956307295614
0.9827887074920648
0.982778728404516
0.9827720006953156
0.9827626303999482
0.982752495044276
0.9827492038787417
0.9827342566465235
0.9827406477850059
0.9827613550981137
0.9827698021020123
0.9827702474080856
0.9827720359577232
0.9827768130935949
0.9827872071557412
0.9827663555365332
0.9827597550184322
0.9827659000767475
0.9827595200841106
0.9827547538358901
0.9827357277278045
0.9827308498022946
0.9827206051366414
0.9827093244649076
0.9827167170047225
0.9827128943245683
0.9827269779828839
0.9827202471673022
0.9827088905106725
0.9826985413336211
0.9826990411446569
0.982702914711021
0.9827008694179582
0.982672405535901
0.9826711521892209
0.9826783700396551
0.9826867098953492
0.9826819356338732
0.9826694597461956
0.982670895636896
0.9826849628175978
0.9826843200975534
0.9826911756183958
0.982680262930874
0.9826789821204426
0.9826703727554452
0.9826686301221024
0.9826626028438209
0.9826711983276377
0.9826777645883326
0.982677028032073
0.9826804709755002
0.9826722102487172
0.9826654052501289
0.9826670385680293
0.9826615281615024
0.982648545929531
0.9826623685756672
0.982667449324792
0.9826742073679983
0.9826710699051431
0.9826661612880235
0.9826559516416248
0.9826524358104547
0.9826468170983679
0.9826410264463246
0.9826342342927801
0.9826244479193447
0.9826369016444619
0.982661017645049
0.9826776278918815
0.9826620031076091
0.9826470219212854
0.9826390752900999
0.9826493315992471
0.9826611656195069
0.9826616502260977
0.982685095541534
0.9826966013748684
0.9826918605059798
0.982687406251666
0.9827067227932558
0.9827294776584737
0.9827359356747262
0.982740094572054
0.9827418775088407
0.9827442293777366
0.9827422658405155
0.9827470117975332
0.9827466072001091
0.9827391331209155
0.9827355959564933
0.9827209496222321
0.9827403969408529
0.9827620528032295
0.9827682411421571
0.982757984632841
0.982762502525493
0.9827658488453038
0.982765366188982
0.9827564951851152
0.9827508577404271
0.9827596068301843
0.9827735596390722
0.9827643119240648
0.9827541304365486
0.9827572986565102
0.9827442536603591
0.9827412465336515
0.9827391807860806
0.9827539288062398
0.9827616175155387
0.9827636215361498
0.9827780192977317
0.9827825198847666
0.9827833045239796
0.9827893104677059
0.9827871198112147
0.9827904019305131
0.9827889197091517
0.982799364608303
0.9828103831031941
0.9827952153834012
0.9828118581743435
0.9828120090592062
0.9828112175110634
0.9827998912746342
0.9828012729799607
0.9828051021100562
0.9828155082657316
0.9828084174617451
0.9828032056602173
0.9828050818233748
0.9827948833179381
0.982813491149361
0.9828086278323346
0.9828120867504025
0.9828023608578511
0.9828132817450557
0.9828040823231239
0.9827924146205566
0.9827794489745182
0.9827675967225856
0.9827688913377643
0.9827862447311086
0.9827830336954065
0.982780418239164
0.9827815840913124
0.9827781159671576
0.9827742256557381
0.9827682659785678
0.9827594283784196
0.9827488166751795
0.9827435811805656
0.982718405277304
0.9827160755526514
0.9827225113626169
0.9827274982493022
0.9827194955110101
0.9827005918704047
0.9827081891434862
0.9827045261302381
0.9826978840419436
0.9827021211416704
0.9827121157299701
0.982713473035144
0.9827114464280182
0.9827130345528824
0.9827158751808719
0.9827224652500943
0.9827150236666709
0.9827149360474946
0.9826987836798008
0.982690407172132
0.9826888500252575
0.9826786624817663
0.9826654400249291
0.982658321286296
0.9826600921001574
0.9826562582328823
0.9826526302180354
0.9826578643502648
0.9826544573030581
0.9826549979867784
0.9826448844159973
0.982646374176612
0.9826578744367921
0.9826574321775741
0.9826597209692165
0.9826687482474475
0.9826612464939658
0.9826705617009691
0.9826815248216472
0.982679308017034
0.9826654414842956
0.9826548696685129
0.9826512160979022
0.9826489479716284
0.9826567675132241
0.9826626105605768
0.9826632207780668
0.9826621886056611
0.9826621946044394
0.9826541225360269
0.982657833725898
0.9826507782512323
0.982642411631161
0.9826398809313407
0.9826199795896295
0.9826060605891008
0.9825974681694248
0.982603162445631
0.982594122697251
0.9825944256450634
0.9825849540575355
0.9825766756113087
0.9825744126037227
0.9825717662641688
0.9825663872070929
0.9825605622751278
0.982565953748234
0.9825624414847977
0.9825645093063
0.9825733537324466
0.9825817736070009
0.9825802929880214
0.9825781084487608
0.9825762180987683
0.9825867270922056
0.9826026504294998
0.982623547390512
0.9826425091168547
0.9826492605223326
0.9826571917135234
0.9826661219961681
0.9826801233187625
0.9826786930659032
0.9826761880773699
0.9826791701158598
0.9826818572675226
0.9826791951079497
0.9826793576194854
0.9826844547281328
0.9826752534343006
0.9826667423909764
0.9826689734279305
0.9826747943341636
0.9826599244521091
0.9826551310445487
0.9826588792695325
0.9826493373854537
0.9826391255170899
0.9826400709660671
0.9826306308273346
0.9826323311393076
0.982634195735691
0.9826322287336714
0.9826183354438073
0.98260064527455
0.9825918613208321
0.9825937444803293
0.9825875647624613
0.9826006483327061
0.9826129654126451
0.9826144815261614
0.9826135041923331
0.9826080643689504
0.9825980513209762
0.9825946035085635
0.982605818193915
0.9826224385405768
0.9826304627615794
0.9826309852725278
0.9826303385385988
0.9826320353120831
0.9826261601009489
0.9826262998258859
0.9826260811735009
0.9826359991689121
0.9826341156981399
0.9826294483009148
0.9826391766152233
0.9826431603223611
0.9826487961300404
0.9826491489695971
0.9826533742645629
0.98265353133345
0.9826479476032713
0.982666752980968
0.9826742818311551
0.9826789224593977
0.9826917766263842
0.9826925197741375
0.9826875193916416
0.982683023248816
0.982682443133084
0.9826922511326511
0.9827086760650248
0.9827201276128004
0.9827127086141174
0.9827157108886889
0.9827122584289809
0.9827086013845916
0.9827074494020664
0.9827055007365687
0.9827063775275832
0.982700468315442
0.9827023825935269
0.982708263122105
0.9826988580213847
0.982699068462855
0.982694162048319
0.982692933347864
0.9826978683555087
0.9827084839366352
0.9827022310654098
0.9826938821461753
0.9826866667399847
0.9826851882192407
0.9826778908520172
0.9826815526495205
0.9826781663662967
0.9826786121263617
0.9826727772998475
0.9826751714723447
0.9826855459983412
0.9826975378598254
0.9827027235664265
0.9827120006427252
0.9827132672386366
0.9827129555150756
0.9827153032114913
0.982709506932615
0.9827026396472173
0.9827036125581565
0.9827161557371122
0.9827170141071842
0.9827151743539624
0.982712950829853
0.9827120106499039
0.9827237046617887
0.982729940887893
0.9827351354128684
0.982732878684581
0.9827496098003791
0.9827462675574382
0.982746231748835
0.9827492680463871
0.9827446344724732
0.9827466047468263
0.9827382729773984
0.9827282231215001
0.9827236237936431
0.9827133721725896
0.9827154147157231
0.9827157688989377
0.9827106352948126
0.9827050225153625
0.9827011156177361
0.9826940947892907
0.9826874192741799
0.9826900132142272
0.9826917628880668
0.9826904809475646
0.9826833565040395
0.9826831549371061
0.9826906233602157
0.9826828737791182
0.9826714693882235
0.9826705701810855
0.9826691825157439
0.9826619972160062
0.9826617645934883
0.9826616722632732
0.982662605244387
0.9826700045565667
0.9826820224031813
0.9826849431701399
0.9826946891399672
0.9826924497084308
0.9827010739050313
0.9826971248768346
0.9827001310969214
0.9826993377508695
0.9826943427083129
0.9826993246807938
0.9826987484512537
0.9826995783815953
0.9826987800773339
0.9827042479787085
0.9827099134244808
0.9827174619112796
0.9827150553598741
0.9827127095987404
0.9827066164278565
0.9827157080599579
0.9827180419783023
0.982720197957744
0.9827210738641049
0.9827208840596802
0.9827278737045813
0.9827303115403389
0.9827282792974685
0.9827311363527892
0.9827398768808256
0.9827377529922262
0.9827411370730491
0.9827369336958248
0.9827575884675989
0.98276375888428
0.9827689218761352
0.9827638003034459
0.9827584648637833
0.9827494704256461
0.9827372589775747
0.9827327964721442
0.9827342027478563
0.9827392133296031
0.9827382794629294
0.9827468135996579
0.9827485751049139
0.9827524235298329
0.9827544685113832
0.982747198842239
0.9827525319332134
0.9827457675612425
0.9827487652680259
0.9827555013702118
0.9827520058345265
0.9827558411393884
0.9827556260130805
0.9827574391938252
0.9827667401997732
0.9827647758669374
0.982760580421541
0.9827591164258417
0.9827640152959227
0.982770012539677
0.9827736171419624
0.9827795095288628
0.9827798000469311
0.9827743943746037
0.9827765558129833
0.9827833182040546
0.9827810214426592
0.9827742131801167
0.9827811820603725
0.9827779216582351
0.9827726081953816
0.9827865611954011
0.9827877280498969
0.9827831512736894
0.9827810858588012
0.9827750766447549
0.9827735794392474
0.9827795562243177
0.9827792327252659
0.9827818384942912
0.98278499427058
0.982783950736747
0.9827770596276465
0.9827786679426405
0.982785227454612
0.9827827702366428
0.9827717339375918
0.9827745994682956
0.9827737272198378
0.9827675177530217
0.9827706757400128
0.9827688169627745
0.9827694868172931
0.9827684400654063
0.9827724750127445
0.9827780403582402
0.9827784776652408
0.9827734020053259
0.9827657591331199
0.9827645413055248
0.9827588867607718
0.9827556214074261
0.9827545850294674
0.9827538123876204
0.9827562371240882
0.9827560536640554
0.9827532011484288
0.9827488599943568
0.9827397865958349
0.9827338482942625
0.9827403533657351
0.9827406836369179
0.9827463381035709
0.9827392059301344
0.9827376145659951
0.9827385731209615
0.9827332056068486
0.982734092691942
0.982735416804847
0.9827387317827537
0.9827425603838048
0.9827453641502737
0.9827524509270729
0.9827531054397876
0.982762028620934
0.9827639668930434
0.9827668462002235
0.9827734776175555
0.9827763660691868
