0.8873320700799259
0.9393257880670285
0.955343551140692
0.9613074629805499
0.9661992626934014
0.9688591740697204
0.9712062629915742
0.9730281181875075
0.9737199129098111
0.9748402323589702
0.976067506833538
0.9768018289446576
0.9774545690330514
0.9784315860010608
0.9790050226776669
0.9797030984170807
0.9800324550999233
0.9802272805412197
0.9806551145527491
0.9812638040122776
0.9815039751071977
0.9820044628194508
0.9824886780250185
0.9826814797363103
0.9830474176552045
0.9833387817223647
0.9834614049780708
0.983773720252515
0.983880370260219
0.9840829300787836
0.9842859715564384
0.9845110839178481
0.9844658431459943
0.9844501318082883
0.9844696728957876
0.9844643408475746
0.9846101831012396
0.9847976378807184
0.984792707889942
0.9848017943398446
0.9847427770115771
0.9848962864825568
0.9851574292533802
0.9853827398048346
0.985521806581365
0.9856130682974228
0.9856536172649755
0.9856529211623517
0.9856825438735503
0.9858329966506889
0.9858667064219064
0.9859447413738498
0.9859533317264491
0.9859421149713177
0.9859395787017309
0.9858555185598213
0.9859022553717338
0.9859004606150006
0.9859307745344652
0.9859813199428408
0.9859659323019901
0.985957897127794
0.9859353239557923
0.9859638623576529
0.9860301723449931
0.9861203944352481
0.9862909453392339
0.9863042871116144
0.9862859917476327
0.9863214757946958
0.9862713274848399
0.9863511232034399
0.9863963035024236
0.9864069313795263
0.9865048830924328
0.9865356283860878
0.9866081649765398
0.9866169406459644
0.9867084774739329
0.986809071591132
0.9869005472526595
0.9870672041276775
0.9871858396723744
0.9872615257143056
0.9872861227080175
0.98733870165886
0.9873534255556355
0.9873413521999921
0.9872994122651693
0.9873441664548229
0.9873651498479008
0.9873651842810347
0.9873268180472805
0.9872910071114093
0.9872596689124002
0.9872754632233789
0.9873087122047809
0.9873555977392028
0.9872953121976065
0.987260566443434
0.9872457602687662
0.9872359510723187
0.9872313974085772
0.9873019723016662
0.987337595987077
0.9873797007757416
0.9873812219286126
0.9873607245565128
0.9874090173209377
0.987433718944426
0.9874997792221962
0.9875170630080121
0.9874896744633593
0.9874259811973414
0.9874155549194477
0.9874479765474053
0.9874411741895759
0.9874439331576429
0.9874852052255468
0.9874949191009272
0.987525623695373
0.987606036938598
0.9876439472390633
0.9876718453147384
0.9876934399884829
0.987705976695841
0.9876520896777266
0.9876260360202609
0.9876367922970726
0.9876186782685592
0.9876043075520119
0.9876202860088169
0.9876279325792175
0.987644963572557
0.98769433500922
0.9877250186039116
0.987749309276442
0.987771714114498
0.9877875784137871
0.9878118069479894
0.9877972183051964
0.9877873390726718
0.9878063355470496
0.9878558497710135
0.9878644491066464
0.9878813075000473
0.987908338244161
0.9879254085432745
0.9879422521136307
0.9879814548024781
0.9880383760268726
0.9880577990607634
0.9880516313732041
0.9880717841546259
0.9881202470514814
0.9880972789089522
0.9881221028974592
0.9881239863633424
0.9881475069536306
0.9881889116965842
0.9882067698398844
0.9882199916246658
0.988249653016635
0.9882352491761268
0.9882163102896563
0.9881983063588359
0.9882089943204326
0.9881558117301544
0.9881226364253402
0.9881206132684914
0.9881303989555619
0.9881209139396547
0.9881209533179145
0.9881338742430757
0.9881158249808056
0.988097188800372
0.9880547461977218
0.988053419036941
0.9880303735573487
0.9879910485519232
0.9879756584490509
0.9879692819765301
0.987993408501018
0.9880077377351489
0.9880183533063974
0.987975577592659
0.9879623201276094
0.9880012163603447
0.9880554941122417
0.9880677577488582
0.9880805504913094
0.9881054534622049
0.9881293452536812
0.9881641371327894
0.9881507638460043
0.9881583429797282
0.988161417508142
0.9881617698137534
0.988176541729203
0.9881551389841304
0.9881592886121947
0.9881531813205174
0.9881507011322649
0.9881149416048157
0.9881292513726183
0.9881057832832624
0.9881266788658106
0.9881631986314778
0.9881840943395376
0.9881897154563035
0.988203356118256
0.9882175285048059
0.9882144070634453
0.9882098157539309
0.9882289300556358
0.9882331333961188
0.9882426617632284
0.9882379884146032
0.9882550518238993
0.9882503583555438
0.9882430622937571
0.9882477681115867
0.9882439358737481
0.9882339203980564
0.9882221099806859
0.9882298116369931
0.9882116286446404
0.9881740155036365
0.9881911973208818
0.9881995260486405
0.9881647520445268
0.9881608551729337
0.988188408796259
0.9881999424008213
0.9882156891407159
0.9882185718841432
0.9882525316191837
0.9882726634119985
0.9882988806982154
0.9883157560702779
0.9883065745300663
0.988293260546544
0.9882991591454202
0.9883013747633439
0.9882991058478421
0.9882868045504744
0.9882810634163525
0.9882777034286574
0.9882769945695533
0.9882711015912772
0.9882679037370746
0.9882614065814538
0.9882447555880552
0.988226928948837
0.9882361831258919
0.988231045648998
0.9882214245857088
0.9882358800717138
0.9882440183872327
0.9882310231355866
0.988222265201675
0.9882328102664899
0.9882372819962207
0.9882646660912522
0.9882887833545553
0.9883033004989467
0.9883112481088004
0.9883172326667533
0.9883146905686668
0.9883353615223014
0.9883377118610134
0.9883261732977314
0.9883299814642489
0.9883407996799599
0.988346561323633
0.9883341195124901
0.9883136226849164
0.9883184829398741
0.9883085198419971
0.9882954824049655
0.9882890582459153
0.9882933608932
0.9882905585754131
0.9882899728031751
0.9882739412535991
0.9882678891757299
0.9882677982066449
0.9882648532285101
0.9882598835885561
0.9882640909822135
0.9882558123911035
0.9882574720431337
0.9882645784031712
0.9882503764918774
0.9882652828922244
0.9882500995835131
0.9882579819711441
0.9882670512933963
0.9882674459047353
0.9882697033368395
0.9882710057227654
0.9882398757073604
0.9882094637062403
0.9881751422773951
0.9881688579948101
0.9881368012333585
0.9881343060716137
0.9881544171644399
0.9881611890654194
0.9881654880274711
0.9881951007215599
0.9882093476703934
0.9882085719631731
0.9881912365203145
0.9881811052958475
0.9881690217623367
0.9881667075260807
0.9881765798609475
0.988174227185814
0.9881825937628081
0.9881821415232909
0.9881772532851172
0.9881675784783919
0.9881655007404256
0.9881516049399794
0.9881414788229793
0.9881164110123448
0.9881029459204665
0.9880911975852236
0.9880754827807909
0.9880669012716956
0.9880686227972604
0.9880982079219766
0.988108962242958
0.9881177764075184
0.9881140686229591
0.988113396429578
0.9881040772440072
0.9881025860499054
0.9881048792047283
0.9881179076440264
0.9881321022267661
0.9881366390425653
0.9881417178472263
0.9881505868447473
0.9881631201312618
0.9881777213640338
0.9881897851817217
0.9881949901433614
0.9882025472707108
0.988218659585753
0.9882275339685483
0.9882338258041057
0.9882337954525967
0.9882445023519366
0.988250989289809
0.9882585133800698
0.9882699640823057
0.9882842598521547
0.9882828494441454
0.9882791678478747
0.9882833079786096
0.9882766905581792
0.9882684834589898
0.9882729779499484
0.9882777827412719
0.9882779061953119
0.9882763314153264
0.9882574978203524
0.9882603029999322
0.9882599856742846
0.9882503559823392
0.9882285742478548
0.9882212941003213
0.9882198090227863
0.9882087152940047
0.9881873273373314
0.9881763983660191
0.9881553620604951
0.9881316748630331
0.9881112390184308
0.9880977129621986
0.9881088160946849
0.9880975618605868
0.9880762179003247
0.9880716403507508
0.9880726334701698
0.9880646555544994
0.988072051437378
0.9880808720113079
0.9880950566476714
0.988111582722185
0.9881077977567788
0.9881043482247155
0.98810170614052
0.9880991584422187
0.9880989382762564
0.9880993283498453
0.9881159215403118
0.9881383329397758
0.9881522372057097
0.9881567969841738
0.988161849443447
0.9881590223085339
0.9881629888975558
0.9881693955346009
0.9881643101697629
0.9881556126116833
0.9881648799194525
0.9881581230755059
0.9881592050534187
0.9881817295941068
0.9881886043239242
0.9881964134297561
0.9882029720373835
0.9882020861261642
0.9882079195270982
0.9881992605602706
0.9882060222633295
0.9881941705360034
0.9881888059780038
0.9881763492614974
0.9881603914643193
0.9881299696155462
0.9881289709407705
0.9881246331992979
0.9881232978272366
0.9881177028022778
0.9881070606996112
0.9880902182096878
0.9880849019674937
0.9880789417562873
0.9880783927909815
0.988095212292176
0.9881016688413105
0.9881172332101564
0.9881291027605656
0.9881299653281133
0.9881119510915928
0.9881033897604924
0.9880949446203904
0.9881017809937966
0.9881058616093552
0.9881033533534779
0.9880964327751606
0.9880889590551182
0.9880918699661185
0.9881018470866167
0.9881004933037425
0.988106892845129
0.988100769230656
0.9880970660020263
0.9881057662748665
0.9881203711740943
0.9881355018531222
0.9881466651877363
0.9881563693050072
0.988159644538018
0.9881549052592401
0.9881385807017483
0.9881287492039605
0.9881131392599244
0.9881055377905074
0.9881051534768159
0.9880952903783372
0.9880906549402759
0.9880917959492026
0.9880846868903018
0.9880699776466867
0.98807091006564
0.9880565180276051
0.9880587490318846
0.9880627668452396
0.9880670311332315
0.9880693256942783
0.9880618215431927
0.9880609843505266
0.9880602370710013
0.9880498359506176
0.9880599286551304
0.9880649317118538
0.988063656037792
0.9880478907776745
0.9880476262700628
0.9880455025284643
0.9880362018219327
0.9880325058091269
0.9880280113195559
0.9880247795764063
0.9880229971512093
0.9880221677742619
0.9880159619466169
0.988015045735692
0.9880268446150524
0.9880174948979094
0.9880109100475002
0.9880109451144646
0.9880055928566441
0.9879963674681251
0.9879848119020695
0.9879827547652317
0.9879766151350188
0.9879724636805644
0.9879674079985712
0.9879683883120206
0.9879606119425169
0.9879616672549983
0.9879614426652741
0.9879559824356096
0.987958885865796
0.9879610922816299
0.9879752571940422
0.9879598071503134
0.9879507836245814
0.9879502643413275
0.9879463235956523
0.987939424690826
0.9879436852943494
0.9879565881620056
0.9879647261187531
0.9879726642150287
0.9879833962457182
0.9879920537649866
0.9879940369761976
0.9879895650394611
0.9879853948982387
0.9879728970974141
0.9879727562977211
0.9879766713604156
0.9879868410201887
0.9879945835541749
0.9879941490991477
0.9879966824432487
0.987987381966646
0.9879910864011185
0.9879980082474155
0.9879973088206792
0.9879942788803406
0.9879902321802536
0.9879958367834012
0.9880019641775427
0.9880062770942437
0.9880128455105919
0.9880073889399388
0.9880093483501466
0.9880223631198568
0.9880233111467419
0.9880317766514272
0.9880402695907121
0.9880430499540552
0.9880545371370163
0.9880566957258188
0.9880448258598421
0.9880532253757037
0.9880592465511046
0.9880551008949279
0.9880480869978672
0.9880453001286458
0.9880496272707445
0.9880522250969306
0.9880509316136957
0.9880571682758161
0.9880517756584596
0.9880500819902223
0.9880434960231725
0.9880415885999551
0.9880376376561191
0.9880403991970736
0.9880475994365071
0.9880492067519824
0.9880466516559475
0.988045784971642
0.9880483313412265
0.9880553458912512
0.9880849428596495
0.988097515319719
0.98809800617737
0.9881063361562082
0.9880999605887508
0.9880937616347626
0.988082939726951
0.9880795480199142
0.9880699104715288
0.9880715825151783
0.9880665594411714
0.9880626377829608
0.9880619875494211
0.9880570673352563
0.9880504453175989
0.9880484685796795
0.9880432316234272
0.9880397728048379
0.9880354890338127
0.9880229588012402
0.9880119771922998
0.987991955140154
0.9879795987874718
0.9879707934866877
0.9879632462330713
0.9879443215150263
0.9879250004227007
0.9879203411041906
0.9879191956346092
0.9879287369369295
0.9879244238060153
0.9879206282160565
0.9879115590994335
0.9879138945736127
0.9879096337403973
0.9879025254636306
0.9878999896944264
0.9878875658890004
0.9878687218682631
0.9878583318199967
0.9878595035679344
0.9878496104442304
0.9878425085532823
0.9878402967716359
0.9878336544626469
0.9878250288858177
0.9878193576336481
0.9878151877810436
0.9878130280336603
0.9878098193709763
0.9878022394857969
0.9877900151121497
0.9877744954216388
0.9877752901992741
0.9877735690981152
0.9877725732451054
0.9877616074602765
0.987753579706189
0.9877419978028458
0.9877385307664893
0.9877319883529883
0.9877259640427166
0.9877167227201648
0.9877082906073651
0.9877073338274444
0.9877004817338025
0.9876895268188911
0.9876917824866196
0.9877000536526793
0.9877110524867078
0.9877158605390398
0.9877127253911292
0.9877148256413698
0.9877114999128421
0.9877122008132098
0.9877210788242518
0.9877142099749976
0.9877172167806968
0.9877226160428799
0.9877287886528672
0.9877331927261163
0.9877434672047265
0.987742279143218
0.9877379557233626
0.9877413855164365
0.9877537997460731
0.9877690185903114
0.987782590378107
0.9877880412836626
0.9877899504435479
0.987792855359261
0.9877959413953741
0.9877891324408096
0.9877845154146592
0.987783376747716
0.9877833733930865
0.98778643107686
0.987784789689311
0.9877834838325118
0.9877795534012549
0.9877764305173605
0.9877750100649186
0.9877689810862283
0.9877561764851764
0.9877505168091462
0.9877491891692819
0.9877412341685793
0.9877298756651396
0.9877276176459467
0.9877288050010941
0.9877385097755729
0.9877366639776523
0.9877358408391665
0.9877322944004288
0.9877352671219585
0.9877322165809406
0.9877380028827355
0.9877399617280709
0.9877281673437583
0.9877265063347455
0.9877275297046424
0.9877328812918924
0.9877394400080723
0.9877428864434645
0.9877412828318728
0.9877411612938926
0.9877359603902813
0.9877363395380975
0.9877286190172112
0.9877175073820958
0.9877141641104046
0.9877070025903125
0.9877068799596079
0.9877095638285391
0.9877174217032613
0.9877270304554153
0.9877246069372007
0.98772029360509
0.9877149768984116
0.9877125946491923
0.9877122492201059
0.9877248080831342
0.9877376563222781
0.9877333288693397
0.9877280659865302
0.987716191853274
0.9877188167195833
0.9877237026270583
0.9877288530483376
0.9877299077485583
0.9877233128907829
0.9877096481414888
0.9877008834222828
0.9876941391777667
0.9876994422399986
0.9877040620829858
0.9877038975201143
0.9877023371811922
0.9876962630286849
0.9877018680875589
0.9877085164899879
0.9877095915894318
0.9877081383356381
0.987715980559923
0.9877331772984967
0.9877330075859221
0.9877358550970927
0.9877386553399709
0.9877443135810849
0.9877380662674224
0.9877266948679936
0.9877159602134976
0.9877100961294925
0.9877009904142741
0.9876949622327562
0.9876868438539261
0.9876794432149628
0.9876760096126127
0.9876762210504371
0.9876786315412174
0.9876834772812927
0.9876820561648468
0.9876760014871826
0.987677654573848
0.9876787893778552
0.987684911169023
0.987690170960605
0.987700885417364
0.9877151797247796
0.987720946025027
0.9877253531110406
0.9877272769014261
0.9877370674662999
0.9877343059020323
0.9877355126719604
0.9877303135678248
0.987724116377221
0.9877281757854682
0.987737066566007
0.9877278671370718
0.9877245041583622
0.987723006941747
0.9877272010753779
0.9877286675964833
0.9877269383186746
0.9877282970750149
0.9877235995590601
0.987724807961878
0.9877328893542945
0.9877375969742405
0.9877393208287107
0.9877431164568501
0.9877406225213929
0.9877393291702061
0.9877314905158879
0.9877241122146927
0.9877250514642313
0.9877130687385192
0.9877084343901253
0.9876996624483481
0.9876945763471667
0.9876885034830839
0.9876842566541817
0.9876744281149756
0.9876727206744326
0.9876710488594024
0.9876741368410511
0.9876753448610865
0.9876708399107542
0.9876634519697327
0.9876570838604452
0.987646907004934
0.9876421884547084
0.9876381243770623
0.9876361389720166
0.987637416317057
0.98763217050972
0.9876201052071178
0.9876082373821015
0.9875991639351849
0.9875931060197972
0.98759090667295
0.9875949502400373
0.9875975287389894
0.9875971529744075
0.987604733542448
0.9876077114975156
0.9876026385040547
0.9876061993440933
0.9876144314643079
0.9876178230465209
0.9876252314454812
0.987630029000464
0.9876338863710764
0.9876305330931607
0.9876334449971604
0.9876431324439452
0.9876489197302031
0.9876468178987698
0.9876549561342626
0.9876513828244963
0.9876541525712055
0.9876500491438157
0.9876581919498245
0.9876657176899178
0.9876678237928523
0.9876738807070082
0.9876662002203015
0.9876574038345788
0.9876597748002574
0.9876533622631924
0.9876471892049852
0.9876384938017729
0.9876343047244908
0.9876333173964598
0.9876299503397675
0.9876309065008567
0.9876335161596045
0.9876363868774494
0.9876418018530874
0.987644133122678
0.9876525735918862
0.9876652784529937
0.9876596565864547
0.9876552366173326
0.9876630724492396
0.9876597562903077
0.987664117011176
0.9876701066092359
0.9876694890863347
0.987665320203716
0.9876598460932318
0.9876649069741859
0.9876652329537962
0.9876562018815485
0.9876590690779941
0.9876564277735258
0.9876592108677056
0.9876589824248083
0.9876546949452075
0.9876486306896739
0.9876462025136753
0.9876477903546317
0.987647467189747
0.9876468383323328
0.9876439607191309
0.9876480520297054
0.9876498750126326
0.9876444833987459
0.9876488472015936
0.9876484310608729
0.9876534285056157
0.9876559179740939
0.9876614750516033
0.987660012476624
0.9876595852362585
0.9876597504897879
0.9876614789464442
0.9876626632763469
0.9876626764125378
0.9876625647440507
0.9876725127946573
0.9876800430347646
0.9876902696062675
0.9877040368945949
0.9877056069186197
0.9877021919543556
0.9876944064566875
0.9876978872721268
0.9876925976005919
0.987687477729272
0.9876791359106138
0.9876765904250919
0.987674769090151
0.9876746472413446
0.9876703836866731
0.987676430235311
0.9876781156978572
0.9876698400772911
0.987669276941561
0.987667956043081
0.9876711269964882
0.9876688554189608
0.987664187052757
0.9876682666920636
0.987666119476834
0.9876685499570393
0.9876654325251185
0.9876579422089979
0.9876547641817267
0.9876531650007948
0.9876522232082819
0.9876585225811257
0.9876639439246239
0.9876615858562969
0.9876609863024494
0.9876609451752821
0.9876562361585282
0.9876491584084542
0.9876338323027748
0.987631511366338
0.9876247426843827
0.9876242689657453
0.9876275701782474
0.9876260302689392
0.9876228886089554
0.987616607968227
0.9876134004938766
0.987606294280636
0.9876019284631355
0.9876063998628558
0.9876056589875575
0.9876067494264055
0.9876074146288202
0.9876029099648301
0.9875999121627494
0.9875993095520131
0.9875977071740776
0.9875991301930588
0.9876005135575602
0.9875973891538083
0.9875998162316295
0.9876025284878843
0.9876061675715149
0.9875993201870521
0.9876021972721064
0.9875964635227572
0.9875916216248684
0.9875916188610329
0.9875935328593817
0.9876005705603498
0.9876041583285301
0.987609873550901
0.9876044571430167
0.987604809182019
0.9876073733641523
0.9876088282720908
0.9876103052889158
0.9876107356282068
0.9876081949618806
0.9876085403595631
0.9876086153926535
0.9876043758883403
0.9876044198609073
0.9876014697279301
0.9875951050218033
0.9875933488292293
0.98760072263613
0.9876029835697357
0.9876009056026951
0.9875971046595907
0.9875929640110962
0.987588414852982
0.987581277869642
0.9875809598905808
0.9875815795282742
0.9875779191407055
0.9875844457632178
0.9875962271344461
0.9875927548313095
0.9875922268446047
0.9875998830895144
0.9876052600225674
0.9876116265968231
0.9876118551389778
0.987609078949855
