0.35220463070380686
0.3481470329811429
0.4384633596963344
0.4420173264191679
0.4660746260877785
0.5003612474845539
0.5188227281717986
0.5312706204927378
0.5579172051731983
0.5611171257647514
0.5484527567878553
0.5272480519790227
0.5243488403777058
0.5302702814606993
0.5217083485225836
0.5311799468416089
0.5284728494836992
0.552568811917343
0.5483879806116349
0.5430701439561012
0.5460229296555237
0.549924217730881
0.5623052872855138
0.5672207506901178
0.5649765927157224
0.5649802829127294
0.5758054729015074
0.5786745454956754
0.5724016513276396
0.575862130246792
0.5858352842236141
0.5914014247776531
0.5905550550967805
0.598019156263947
0.6003530306983829
0.5930481359533357
0.589980212360493
0.5893534506231911
0.5853162047984893
0.5848764032848297
0.5856657559405674
0.5929471228796296
0.5939942785866259
0.5883947252527948
0.5932295221080994
0.5940622699081096
0.5953967110898506
0.5963419555899346
0.5982082689193472
0.5999761735077407
0.597881066636996
0.598581931087544
0.600147618707895
0.600048055501882
0.6010704055340114
0.5995043985937425
0.6016149999966567
0.5990178685218375
0.6009541581799259
0.5997420120047336
0.6023875290822457
0.6019784832772158
0.5983451765784318
0.603065660298618
0.6035804968899653
0.6000089450529466
0.6025669840518586
0.5955546380551814
0.5941004860122356
0.59806972887323
0.5971986616653596
0.5904671616726752
0.5923373004091063
0.5938722638284638
0.5932541893268177
0.5942566326497434
0.5963677931118205
0.5986907311817029
0.6002285149360401
0.5978355869413415
0.5970183414474358
0.5970648580028031
0.5980181150377921
0.595234812833334
0.5952613687993181
0.5951366294430654
0.5973854825005849
0.5981531198264555
0.6003030770436297
0.6029282689161055
0.602078296128014
0.6026854686352394
0.601487972691146
0.599550760909856
0.5990804752711263
0.5989797758152894
0.5998642952371147
0.5994579529096231
0.6007114594797243
0.6023251188939522
0.6022009579990094
0.6007940265531155
0.598662683139085
0.5979797306669872
0.598188140777263
0.6014278667075769
0.6037315628405487
0.604196809182571
0.6040292122440026
0.6047791405728112
0.6049183495833288
0.6042304998598718
0.603233574881841
0.6042188555184221
0.6045478214593633
0.6059155107109538
0.6052979845243377
0.6041382490037137
0.6048247832764946
0.6047206062838592
0.6039162139847521
0.6027617317813735
0.6051594770523285
0.60654088349447
0.6087860060504054
0.6108460028437827
0.6123346810581249
0.6125396390948731
0.6104161255414094
0.610326866725086
0.6089878906185878
0.6096593290627371
0.609298375450937
0.6102534249560195
0.6114124653384446
0.6114640486132589
0.6136737892858529
0.613879724517422
0.613114232105066
0.6142023926393873
0.6141016559914234
0.6150061447251369
0.6156183859566907
0.615450480796794
0.6163952013659212
0.6177195406715213
0.6172480199851139
0.6195179681129869
0.6199747686076206
0.6216814874840136
0.6222816201537316
0.6223122451323331
0.622593867856589
0.6231406621700715
0.6229140385011818
0.6230831482936077
0.6269212454703048
0.6269015202193485
0.6250029269509421
0.6236209414887571
0.6232573965038345
0.6224557338430811
0.622755778763934
0.6218332129500957
0.6229139176744424
0.6229700670309132
0.6239983770610323
0.6249339550883536
0.6245695446608341
0.6242044799446954
0.625094406666148
0.6242707305135987
0.6230888397405323
0.6230589996456629
0.6246583856128488
0.623941022456671
0.6249127239742933
0.6255613529032709
0.62558350518118
0.626864750389677
0.6271875584434116
0.6272177686273034
0.6264941630716923
0.6270515147505348
0.628243311197703
0.6269409352652047
0.6257391828526219
0.6261899684910561
0.6266532236721282
0.6266056472771478
0.6278685680498297
0.6270224925155861
0.6273388533173944
0.6278660614936961
0.6275026754671251
0.6270783298451986
0.6273604493257627
0.6278944079665397
0.6269169503991081
0.6267886870304177
0.6269541508204792
0.6264498513626625
0.6270731560971353
0.627064599318371
0.6274622988223165
0.6269886836029229
0.6264365099610315
0.6266404015578254
0.6268554584794489
0.6269998604353336
0.6284816896787959
0.6278875068670648
0.6281806089142732
0.6272727802118518
0.628320527992089
0.6282817693482883
0.6285015953187731
0.6286887421036088
0.628468694672595
0.6286473219716979
0.6289427371410581
0.6289492190310714
0.6296168387524658
0.6300159160954019
0.6290726648698451
0.6295503126917359
0.6295540193722461
0.629674867823795
0.6298713213125153
0.6303783313134113
0.6300553580110227
0.6298237319253851
0.6287770105275061
0.6290285749560035
0.630229248826
0.6309433678004152
0.6304006534976315
0.6312100359405858
0.6308872113209345
0.6312748030930811
0.6314793473095919
0.6317502072112948
0.6315852228617757
0.6320011027974564
0.6330822329919346
0.6331618161368323
0.6338356298736618
0.633497787295396
0.6341478624824112
0.6341899047027222
0.6355739987287234
0.6362001576953961
0.6370282871801161
0.6376761984859972
0.6384965035152819
0.6382470847159809
0.6389788186094387
0.6387587178534423
0.6396219030930849
0.6398816115643519
0.6400538833402821
0.6407877587523402
0.641345831547661
0.6413176357902421
0.6404927160132458
0.6398481870235226
0.6395589827346398
0.6393553674160396
0.6390575485392807
0.6390393205632587
0.6394677500758178
0.6401719298268925
0.640788495896111
0.6401277326228114
0.6404689196767508
0.6402701497747066
0.6406010695228535
0.641365981415
0.6415127691046256
0.6407805285193995
0.6415210558735176
0.6418302190151571
0.6415992089897009
0.6418721015148826
0.6413836752674205
0.6410599223222967
0.6405281658035048
0.6397576186554648
0.6401636673831799
0.6404151893883074
0.6402329170853833
0.6404917728617906
0.6401908602683817
0.6398556874482776
0.6398046365805885
0.639603082415768
0.6396938479197412
0.6401092406082046
0.6398428574066242
0.6404013569085482
0.6402685875913208
0.6399675737300515
0.6398284828249509
0.6398514115988022
0.6405780318579454
0.6409193576906675
0.6411362208179658
0.6414797269640627
0.6414303459367366
0.6420590531170709
0.6426029109945777
0.6428839121473126
0.6422647208697089
0.6423371005526345
0.6417430300451908
0.6426236927509111
0.6424027611723321
0.6420611765300861
0.641400903019355
0.641179452729485
0.6416135765381491
0.6411464779731594
0.6419438084908121
0.6415372926327755
0.64177761780151
0.6422614320996828
0.6421917911903267
0.64220891673362
0.6425100801315007
0.6419727478186835
0.6416231620886919
0.6418634497534756
0.6416251748412304
0.6417402375151423
0.6414052109273666
0.641612365714791
0.6421872414142835
0.6421452092041567
0.6419165802443747
0.642152322270041
0.6424848764255128
0.6419752459743584
0.6424398517182283
0.6428416669201442
0.6429112168419068
0.6425467872328938
0.6427404836747983
0.6427741466778311
0.6429140547651362
0.6437366522272293
0.6436109786342148
0.6440408812919697
0.6441510488671097
0.6440925349463819
0.643681711325286
0.6437641149669697
0.6427576049022022
0.6424869412666622
0.6432906777757982
0.6429617767030268
0.6433153823761834
0.6427510295562595
0.642552467555075
0.6423461136682105
0.6413356139341981
0.6411700641120682
0.6402704404137152
0.6403228364716302
0.6402326302472123
0.6405105430377134
0.6406514567621797
0.6406012079054236
0.6404040980395774
0.6390686257824725
0.638967921314917
0.6389384170225073
0.6393823894487929
0.6394043343066254
0.6391803523678762
0.6396901024715222
0.6394730420357726
0.63951601857213
0.6397678555331755
0.6407913884443691
0.6409377451930205
0.6415816926073893
0.6407016241915898
0.6409337436657955
0.6410475269887004
0.6404680821586054
0.6409680892266562
0.6407855655682747
0.6405166132490174
0.6409232346530183
0.640941043188008
0.6405901660739189
0.6398769298844195
0.6398721634548716
0.6406528191193368
0.6410487603523772
0.6416614199569453
0.6416671650694268
0.6414053263895566
0.6418436231434643
0.6422238826184903
0.6422122580827853
0.6414682312049094
0.6411082002932731
0.6403650622090762
0.6403893617098172
0.6395288131437087
0.6386274419344746
0.6387793411237366
0.6390630338235853
0.6396316559123237
0.6397816414383035
0.6397764648263802
0.6402569716259878
0.6406793330418424
0.640605610427815
0.6408551155678969
0.6409385580428749
0.6404230603197719
0.6404340426866615
0.6397968975325251
0.6386908763978127
0.6390818757928731
0.6396101416910683
0.6402241514156036
0.6401696751115272
0.640552465213973
0.6409817463293613
0.6409011646062222
0.6408914500635893
0.6413642980002385
0.6412452288333952
0.6415775150768152
0.6422932606778738
0.6421706018052794
0.6423692939530576
0.6426514389391237
0.642083703855665
0.6423806957799539
0.6421296123253114
0.6422012523453056
0.641993225711845
0.6421571439670523
0.6414523797178616
0.6413192795551842
0.6409844642243308
0.6409718174944634
0.6406911022239935
0.6413802466603608
0.6410663251393032
0.6414755061564863
0.6413685202991648
0.6421909592730854
0.6421965267151191
0.6426105052017613
0.6429948354090401
0.6430938620633254
0.6426221054377915
0.6421399121639803
0.6423056362171692
0.6426995610416444
0.642852140740058
0.6428792742773926
0.6424814805686584
0.6422107229327684
0.642029325246685
0.6417176353494997
0.6418949217788367
0.6417956340969292
0.6416241465396284
0.6414987206760412
0.6411659567541876
0.6414155322431588
0.6411936810133222
0.6415452174205014
0.6418128335991881
0.6423443286461826
0.6422813933667373
0.642171373547557
0.6418347268843184
0.6422839139827525
0.6418985879382145
0.6416286363347695
0.6415325523857199
0.642258688023166
0.6417804783779962
0.64149408930535
0.6414829987177285
0.6414093761900781
0.641454018568472
0.6416643169084733
0.6408543495098352
0.6406848700802645
0.6406955571422609
0.6398935077477578
0.6402315212989588
0.6404752714034805
0.6405149371828401
0.640366530601073
0.6402625566604806
0.639654916657853
0.6397630319837403
0.6397976098076807
0.6399027446302433
0.6399745260682872
0.6391401569433568
0.6393445134287581
0.6397699672866615
0.6398207917043015
0.6399520211602229
0.6403002779619452
0.6407129574760645
0.6408748649749932
0.6415008265107601
0.6415490690646065
0.6416030696662238
0.6417330589529867
0.6423734610139198
0.6421026202209567
0.6419811252498158
0.6414946151906061
0.6413084154808227
0.6412353237798849
0.6407093505374601
0.6411526545862777
0.6417245908441143
0.641753631829505
0.6419950901778307
0.6419066782026845
0.6416775708984704
0.6414950102669132
0.6411074971226473
0.6404767065684202
0.640426382114477
0.6406946286894344
0.6406177972294197
0.6403501899994711
0.6398809956483519
0.6397345089429775
0.6396686325364065
0.6400417434728465
0.6398051711300657
0.6400144277100547
0.6400657240625969
0.6400461585747742
0.6400236797594921
0.6397693499103924
0.6397423277898727
0.6400427721853176
0.6397215850479855
0.6400178406567295
0.6399776117513588
0.640032658024249
0.640419098398437
0.6401818649399359
0.6400498664278056
0.6400079412251808
0.6403983112562986
0.6402761592574424
0.6403515037436875
0.6400174616672037
0.6398508087007498
0.6403020035314828
0.6403251658161333
0.640117913616575
0.6398791546273844
0.6395260811763969
0.6393781135957717
0.6397777485506699
0.6402613991222714
0.6399599002999673
0.6396598844468919
0.6397928139435535
0.6400657229996463
0.6399105992253904
0.6401784038992162
0.6402537582801464
0.6405374807691637
0.6414315604778995
0.6417185691959734
0.6412783895883412
0.6415522277161794
0.6417606634510488
0.642134342220794
0.6425092033809141
0.6420629566003395
0.6421999678072319
0.6424451223674384
0.6423845642345808
0.6425320042386093
0.6422494113154028
0.6425233530013635
0.6422881933679506
0.6418490465912344
0.6416156280003479
0.6419405372980841
0.6425598336165829
0.6423949470734815
0.6428607381181126
0.6433999661201034
0.6437005779436847
0.6438655606309824
0.6439185376616277
0.644393641285549
0.6439889651233222
0.6434848969779707
0.6433941066114772
0.6430523192776892
0.6431473288251439
0.6429870582266604
0.6427487723413065
0.6427236602990105
0.6431362050064484
0.6431427960421742
0.6433524975608236
0.6436532821268119
0.6440973400801606
0.6441473450629747
0.6443966257117167
0.6441025526200989
0.6441989522493073
0.6440977261710121
0.6441133439631349
0.6442920420440251
0.6443554142368149
0.6443375891776717
0.644456984300979
0.6441734727205992
0.6439138602157112
0.644472362757488
0.6444349846285605
0.6446356460150005
0.6448916425319179
0.6452474953287577
0.6453735760963822
0.6455712031357936
0.6456807895978396
0.6452762072167681
0.6458477614828044
0.6458709572539171
0.645866602062486
0.6462016350711287
0.6459205028747126
0.6457065923848472
0.6453943221498178
0.6450290939413194
0.6450585192216163
0.6452804312627259
0.6449292650219971
0.6451154222045357
0.6454296806927046
0.64496644202239
0.6448685940396436
0.6450496335286965
0.6447870042406777
0.6443479541460557
0.6446671573020112
0.6452473726333259
0.6450536288377237
0.6448355542639425
0.6448909541140679
0.6450767728286144
0.6454556969388713
0.6457965554616549
0.6458318695264473
0.6456208749308705
0.6453904097744717
0.6456621316912329
0.6455109275480733
0.6450770689694447
0.6447758976418377
0.6450103588887913
0.6460113168727959
0.6460564966476783
0.6461563513374657
0.6462058876503506
0.6466538153692278
0.6467987345299778
0.6462564849112871
0.6458507632767534
0.6456106061231922
0.6456198752046666
0.6454770609963952
0.6454397499826402
0.645615599027603
0.645792305347697
0.646276919336748
0.6461559777641643
0.6459870151597852
0.6458272889334502
0.6453944472427261
0.6458629136225476
0.6453229023935445
0.6452459764881869
0.6454510268739565
0.6450377826619011
0.6451705984683537
0.6454997532229815
0.6453133817109237
0.6450741593266842
0.6452127705566435
0.6454046830558803
0.6451770795259494
0.644999403531213
0.6444741634787354
0.6447723978437279
0.6450284112351641
0.645267178296731
0.645380102902865
0.6454935664508563
0.6456105343968311
0.6458602653884392
0.645653781709947
0.6458970754087647
0.6456620027658346
0.6453397600009204
0.645316855677486
0.6450043712220416
0.6451266118268213
0.6451350967984051
0.6449241962193687
0.6449724571247749
0.6446476341901423
0.6447391252870194
0.6447629341923053
0.6448427977564607
0.6452361772197391
0.6452701873558746
0.6456213876830916
0.6456426629488756
0.6454533261381
0.645240837501993
0.6450027683841983
0.6452332170036861
0.6452927417742945
0.6455672453052955
0.6454374714349942
0.6452741489973677
0.6453195965778441
0.6448335861156326
0.6445505454169129
0.6445600105888558
0.6452396836005441
0.6448415560062901
0.644744496852505
0.6444922482672453
0.6441751151069401
0.6437875205236192
0.6438224757594893
0.6438685720600865
0.6437883691144343
0.6435111517997901
0.6433346278184839
0.6434666908803909
0.6432922918423931
0.6434944810031537
0.6432730433982256
0.6436778744928023
0.6433802277424249
0.643395601032183
0.6432573565982928
0.6426955538702956
0.6425356186480807
0.642749655899464
0.6426159470042764
0.6425303699614964
0.6427942296922146
0.6429857410982275
0.6425887031084043
0.642144977739628
0.6417968602821461
0.6422470553704717
0.6421326588863469
0.6420266214146578
0.6419092270559776
0.6417536935688429
0.6414505115367688
0.6414915889899693
0.6417872435592563
0.6419664720622003
0.6422927936713282
0.6422576036449755
0.6421150667215437
0.6423314960208598
0.6426368371940504
0.6426405102032939
0.6427838524439503
0.6427682369529728
0.6425507628912546
0.6426650805307399
0.6428760911971964
0.6428896184082492
0.6426733597946437
0.6427416334749795
0.6425636012190806
0.642358322078873
0.6424834107467555
0.6421858724770273
0.6422176393069579
0.6421410211975004
0.6421516086353208
0.6422761125033337
0.6423096469245444
0.6426400066370684
0.643085011270478
0.6432006763203122
0.643431012004851
0.6434461591168334
0.643309592030718
0.6435154317092375
0.6434053350548175
0.6431273198338247
0.6432528156962988
0.6429800802944107
0.642550652134731
0.6426699799534635
0.6429551468827638
0.6430951363363034
0.6430674430181968
0.6430046365306935
0.6427662880184937
0.6426869109896493
0.6429029712348159
0.6428851986861209
0.6429212769905139
0.6434763481194318
0.6428882692883923
0.642758301591401
0.642201421086569
0.6422865018080757
0.6426637324002454
0.6423825623962978
0.6422427066649192
0.6420316742509414
0.6420474409397144
0.6420973216353835
0.6422763952496617
0.6423264880113843
0.6422155378371914
0.6419851067338321
0.6421188550198415
0.6420956575280464
0.6420706753822147
0.6418815445193643
0.641750892081871
0.6415847204483507
0.6416246197410856
0.6418961656380306
0.6419203237823521
0.6419216105018176
0.6418861559088442
0.641625453943801
0.641640687355855
0.6416329880974424
0.6415543171048866
0.6414209292117791
0.6417788008909782
0.641761881401556
0.6417999571289648
0.642015362947121
0.6418782176367157
0.6418120696502894
0.6414460294280311
0.6415986572777266
0.6415323458290704
0.6410346220336037
0.6408556146572308
0.6409674421863064
0.640853401315445
0.6409726503369598
0.6408328514820213
0.6409197196262352
0.6407207213677258
0.6406796495776541
0.6405961607174051
0.640592596586523
0.6406035273218381
0.6409694751717918
0.6410489036131721
0.6412455016671817
0.6413615122529145
0.6411913902862313
0.6412019296739684
0.6412446398536596
0.6414256335580008
0.6414562286799184
0.6414342453904408
0.6417302919215443
0.6420252465655659
0.6421480982359927
0.6419704196494334
0.6419251648492065
0.6418520066587791
0.641959097276754
0.6420722161883725
0.6422847553885365
0.6425114360033709
0.6423916379696282
0.6424292126887199
0.6423376980563665
0.6423087076375895
0.642286956103389
0.6421758230094811
0.6423018749679804
0.6424961373475134
0.6427663532515027
0.6426052347966084
0.642308685900022
0.6422529693559471
0.6425539852449724
0.642626475092485
0.6426567672110938
0.6427755782022643
0.6426211878407959
0.6426614679397146
0.6426618887712796
0.6428064250566948
0.6424087964120481
0.6422733473549666
0.6425074955008407
0.6425368409047314
0.6424734131559439
0.6423271283057176
0.6425081872787584
0.6423989546074964
0.6424096612057133
0.642352465687983
0.6423018721594499
0.6421782741801835
0.6421869644435461
0.6420823922120397
0.6423905057836542
0.6423666975594682
0.6422712524134542
0.6421917187708543
0.6421590917594193
0.6422624352940146
0.6423064793379297
0.6423763862355627
0.6421872026124101
0.6420334048879259
0.6421609464690331
0.6425517527791482
0.6426658053820361
0.6423838044016751
0.6424755891749396
0.6423393510352358
0.6421959737169408
0.6420585008492021
0.6419344863597932
0.6419934099377274
0.6420085581726691
0.6420128224834006
0.6419563117411963
0.6420338326128721
0.6422223021506308
0.6422885873270262
0.642401431054844
0.642795689687574
0.6429146515061057
0.6428366936543
0.6428305503906627
0.6430673535706504
0.643048034406162
0.6429089771229561
0.6427743140226972
0.6427952547556498
0.6432665415032752
0.6435948285465578
0.6438327111527714
0.643552882699813
0.6433786704077994
0.6431390921982646
0.6429994478661868
0.6431346843028647
0.6432168549141813
0.6426732283546148
0.6428099545474666
0.6427855328539968
0.6427077829847695
0.6424898370685694
0.6423363763931561
0.6422652405454823
0.6425334493909676
0.6428033867709876
0.6428230508123367
0.642719277735288
0.6424212004060755
0.6423025726914512
0.6422168381010688
0.642149726232156
0.642125334170273
0.6420342831677192
0.6419227757456866
0.6418792345069043
0.6420371299446465
