25
35
39
44
45
61
64
67
71
89
95
103
115
178
184
189
205
246
257
278
284
289
302
304
311
312
322
324
326
329
337
346
349
353
363
366
382
390
433
434
438
446
448
457
465
486
513
514
527
532
536
559
565
584
590
593
597
601
602
605
608
613
634
643
648
651
666
679
691
692
693
696
726
735
739
741
766
768
769
772
782
790
802
814
877
880
891
893
907
916
923
933
934
938
940
941
950
951
953
954
972
976
990
1018
1028
1033
1035
1036
1039
1070
1095
1100
1105
1113
1117
1134
1153
1162
1173
1185
1187
1189
1207
1210
1214
1220
1224
1234
1235
1267
1270
1291
1293
1298
1315
1322
1343
1344
1348
1362
1369
1373
1377
1395
1432
1437
1444
1453
1456
1479
1480
1484
1487
1509
1518
1528
1544
1556
1557
1560
1572
1574
1575
1580
1597
1601
1630
1631
1645
1650
1655
1673
1699
1721
1726
1728
1734
1735
1759
1772
1778
1782
1783
1785
1793
1812
1817
1823
1836
1838
1839
1872
1873
1874
1875
1877
1886
1900
1911
1922
1924
1928
1929
1933
1937
1938
1951
1954
1960
1962
1963
1970
1972
1973
1983
1992
2000
2001
2007
2013
2045
2069
2079
2093
2103
2111
2116
2121
2134
2163
2169
2177
2185
2196
2201
2203
2209
2211
2218
2222
2223
2225
2229
2233
2266
2271
2273
2275
2287
2315
2324
2383
2410
2428
2450
2456
2463
2476
2506
2543
2553
2562
2567
2598
2600
2615
2623
2625
2635
2638
2677
2698
2699
2720
2726
2762
2773
2776
2777
2788
2795
2805
2811
2819
2827
2848
2860
2865
2870
2873
2888
2893
2905
2908
2917
2922
2932
2936
2940
2960
2973
2975
2981
3008
3019
3022
3055
3063
3075
3081
3089
3100
3103
3113
3117
3121
3123
3130
3133
3179
3192
3195
3229
3237
3245
3251
3256
3268
3271
3303
3317
3320
3325
3328
3333
3345
3368
3376
3389
3395
3403
3411
3432
