0.8930356006561889
0.909750554114192
0.9185289978826987
0.9392987398296524
0.9484436442352027
0.9468388055868785
0.9497601131177318
0.9505197594279066
0.9488709997151271
0.9509323733357417
0.9515690142195891
0.9511222911218061
0.9523834264741009
0.9527200373480523
0.9530369919291896
0.9532338830882384
0.9538024515462654
0.9547935975522368
0.9530922893919517
0.9543669535827374
0.9557538737273972
0.9558419656517689
0.9553468150039908
0.9550398116405118
0.9553947615107844
0.9558094825173526
0.9559645734376044
0.9568510408080994
0.9575921525205171
0.9578072550156799
0.9573841545228133
0.9579405564097692
0.9573682812554389
0.956726271623377
0.9572308555729898
0.9574539536557437
0.9575602859956044
0.9570124118932196
0.9571020482955506
0.9569036262482307
0.9573946452858627
0.957216572009203
0.957072732767483
0.956155145807306
0.9550710039563005
0.9550447361737823
0.9553764436540739
0.9557570185212994
0.9555757591650593
0.9550349262393768
0.9550369145414673
0.9553872722129415
0.9549275145150828
0.9548703366157332
0.9544935983051913
0.9550521755730392
0.9550892862784158
0.954870583691564
0.9548239050798029
0.9550832161639105
0.9551136691168848
0.9552178894577371
0.9555032812453131
0.9555182773274463
0.9553952538782874
0.95547980718409
0.9554018848596586
0.9548377391092832
0.9547032762002203
0.9546465332215942
0.9552037967199402
0.9553599206536371
0.9552430517183722
0.955213245865733
0.9555284767394029
0.955519524699021
0.9554777794579339
0.9556223970454498
0.9555513009580158
0.9556333488642806
0.9557881769744562
0.9559298553439025
0.9557620911664095
0.9556667368414004
0.9555445006614756
0.9558019718121188
0.9558776724417083
0.9559374495271452
0.9560694803615354
0.9562494807604285
0.9563900798691406
0.9565800540368307
0.9566304612846854
0.956555342662395
0.9565695433499095
0.9564190009863821
0.9567661265568138
0.9567982515932528
0.9566956811626385
0.9569616546444918
0.9568762199412759
0.9568765728505972
0.9570120092187921
0.9567918146150102
0.9568617932973081
0.956675657765833
0.956825566396872
0.9569801813354314
0.9570016767136162
0.9569607290924237
0.9570771296861675
0.9571384763158736
0.9571423546414839
0.9571659329678589
0.9571625177597122
0.9572840563948749
0.9571837304668588
0.9569897246301583
0.9570106377727905
0.9568694981882367
0.956915444581587
0.9567999272614908
0.9566206141207253
0.9566140266090509
0.9565088829705166
0.9565827696514104
0.9564345760869388
0.9565129630296179
0.9566971215194691
0.9565189144894869
0.9565261784769463
0.9566505456559752
0.9566424450857606
0.9566110184027199
0.9565954197955181
0.9566662000896298
0.9566307921234304
0.9565820019187081
0.9566912352408374
0.9566798089582764
0.9568251222360459
0.9567938060913801
0.9567884999244557
0.9566932625420879
0.9566680983849777
0.9567597264082681
0.9567564849540658
0.9568019503785349
0.9567963075536995
0.9568392342912904
0.9570094112542222
0.95694633153054
0.9569776522871954
0.9570220684432245
0.9569091917807333
0.9568992881412918
0.9569004152605947
0.9569124694466852
0.9568457211586046
0.9567118250193399
0.9567795167558605
0.956841142440095
0.9566911974226723
0.9567043036553368
0.9567963145558994
0.9569037936674544
0.9570435523228399
0.9571720133582121
0.9571705904335615
0.9572147473705261
0.9571600738363394
0.9570162954341715
0.9569796769258081
0.9569496023316694
0.9570400886975322
0.9571515654312452
0.9571191017816215
0.9571664614818736
0.9572435611001257
0.9573036260653774
0.9573297454908724
0.9573078998713371
0.9572367395512035
0.9572173121663385
0.9571509994623612
0.9572947320257769
0.957353372221081
0.957292809537511
0.9572725837833066
0.9572645507142116
0.9571983034571218
0.9572279959001776
0.9572544391096747
0.95724699961028
0.9572928982408812
0.9571515832350267
0.9571376022376501
0.9571456947837751
0.9571318378137167
0.9571240326770357
0.9571471719322497
0.9570527170501727
0.9569603332342927
0.9567790333567642
0.9567253093717661
0.9567511378163716
0.9567654201325241
0.9568640177754921
0.9568450768890707
0.9568633862477747
0.9568466435590902
0.9568632817840552
0.9568432039593671
0.9568352731707319
0.9567813218552571
0.956778724097195
0.9567183990374275
0.9568575726481028
0.956785104616838
0.9566126730486334
0.9566226383452096
0.9565632750129146
0.9565919422035657
0.9565944185981132
0.9566822299625488
0.9567679510107598
0.9566666526568802
0.9565584536073213
0.9565406428828562
0.9565800505498181
0.9565122749851201
0.956572410381171
0.9565704647457288
0.9566553788008848
0.95660404418256
0.9564943660324458
0.9566059124232548
0.9567098070660869
0.9568205830859094
0.9567917463860234
0.9567442146304012
0.9567724275148672
0.9568099258523314
0.9567914154256395
0.9568085733113547
0.9568106477005974
0.9567787908720514
0.9567480956973841
0.956739029666189
0.9566272972896539
0.9566692091635829
0.9566025481620057
0.9566381817872727
0.9566196109575966
0.9565988900112187
0.956583667898521
0.9564555619050967
0.9565422931823192
0.9565249805029233
0.9564531199682822
0.9564276756391681
0.9565459927655894
0.9565975719731737
0.9566071991327211
0.9565555517957097
0.9565451237028918
0.9565570219898019
0.9566706343109865
0.9566139920009629
0.9566656699863282
0.9566209483283137
0.9567742760924717
0.9567492499918383
0.9567329921858364
0.9567366172707623
0.9567124158329459
0.956682643670791
0.9566977268863345
0.9567843831816367
0.9567503036016869
0.9566989399092161
0.9566402187715229
0.9566714262654323
0.9566110641244802
0.956688738306896
0.9567489210031236
0.9568091200289598
0.9568393928652663
0.9569255824303425
0.9569812647939034
0.956951424400863
0.9569892664417159
0.9570367966530283
0.9570909905213663
0.9570812225871212
0.9570759625271505
0.9571824386150786
0.9572124496050525
0.9571733694295211
0.9571354550200165
0.957162582927109
0.9571382438163396
0.9571595344029414
0.957262569799045
0.9572637847492541
0.9572473894813185
0.9572315071406016
0.9571591749498346
0.9572291641829213
0.9571549975857104
0.957153667693159
0.9572091685596337
0.9572034280822719
0.9572087752632856
0.9571344145346505
0.9570923555016899
0.9570949430361567
0.9570262800325795
0.9569777235236575
0.9570284970825628
0.9569919007345223
0.956969057622033
0.9569233378767549
0.9569386916454974
0.9569204079691781
0.9570348843488505
0.9569743914150222
0.9569223292449313
0.9568922124316931
0.9568734083767904
0.956914828259699
0.9568850556739183
0.9568161665116057
0.956823733684195
0.9569162728965857
0.9568907374435545
0.9569485386978034
0.956955055682009
0.9569431564125107
0.9569481696654633
0.9569675556920889
0.9570074467803422
0.9570013024554147
0.9570405019471325
0.9570968823450421
0.9570910793185009
0.9570766920191301
0.9570893462326897
0.9570482222581008
0.9570107913071552
0.9569745249389966
0.9569845167821834
0.9569904920849733
0.9569636687398048
0.9569492333948264
0.9569787920652615
0.956999458739418
0.9569143018656134
0.9568358377116115
0.9567970898097018
0.9568419430500263
0.9568144136937248
0.9567231592417291
0.9566832933072994
0.9567606997071056
0.9568355740222965
0.9568490336455062
0.9569196554633063
0.9569770342587609
0.9569398513491874
0.9569244972431123
0.9569854585884898
0.9569337733443255
0.9569007414067529
0.9569112321182873
0.9568424310827753
0.9568578228121618
0.9568038010251447
0.9567929135164629
0.956823967543164
0.956806337931387
0.956804258178774
0.9567231480372563
0.9566916946996826
0.9567053562174792
0.95668704332581
0.9567061793192897
0.9567516088097843
0.9567158814362203
0.9566954920896606
0.9567246958033149
0.9566716235444285
0.9566900560422701
0.9566679054682047
0.9566727407516382
0.9566743942820453
0.956638023356791
0.9566285607530947
0.9566533670511882
0.9566177171702985
0.956610433758097
0.9566673730244075
0.9566441782127543
0.9566172606268133
0.9566284174988877
0.9566303298774476
0.9566179628142386
0.9566061955928991
0.956571310145503
0.9565820268711037
0.956586978375948
0.9566079172574401
0.9565917045219962
0.9565668627237084
0.9565513819957739
0.9565399877332941
0.9565266060073647
0.9565682361991624
0.9565761380619755
0.9565647666471435
0.956550124668042
0.9565855894101734
0.9566488248392104
0.9566904916959345
0.9567558983762003
0.9567223767198754
0.9566389283750366
0.956669331725623
0.956686896843621
0.9566587542220408
0.956612097184988
0.9565862277872786
0.9565504618522741
0.9565266464423607
0.9565282499883085
0.9564973712218169
0.9565450325442317
0.9565169587895413
0.9564934956017764
0.9565164916177478
0.9565117589839955
0.9564998474610248
0.9564882829071227
0.9564994670952774
0.9565170870123018
0.9565119609290401
0.95650533177754
0.9564711458083236
0.9564443739543113
0.9563949791394083
0.95644334801856
0.9564720393846597
0.956508311932651
0.9565672765319314
0.9565791048571696
0.9565995406873308
0.9565223508430597
0.9565049593444949
0.9565007234863575
0.9565064993158495
0.9565113663719313
0.9565583506893227
0.9565638672971092
0.9565293491079357
0.9565233859517644
0.9564592260391555
0.956460485869513
0.9564876365239025
0.9564606626811551
0.9565162022414972
0.9564601270677855
0.9564055491516974
0.9564102899693956
0.9563990442156064
0.956371190401613
0.9564235272022471
0.9564593098293442
0.9564377704227985
0.9563967153361939
0.9564075054928979
0.9564517574386319
0.9565103381781719
0.9565382961645997
0.9565150751755247
0.9564641356253043
0.9564494898868319
0.9564735435384139
0.9565116280648727
0.9565347663761864
0.9565448938883181
0.9565284805585302
0.9565445863277633
0.9565373919523122
0.9565176385935956
0.9565322376511936
0.9565218544202774
0.9564869259109547
0.9564890575500118
0.9564483769876724
0.9564753831538179
0.9564794682920313
0.9564453928255922
0.9565384930678285
0.9565824248291214
0.9566157377984668
0.9565881773477811
0.9566265379650191
0.9566422261366517
0.9566825488183474
0.95665498103022
0.956639842658239
0.9566012422134179
0.956576148792267
0.9565947341244403
0.9566142320507722
0.9566312817070709
0.9565913046277693
0.9566423477305126
0.9566029201624139
0.9566292293633251
0.9566142447853613
0.9566306028674512
0.9566414652967865
0.9566475182756834
0.9566174186413927
0.9566218244836536
0.9566430422808216
0.9566419595490072
0.9566471645814792
0.9566335435814202
0.9566747687244266
0.9566641715698112
0.9566355750175122
0.9566146346739457
0.9566572618046209
0.9566205717613555
0.9566490833319499
0.9566111139094466
0.9565984664703951
0.9565491044902719
0.9565630362772612
0.9565765540600055
0.9566175529154368
0.9566417794914818
0.9566229369693116
0.9566613818448774
0.9566703788541289
0.9566542252960581
0.9566526095151856
0.9566731619818001
0.9566950480832911
0.9566574581552457
0.9566536399864256
0.9566832333217422
0.9567352612864914
0.9567307376726102
0.9567457273967082
0.9567234125719933
0.9567152895523201
0.9566754271057603
0.9566572350738302
0.9566562816502944
0.9566112764212608
0.9565904366833838
0.9566034185427555
0.9566389334897801
0.9566349214954801
0.9566425654265441
0.9566514370150451
0.9566397168639983
0.9566498561242304
0.9566084664542795
0.9566057764580383
0.9566006647570677
0.9566361761132387
0.9566143142157513
0.9566162426296683
0.9565878035525817
0.9565783559209192
0.9566146167344067
0.9566457269850893
0.9566798694728612
0.9566729027955425
0.9566593303049702
0.9566866460525284
0.9566679022752216
0.9566375942378936
0.9566060717746038
0.9565995685111338
0.9565940804287038
0.9565772009699628
0.9565710557300504
0.9566008056818803
0.9566141885241196
0.9566722013563095
0.9566317076903461
0.9566248882958192
0.9565960061586639
0.9565946035674097
0.9565848908441781
0.9565997389038053
0.9565920750258126
0.9565923821555189
0.9566093406784502
0.9566352765413608
0.9565864397130021
0.9565797523988834
0.9565967539529355
0.9565995471263221
0.9565443179517252
0.9565506978180816
0.9565534220641392
0.9565071206210591
0.9565236596096797
0.9565257424616996
0.9564986285270073
0.9565292042575843
0.9565218340333596
0.9565379399350822
0.9565482063802137
0.9564865065701009
0.9564310424937142
0.9564653786838322
0.956435196077374
0.9564430128094142
0.956450388709349
0.9564468512810063
0.9564939266448305
0.9564583095515641
0.9564791169634321
0.9564444483374476
0.956438830928729
0.9564424974362737
0.9564304058212382
0.9564296035727854
0.9564275564973017
0.9564376519870464
0.956458372682032
0.956471641551931
0.9565041409875558
0.9565221972784917
0.9565463884832673
0.95656478833645
0.9566089821448734
0.9566814030278952
0.9566781481018641
0.95665383882384
0.956643268596232
0.9566139944376437
0.9566111312238154
0.9565934732127849
0.9565671305903957
0.9565324588179112
0.956528837313939
0.9565456867471972
0.9565367355766211
0.9565304411722314
0.9565058118025341
0.9564983736827776
0.956487996793826
0.9564876493993993
0.9565422981427628
0.9565826349400978
0.956571192584825
0.9565732287299418
0.9565332758751465
0.956529798455798
0.9565597112481684
0.9565409678344686
0.9565104876820764
0.956539219879221
0.9565310086429916
0.9565115412865833
0.9564862719095836
0.9564924283655514
0.9565195526373726
0.9564829350889548
0.9564786721689561
0.956452190366299
0.9564778243108217
0.9564767401375568
0.9564478202207137
0.9564557723464604
0.9564569040153773
0.956459517493395
0.956428401763813
0.9564130789318878
0.9564339022958083
0.9564161757338322
0.9564175823269824
0.956423435334598
0.9564098358701102
0.956416915026796
0.9564261272430842
0.9564349355646788
0.9564516779704666
0.9563760600282571
0.9563478601079729
0.9563623334234724
0.9563513649166092
0.9563937685597536
0.9563933287671571
0.9564022863535442
0.9564214986381593
0.9564210918532452
0.956426530478344
0.956447033662262
0.9564673036064011
0.9564474532240599
0.9564556872641015
0.9564592814415523
0.9564368739376857
0.9564064005982361
0.9564158700570672
0.9564384561737403
0.9564509913202248
0.9564443601437888
0.9564461403063954
0.9564510031235565
0.9564353190367941
0.9564325351254489
0.9564269041003874
0.9564359009764413
0.9564738218255963
0.9564668645619047
0.9564319388211051
0.9564135634872553
0.9564321553421912
0.9564303814821129
0.9564463036265375
0.9564798598028957
0.9564916443084466
0.9564802643729056
0.9564711253124483
0.9564688051609493
0.9564504209026171
0.9564226866662057
0.9564206813972852
0.9564019632270362
0.9564000445862701
0.9564274516322497
0.9564443001585136
0.956458522128915
0.956436911021834
0.9564108380204889
0.9563786236699792
0.9563996460309722
0.9563801687464888
0.9563983084439566
0.9564170786723087
0.9564271018350908
0.9564296879287724
0.9564258383079863
0.9564086031009104
0.9564241540271267
0.9564010489312855
0.9563864469082073
0.9564010315116287
0.9563888659482391
0.9564191052310976
0.956443074260983
0.9564420174422101
0.956414923530791
0.9564119096243472
0.9564032123923613
0.9564070722819049
0.9564165410481378
0.9564019310619166
0.9563976029099157
0.9564185408845624
0.9564048878890945
0.9564267283265331
0.9564289004797845
0.9563922790317441
0.9563551909893616
0.9563541570644377
0.9563736976051035
0.9563804472225543
0.9563455145771431
0.9563117041713601
0.9563086028529908
0.9562934651044834
0.9562958062343
0.9562816921063831
0.9562702093636417
0.9562747619513479
0.9562662304047284
0.9562510825940818
0.9562333631886658
0.9562333811986587
0.9562161004367127
0.9562011949059603
0.9561806134590201
0.9561471211389435
0.9561478587856528
0.9561309841562624
0.9561457030139062
0.9561247733463503
0.956131092377663
0.9560989140205566
0.9560741789369086
0.9560675021450329
0.9560661284767455
0.956070929471451
0.9560846261080822
0.9560879322675367
0.9560802971615466
0.9561076851024946
0.9561153826129459
0.9560976365354418
0.9560694340680219
0.9560950732825867
0.9560863512212933
0.9560928368322154
0.9560927527397185
0.9561050426366926
0.9561119414630167
0.9561241293676859
0.9561320278307186
0.9561592525809405
0.9561445543569911
0.9561161093161444
0.9561020774871272
0.9561086985028311
0.9561100550236437
0.9560899135852081
0.9560832554480441
0.9560751600624028
0.9560686352783384
0.9560674587099777
0.9560355706338516
0.956046761953878
0.9560719380738548
0.9560705055059722
0.956071486731964
0.9560699643046571
0.9560645698484416
0.9560935134010885
0.956088890044686
0.9560990770768774
0.956076693551619
0.9560909532507486
0.9561040532793323
0.9560896075577896
0.956081179788382
0.9560808773016102
0.9560869011213323
0.9560785358961892
0.9561187000935636
0.9561348190269088
0.9561251406825354
0.956105953575503
0.9561155487878498
0.9561219617040043
0.9561327504232324
0.9561258535324411
0.9561229912624359
0.9560973761159718
0.9561134440778126
0.9561342358788982
0.9561102729736316
0.9561045566633105
0.9560794238351099
0.9560988123946914
0.9560733933913828
0.9560514098777806
0.9560438092980863
0.95606562764805
0.9560208667916988
0.9560252825055066
0.9560252375955205
0.9560065211685116
0.9560272894328571
0.9560024894273604
0.9559922471927353
0.9559897909684263
0.9560009148110858
0.9560133110261201
0.9560351468955116
0.9560427521481701
0.9560451911904922
0.9560398174675099
0.9560333490452888
0.9560386174020602
0.9560544690080811
0.9560571035548181
0.9560490753400183
0.956062761083971
0.956066994262761
0.9560742336386232
0.9560778056486584
0.956064491620265
0.9560405367788108
0.9560477840988415
0.956060811416111
0.9560516541972927
0.9560716108066843
0.9560455732156768
0.9560426202976395
0.9560397818870786
0.9560571599064944
0.9560313439460121
0.9560315992022103
0.9560554865426415
0.9560586008671057
0.9560602955141105
0.9560644297734446
0.956057981991614
0.9560382591642796
0.9560373735123024
0.9560230881228727
0.9560400007160561
0.9560609975379827
0.9560728199320152
0.9560880120471357
0.9560952833977996
0.9561028995340359
0.9561446694830387
0.9561617450676256
0.9561694512450909
0.9561545771897515
0.9561749418434482
0.9561686071822828
0.956185699344075
0.9561511553992591
0.9561482511702916
0.9561636621057227
0.9561857347031939
0.9561766315129374
0.9561841116640775
0.9561699038380224
0.9561359664221699
0.9561366242900654
0.9561411988537143
0.9561237118985118
0.956132334886934
0.9561142966224223
0.9561280254625705
0.956106364521145
0.9561174417503593
0.9561334818779064
0.956144370428101
0.9561825204684362
0.9561780567851109
0.9561944724995847
0.9561899573883264
0.9561745010928584
0.9562047479245351
0.9562015634410859
0.9561925458274084
0.9562006739615715
0.9562028452669451
0.9561861500005833
0.9561929556431773
0.9561787110268851
0.956184729886989
0.9561887389723406
0.9561756297249611
0.9561976312044487
0.9561548801412791
0.9561599441981299
0.9561937360958558
0.9561980508577788
0.9562224830426981
0.956219150844804
0.9562072268889142
0.9562198134686455
0.956197025470079
0.9561903440669305
0.956188410726687
0.9562088827433275
0.9561955501866743
0.9561594007151238
0.9561538332456616
0.9561715998815467
0.9561472553903498
0.9561262139223919
0.9561143733694807
0.9561391519872051
0.9561383103389562
0.9561367097608362
0.9561168540467768
0.9561206306593708
0.9561330066936822
0.9561262112974966
0.956099592650881
0.9560965811176203
0.9560762616933541
0.9560916986575009
0.9561032652066848
0.9560588180286174
0.956061050836365
0.9560712556361687
0.9560694441595836
0.9560826301871341
0.9560831248291145
0.9560766623677592
0.9560718331892308
0.9560764363007048
0.9560720420176433
