0.8577291974403441
0.9001611979231435
0.9178408441543929
0.9362871764746441
0.9442980664455799
0.9440945663682049
0.9471592505770392
0.945224894970401
0.9445844489491677
0.9457250581262117
0.9458455761045025
0.9460771868209522
0.9428260702036526
0.9446108543082973
0.946582778709242
0.9467277167644933
0.9480946998437157
0.9493652861099519
0.9481430555901124
0.9473959676164821
0.9486222626692651
0.9502742709874253
0.9500081987701466
0.9509684145389934
0.9504206333889712
0.9493046270792431
0.9493286481973118
0.950466175831676
0.9504730510008605
0.9505445030451446
0.9505883954562208
0.950622996936121
0.9504284023799109
0.9502154487714561
0.9504248746528084
0.9506135835368933
0.9505051660749487
0.9501357583570121
0.9498595726016067
0.9496398087100008
0.9495877555998672
0.9499981635540107
0.9495715344481028
0.94965534176269
0.9491627357211193
0.9492358890124554
0.9499857019508198
0.9496831983719822
0.9494585629534827
0.949329304737781
0.9494897439120737
0.9500268618083202
0.9499529926784008
0.9499437468689802
0.9501954800411765
0.9499854022019291
0.9499554978051582
0.9497899804544289
0.9502697221453049
0.9503161503816587
0.95048645915912
0.9510450615960488
0.9512029246211772
0.9510911562865085
0.9511311136619162
0.9510985395015487
0.9511947976216206
0.9508488641434353
0.9507156907826187
0.9510339292811414
0.9512689793403449
0.9511855385071011
0.9511696491165897
0.9513212790693655
0.9516606896738357
0.9514434112513147
0.9514482111813362
0.9518160337516309
0.9518475433224914
0.9521305228455433
0.9519438561055198
0.9518953618190062
0.9518777435262282
0.9518820911938315
0.9517597169587947
0.9514907580997835
0.9517761059139551
0.9514404824216782
0.9514584399395438
0.9514420467050615
0.9515451017756777
0.9513717550481321
0.9515332464525124
0.951518351419115
0.9515536149589999
0.9517256139101535
0.95189336216087
0.9518521221805958
0.9516422642871626
0.95196825758649
0.9518027624893116
0.9518837356729714
0.9520084649591597
0.9520543604161533
0.9519764887646469
0.9518065634320477
0.9516775987620368
0.9518502945040217
0.9519626753680268
0.9521422596503738
0.9522612227033519
0.9524251417757253
0.9524262694358286
0.952557400330183
0.9526669914955297
0.9527227154432547
0.9527484466916899
0.9525085733240821
0.9526256075847417
0.9527429854717074
0.9528232282825112
0.9527943274334536
0.9527738867390305
0.9526988890384468
0.9525438337283947
0.9526113019683127
0.9527658764978648
0.9526338810995926
0.9525661610138715
0.9523924973816118
0.9524220521070013
0.9522652356474576
0.9522720573446974
0.9522551960066997
0.952054292232505
0.9522018654136097
0.9522621658536823
0.9522406657088143
0.9522871033726208
0.95212717093235
0.952062520147844
0.9518981895645392
0.9519906522960652
0.9519783821912512
0.9519504969580473
0.9518221616037766
0.9518987997697492
0.9519538774442959
0.9519324926067764
0.9519129706785351
0.9520234406826394
0.9521403219972161
0.9521724327035234
0.9522265606840584
0.9520854738831748
0.9521977202573708
0.9521389375307306
0.9521766454937381
0.9522757531482657
0.9523123571057526
0.9521869994962973
0.9521763984119005
0.9520491484252164
0.9519748753074627
0.9518745967475272
0.9518024737037365
0.9517971492311739
0.951828363888052
0.9517936345138134
0.9515359679733681
0.9514998293300178
0.9514645775700641
0.9514019566938057
0.9514372434592355
0.9515813465250533
0.951701167087422
0.9516393118683196
0.9515867345904817
0.9514259990383799
0.9514591987814164
0.951570550747448
0.9517283539734483
0.9516054769700941
0.9515307912037282
0.9514449260381442
0.9514866754371432
0.9513886640595166
0.9514712531678323
0.9514400386650965
0.9513379749604998
0.9514457074725247
0.9515210577280263
0.9514402768608028
0.9513428355070948
0.9514435363851538
0.9514571126584827
0.9514960142204915
0.9514125881346985
0.9513662697747514
0.9514355669400982
0.9515004642524819
0.9515023267470211
0.9516369274074931
0.9517266161778114
0.951643544017835
0.9516388794630943
0.9516466308930928
0.9516242289770293
0.9516094078980554
0.9515534347259973
0.9515722615944446
0.9515378859731074
0.9516929129624885
0.951685305434143
0.9517352384927176
0.9517376270408203
0.9516637366526906
0.9516588771759605
0.9515144058956281
0.951421156800587
0.9513427599069272
0.9513288465042473
0.9513539170909074
0.951358735078807
0.9514706659519379
0.9514722786617933
0.9515616534541378
0.9516251839628462
0.9515601979160184
0.9515705114914853
0.9515537039914932
0.9514416400365678
0.9514948940508728
0.9516566918670857
0.9516206381682437
0.9517041182145357
0.9518094846225885
0.951795607958401
0.9518242021544494
0.9518342724449498
0.951770924201084
0.95175872637066
0.9517250541995865
0.951693265744909
0.9516785905357941
0.9517413273019151
0.9517230799092166
0.9516924544305586
0.9517209321718748
0.9516674814770386
0.9517411085670057
0.9516771894855638
0.9516528830265164
0.9516961235671507
0.9517054111002103
0.9517522649696649
0.9516880754223462
0.9516358400656466
0.9516783150769049
0.9515361123142884
0.951549587148869
0.9516316400695246
0.9516547695707771
0.9515897203018369
0.9516376357202699
0.9516236715932564
0.9516071142659618
0.9516529926966272
0.9515306695995388
0.9514477788807502
0.951403587810372
0.9515034138353771
0.951555748753154
0.9515169391369244
0.9514288465849979
0.9514436694878405
0.9514077609268149
0.9514626526334576
0.9515397502352045
0.9515427094938379
0.9515285249454835
0.9515309390377339
0.9514909492111276
0.9514092378815565
0.9513854246736808
0.9513904857685002
0.9514379435571554
0.9515187415937862
0.9516135025171617
0.9516931373214184
0.951600211660865
0.9515558163895351
0.9516058597437135
0.9516654083874508
0.9517506244148188
0.9517337519489533
0.9518021801509828
0.9517713070433318
0.9517584786907416
0.9517422000611786
0.9517632429468195
0.9517061459330804
0.9518013281281266
0.9518073433536929
0.951739991603701
0.9517036504728476
0.9517792879590152
0.9517753515161144
0.9517803945091361
0.9517877706977654
0.951797446635318
0.9518782232935158
0.9519269647317202
0.9519221928789912
0.9519219521407309
0.951933847501399
0.9518567578628234
0.9517722604401893
0.9518055649910393
0.9518252039619537
0.9517909186719563
0.9518032266795209
0.9518435245941672
0.9518749045614697
0.951850236286267
0.9519564316598915
0.9518998438760207
0.9518577446616017
0.9518578698635873
0.9517931658858976
0.9518429693910595
0.9518582588818726
0.9518915110265366
0.9518851947984664
0.9519924952117017
0.9519940348916304
0.9519771827335001
0.9520157113040929
0.9519671693942041
0.952031370205383
0.9519914296923796
0.9520999121505402
0.9521169709152167
0.9520434578594719
0.9520537945693207
0.9520354281533205
0.9520538568064907
0.9520282951067726
0.9519751217866442
0.9519626662480081
0.9519531805780667
0.9519665886212828
0.9519751505895986
0.9519143569835736
0.9519489586888731
0.951927662649656
0.9519970508202326
0.9519327876884318
0.9519495079141616
0.9519349927740784
0.9519559659435682
0.9519196601090348
0.9518803066027288
0.9518755714457281
0.9519126321221449
0.9519310408929158
0.9519240344776146
0.9518748137272889
0.9519128264918091
0.9519388891661894
0.9520197508142304
0.9520729524030123
0.95206443466214
0.9520766729175587
0.9520055015613431
0.952067214014128
0.9520421990623559
0.9519830976176249
0.9519865847886475
0.9520432327482408
0.9520283840659828
0.9520100315226181
0.9520716411970472
0.9520386489015387
0.9520174570951713
0.9520842298860679
0.952126250222715
0.9520977086073061
0.9521540522739247
0.9520407879720922
0.9520141649668391
0.9519826175728495
0.9519625611372852
0.9519295778069968
0.951868866344459
0.9518541804056254
0.9518494598377467
0.9518684301104038
0.9518569535576524
0.9517880133509942
0.9517519960234503
0.9517828940367714
0.9517772797867379
0.9517738135463579
0.9518208313792966
0.9518234738984224
0.9518316529742523
0.9517664408841349
0.9517520562655803
0.9517531778823589
0.951684571643643
0.9517083166766924
0.9517669967393405
0.9517414254644195
0.9517037123266576
0.9516952137825301
0.9516834430768097
0.9516878120853781
0.9516552653338965
0.9516534668933325
0.9516525218535803
0.95165624543296
0.9516933254218729
0.9517167063750885
0.9517658649182306
0.9517392221784403
0.951663334675978
0.951718125829316
0.9517166033033309
0.9517246684506433
0.9517324146155708
0.95177129838803
0.9517103211819948
0.9517207363327647
0.9516891713218804
0.9517021917865122
0.9517362907340833
0.9517122199319318
0.951698753513593
0.951642091916486
0.9516703933097367
0.9516611398560696
0.951632024682205
0.9515850146911915
0.9515510609940897
0.9515003707950264
0.9515008225738929
0.9514240621705823
0.9515086173864176
0.9515736199286384
0.9515701184149579
0.9515466852151501
0.9515342672964402
0.9515447089933358
0.9515884383205717
0.9516357497780644
0.9516113920729947
0.9516412320138178
0.9516639995762115
0.9515964471680288
0.9515870758277205
0.9516151987974802
0.9516565036922522
0.9516424172736795
0.9517509453250236
0.951757330440639
0.9517587671463684
0.951768727010008
0.9517113894634314
0.9517418782771749
0.9517740675917996
0.9517413606684827
0.9516870428021558
0.9517360343276936
0.951747424527707
0.9518202740220087
0.951768279960514
0.951755804218943
0.9517156828328286
0.9517036941433691
0.9517129674892125
0.9517242840603957
0.9517507892899549
0.9517281035799374
0.9517320062338136
0.9516768162570305
0.9516652244559091
0.9517250789074058
0.9518096015171758
0.9517910376436556
0.9517389104813294
0.9517647817342283
0.9517969723613641
0.9518339491380216
0.9518545728881059
0.951864159502574
0.951826754218035
0.9518739944636806
0.9518253332641395
0.9518063052007976
0.9518081211884434
0.9518290428042026
0.9518947996317741
0.951912533735988
0.9518295300891204
0.9518600820531948
0.9518644466737025
0.9518617102643814
0.9518528026291558
0.9518596704430192
0.9518751625523457
0.9518165487601574
0.9517905675983016
0.9518162102478802
0.9517933160931467
0.9518068507161535
0.951823026595307
0.9518562927787111
0.951824945479008
0.9518696819662652
0.9518519320599645
0.9518560249723311
0.9518337421103494
0.9518421066765221
0.9518381622955115
0.951828981091449
0.9518404462739577
0.9518169748725481
0.9517974449048883
0.9517399133744457
0.951769392305236
0.9517530017629228
0.9517494035024114
0.9517300066109396
0.9517211182493489
0.9517227722420329
0.9517328172092379
0.9517246914872771
0.9517375685850843
0.9517087463257156
0.9517109635104773
0.95168265252167
0.9516668607724184
0.9516665414660214
0.9516817810205754
0.9516945739913844
0.951681148890865
0.9516801457618004
0.9516504979786559
0.9516667895806479
0.9516710661259584
0.9516667722608136
0.9516651704103238
0.9516490524751713
0.9516939635631031
0.9516652750161285
0.9516892507152862
0.9516389724693369
0.951639479481011
0.9516049783204812
0.9515539774825691
0.9515335788170873
0.9514892490647269
0.9515356248157819
0.9515469097292822
0.9515810533497929
0.951580513821615
0.9515665032772379
0.9515329071802104
0.9515274915110727
0.9515151229391711
0.9515065874325209
0.9515479758478224
0.9515870378207263
0.9516396100954462
0.9516468274941202
0.951651184682995
0.9516663202364715
0.9516950333634092
0.9516807350305752
0.9516791413574277
0.9516908247925167
0.9517253779391216
0.9517646121707976
0.9517973325048317
0.9517922929647242
0.9517483636408809
0.951759722611947
0.9517616394676327
0.9517773374970318
0.9517621930790082
0.9517448106014982
0.9517061251489228
0.9516918710207842
0.9517564365516801
0.9517393000259515
0.9517615609196568
0.951789867172021
0.9517848882222649
0.9517329595224476
0.951780703626141
0.9517659403913136
0.9517220723537242
0.951696878371557
0.9516943675878731
0.9516939592427477
0.951631421488179
0.9516563154672976
0.9516293067978241
0.9516470385120854
0.9516124151443622
0.9516422984438709
0.9515593361351075
0.9515997818883514
0.9516330099291832
0.9516670966485217
0.9516697499662504
0.9516895996061946
0.9516350076863023
0.9516320574616772
0.9516074209122187
0.9516007920987908
0.9516005674559634
0.9515913852222233
0.9515901194105922
0.9516183655471723
0.9515903678523409
0.9515783034271559
0.95155308805587
0.951571526478228
0.9515487987957666
0.9515303566290525
0.9515433382466005
0.9515487446202097
0.9515634355483985
0.9515827641870225
0.9515813258950591
0.9515645271388614
0.9515815333579559
0.9516054314201767
0.9516023030828934
0.9516377407530573
0.9516013037836649
0.951643215972189
0.9516530446863264
0.9516538987000713
0.9516613941040676
0.9516811048393773
0.9516679475131775
0.9516450077161555
0.9516448335705805
0.9516437135691556
0.9515906233936763
0.9516135272497277
0.951633788948278
0.9516740291706953
0.9517076627796135
0.951684913963534
0.9517286570110343
0.951692973742557
0.9517348430857033
0.951685505876298
0.9517238776681308
0.9517330954918416
0.9517075838716605
0.9516736996094916
0.9516056981318836
0.9516312894252814
0.9516381109782948
0.9515959906855703
0.9516195780475235
0.9516151440196773
0.9516300721219747
0.9515903921459611
0.9515906188281743
0.951611695577344
0.9516157860709881
0.9516109585675153
0.9515982062675331
0.951598930907999
0.951623595767834
0.9515515290859826
0.9515350936184095
0.9515268602936986
0.9515124099009137
0.9514983399522289
0.9514383565585522
0.9514170849555607
0.9514055838784583
0.9513954320925934
0.951371603565927
0.9513489526241659
0.9513462905136227
0.9513434941814616
0.9513003079076529
0.9513242944817341
0.9513190105150372
0.9513070322302832
0.9513120841934203
0.9513085204225233
0.9513543743846282
0.9513362269797964
0.9513432652886871
0.9513669905179194
0.9514004424435252
0.9514448015662392
0.9514793887757538
0.9514661345478895
0.9514719275324126
0.9514676916234992
0.9514421474092829
0.9514245144387187
0.9513932709554571
0.9513828799745556
0.95138162952614
0.9513876730078812
0.9513449303654806
0.9513254177747604
0.9513109502310348
0.9513269991651402
0.9513394190372501
0.9513229825238607
0.9513067251358156
0.9513363684478544
0.9513181202757278
0.9513557181667197
0.9513317162748632
0.9513418508196917
0.9513308525379195
0.9513451917695974
0.9513478700014689
0.9513641732078731
0.9513447142165341
0.9513574046303567
0.9513639556118703
0.9513702871083058
0.9513725895663935
0.9513727499671254
0.9513405023783923
0.9513489074975205
0.9512930557541184
0.9513105474582493
0.9513448328357266
0.9513098957747393
0.9513274399709376
0.9513114717188078
0.9513117686209348
0.9513109766897989
0.9513022451935216
0.9513032915124783
0.9512864088852738
0.951289170046013
0.9512976019319617
0.9512953788662981
0.9513148966439468
0.9513014679918657
0.9512879313791202
0.9512529855460541
0.9512121453828927
0.9512191917980133
0.9511988777163247
0.9512212279995459
0.9511945672444037
0.9512045355700954
0.9512233787517994
0.9511742324265443
0.9511717439537724
0.9512164907201728
0.951187058157241
0.9512017984934215
0.9511769101353078
0.9512065278085661
0.9512565162763768
0.9512749441337807
0.9512673355859702
0.951288906839542
0.951301297208115
0.9513227630142306
0.9512964224645579
0.9513310914175555
0.9513333641821868
0.9513398448520319
0.9513151019596576
0.9513398487323431
0.9513572470105828
0.9513560764206094
0.9513659023964292
0.951381294655848
0.9513624258051356
0.9513439535424562
0.9513588705150754
0.9513554940487231
0.9513674628671027
0.9513395099003685
0.9513013684496785
0.9513036147885515
0.951274954493
0.9512509377063211
0.9512563472224201
0.9512456675533693
0.951253236485618
0.9513002996996557
0.9513424673116965
0.951353410793897
0.9513729616373279
0.9513655750215522
0.9513508710395654
0.9513671703874624
0.9513464275011008
0.951358007183617
0.9513180586517953
0.9513592030764509
0.9513516969134694
0.9513571332783506
0.9513420915015885
0.951345310098139
0.9513231749368579
0.9513270128442447
0.9513466642515458
0.9513765528346301
0.9513327847118024
0.9513303776919008
0.9513166571412207
0.9513337037526145
0.951356578440038
0.9513180444351417
0.9513356981001098
0.9513392248385858
0.9513495207699402
0.951360285980745
0.9513802864393659
0.9513917765647986
0.9514105346277139
0.9514234237511695
0.9513950633255495
0.9513966721920851
0.9514102809422228
0.9513930319444498
0.9513830426137487
0.95138850731845
0.9513753229597974
0.9513934858219023
0.9514072538649895
0.9513956284951882
0.9513928161235503
0.9513623167835288
0.9513541321374447
0.9513381779988436
0.9513815215350886
0.951389813717017
0.951376809150104
0.9514055074167826
0.9514337565054435
0.9514310315362674
0.9514614806577572
0.9514306886330882
0.9514432475263548
0.951418999370394
0.951424137785914
0.9514070187306083
0.9513967436186742
0.9514071092032463
0.9513721727041782
0.9514056526596796
0.9514236778994685
0.9514226657206274
0.9514202288043162
0.9514428909109175
0.9514092894107697
0.9513798195067503
0.9513733668996635
0.9513732245767116
0.9513806234507743
0.9513556531922714
0.9513485206848188
0.9513236807820936
0.9513209872991334
0.951347730547058
0.9513927142353359
0.9513831180158729
0.9513644628603077
0.9513839449611086
0.951406393735229
0.9514062044506382
0.9514296930493036
0.9514172316654201
0.9514131170953106
0.9514062853338788
0.9514239129821718
0.951426410172749
0.9514367249452881
0.9514306177093027
0.9513880958196652
0.9513797828819133
0.9513530499048679
0.951342278493476
0.9513370682374922
0.9513343655944221
0.9513293588250578
0.9513507558412
0.9513821111277301
0.9513479781747625
0.951376300186
0.9513906512334084
0.9513985574698293
0.9514304764329692
0.9514271193133561
0.9514314228935082
0.9514170901764382
0.9514143958401448
0.9514145564254293
0.9514493736410977
0.9514498592694299
0.9514359277382017
0.9514352825202237
0.9514231624223631
0.9514365757272433
0.9514639672404127
0.9514561886930284
0.9514660654004858
0.9514422775535946
0.9514420062850949
0.9514259336375154
0.9514410083210261
0.9514121368128174
0.9514077158837076
0.9514037282355899
0.9513962545734423
0.9513572514748327
0.9513453753476735
0.9513361147466434
0.9513582958121221
0.9513481260561943
0.9513574360900041
0.951334793968868
0.9513215422951558
0.9513400798499762
0.9513514612962272
0.9513281805113384
0.9513728443378466
0.9513718043937813
0.9513985365360527
0.9514302964692297
0.9514266834969503
0.9514520266804173
0.9514445579402154
0.9514596431759509
0.95148165924868
0.9514906663755306
0.9514940461117009
0.9514906559465657
0.9514950541010705
0.9514749878319266
0.9514551081427951
0.9514456206392673
0.9514223236036023
0.9514003570375154
0.9514251056806101
0.9514126866507113
0.9514248798209891
0.9514227884199187
0.9514200843477618
0.9514035425220165
0.9514392123789607
0.9514102118610064
0.951412846792186
0.9514076375605013
0.9513930471331709
0.9513930070314737
0.9513810795223986
0.9513923122205227
0.9514276148131106
0.9514268020205897
0.951423404002976
0.9514468512903071
0.9514385618043021
0.9514442420600152
0.9514499420156324
0.951462589351095
0.9514643213321358
0.951477703050553
0.9514601619460018
0.9514561576261775
0.9514348912462651
0.9514255978709685
0.9514069745801124
0.9514029438105084
0.9513832061842941
0.9513852292705862
0.9514057121757294
0.9513720914363284
0.951372926470239
0.9513612878854093
0.95137731648776
0.9513861913682785
0.9513955041955178
0.951387751940674
0.9513523995223827
0.9513260650569176
0.9513497608831994
