0.8869656223438148
0.9110079214071648
0.9153711786074189
0.9230904884475355
0.9273277264533161
0.9273268069346845
0.9253440148345722
0.9249494141733509
0.9288678502703586
0.93149776855483
0.9336776770593456
0.9330723582488989
0.9321156899278055
0.9347254988313835
0.9357497992047265
0.9356326850434825
0.9373119121962376
0.9385096101326578
0.9384188222162335
0.9386816746603238
0.9375133914390962
0.9395305012274784
0.9402037089635892
0.9399475117937895
0.9396892220403222
0.9390228157188338
0.9394794565944866
0.9398423147513809
0.9400153844331449
0.9406158535946852
0.9400482125588375
0.9390978647080955
0.9387435978614781
0.9386844713769852
0.9378293093526637
0.9386162008703028
0.9384934534106852
0.9374319758915415
0.9380841887252949
0.937905327397799
0.9382563808115596
0.9381350860905291
0.9375420517874675
0.9377048065704771
0.9374814452633212
0.9378569141822762
0.9380448641946334
0.9377159238753138
0.9374952057864582
0.9372303974327693
0.9372111872821701
0.9371688848858932
0.9368898835812661
0.9371726962989886
0.9372421958035082
0.9373104889628916
0.9377937857118532
0.9378324555448757
0.9379687676134091
0.9380490092258327
0.9381243369453304
0.9381918244128722
0.9380064828876824
0.9380328488464322
0.9380725562452484
0.9382527377400346
0.9384848157931435
0.9380667725637556
0.9380657099044635
0.9378587425616706
0.9379877696153898
0.9382067113976444
0.9381310540998828
0.9379079717300504
0.9378722541969116
0.9381255571912291
0.9379632496796014
0.9381906874089205
0.9383252931436399
0.9384673794131534
0.9386177003912293
0.9384577092435619
0.9381537190557345
0.9380744711282237
0.9382661308008345
0.9382649511783477
0.9384964626181449
0.9386343569410791
0.9387776559389631
0.939011280098298
0.9389074923786087
0.9391328960555329
0.9391773409968759
0.9391377520212141
0.9393946805175405
0.9395799063833301
0.9399169508335687
0.9400571798551278
0.9401641506264324
0.9401264233188158
0.9397148544372504
0.9395791817833665
0.9396282574719592
0.9399145217862345
0.939921478272737
0.9399160758756501
0.9397408022971339
0.939963098820735
0.940029481408907
0.9399788739448565
0.9400933711616097
0.9401968195812158
0.9400587396575634
0.9402377891131938
0.940586582326581
0.9404846282587904
0.9403620575224526
0.9403942563144565
0.9403659692381764
0.9403902571635587
0.9405785260266446
0.9404672478505266
0.9404364270163528
0.9403488309961952
0.9403358871799692
0.9402360138011245
0.9403708465761478
0.940433201751583
0.9403223324819975
0.9404230627172661
0.9406095001053155
0.9404717226804187
0.9405563254124508
0.940450619710288
0.9404147287356343
0.940447100960626
0.9405450756475173
0.9407910181340059
0.9409297441122366
0.9408774852481264
0.9409874334974961
0.9410468708750124
0.9411584299781337
0.9412268870761166
0.9412216588859899
0.9411736754508402
0.9413662305736534
0.9412748135456093
0.9412588427599248
0.9412210936512476
0.9414803977597034
0.9417150158509594
0.9415644648013661
0.9417088384586123
0.9416222692767103
0.9417653052594754
0.9418644855847608
0.9420584198970261
0.942124632340246
0.9420981634378041
0.9422613285473428
0.9420524846282649
0.9420219507617058
0.9419907878642013
0.9418917320270745
0.941923891117039
0.9419525744806047
0.9420331629879639
0.942188746249604
0.9421470817494881
0.942290477757697
0.9423837627043418
0.9422835371661927
0.9423064679416778
0.9422910917658817
0.9424429651253822
0.9425256800776026
0.9425510449649329
0.9425082148826464
0.9424125867544362
0.9424478588767852
0.9424174096425504
0.9424483042490972
0.9424359527744898
0.942465834969808
0.9425992983560825
0.9425467606651539
0.9425651071406165
0.9423858937600814
0.9422533511641535
0.942407477160498
0.9423234703587287
0.9422471269431625
0.9423291634014307
0.9424444628582879
0.9425164934949302
0.9424852249329387
0.9423987219185759
0.9424297459878191
0.9425253563838506
0.9425508018450364
0.9425416880462127
0.9427664756426171
0.9429510116448773
0.9428295907106926
0.9427399900872501
0.9427706955828586
0.9429619432702508
0.9429192099344196
0.9428655040274571
0.9428071193796735
0.9428448541805373
0.9429505353133478
0.9430223431185553
0.9430516414010651
0.9430952228569771
0.9430144915732426
0.9429059122002652
0.9428303314986778
0.9428904570163383
0.9428678830990705
0.9428320763252235
0.942814804457808
0.9428986103338974
0.9427741480582651
0.9427489277875044
0.9427413321209059
0.9428598262904475
0.9427808180835775
0.9427392410542953
0.9426807035698127
0.9426756194482049
0.9427489407858881
0.9428108085839059
0.9427848884741431
0.942881364078187
0.9428980856651258
0.9428805762798416
0.9428199762240419
0.9428092126847477
0.9428417010339358
0.9427751606418593
0.9427433751298618
0.942719605724064
0.9427000903815886
0.9428295527403386
0.9428205474591869
0.9428823238523749
0.9429308828567273
0.9429539266053204
0.9430387877908972
0.9429828004739292
0.9430155066684432
0.9429025040214747
0.9428829361078882
0.9430219909907985
0.9429438902682677
0.9428805534507138
0.942987721290388
0.9429895635666027
0.9428956282867106
0.9428767199555412
0.9429445871803975
0.942784014054285
0.9429229189704513
0.9428121962761833
0.9428370453316967
0.9428028083986477
0.9426850120308737
0.9426408478887787
0.9426548900730604
0.9426853825344299
0.9426402212376691
0.942595292933288
0.9425161511800608
0.9425876437159493
0.942546124648078
0.9426640969082184
0.942671814725283
0.9426510237901818
0.9427038861998939
0.9427347245091354
0.9425799798967488
0.9426932195743967
0.9426918842811848
0.9426616086045626
0.9426812929353587
0.9426310796968661
0.9426596693269969
0.9426868245214753
0.9426783103958756
0.9427107395895438
0.9427270756745257
0.9426563844827722
0.9426343951248922
0.9425970914659187
0.9425644905124921
0.9425874359779496
0.9426491328531912
0.9426200433316153
0.942632664392375
0.9426382087498233
0.9426078557925407
0.9425695518024559
0.9426132280572669
0.942626964569996
0.9425778619959971
0.942551914915433
0.9425663130331889
0.9425618063535985
0.9425995928443727
0.9426446445694482
0.9426290200179489
0.9426598137676296
0.9427060373778446
0.9425973969170971
0.9426099330046176
0.9426346851215549
0.9426920096245242
0.9427276156471959
0.9426868863686699
0.9426008003696138
0.9425983904072994
0.942636027170522
0.9426377384334499
0.9426034047558831
0.9425339834469862
0.9424729088421406
0.942501844224487
0.9424583832870064
0.9423636266614785
0.9423441612342834
0.9423269063684411
0.942254494411927
0.9422480137631364
0.9422574249430086
0.9422761322693304
0.9422945433950933
0.9423304090825231
0.9423968888245894
0.9422933193175437
0.9423038909346556
0.9422295712626422
0.9422152182523987
0.942233503624802
0.942242011560765
0.942330765495456
0.9422812432059356
0.9422892175656249
0.9422858297388904
0.9422283673950524
0.942275522355376
0.9423132768760835
0.9422284409737258
0.9422425953288691
0.9422464799512031
0.9422425447405313
0.942244779679376
0.9422131648690657
0.9422072776982814
0.9422612015639908
0.9422609591166684
0.9422256281291292
0.9422896992651777
0.9422800776635141
0.9423816211465492
0.9423938622388296
0.9423712449767705
0.9424156085925123
0.9424014729931793
0.9424144349243712
0.9423387786289942
0.9423168996006676
0.9423413349092503
0.942452364270475
0.9424566621172591
0.9424505324841794
0.9424627439681383
0.9424302999439649
0.9424612867056411
0.9424263826484204
0.9424241305490538
0.9424779831036229
0.9425117775590752
0.9425453452464043
0.9425724957297708
0.9425671959318973
0.9426005055254334
0.9425629470994639
0.9425114001342069
0.9424851413052144
0.9425038968667525
0.9425154583856986
0.9425342687534289
0.942513529507158
0.9425070007946259
0.9425128066429008
0.9424914134854816
0.9425009573256258
0.9424606937575738
0.9424794753730509
0.9425087066004197
0.9425015501646019
0.9425287073891014
0.9425115855238875
0.9425553584850522
0.9425180063011794
0.9424860464863825
0.942514462006839
0.9425449659564665
0.9425191723102783
0.9425288509557932
0.9424480538973662
0.9424423239344559
0.942424424720937
0.9424628269229098
0.9424454463891565
0.942466009761854
0.9424577259691389
0.9424771841961731
0.9424729198887857
0.9425157068733263
0.9425617287927105
0.942651116586279
0.9426840257123908
0.9427372149719788
0.9427519431937665
0.9426896644193586
0.9427723614361974
0.94277212754995
0.9428274171377077
0.9428110315349897
0.9427739706561292
0.9427689765152012
0.9428010853694099
0.9427396684233904
0.9427494258701522
0.9427462359853893
0.9427350580452432
0.942728985401554
0.942680674927921
0.9426809024038354
0.9426849684096894
0.9426647437166812
0.9426722102772573
0.9426428240038397
0.94262921733155
0.9425934278304469
0.9426179739038247
0.9425985728693463
0.9425675596462576
0.9425841016118902
0.9425953240449386
0.9426073353054231
0.9426409668190814
0.942623196241464
0.9426478525959833
0.9426491031486263
0.9426520168746126
0.94262179646328
0.9425938741042852
0.9425748811030865
0.9425706274657648
0.9425898990087412
0.9426245900999541
0.9426454573230528
0.9426610875420532
0.9426658919625517
0.9426579357745768
0.9426569457399202
0.942708504854481
0.9427180055170389
0.9426934640788629
0.9427159693259782
0.9427500145355674
0.9427852140894694
0.9427794689632857
0.9427345477426645
0.9427370469793797
0.9427256898890887
0.9426960006534096
0.9426770893315617
0.9426961717313763
0.9426499949055637
0.9426260464108602
0.9425992523027755
0.9425824926417476
0.9426404181463128
0.9426994262572326
0.9427299774887459
0.9427788645411846
0.9427286164710124
0.9427712433807107
0.9427940880954309
0.9428034074654452
0.9428411886907035
0.9428081132265231
0.9428181291092
0.9428669434425474
0.9429034735194053
0.942937602276973
0.9429349178925037
0.9429142184939556
0.9428715134273334
0.942879734349022
0.9429060838394557
0.9429316485103261
0.9428999443600432
0.9428564437883715
0.942834102193975
0.9428441632737148
0.9428125060311546
0.9427929455721802
0.9427671271399949
0.9427696770437469
0.9427282959805884
0.9427397538014919
0.9427415491540548
0.9426413106042164
0.9426190493112556
0.9426340805949339
0.9425931726428455
0.942550714438126
0.9425724636398999
0.9426459039690385
0.9426698435708254
0.9426847332157992
0.9426778197954314
0.9426719644868377
0.9426713685878301
0.9426898633776947
0.942670361322748
0.9427079103872965
0.9427449619757684
0.9427264044061616
0.9427244750910064
0.9427040929283333
0.9426972738550298
0.9426731688278677
0.942688869652384
0.942714959788455
0.9426646115181879
0.9426927965151158
0.9426885171871587
0.9426735293936864
0.9426624392804186
0.9426774049110587
0.9426844085099427
0.9426490494652989
0.9426562374542254
0.9426229963454418
0.9425901373690834
0.9425517743401318
0.9426233614654532
0.9426210842017613
0.9426010867382607
0.942606010105136
0.942593320692223
0.9425519319334037
0.942538456550997
0.9424956021506753
0.9424707561925225
0.942513268450097
0.9425395181191438
0.9425313999345448
0.9425809380851958
0.9425453206128391
0.9424768882469423
0.9424296783938988
0.9424545090739492
0.9424649622997128
0.9425012558666227
0.9424967941200448
0.9425176930626726
0.9425445084249784
0.9425338709613973
0.9425260663227784
0.9425120460639959
0.9425622717832408
0.9426296782404217
0.9426611418591241
0.9426580991959594
0.9426847165562553
0.9427559724380374
0.9428155790266839
0.9428250964841872
0.9428079593796648
0.9427918427789653
0.9427695345423858
0.9427873619884003
0.9427751457889502
0.9427696052230303
0.9427289964609834
0.9427519806464555
0.9428040954235727
0.9428326642540773
0.9428439614772571
0.9428761882049607
0.9428967534368805
0.9428944540236679
0.9429187379602874
0.9429098671821464
0.9428555697509526
0.9428125448686457
0.9427918617531306
0.9427907486431406
0.9427721257203081
0.9427661232386537
0.9427440958056225
0.9427007642551614
0.9427108368875917
0.942701513548797
0.9427076589307609
0.9427103506647867
0.9427150143696366
0.9427307462921296
0.9427455934850979
0.9427683243000888
0.9427862161606976
0.9427642907788129
0.9427772989059127
0.9427835304179304
0.9427850516767227
0.9428031456097986
0.9428191965094022
0.942792837400448
0.942813878509539
0.9428027954042476
0.9427994752951981
0.9428347805662789
0.9428173187926735
0.9428165354761202
0.9427958943887776
0.9427962791402439
0.9428283948999466
0.9428219132233143
0.9427970786024722
0.9427972940041123
0.9427976277654957
0.9427569262684035
0.9427743154040276
0.942763205667024
0.9427312585944309
0.9427750682299028
0.9427797446472229
0.9428175321455777
0.9428497689582314
0.9428383636248282
0.9428157278269208
0.9427656989849158
0.9427883876615065
0.9427718420684094
0.9427528895675864
0.9427700180359035
0.9427706563392968
0.9427980027795794
0.9427776798105489
0.942807040335721
0.9428167078930128
0.942784876128478
0.942834128892332
0.9428433160576863
0.9428891172134702
0.942908314739951
0.9429159691009611
0.9428948574778577
0.9428419561974557
0.9428173722030473
0.9428495897130091
0.9428339454367468
0.9428072148813841
0.9428165399053355
0.9428315404691573
0.9428066603498271
0.9428167054885804
0.9427871153599603
0.942812447504991
0.9428029974659172
0.9428154855863559
0.9427887464577069
0.9427821945847168
0.9427805093179153
0.942786478872425
0.9427756754953401
0.9428217850960775
0.9428355701145387
0.9428419180811871
0.9428432838220904
0.9428564993706723
0.9428014002799447
0.9427973173312841
0.9427801908362098
0.9427661904880613
0.9427493826416261
0.9427478302897856
0.9427166222362806
0.9427133298770561
0.9427206090445805
0.9426794616438876
0.9426930559057942
0.9427490756530796
0.942742729110608
0.9427294644521043
0.9426795544645334
0.9427293216525474
0.9427423782954821
0.9427105370098477
0.9427402875816517
0.9427501230548918
0.9427493537474692
0.9427322916217137
0.9427439461868415
0.9427375710291505
0.9427444231333852
0.9427543373824223
0.9427477923638116
0.942706042411971
0.942698278071645
0.9427155364830995
0.9426870979418183
0.9426873862774993
0.9426970830795851
0.9426790934218552
0.9426641689643579
0.9426397593197524
0.9425969898947046
0.9426088199833976
0.942626781736611
0.9425824081173467
0.9425646991997256
0.9425959498623506
0.9426055814735615
0.9425919984040814
0.9426042837533414
0.9425895854045996
0.9425820262776351
0.9426191493092573
0.9426157631763634
0.9425654452644507
0.9425563604181997
0.9425486836871869
0.942577259914767
0.9425995204247681
0.9425720976159665
0.9425640593181228
0.9425649697260237
0.9425704704526667
0.9425726574192403
0.9425599949007942
0.9425585287600492
0.942535844079374
0.9425064195115825
0.9424798729524506
0.9424904056545229
0.9425178862246457
0.9424968363521035
0.9425013776902249
0.942507886678869
0.9425182284086097
0.9425229255148463
0.9425295049305537
0.9425213780390912
0.9425394692515656
0.9425603582020806
0.942513290864861
0.9424825970191641
0.9424652658948662
0.9424686216944179
0.942491233446772
0.9425035155341669
0.9425189331031344
0.9425143900150634
0.942539929685291
0.9425268411885077
0.942519465584778
0.9425279036217877
0.9425385441414628
0.9425384881387165
0.9425329790448974
0.942528609184129
0.9425222058419028
0.9425563623442709
0.942601216868164
0.9425736771122766
0.9426115937613547
0.9426258742637972
0.9426684909460673
0.9426429739611786
0.9426780796677654
0.942703303627853
0.9427192285541467
0.9427020475977077
0.9426764042638333
0.9426467077742218
0.9426104321630383
0.9426047773071429
0.942614290308218
0.9425873405738806
0.9425837986986444
0.9425867315687617
0.9425764243780916
0.942607214098663
0.9426171842670298
0.9426136594774089
0.9425862114897796
0.9425719158411577
0.9425628894241657
0.9425580963984268
0.9425321267749759
0.9425567925713183
0.9425429052987032
0.9425250314877804
0.9425331651032969
0.9425139418186742
0.9425414221752351
0.9425036471768924
0.9425047232584683
0.9424954189355038
0.9425089519951927
0.9424882031635902
0.9424848007846571
0.9424881544681929
0.942488760117115
0.9424877089751338
0.9424802268865032
0.942482998973122
0.9424957125206656
0.9425042354909384
0.9425013487879864
0.9424833650020167
0.9425010930173159
0.942498332555067
0.9425189902617942
0.9425281131177791
0.9425392632982201
0.9425375149893505
0.9425172367698376
0.9425158370515951
0.9424896583352126
0.942473767732752
0.9424765503570478
0.9424802935659587
0.9424590435146221
0.9424685727111273
0.942485048150277
0.9424746347818762
0.9424575497662055
0.9424546982860509
0.9424251032551276
0.9424171094851991
0.942404599507762
0.9424166886399816
0.9424227147194452
0.9423934815283994
0.9424014716613187
0.9424244354217374
0.9424201417280588
0.9424245279659326
0.9423774852093503
0.9424031851090429
0.9424321746592932
0.9424108637282247
0.9424154955191175
0.9424108066874485
0.9424270664275737
0.9424246748190607
0.9424165073077929
0.9424070859348537
0.9423917692283034
0.9424028482357283
0.94239229074297
0.9424043047021398
0.9423985799400373
0.9423752644386216
0.9423703267987583
0.9423762943729934
0.9423866630898825
0.9423856077975996
0.9423420340690285
0.9423203902752946
0.9423165907671233
0.9423587861681154
0.9423719248519176
0.942359298624017
0.9423971550999053
0.9424126603333729
0.9424026640070612
0.9424048487557026
0.9424277100984255
0.9424314031626397
0.9424211354620039
0.9424234944664471
0.9424159573332243
0.9424202359129381
0.9423944107610435
0.9423994737981476
0.9424129118167319
0.9424100771584267
0.9423887834600083
0.9424159307239862
0.9424250974002536
0.9424389288921123
0.9424488236780124
0.9424765354402239
0.9425074845635469
0.942480785989085
0.9424732051501485
0.9424956828546227
0.9424931032260937
0.9424835068948288
0.9424861691474312
0.9424762125012307
0.9424811969678786
0.9424878587068479
0.9424429310285866
0.942454413106681
0.9424919092541141
0.9424841653445374
0.9424621677584165
0.9424503339457044
0.9424492918129294
0.9424511039271807
0.9424517624263176
0.9424504001148774
0.9424253882645636
0.9424224219532792
0.9424212555028384
0.9424085397164866
0.9423834667216018
0.9423695639835206
0.9423683015072003
0.9423527882434714
0.9423224768390989
0.9423276320552983
0.9423379291932088
0.9423184943116067
0.9423512098841625
0.9423382127353285
0.9423108513549174
0.942310268319737
0.9422888484593119
0.9423219222636301
0.9423123406810006
0.9423149070875978
0.9423366721411534
0.9423166073745437
0.9423692192524346
0.9423502000716226
0.9423526693138813
0.9423420197756415
0.9423244267129189
0.9423238901282549
0.9423197193853823
0.9423325583477475
0.9423144110102684
0.9423008910337634
0.9422902372457607
0.942281031560603
0.9422878266873058
0.9422658368514271
0.9422590321969464
0.9422357808098861
0.9422315158161373
0.94224534906034
0.9422447584483021
0.9422031997902226
0.9421991236395886
0.9422109726293152
0.9421876207921113
0.9421936685439648
0.9422009478150947
0.9422295210517759
0.9422336011666868
0.942208339457865
0.9422038429868218
0.9422004644254339
0.9422009953304569
0.9422000919005046
0.9422149569148615
0.9422189802205064
0.9422344126830202
0.9422298425243983
0.9422343687641075
0.9422139054186056
0.9422271477428187
0.9422209260613997
0.9422272864252402
0.9422320362082672
0.9422308217443359
0.9422580911608687
0.9422589433006678
0.9422346653127353
0.9422365240502267
0.9422513527017274
0.9422985967033785
0.9422943414555911
0.9422772484199183
0.9422497346926566
0.9422458775314764
0.942269531289
