0.8559501012306728
0.8778119668484252
0.888010757985094
0.9111247453968963
0.9161867297091953
0.9221785419434404
0.9242252294542155
0.9266206785830005
0.9329123242299492
0.9336390130599577
0.9343660104368451
0.9346945945099978
0.9349722044289553
0.9354609003077055
0.9381147472856989
0.9374490475810374
0.9378781550095754
0.9356208934385714
0.93461657527427
0.9359656610091385
0.9364539709543279
0.936079834508753
0.937308236094463
0.9362175709708549
0.9361760711497271
0.935513824938564
0.935330616476708
0.9353366987110909
0.9345901671025603
0.9337886259258364
0.9322629003236865
0.9319467144187426
0.9322144164444087
0.9314982490593249
0.9324617705453192
0.9322800557788049
0.9321434275505536
0.932121395851353
0.9321339800481385
0.9317364057691656
0.9318589445374319
0.9313540157038316
0.9317583193480679
0.9317432865507086
0.9311671714541592
0.9302288953371503
0.9299221128055716
0.9298806845102304
0.9293479413387474
0.9289896266039533
0.9287225233732385
0.9289206167420128
0.9273961180371232
0.9273075339538076
0.9263610795411236
0.9273188173970558
0.9275544748930896
0.9273984568693927
0.927765867974479
0.9280436026436136
0.9277249770331115
0.92749536715067
0.9275404879977773
0.9271861676203833
0.9275056580378747
0.9277677904535483
0.9271937874615732
0.9270262134050148
0.9266636296187812
0.9267492452176208
0.9268755949860591
0.927715706926838
0.928189260503522
0.9281970332690384
0.9280974141548115
0.9280410929087035
0.9280399368278542
0.9282178199143666
0.9286092252809871
0.928881430120829
0.9294658897148957
0.9294149596845307
0.9292025274283523
0.9293927671691999
0.9293098876895035
0.9290699661469511
0.9292385137535211
0.92910108811298
0.9297771625733164
0.9295582833637644
0.9292860967204247
0.929340683008101
0.9295750625246979
0.9295909419466433
0.929398773080625
0.9292670438131255
0.9293828784110314
0.9289926059084955
0.9290574435042598
0.9296128337616151
0.9294079739787231
0.9291804903875454
0.9285764211657704
0.9285214519207926
0.9282309731640176
0.9281377849082786
0.9280560193159388
0.9278227943454526
0.9278431404333192
0.9279063365961763
0.9279226541156592
0.9276638467715075
0.9276250245110914
0.9279277891365332
0.9282801530316807
0.92842972207455
0.9282014220274902
0.928209961857639
0.9280717301231772
0.9279125893007869
0.9279520266702295
0.9279060609440861
0.9277575129172755
0.9275690205060247
0.9276343660442568
0.9278874805663532
0.9278706952907702
0.9279777564635254
0.9282466471292886
0.9280947909419476
0.9281808156675978
0.9283872297160347
0.9282591894145164
0.9281552311945706
0.928052894905388
0.9279715936864019
0.9278259750680707
0.9274429771764068
0.9277400118113558
0.9277113780302744
0.9277930179682117
0.9277711170856443
0.9277232200017225
0.9278904444843104
0.9283164719430294
0.9283518628089015
0.928527145607864
0.9283931403012275
0.9285011417338255
0.9284157714306502
0.9282602313962961
0.9283109018139013
0.9281596757510141
0.928290469460051
0.9281155193893972
0.9283201862889563
0.9284836811368044
0.9285294963939045
0.9284909042746203
0.9284515097500441
0.9283477824360732
0.9280581113312217
0.9278282907329902
0.9277305466234642
0.9278658447184017
0.9278110909740149
0.9279077891725008
0.9281798696385124
0.9283366900428603
0.9282110076588066
0.9279422210667814
0.9278567677292179
0.9278414021036687
0.9277930329674453
0.9276962333659124
0.9280889316681376
0.9279810836213318
0.9279670966189579
0.9281080414489599
0.9280574093206039
0.9281082992233817
0.9280773389252815
0.9281538850892835
0.928316200252938
0.9285177602968108
0.9286520844270296
0.9286288729682824
0.928704022849472
0.928703562074864
0.928807945451837
0.9288916995303569
0.9288224033079746
0.9291314740702369
0.9291978764783224
0.9290763188731704
0.9289455183339882
0.9287299130270061
0.9287092593193733
0.9287802631039186
0.9290148604586319
0.9289382994269979
0.9287943104486531
0.9287610228260786
0.9287485823247871
0.9286762341777492
0.9286810163122403
0.9285190709969827
0.9286553169574958
0.9286345494415725
0.9286041325714604
0.9289346619915921
0.9288825764402034
0.9289245519459547
0.9289740228453824
0.9291281940664806
0.9292735356674167
0.9292583200937924
0.9293536039472429
0.9292532989658462
0.9291208995294938
0.9293131408972121
0.9292064983751903
0.9292364367002269
0.9292236754516353
0.9292590114980573
0.9293139223414383
0.9292145193931494
0.9290741179645282
0.9290069642114289
0.9288440030640324
0.9288917530536439
0.9287402031953348
0.9287238066783698
0.9285757178983085
0.9283303836933656
0.9282414757595551
0.9283477611530493
0.9283490549365505
0.9285007892073169
0.9285074263077621
0.9283288902227388
0.9283722173029085
0.9281921156425669
0.9282021187590284
0.9282718884028445
0.9283788779229075
0.928316207299396
0.9284389518177371
0.9282625795186035
0.9282612245995358
0.9282561093862327
0.9284450591408867
0.928664496007858
0.9286231893932149
0.9285837093076718
0.9287721947616154
0.9288183365547772
0.9288308255109895
0.9286909029047271
0.9286926193074131
0.9287098163006219
0.9288088198642254
0.9286271389155323
0.9287177169927825
0.9287448248271253
0.9286329294214839
0.928614391769421
0.9286400467434969
0.9285073749679873
0.9286256788771223
0.928548014656528
0.9286521110097724
0.9287577620874109
0.9286377051234452
0.928755460467372
0.9286952233375368
0.9285247177173382
0.9285431895768467
0.9287576753985848
0.9286065619789315
0.9286668270133961
0.9285314807480276
0.9284408336457234
0.9285102498351097
0.9284854901966096
0.9285405544031278
0.9286303881110957
0.9285366718275025
0.9287036131102415
0.928727558059729
0.9287562534650545
0.9287543330368344
0.9288020849768491
0.9288809316461417
0.9288749338167505
0.9288585604689145
0.9287706345281266
0.9287994098924734
0.9287467186535471
0.9287049436358694
0.9286472974062749
0.9284910897735325
0.9286063152000231
0.9286251339211745
0.928599602279351
0.9286301476847116
0.928690484921043
0.9286091655873271
0.9285688753151249
0.9285854848625026
0.9285491044733737
0.9285346807686055
0.9285638995992455
0.9284871662354837
0.928363133403649
0.9283592825057276
0.9284537887056721
0.9284757777886368
0.9285899591241661
0.928598540838772
0.9286696703603556
0.9285772403910587
0.9285616382104013
0.9284662448698948
0.9283892401976455
0.9285218335996368
0.9285558181287134
0.9285229558146643
0.9285723526871889
0.9284523482003619
0.928385604803257
0.9283195955631467
0.9282107195973378
0.9281447715409409
0.9282518769849062
0.9282970134040025
0.928309829537195
0.9283488345294817
0.9284339744321944
0.9284591997349035
0.9283506734265178
0.9284194834266367
0.928358151737109
0.9282953163353218
0.9283105516108607
0.9284069512007459
0.9282885523081247
0.928398983188396
0.9283884340933225
0.9284242137230277
0.928433725746395
0.9283021049297593
0.9282952685456358
0.9282410212699487
0.9282483514215075
0.9282091590986543
0.9281944891001571
0.9283334131397973
0.9284585316106498
0.9285335898387593
0.9286550976541804
0.928616754028193
0.928583718506999
0.9286556160388665
0.9286114240735437
0.9286191593546844
0.9285681558126734
0.9284857487477055
0.9285476389822793
0.9285678420421823
0.9285054223037671
0.9284711296528264
0.928384159309059
0.9284068094067041
0.9284838684494369
0.928483877895922
0.9285148165780321
0.9285373326502275
0.9287067137281267
0.9287197258857436
0.9287543503088646
0.9286659490541217
0.9287012519573785
0.9287625849003791
0.9288054591240812
0.9288360829678016
0.9287894250664049
0.9287889765731621
0.9287760773782
0.92878428469628
0.9287964170374259
0.9288563837614019
0.9289536986957415
0.9289392391356588
0.9288493571556168
0.9288249915838074
0.9289520646439975
0.9287670246020833
0.9286483201456834
0.9286558392542511
0.9286813010585788
0.9286801655583254
0.9286371028768093
0.9286109666389804
0.9285424749148792
0.9285322466897226
0.9286493938060698
0.9287275347625796
0.9287365900653985
0.9287217816812156
0.9287021257301988
0.9287528625565903
0.9285714143903862
0.9286003574620532
0.9285886772887572
0.9286256936004463
0.9285523852580091
0.9286630656273188
0.9286268768427015
0.9285392601236953
0.9285299232326499
0.9285848786478775
0.9286267311541451
0.9287127695305697
0.9287730511728401
0.9287612164286119
0.928687642226251
0.9287336831660109
0.9288089063560264
0.9287402501687326
0.9286794399195821
0.9285939841754818
0.9285602315526749
0.9284803592759607
0.9284947832109394
0.9283534025125852
0.9283397351178395
0.9283698277485712
0.9284468318073213
0.9285625133243774
0.9285313188803774
0.9285559252008295
0.9285313040209192
0.9285361224756996
0.9284806298134126
0.9284559503689589
0.928493052702303
0.9284343146386818
0.9284074255123126
0.9283433763104658
0.9284017556108124
0.9284780486513673
0.9284363347443959
0.9283891119528108
0.9284494490267841
0.928550609693129
0.9285870157051135
0.9285723086046405
0.9285851613586745
0.9286435950569444
0.9286535727403363
0.9287341674594749
0.9287535774989546
0.9288213249375669
0.9287813793281297
0.9287381795234304
0.9287866365452551
0.9288070582810947
0.9287845403950309
0.9288615349228302
0.9288011364745253
0.9286641648460825
0.9287251156924771
0.9287564535519318
0.9286878730274131
0.9287244982105787
0.928762400763066
0.9287578855573165
0.9287600763447675
0.9287864122444492
0.9287787916247262
0.9287360415568511
0.9287073662219735
0.9286730095441379
0.9286382266420117
0.9286932925413603
0.9286338036054999
0.9286732773163789
0.9287240006824968
0.9287347475591256
0.9287655700697008
0.9287895016220618
0.9288067737023904
0.9288856799596531
0.9289022539984364
0.9290310010835298
0.9289276848347267
0.9288378413155155
0.9288585531902612
0.9289682589523072
0.928981662297506
0.9289852503884225
0.9290091579252265
0.9290505804860908
0.9291056443111627
0.9291255177083364
0.9291619781568241
0.9291429771359729
0.9291018038821627
0.9290472300769242
0.9291251608028341
0.9290955878702073
0.9290982494356451
0.9290581077794249
0.9290225705256836
0.9290372645093865
0.9290529917299736
0.9291325412961225
0.9290448774466095
0.9290291406131692
0.929026642860142
0.929048717505468
0.9290898593682538
0.9291153386118393
0.9291256253662143
0.9290718587530402
0.9290979880045789
0.929097876097375
0.9291118406106552
0.9290868439522854
0.9290675897481939
0.9290154868790166
0.9289775247980238
0.9289789153491339
0.9289572835629185
0.9289371759891493
0.9288962493441317
0.9289302296187475
0.9289225343166321
0.9289303417833467
0.9289059090323405
0.9289518189282469
0.9290107693706422
0.9290279098740082
0.9290765205479026
0.9290357012444679
0.9290253672992838
0.928993057935881
0.9290471267242505
0.9290105802791042
0.9290005665724121
0.9289854781708877
0.9289993810927463
0.9290783271823446
0.9291069978910262
0.9290851464599094
0.9291031448900834
0.9291124200498949
0.9291318500877582
0.9291068452286801
0.9290635702852368
0.9291047812896497
0.9291326687698446
0.9291086951818052
0.9290887619626981
0.9291260241055291
0.9291037538971294
0.929168779877752
0.9291731508358185
0.929205394602268
0.9292172880559981
0.9292265261750611
0.929149699515287
0.9291375678100294
0.9291655206775937
0.9290955935978495
0.9291393443527604
0.9291291032055304
0.9292503767113295
0.9292624476193022
0.9292960744675328
0.9293088942695785
0.9293479717891133
0.9293548238509053
0.9294024209687257
0.9294254441796165
0.9294068151539289
0.9293549633036282
0.9293044983818182
0.9293253993585521
0.9292939681352007
0.929255613362845
0.9292320932407716
0.9292955785664023
0.9293233188414693
0.9292999505111081
0.9292932662976616
0.9292835692176105
0.9292408633649303
0.9292800752587821
0.9292692648000571
0.9293166944751879
0.9293055121665104
0.9293280174250127
0.929306673197238
0.9292838098672989
0.9292506150735488
0.9292438593360383
0.9291681713565735
0.9290905520174141
0.9290563758630217
0.9291472881193547
0.9290846963999416
0.9291718190621494
0.9291202953337796
0.9291538594556533
0.9291652262876006
0.9291666220546785
0.9291243343390654
0.9291816334975512
0.9291663317057928
0.9291366941127263
0.9292054850597771
0.9292324342164622
0.9291994023489152
0.92926707201593
0.9293130950960976
0.9293017318067693
0.9292976650156188
0.9293514535296823
0.9293389915495706
0.9293934137570521
0.9294070616466322
0.9293959663917193
0.9294325023748746
0.9294159484305862
0.9294521652605017
0.9294024562998128
0.9294210441853654
0.9293898579006722
0.9294998864736805
0.9294501323180939
0.92937947499469
0.9294233909254175
0.9295071421658005
0.9295378605808042
0.9295366707236481
0.9295355563464697
0.9295887007567992
0.9295848991738171
0.9296470871367518
0.9296531472230681
0.9296090804365895
0.9295545483893854
0.929561979908223
0.9295802484406755
0.9296068348108029
0.9295816726694528
0.9294985948682222
0.9294559342532791
0.9294781303233752
0.9294575547525242
0.9295090377645173
0.9294745109588659
0.9295739718766927
0.929542966456175
0.9294867379982384
0.9295294041641288
0.9295198754776058
0.9295364243867688
0.9295925507554444
0.9295646379564176
0.9295767472069341
0.9295077666095
0.9294777146560862
0.9295018031735174
0.9294709030837176
0.9295478404493938
0.9295607451520165
0.9295699480967389
0.9295218256007712
0.9295618818931772
0.9296000666442242
0.929569818224622
0.9295649111181561
0.9295398202084977
0.9295361111735926
0.9295940684282631
0.929614799501669
0.929651951259076
0.9296522084684892
0.929620261268837
0.9296297517261166
0.929660450757291
0.9296825190185827
0.9296628185162363
0.9296141061873476
0.9295932906662636
0.9295541248895357
0.9295062769888779
0.9295263199869707
0.9295280697817994
0.9294972850345457
0.9295146881053441
0.9295621514547183
0.9295775492747748
0.9295256767701265
0.9295665171865096
0.9295840767928498
0.9296195582856561
0.9295811141909529
0.9295649924997612
0.9296079078494643
0.9295905080444269
0.9295971552854295
0.9296222906891577
0.9295949719786014
0.9295374180564514
0.9295196059808638
0.9294877274849092
0.9294643382124759
0.9294569191819491
0.9295066998786988
0.9295454725553133
0.9295053958695318
0.929503079066011
0.929459953889023
0.9294465558640702
0.9293856581862124
0.9293879477055533
0.9294215813796279
0.9294493093730876
0.9294916004251036
0.9295469066517708
0.9295681047441445
0.9295667265824409
0.9296248220225685
0.9296629093031252
0.9296486147707221
0.9296589685765184
0.9296959052046778
0.9297616961295521
0.9297930044583501
0.9297798106217203
0.9297771666129108
0.9297430520948453
0.9297179566953079
0.9297836732931587
0.9297628824532037
0.929725782877624
0.929786707166024
0.9298442037220973
0.9298361839277596
0.9297684344583305
0.9297868859389694
0.9296964865743463
0.9297175286024388
0.9297192825221281
0.9296845095848792
0.9297013395076317
0.9297644014770162
0.9297936620225138
0.9297881017242702
0.9298274545998784
0.9298449911477382
0.9298656206103767
0.9298400467718774
0.9297833628355061
0.9297929814808801
0.9298615152034734
0.9298406359518617
0.9298081737681434
0.9298132271231959
0.9297973213133237
0.9297670826401098
0.9297287583942735
0.9297346522549714
0.9296870818068235
0.9296809543474804
0.9296896186903671
0.9296952413643472
0.9296743607864819
0.929726138861177
0.9297058498177233
0.929686256021068
0.9296544465718256
0.9297337421233114
0.9296753597522406
0.9296578423591367
0.9297006953988511
0.9297151386344487
0.9296661963402303
0.9296374576069556
0.9296077303659716
0.9295950511499347
0.9295467015718191
0.9295740050540244
0.9295341511842087
0.9295553896757454
0.929552115202808
0.9295284822173603
0.9295306818071404
0.9295041497206772
0.9295376621937446
0.9295477388601915
0.929602108954163
0.929523995508306
0.9295634856378432
0.9295710201912065
0.9295420220725018
0.9295229918844603
0.929551234015362
0.9295747122922726
0.929499414026571
0.9295191097954086
0.9295228193369617
0.9295495940613765
0.9296336462395526
0.9296387180759665
0.9296376480417968
0.9296578619632966
0.9296026843811805
0.9296277779843668
0.9295833942139482
0.9295537576417545
0.9295481208171534
0.929539358785252
0.9295452780109253
0.9295117504332522
0.9294326467673332
0.9294423849092872
0.9294060823273936
0.9294166144828884
0.9294152821673146
0.9293397827492134
0.929364081118785
0.9293367914742329
0.9293725843130604
0.9293481292030946
0.9293437456757605
0.9293806449355984
0.9293756097088173
0.929366251528887
0.9293630843473194
0.9293038431835565
0.9292952568013584
0.9292865930347459
0.9292810192076278
0.9292635878094349
0.9292753975167819
0.9292933798882412
0.9292924714560828
0.9293106255136055
0.9293019832739827
0.9292983925439313
0.9293576593880071
0.9293687399179189
0.929383687665956
0.9294399085785078
0.9294870984986503
0.9294731814288918
0.9294686721014679
0.9294350266095494
0.9294135958873162
0.929413884053382
0.9293873660577368
0.9293953021423704
0.929378414281573
0.9293301096714371
0.9293384316781507
0.929339054074042
0.9293098100135458
0.9293609747683175
0.9293666406239456
0.9293442878979317
0.9293125549111414
0.9293045881613103
0.9293349071958651
0.929319056791318
0.929319085914594
0.9292930398008208
0.9293293185147348
0.9293310809117454
0.9293322672099326
0.9293543211460614
0.9293366870486289
0.9293628276192566
0.9293580005917889
0.9294044742985497
0.9293829217654643
0.929368303427128
0.9293617585407715
0.9293334329197924
0.9293261508695891
0.9293361003525599
0.9292778175147391
0.9293157291131623
0.9292981994574602
0.9292938968910126
0.9293338724656193
0.9293971972723625
0.9294589591910742
0.929445738661314
0.9294739656774733
0.929507000760216
0.9294885289957684
0.9294638338650123
0.9294592482004878
0.929440854563344
0.9294218179779383
0.9294190574175603
0.9294320349674478
0.9294275327829018
0.9294622232793537
0.9294992368239022
0.9295330478341735
0.9295510803354712
0.9295958411791958
0.9296096492235928
0.9296283243784673
0.929617775258987
0.9296636632938485
0.9296964026055206
0.9297047579307646
0.9296720136279885
0.9296694819866724
0.9296209824086813
0.9296060850002578
0.9296079206247785
0.9296355362333796
0.9296343203651405
0.9295860623827874
0.9295739894169485
0.929565226311893
0.9295771899534184
0.9295766724724731
0.9295580036400174
0.929580532431234
0.9295580206037488
0.9295502553824568
0.9295373185722529
0.9295303100388755
0.9295389973120578
0.929535707219849
0.9295974786112395
0.9295663447055869
0.9295325383700894
0.9295862067713573
0.9295653325598413
0.9295038851397242
0.929473092265187
0.929465675028251
0.9294675219718849
0.9295325171032404
0.9295139495469528
0.9294930361201087
0.9295413674272264
0.9294857453955925
0.9295357592324688
0.9295288581949855
0.9295116434504843
0.929527417619146
0.9295305638652767
0.9295554951488947
0.9295507377576031
0.9295256491028357
0.9295836320738442
0.9296422129837425
0.9296563848043609
0.9296632928097837
0.9296485594844371
0.9296617670498689
0.9296907597643654
0.9296709478750808
0.929690783959961
0.9296869605307122
0.9296709741974891
0.9296797161210294
0.9297431271242974
0.9297359214740427
0.9297462313326741
0.9297522545130333
0.9297267834504801
0.929724678480217
0.929705898152187
0.9296810280112386
0.929691414821075
0.9296771090734942
0.9296985325352385
0.929673033110437
0.9296663864107844
0.9296270170227472
0.9296702511076025
0.9297021009555888
0.929747179762618
0.9297309880077287
0.9296642426004527
0.9296010085631498
0.9296048759867689
0.9295654702649957
