0.8004969002902921
0.8491332070343726
0.8535263388282034
0.8820709508550743
0.8896882984759601
0.902824585108608
0.9117373151432188
0.9212740053106678
0.9273375018370832
0.9282007264390393
0.9291648149888714
0.9301204586060084
0.9299275609769984
0.9319606678009719
0.9360055400692214
0.9370102386476075
0.9356258209168717
0.936143870602654
0.9338504253916571
0.9334672985053237
0.9356612310546623
0.9362919521494999
0.9365596768820154
0.9350119174405553
0.934750783317208
0.9327574020267012
0.9335183442087036
0.9337829885120374
0.9327445235142823
0.9337005318639725
0.933763876148805
0.9343584344377383
0.934238632601228
0.933245969354007
0.933887495982982
0.9339032428827384
0.9341780497384297
0.9338729991283468
0.9342842085705672
0.9334719142006903
0.9337111328986889
0.9341055037855922
0.9338316440246521
0.9352112458192899
0.9350363097236923
0.9340354532562298
0.9336186741663592
0.9338585758340604
0.9338190565028393
0.9336912568033724
0.9337839536966007
0.9339409345178671
0.9340489053335413
0.9337275560631173
0.9337025487402487
0.9344993486173123
0.9352387085035895
0.9354516663251554
0.9352699944749069
0.9352735668536591
0.9354128598609551
0.935694579915806
0.9362844675469703
0.9358162574959983
0.9358972708989769
0.9356890239095363
0.9359698216124749
0.9353465036482936
0.9355324833657461
0.9360525127358232
0.9363099059909121
0.9368628062862988
0.9367371907368172
0.9368531073100456
0.9367485939259271
0.9368372929054594
0.9368168610021743
0.9366230518543595
0.9368356489886451
0.9370997894300901
0.9371233273355414
0.9378715248731531
0.9377231213042844
0.937959411602551
0.9380006953348246
0.937775882686619
0.9381772206954923
0.9383182718054811
0.9383679064796527
0.9379397317659209
0.9379665935321467
0.9375331966530088
0.9375207046903069
0.9373787182404745
0.9372039200309609
0.9369863990242171
0.936872874800687
0.9366954561127027
0.9364691535201571
0.9366130703896642
0.9363010333043104
0.9363132078172546
0.9362665224321234
0.9362576672153136
0.936162447339663
0.935661499537389
0.9357559261979808
0.9360729301825443
0.9362707098505454
0.9363836167068209
0.936242728164832
0.9359572221812665
0.9360216295108088
0.9358452846189936
0.9356143507223686
0.93566100248214
0.9353533840277545
0.9350725542978465
0.9351103174271385
0.9348339880485003
0.9344487116115242
0.93407572123657
0.9342642799157809
0.9341705528995861
0.9341223023209776
0.9344861363908378
0.9342906515207532
0.9346340020169783
0.9346053541478149
0.9342188664066212
0.9345211883445617
0.9345586084164008
0.9343420308042796
0.934254680764736
0.9340725976750185
0.9341503834586253
0.9341639718294358
0.9338605541478455
0.9340334243441918
0.9338393488746621
0.9341255487604452
0.9338336594060936
0.9339700588389079
0.9340978535389418
0.9342416130295296
0.9344814598919076
0.9346073083885627
0.9344443635696593
0.9344719064968721
0.9343651587147281
0.9345901008898521
0.9343254927885285
0.9341527251766195
0.9339782814729696
0.9339264516869482
0.9341513344316655
0.9342043812791386
0.934226701248585
0.934063503877828
0.9340532043571375
0.9338715738503067
0.9338233085272197
0.9338484547706829
0.9338730192058103
0.9341680157913177
0.9341296525319556
0.9340440371217805
0.9341047273813076
0.9341801184220581
0.9337918889350779
0.9337269299154923
0.9338407598219867
0.9338309465117112
0.9338708623981808
0.933895337791297
0.9341328632289004
0.9342428872627176
0.9340828339050009
0.9343359666997011
0.9340701241674545
0.9342241014634314
0.9343111697365871
0.9342932913926347
0.934387674366655
0.9345166463335451
0.9346894911399815
0.9345398665732829
0.9347226459449893
0.9348344817005706
0.9347954236749235
0.9348596976885707
0.9347424435947406
0.9350031956102943
0.9351025770244445
0.9348916189631614
0.9349187553434964
0.934891895640201
0.9350309915729458
0.9349700844412472
0.9352129021346146
0.9353087276500966
0.9352688633759902
0.9351844040939218
0.9352185964792904
0.9351025417863841
0.9352655188542218
0.9354062824767138
0.9355956922414578
0.9355106994883561
0.9354918941911247
0.9357413141118159
0.9357922775700611
0.9358983330812686
0.9358209577422266
0.9357952174614336
0.9358331962984239
0.9357097877358894
0.9356418030450294
0.9355910225058216
0.9355973304604477
0.9357172124310241
0.935587036060774
0.9355889452869752
0.9355499359621996
0.9354807026025085
0.9356449252636766
0.9356292833662321
0.935616826553492
0.9355277437536849
0.9353918077316324
0.9354570835999948
0.93540555907419
0.9357699990791277
0.9355394047882165
0.9352639595764819
0.9351408445383735
0.9352175173922632
0.9352052129041029
0.9351915630821508
0.9352434016556633
0.9351193047048328
0.9350525101643871
0.9348465471800786
0.9347938942233646
0.9346450435502547
0.9346744436524806
0.9346902508807271
0.9348366281763564
0.9347602704029935
0.9345663441247626
0.9344819509623101
0.9343390074889204
0.9344789291190124
0.9344529957282497
0.9343881247239242
0.9344553999359481
0.9344871584807337
0.9343841426361441
0.9343002354960692
0.9342452009031439
0.9344029999629437
0.9345831278081835
0.93440742112618
0.9343920127741365
0.9342768463531836
0.934284451417902
0.9343671248121179
0.9342568420634471
0.9342481453904747
0.9341520126694945
0.9340655414145564
0.9341812169742771
0.9343096037568976
0.93432633701524
0.9342627855923271
0.9341310757335602
0.9339440767660336
0.9339465215185135
0.933977520344147
0.9339235858091887
0.9339519556349054
0.9340496561505093
0.9338931074938768
0.9339301014043284
0.9339043192291888
0.9338761090384122
0.9338982479447082
0.9338983659824412
0.9340313628079443
0.933954582726639
0.9339484996215646
0.9338427811890818
0.9338102256212721
0.9337967772051287
0.933859908689546
0.9338084535011194
0.9338456596471632
0.9337949784096364
0.9337004480095485
0.9336964994968509
0.9337597636746867
0.9336487642075724
0.933771749007204
0.9338083934401465
0.9338645536228757
0.9338972422901908
0.9339270510762018
0.9338510099287909
0.9337376528254698
0.933635949011486
0.9335635688211135
0.9335658070303362
0.9335402449713233
0.933477037281848
0.9333789380447163
0.933320104325034
0.9334581707671777
0.9334211396831356
0.9335267855447832
0.933479539933037
0.9334403149071578
0.9335039845871362
0.9335563168138875
0.9335194725421287
0.9334534724114186
0.933537570054029
0.9334866387360525
0.933419997944027
0.933500021090022
0.9333367568939107
0.9332986518621599
0.9332424959159972
0.9332844677532934
0.9333059324515155
0.9332733940112581
0.9332213592109612
0.9331676733664239
0.9331853716060958
0.9332347894271102
0.9331699085072273
0.9330776875096397
0.9331023908754755
0.9330918559826951
0.9330194225404711
0.9331554667057951
0.9332977242684467
0.9331621774080087
0.9331126582942375
0.9330602186925208
0.9331010577215716
0.9329684344136817
0.9329148041884597
0.9330145445706477
0.9330554528682914
0.933160112963832
0.9331513492608854
0.9330955345142172
0.9331365152575065
0.9333030950593255
0.933439767861661
0.9335221508291188
0.9335991203374259
0.9336272040844155
0.933609966142953
0.9336461496646288
0.933602286432693
0.9336374908505445
0.9335340632829184
0.933599602182649
0.9335512068381785
0.933564419191897
0.9337039298941862
0.9336433928677148
0.933672103560718
0.933702506913059
0.9336301115744505
0.9336177606256498
0.9337195204260411
0.9338719656998665
0.9338634295444527
0.9338503557649714
0.9337006335405201
0.9338038050123117
0.9339328491227352
0.9339471220723287
0.9339913864265359
0.9340347528083826
0.9339578544435984
0.9339812807417956
0.9337536788067657
0.9338285820508718
0.9336742778113695
0.9336307836106646
0.9336206023994649
0.9336228277010923
0.933600689388258
0.9336177490520366
0.9335540599939057
0.9335480802563989
0.9335749501373803
0.9337097312750866
0.9337257091695449
0.9336908326251593
0.9336553453678034
0.9336549482958254
0.9336209364526806
0.9336780840131796
0.9337733471041264
0.9338515357116234
0.9339568150151323
0.9339693145414284
0.9341120480166427
0.933996455877926
0.9340407894807724
0.9340323786209999
0.9341246705398939
0.9341321351521069
0.9342620262111037
0.9342008436866828
0.934101476049919
0.9340913521089318
0.9342268522363496
0.9341732297033131
0.9342021722343745
0.9342865812619229
0.9341946253422752
0.9341948092017031
0.9343075795633202
0.9343550335002931
0.9343487880701785
0.9343561516509566
0.9342831165930393
0.9341919076406019
0.9341662342053115
0.9342411103107765
0.9342478443881116
0.934160890446522
0.9342218013288957
0.9342761313749454
0.9343231042911657
0.9343950073116128
0.9344409280108736
0.9343639508412582
0.934366675172315
0.934271047557413
0.9342352979948723
0.9342414660085196
0.9342367580324572
0.9343117953988535
0.9341915304329406
0.9342627880738991
0.9342661276040752
0.9341928008557348
0.9342199960527526
0.9341942062272
0.934261789351877
0.9341986861626198
0.9341713237484734
0.9341927308035025
0.9342195100264402
0.934152545075882
0.9342539055789548
0.9342794341486242
0.934333037003967
0.934225666387327
0.9342135125810755
0.934155426949188
0.9341154359260078
0.9340264287462487
0.9341330933186085
0.9340849059285976
0.9340475812225218
0.9341644653856844
0.9341136951746511
0.9340949840568696
0.9340963914824684
0.9341001549905211
0.9340557430979461
0.9340611455766291
0.9341340106850525
0.9341607995465555
0.9342767722569563
0.9343163161269926
0.9342992580810338
0.9342958205995131
0.9343302676047571
0.9342989109448763
0.9344067115623171
0.9344562721446454
0.9344160952068188
0.9344998623366232
0.9345240276222861
0.934568438553237
0.9346219162170883
0.9345967298638586
0.93467455964917
0.9346148983440085
0.934486589286454
0.934465543818609
0.9344434943065429
0.9344826047392278
0.9345607093815016
0.934664311747788
0.9346722611174733
0.9347037011336788
0.9347428795414101
0.9347196678141313
0.9347219995500511
0.9347023287314019
0.9346881713078912
0.9347741779802405
0.9348218361077021
0.9348485393937638
0.9349085874467761
0.9348414293251921
0.9348616030699383
0.9348696065201066
0.9349819209592878
0.9349138964830318
0.9349521002294213
0.9349419090795623
0.9349600722682092
0.9350096147202285
0.9349696848829917
0.9349265177145587
0.9348478375274444
0.9348608266930785
0.9349245497027219
0.9349069683661804
0.9349206540371013
0.9348943960071678
0.9348768145534047
0.9348399821484995
0.9348182551718892
0.9348723369902058
0.9349223686984013
0.9349658307365105
0.9350171255973323
0.9349858684198571
0.9349791065567737
0.9349618587547853
0.9349949264444656
0.9349160512898113
0.9349334396911753
0.93503518789106
0.9349636019578662
0.9349890537273878
0.9349483644580273
0.9349281002205017
0.9348616738295088
0.9348616160772807
0.9349274453484422
0.9348939944189009
0.9348900254237811
0.9349103813642347
0.9348564978084878
0.9349712450529901
0.93498273823981
0.9350110552119728
0.9349528746964962
0.9349088488090507
0.9349197280015028
0.9349334050012705
0.9349665772271832
0.9349735264563357
0.9350070198487076
0.9349666774725872
0.9350012483322704
0.9350087169747243
0.9349801373955138
0.9350107767893466
0.9350113370224526
0.9349280817820933
0.9349988603964557
0.9350977224369736
0.9350406140415157
0.9350212324033356
0.9350284939047664
0.9350970484150537
0.935164044066965
0.9350725039105847
0.9350338325981904
0.9351051812089353
0.9350811404122739
0.9350224075182737
0.9350081742300703
0.9349926095400558
0.9350161362284376
0.9350135249390971
0.9350401375707079
0.9350703204700449
0.9350790783065847
0.9350039008460704
0.9350240831392077
0.93512156366528
0.9350747718488577
0.9350707677939594
0.9351261589499608
0.9350273590489037
0.9350003032356016
0.9350016486424891
0.9350516353164352
0.9350635377014355
0.9351012186012676
0.9350766511835444
0.9351036817092809
0.9350442801413953
0.9350208699754419
0.9350041533988832
0.9349814804757984
0.9350227023541017
0.9350276346907086
0.9349928241980844
0.9350503361077865
0.9350410620851253
0.9350607094427009
0.9350102376780342
0.9350395397140313
0.9349886277357302
0.935032345700974
0.9349903235859383
0.9349947135262592
0.9350021731765139
0.935005524514585
0.9349745104908157
0.9349833412476519
0.9349289389898634
0.9348158591195452
0.9347541169842236
0.9347747829176337
0.9347287107034358
0.9347732708987126
0.9348102479167308
0.9347775010595117
0.9347816176672443
0.9347878245822848
0.9348400489660807
0.9348558744645588
0.9349037685491898
0.9348605781693807
0.9348722554536489
0.9347886332667855
0.9347259889471587
0.9347748992556226
0.9348550791564707
0.9348521630009462
0.9348582263551851
0.9348790901435126
0.9349324004506934
0.9348843648674495
0.9349151823536054
0.9348581577717375
0.9348018818623149
0.9348189645392797
0.9348288581916219
0.9347857810927623
0.934805195194172
0.9347554569239057
0.9347561879000464
0.9346722122332779
0.9346886461497823
0.9346719193349439
0.9346782284511083
0.9346372056998444
0.9346948236947483
0.9346783711477119
0.9347044546438943
0.9347575896538359
0.9347814069310656
0.9348068188137212
0.9348218232577707
0.9348038897059368
0.9348015962516746
0.9347999964394218
0.93476491922892
0.9348390271279019
0.9347607540545538
0.9348505091211345
0.9348443285858612
0.9348398473782816
0.9347900144381074
0.9348070193030191
0.9348288839099987
0.9348898954635065
0.9348490116561496
0.9348296405151966
0.9347832579005655
0.9347707351289565
0.9348017871427224
0.9348669370713589
0.9349009081149471
0.9348716216717979
0.934858159321947
0.9349001827274682
0.9349675111075422
0.9349425958768194
0.9348982921819564
0.9348723043399246
0.9347661063038487
0.934752004096391
0.9347531588218811
0.9347531566626178
0.9347273451329361
0.9347720908649672
0.9348677557017565
0.9348793719834314
0.9348095784233124
0.9348488160603475
0.9348359191588133
0.9348418421247794
0.934812303458108
0.9348418190139058
0.9348241954539669
0.9348132683434978
0.9347861786663499
0.9347822677000269
0.934845172335805
0.934773650235956
0.9347387870256272
0.9347263566151073
0.9347265438522838
0.934708257512861
0.9347025268661711
0.934741417787297
0.9347534025264503
0.9347599000823763
0.934771075118846
0.9347616455953065
0.9346879900180097
0.9347015530573359
0.934735014464959
0.9347496017668357
0.9347901275203119
0.9347614097444973
0.934734875868009
0.9347772225150056
0.9348378479257146
0.9348010505556424
0.9348395960302414
0.9348569196560257
0.9348380366093293
0.9348120410385414
0.9347605152165934
0.9347262744337141
0.9347239642813437
0.9346843905956133
0.9347164849862603
0.9346787689320577
0.9346432227583957
0.9346079783895288
0.9345874383823009
0.9345989630006604
0.9345773447671919
0.9345865021116163
0.9346138987680803
0.9345909088046874
0.9345876643148302
0.9345567451440039
0.9345299736277595
0.9345523830363549
0.934639324268724
0.9346885725446343
0.934687614090141
0.9347637342344746
0.9347714793769851
0.9347894597720924
0.9347551145179732
0.9347255769739937
0.9347405390212863
0.934753747993816
0.9347197824526224
0.9347448542235555
0.9347967103461491
0.9348565547825763
0.934814451728955
0.9347528638619714
0.9347775012852173
0.9347808287292988
0.9347612246479584
0.9347745911746063
0.934810140388983
0.9347702765809583
0.9347784233738325
0.9348624360379334
0.9348229442734546
0.9348101312927201
0.9348867049853489
0.9348920144579429
0.9348538293594252
0.934811236041754
0.934802731914769
0.9347637135386644
0.934781425758345
0.9347335904079914
0.9347192688897629
0.9346847655064383
0.9346908147586678
0.9346552242291984
0.9346889403703593
0.934717201487351
0.9346931148622759
0.9346694759239977
0.9346923317388854
0.9347806641263027
0.9348359504944008
0.9348088959960479
0.9348275517988468
0.9348487692997793
0.934866696527753
0.9348378079888991
0.9348883926222814
0.9348599934011956
0.934884176010238
0.9348267860782328
0.934865092793089
0.934883113674884
0.9348922412180435
0.9349182524510671
0.9349081084979403
0.9348998250430455
0.9348973855396451
0.9348504048818144
0.9348326325086607
0.9348278937844052
0.9348326905739711
0.9348159361795118
0.934888727534624
0.9348692381485701
0.9348044984922158
0.9347866694933367
0.9347970218909385
0.934799999784743
0.9347469086693124
0.9347258185379884
0.9347253348542814
0.9347439729754767
0.9347905402498923
0.9348111706704096
0.9347713969089795
0.9347860522437952
0.934760496059003
0.9347461165895717
0.9347185064883506
0.9347074078783989
0.9347378621136694
0.9347064377740755
0.934696544483806
0.9347079190327783
0.934751241703546
0.9347256102003246
0.9347569563201348
0.9347452171081446
0.9347726744344462
0.9347488999487066
0.9347849136359585
0.9347948291267393
0.9347857619978138
0.9347610733244367
0.9347678591416698
0.9347608775414034
0.9347206417952115
0.9347465639794853
0.9347106892467285
0.9346817811011082
0.9346198564234345
0.93459372544706
0.934609069985003
0.9345979314467326
0.9345431266821455
0.9345420413589214
0.9345543330721955
0.9345261383945553
0.9345686382436658
0.9345565689984436
0.9345101293153163
0.9344956276772932
0.9345127234703838
0.9346303979101926
0.9346009226934904
0.9345841406003196
0.9345742484623808
0.934615999650925
0.9346405613627558
0.9346772082840589
0.9346745316171021
0.9346972635584904
0.9346515698162002
0.9346482468445823
0.9346910361893239
0.9346937510769525
0.93473819778786
0.9346706029972961
0.9345677530596909
0.934601124970243
0.9345891462881596
0.9345748602705767
0.9345753957943123
0.934581908595921
0.9346064086705778
0.9346581960788143
0.9346994926771809
0.9347095759481469
0.9347741990526225
0.9347868201154741
0.9348084107260907
0.9348320226564839
0.9348641242229416
0.934817198264924
0.9347866620996312
0.9348026106470221
0.9347878938233531
0.934751145390927
0.9347505564436044
0.9347843915083456
0.934801835840394
0.9348306792798938
0.9348480077719657
0.9348960346326508
0.9349376837814388
0.9349333357888567
0.9349296373266912
0.9349496926144295
0.934980245528982
0.9350118012823327
0.9350307890313733
0.9350163497998489
0.9350104595862575
0.9349919150806433
0.934985910805893
0.9350491206649668
0.9350272217849996
0.9349755219527515
0.9349551920187814
0.9349781291225466
0.9349690573934059
0.9349400764491622
0.9349294229356867
0.9349204561342415
0.9349087677879676
0.9348995291459993
0.9349212269112867
0.9348937633826784
0.9348683822801341
0.9348293631187611
0.9348890140347051
0.9348414299524983
0.934820160154735
0.9348297129021348
0.9348069973143303
0.9347738907813504
0.9347736804673825
0.9348076134027696
0.9348305985348162
0.9348632247072792
0.9348105608406547
0.9347947825006264
0.9348510229552116
0.934868758682162
0.9348826819008164
0.9348989008000465
0.9348977562566999
0.9349032366028366
0.9348777509435663
0.9348828324509987
0.934878555506538
0.934842618189548
0.934887652941909
0.9348922259274582
0.9348561269571106
0.9348035393529012
0.9348361775787025
0.9348536241286307
0.934873954772688
0.9348525915592375
0.9349122713065131
0.93492396204072
0.9348873847187508
0.9349357555052861
0.9349560096077099
0.9349101052902978
0.9348930211158258
0.9349116825576919
0.934902725759896
0.9348889208216774
0.9349235604482985
0.9349304260335706
0.9349173215358733
0.9349205911506853
0.9349542811842269
0.9349705445629016
0.934964122569299
0.9349348382791809
0.9349580252650561
0.9349362237169956
0.9349409021899334
0.9349232227163156
0.9349315390880504
0.9348858373560558
0.9348997720081426
0.9348568614588258
