0.805708712238239
0.8835059413561317
0.8950784438186563
0.9045352289544203
0.9204478067629493
0.9246418366787378
0.9273376518472192
0.9247125572220095
0.927777503052635
0.9345035084794501
0.9364624073392258
0.9387914852492337
0.938234657669351
0.9399180831213346
0.9401891555221676
0.9412834080969262
0.9432709172671644
0.9438421102577413
0.9409425559087293
0.9426806877596763
0.9449516919650259
0.9460941345372209
0.9461773696931806
0.9470365843242541
0.9465304520915276
0.9450402463121697
0.9436459920965291
0.9445145514576329
0.9440667336411922
0.9448656738189283
0.9453065475038126
0.945876473363212
0.9459205944108842
0.9459184898262166
0.9462870235234128
0.9472016543859616
0.9475233266655322
0.9472581790720958
0.9473499626531184
0.9480646603524736
0.9481069164934199
0.9485101029640233
0.9479521990141658
0.9482724491968896
0.9483670998650064
0.9483232542884428
0.9497977004173714
0.9501454634037668
0.9501920746797965
0.9505246911140723
0.9507184647828686
0.950839718927482
0.9510826443218435
0.95097484509118
0.951392406614579
0.9510097077482276
0.950927355752519
0.9513287011663312
0.9514764112243146
0.9513141138530751
0.9516569288234507
0.9521685754298073
0.9524863398310021
0.9529217428406624
0.9531520517895437
0.9532284393301053
0.9530984122386208
0.9526583894507176
0.9526389124038201
0.9527408863398136
0.9525332913617979
0.9521174489169963
0.9521984537593479
0.9520804420197386
0.9523819169848503
0.9521424025138026
0.9518366505328767
0.9519570951039296
0.9515509346251847
0.9516517197816001
0.951800967337543
0.9516693823046148
0.9514247109504498
0.9513226059029916
0.9511687017962922
0.950627914918774
0.9505896234714821
0.9503932845833278
0.9507045493637961
0.950819417832491
0.9508008078587564
0.9505942889793475
0.9507311854952156
0.9504952811918363
0.9500737477565292
0.9501803896522909
0.9503029179166499
0.9504066005638043
0.9504193743265903
0.9503696326925547
0.9501662314751038
0.9500425430466869
0.9500632467000655
0.9499884762959264
0.9497809011906435
0.9496618058278464
0.9499033260892364
0.9498306278180345
0.9499679964775287
0.9502647790810065
0.9501318861657377
0.9503152345977769
0.9504164712474693
0.9505181078634267
0.9505440224296892
0.9506951886348507
0.9505613587630114
0.9503876486858156
0.9507125691103383
0.9509111416203506
0.9508880154916011
0.9508737274874689
0.9508871098704271
0.9509123832535467
0.9506328624144672
0.9506290631672821
0.9506772327952433
0.9508694025916924
0.950739891106934
0.9505263383593399
0.9505754870087587
0.9503278311400993
0.9504579621528519
0.9502011106052181
0.9500549104491791
0.9502839973935762
0.9504039221598054
0.9504158584575457
0.9503132052033206
0.9500095717817769
0.9502201078005069
0.9499794311583614
0.9499852598784521
0.9500482623374988
0.9500252847220976
0.95018134280306
0.9502367110404302
0.9502167698145514
0.9500992629836764
0.9501415581321617
0.9502378647009736
0.9504199184840145
0.9506117117928373
0.9505558127668031
0.9505094967071865
0.9504691037087615
0.9504091034576798
0.9502135973393764
0.9504250823992608
0.9505881965664065
0.9506363024899751
0.9506083881486432
0.9506353463794582
0.9505994692873475
0.9507159477063903
0.9507543620967881
0.9505351122760284
0.9504789761826207
0.9504381794655562
0.9503348955048843
0.9503443679134876
0.950275205382234
0.9502397678028369
0.9502410858102883
0.9501271060741099
0.9501509651970713
0.9500593874915038
0.9500696309776197
0.9498628946650987
0.9499380016306548
0.9499664327648926
0.9499712720686784
0.9499236727476568
0.9498941235042838
0.9498483618362856
0.9498620541487502
0.9497351493068159
0.9499516958142993
0.9501131440599048
0.9500584293191421
0.9499777593683433
0.9500905427085006
0.9500386170496548
0.949904010683615
0.9500090788557287
0.950005038579664
0.9500707436119981
0.9500549724853369
0.950033937803769
0.9501744068817394
0.9501423041463649
0.9500837755423994
0.9501592950501057
0.9501464310766234
0.9501099698208013
0.950215651462547
0.9504110962377753
0.9504828758618649
0.9504362316801699
0.9504488461851204
0.9505439022805803
0.9504032797182764
0.9504463700423413
0.9503793700198674
0.9503374286470575
0.9502827494186382
0.9501682711142874
0.9501500358599787
0.9500769115804218
0.9499774889510856
0.949786027959325
0.9497995098117834
0.9498688262551497
0.9500103210717752
0.950022667613344
0.9500859846998139
0.9501456520423434
0.9502009638695345
0.9502734929405199
0.9502751458847345
0.9502913415480456
0.9501399599738435
0.9503061947857104
0.9503853264293902
0.9503234924258653
0.9504516979995764
0.9504375668293118
0.9504088704059519
0.9503272963132686
0.9503452318217432
0.9502442517431905
0.9503251025058016
0.9503125823496339
0.9503480425699133
0.9502318034929281
0.9500857565752068
0.9501541135835131
0.9501599899468391
0.9500927289995551
0.9499932895565442
0.9500232441150843
0.9498858204575589
0.9498937868915005
0.9498598930846678
0.9498288525609498
0.9498271748066902
0.9498283119101745
0.9497493556783341
0.9497090884647525
0.9496093577697939
0.9497168319636472
0.9497487485855991
0.9498574391197577
0.9496586684299912
0.9495805064664153
0.9496663858551545
0.9497203731549596
0.9497118678670063
0.9497588955340723
0.9496456309491758
0.9496180179241293
0.9497137987338133
0.9497285424710169
0.9496786800908642
0.9494672136918647
0.9494363353892711
0.9494428320641504
0.9495379128073038
0.949445891750591
0.9494841291147431
0.9495531468534909
0.9496466319980796
0.9494662545026681
0.9494574500852146
0.9494505762779812
0.9493372904883848
0.9492945632650184
0.9492954737283723
0.9494172569298986
0.949503627454776
0.9494439973116635
0.9494492412785582
0.949488365893287
0.9494621698200236
0.9495518916858077
0.9495333564399793
0.9495747665808955
0.949431868816729
0.9493608519626137
0.9493402363593082
0.9493568752448219
0.9494364928543293
0.9495741673124894
0.9496693334625378
0.9497348815223351
0.9496574808527143
0.9497890080161026
0.9497397984599234
0.9496623157649462
0.9496177919756226
0.9495693044102561
0.9496901663575701
0.9496991670441419
0.949795027738525
0.9497479486389583
0.9497864271888076
0.9496940949843151
0.9495927274960034
0.9496660530531437
0.9497105414984385
0.9496133679277585
0.9495985719237218
0.9495543947807747
0.9495815465132074
0.949588648683972
0.9496015775064569
0.949644458543341
0.9496330630273134
0.9495526823847323
0.9495214963148291
0.9494833749768171
0.9494303275115442
0.9495110102773867
0.9496438725659191
0.9496645306933045
0.9496473156201469
0.9497247489599386
0.9498037088224707
0.9498257325340392
0.9498095276507054
0.9498336979098889
0.9497748792298712
0.949787499958485
0.9498247777401665
0.9498561058032586
0.9498310822110317
0.9498731403356512
0.9497862756081458
0.949757844593518
0.9497436502949957
0.9496377657190157
0.949731633973641
0.9497286885213004
0.9497112173943864
0.949762369969963
0.9496939344420245
0.949690490821644
0.9495885966061635
0.9495397275631532
0.9494546901312118
0.9495071763794509
0.9494865955874612
0.9494459057629694
0.9494463143683112
0.9495251510266391
0.9496333511601363
0.9496470837105491
0.9496726703040361
0.9497266724318547
0.9497128899531491
0.9498116901183249
0.9499130117575321
0.9499207319348227
0.9500052726823014
0.9499582569814482
0.9499365898206666
0.949923083630801
0.9499344527178514
0.9499388449008833
0.9499546720112685
0.9499418222834054
0.9498588033530361
0.9498596814774453
0.9499035726309302
0.9498587139344934
0.9499034424171846
0.9498801652390542
0.9498007567441421
0.9497881607940339
0.9496830078474962
0.9497125447230699
0.9496659648599263
0.9496300876747229
0.9496526936580711
0.9497366508266564
0.9497870029564393
0.9497717350326346
0.9497785465041011
0.9497661033243807
0.9497210779178205
0.9498288721320972
0.949842698375339
0.9498103089590884
0.949780572266119
0.9498303009903243
0.9498940591859799
0.9498808118723402
0.949792950509429
0.949773641733758
0.949882472312451
0.9498783513819851
0.9498726802555255
0.9499561209401189
0.9499535031484619
0.9499646132858716
0.9499339529790318
0.9498590969816599
0.9498137600677952
0.9497955359814009
0.9498365577634784
0.9498505946408681
0.949896634618015
0.9498934530320462
0.9499955095332178
0.9499963099950822
0.9499825753891882
0.949962471771959
0.9500113107532482
0.9500245825369484
0.9500234348668567
0.9500510176318834
0.9501069598346151
0.950097218441247
0.9500895636485206
0.9500560242793139
0.9501789268775052
0.9501620128980003
0.9501499092401169
0.9501158428600348
0.9501208909132591
0.9501604094772956
0.950137838658116
0.9500773155686262
0.9500443178498862
0.9500252778789184
0.9499701661146441
0.9499151898306734
0.9499278098873905
0.9500670680954363
0.950038971720459
0.9500178392538572
0.9500127627713656
0.949999497571441
0.9500614136806095
0.9501344164755958
0.9501239293620252
0.9500560007325481
0.9500780719653394
0.9501278373785907
0.950072561857851
0.9500575879431743
0.9500774824091189
0.9500824909000759
0.9500809175562566
0.9500861171777323
0.9500341802390487
0.9500635282751799
0.9500495361265336
0.9500092950291821
0.950036622185153
0.950083925568742
0.950067098436395
0.9501099301245358
0.9501748765177597
0.9502385101743247
0.9502826093747229
0.9502153586442271
0.9502262892574304
0.9502023847383813
0.9501307492430072
0.9502118030020091
0.9502660643738867
0.9502760880320728
0.9501946338272372
0.9502149042880488
0.9501848032367819
0.950188624185161
0.950255523722311
0.9502787086695251
0.9502638716921041
0.950214513269322
0.9502046196735748
0.9502034535191215
0.9502573634441602
0.9502662681881479
0.9502402954680553
0.950208752036318
0.9502353908906933
0.9502067761719906
0.9501402641050241
0.9501674581948754
0.9502364647404069
0.9502482720068886
0.9502684966991105
0.9501398266705107
0.9502130702041383
0.9501891185627207
0.9501998917137359
0.9502240706444472
0.9502668655743404
0.9503287513941245
0.9503218458710186
0.950304090617804
0.9503461877932472
0.9503386629237903
0.9503308527002385
0.9503929470217797
0.9503839686379435
0.9503980412681822
0.9504387378591693
0.9504106403975767
0.9503935733817692
0.9503500498298637
0.9503470549404837
0.9503594012095469
0.9503826838329613
0.9503632516920625
0.9503432111529512
0.9502865327742023
0.9502169229057812
0.9502548103969752
0.9502470214482758
0.9502239108214747
0.9502229571233896
0.9502200152793466
0.9502232144867376
0.9502574151130903
0.9502141404128216
0.9502378008530499
0.9502351748706537
0.9502641078122279
0.9502380928267775
0.9501474645788004
0.9500564496165442
0.9500976856851975
0.9500954920813421
0.9501211240364479
0.9501056103861427
0.9500269060571565
0.9500375566194942
0.9500309222139165
0.9499952552007491
0.9499786169994929
0.9499693131727878
0.9500293457133046
0.9499646041484905
0.9500079320545546
0.949991879724478
0.9500426356379545
0.9499584645857607
0.9498897406571423
0.949881201482068
0.9498798678255129
0.9499423370358208
0.949973301284112
0.9500013147154804
0.9500428063047262
0.9500298154171177
0.9499440544924898
0.9499223801375675
0.9499043359025696
0.9498684660527622
0.9498302055728278
0.949910382013448
0.9500198837659354
0.949983901245625
0.9500067675061616
0.9500185874409682
0.9500121048617656
0.9500307055322175
0.9500339619784806
0.9500003947145543
0.9500327305908403
0.9500276683571309
0.9500037867351309
0.9499878983791804
0.9499955012616542
0.9500361756357082
0.9500759924883231
0.9500860451181398
0.9500933094007766
0.950106707610234
0.9500460411913758
0.9500708483300628
0.9500836493495641
0.9500818729072573
0.9500602203035471
0.950015429456454
0.9499792202178232
0.9499365828421338
0.949980819919129
0.9499389520157235
0.9498558361523302
0.9498944863056031
0.9498699827859708
0.9498642554389235
0.9498200795389466
0.9498062639363085
0.9497794721053393
0.9497554383156626
0.9497603151050642
0.9497401051533899
0.949647363390253
0.9496698676619735
0.9497449032838186
0.9497125086501041
0.9497088415285231
0.9497422814986539
0.9497101804831586
0.9497420585405179
0.9497007362759409
0.9497735252342395
0.949742386483019
0.9497491376283111
0.9497672081358071
0.9497883512100832
0.9497476361117634
0.9496869450835618
0.9496422550640563
0.9496323915984165
0.9495929174610103
0.949610042071012
0.9496091505314093
0.9495886850530122
0.9495758502419315
0.9495779230772061
0.94959551846878
0.9495798902969838
0.9496015305280988
0.9496194315050107
0.9495781103829538
0.9495884516306334
0.9496157763261955
0.9495934151600706
0.9495878681186288
0.9495541001223263
0.9495413528216594
0.94956548726878
0.9495513396399915
0.9495275606435679
0.9494681695702498
0.949439695854029
0.9493791381792583
0.9494094718241661
0.9494118091520501
0.9494408772665986
0.9494311737088956
0.9494444760017118
0.9495147181511225
0.949434753066573
0.9494439980305502
0.9494018597648506
0.9494235671955823
0.9494344697580847
0.949387946462597
0.9493812050823847
0.9493572526557841
0.9493730033191694
0.949374471880696
0.949348103630333
0.949336599470202
0.9493413066991446
0.949371424586649
0.9493724125774776
0.9494041736813891
0.949422032192024
0.9494336323100526
0.9494367938031741
0.949419611472021
0.9494100415635759
0.9494880601107589
0.9494253765203087
0.9494593720008964
0.9495302301125097
0.9495624857727992
0.949524860922047
0.9494996576028528
0.9495020463751108
0.9494838616860476
0.9494740148605804
0.9495061949435601
0.9494669496267413
0.9494323174006181
0.9494408249236705
0.9494111386688017
0.9494512225936328
0.9494289915474617
0.9494247252812494
0.9494159100613966
0.9494525395317907
0.9494893898876118
0.9495122379603388
0.9495133828266087
0.9495788566623555
0.9496278495858587
0.9496287035996784
0.9496235951822445
0.9495752584341485
0.9495815827568568
0.9496175666974007
0.9496258741690204
0.9496268736464678
0.9495850187707975
0.9495480744980678
0.949534926607211
0.9495517717678164
0.9495298531189826
0.9495074275995016
0.9495524397796877
0.9495798833065126
0.9495712093997756
0.9495684300677808
0.9495506157113505
0.9495573451350422
0.9495705866457326
0.949569740486002
0.9495493396551578
0.9495426531997355
0.949515757630014
0.9495152030291318
0.9495574929193429
0.9495777152943653
0.9495758455220461
0.949557234192524
0.9495566224998302
0.9495673843313585
0.9495812398341821
0.9495823547353663
0.9495917204651162
0.9496417851591772
0.9495896309450501
0.9495503396545071
0.9495542940291491
0.9495763789365551
0.9496072953899664
0.949587418445198
0.9495678175752376
0.9495348011085516
0.9495375125213698
0.9495585331439145
0.9495036302077704
0.9495338874971802
0.949523609363965
0.9495357827617107
0.9495545155892683
0.949546272514883
0.9495284460087338
0.9495307284303428
0.9495123487710074
0.9495226836462566
0.9495246755362852
0.9495470553990912
0.9495018572579719
0.9495034091172754
0.9495230067088166
0.9494970674000677
0.9495071026267505
0.9495335138131744
0.9495308978891543
0.9495013682362535
0.9494942891192514
0.9495264159469265
0.9495775121903313
0.9496395193235718
0.9496129128341173
0.9495929327312055
0.9495909025111139
0.9495760435974959
0.9495653254777656
0.94959834372379
0.9496311974098121
0.949653917325075
0.949654941875847
0.9497181267486872
0.9497175176114273
0.9497118492429188
0.9497187991042378
0.9497422388725835
0.949687659429243
0.9496204918981579
0.9496243180766368
0.9496012246229325
0.9496431472212694
0.9496440617315788
0.9496141823560137
0.9496264847422886
0.9496144795542831
0.9495762742927905
0.9495876095621503
0.9495845186029777
0.9495952769596024
0.9496268876700932
0.9496976196559535
0.9497198130946576
0.9497098397747249
0.9496617976726298
0.9496500615629969
0.949643237762342
0.9496268661464383
0.9496272149880186
0.9496096101234527
0.9496169915204993
0.9496102030106991
0.9496127448886812
0.9496566019584382
0.9496615678433956
0.9496148122817605
0.9496054707524488
0.9496188203511134
0.9496093684215378
0.949572762199931
0.9495750783367146
0.9495651043831068
0.9496022394362874
0.9496140458185897
0.9495683385921282
0.9495960556182013
0.9495811979100026
0.949601440665708
0.9495852808474766
0.9495989029360411
0.9496051132083113
0.9496296758853612
0.9496289652518274
0.9495689129294813
0.9495865369872016
0.9496331054877513
0.9496139506477612
0.9495790558016596
0.9495980744776467
0.9495273340210362
0.949529477914493
0.9495715764106682
0.9495717211298536
0.9495732694227655
0.9495536454417483
0.9495451827869595
0.9495647291757656
0.9495575787078201
0.9495562571650992
0.9495426706398123
0.9495234723031412
0.949544376620467
0.9495529575197392
0.9495625914748871
0.9495586000801773
0.9495650679425095
0.9495489277338869
0.9495421681816781
0.9495269055600759
0.9495405383200318
0.9495647488277702
0.9495700495622982
0.9495997695506908
0.949584149782494
0.9495555717594012
0.9495542847147609
0.9495741358565022
0.9495505584243749
0.9495531846518898
0.9495551230524261
0.9495784277519119
0.9495607713420781
0.9495571933279706
0.9495617424111584
0.9496016278173505
0.9495747527168195
0.9496091172398968
0.9496296414713228
0.9496144057587798
0.949621106745003
0.9496132688413669
0.9496257867800704
0.9496203969240221
0.9496459470316188
0.949642255369389
0.9496405264741528
0.9496210495413481
0.949622743217421
0.9496452313666547
0.9496550220774725
0.9495949844077607
0.9495186526834628
0.9495412307826696
0.9495203390559057
0.9495320030988266
0.9495273828666345
0.9495307184321101
0.9495645000830342
0.9495659662851047
0.9495968113489144
0.9495851514294994
0.9496024634492974
0.9495975047631235
0.9495974158534917
0.9495953161239238
0.9496129977486161
0.9495831946648016
0.9495754715180023
0.9495627124545538
0.9495548573905996
0.9495541903259187
0.9495480718910985
0.9495322096914249
0.9495578468216478
0.9495452892862777
0.9495568303839682
0.9495630307289681
0.9495688211930281
0.9495498935669952
0.9495109102646301
0.9494810562479699
0.9494991269790679
0.9495188877482357
0.9495125234132799
0.9495492114987778
0.9495341772591488
0.9495026138850864
0.9495068567385884
0.9495186735073721
0.9495179213751235
0.9495315412383573
0.9495482176620093
0.9495632609134922
0.9495497174580128
0.9495466980422546
0.9495287746132695
0.9495249345341508
0.9494848239395444
0.9495176366072231
0.949547578213872
0.9495637690289953
0.9495763706120011
0.9495737074419542
0.9495740655541252
0.9495674695326977
0.9495934035393948
0.9496020108834707
0.9496222580741585
0.9496329681538688
0.949646657040865
0.9496937049288212
0.949685439518093
0.9496613195391646
0.949641603240007
0.9496331687979472
0.9496297538047006
0.9496751228795689
0.9496473825931331
0.9496475961771877
0.9496500245478162
0.9496401865307803
0.9496295433981017
0.9496488049734623
0.9496365144975868
0.949628083847195
0.9496327315492746
0.9496088009700829
0.9496129957417199
0.9495828131684478
0.9496037204707738
0.949615333148059
0.9496281574727924
0.9496364913134454
0.9496560606197465
0.9496431560906823
0.9496355373847154
0.9496587635085434
0.949647305998259
0.9496399667600511
0.9496406429563504
0.9496399745971913
0.9496342604989805
0.949631146052568
0.949657819924605
0.9496543010191546
0.9496468900812225
0.9496462005278008
0.9496502191765146
0.9496852189949663
0.9496660463197623
0.949674014216768
0.9496599781190375
0.9496592813148321
0.9496389241041868
0.9496604122765698
0.9496533650069877
0.9496281209729761
0.9496360246524034
0.9496620973611306
