0.8993153991071232
0.9215400277736684
0.9272576718199939
0.9387278442570711
0.9507015006298689
0.9535509426078529
0.9525485026899949
0.9532958998894969
0.9524450386433156
0.9554208238780416
0.9570974030582012
0.9565375480640536
0.9558915779054518
0.9563243000895003
0.9578335710060505
0.9574900664766924
0.9607292638468182
0.9614332257435578
0.9616791372807341
0.9609476896423764
0.9599482774478877
0.9613539942395197
0.9613390478712305
0.9619480169734906
0.9617757725606164
0.9627351328088999
0.961712496582429
0.9618251916330472
0.962047881756837
0.9609880242098783
0.9603975418836154
0.9587180322619815
0.9584182295904946
0.9585045088357489
0.9588248749988233
0.9581333118870428
0.958791823242462
0.9598200530395405
0.9593742623808788
0.959353184212658
0.9600113999599268
0.9600564553661155
0.9597891059533695
0.9594140915779048
0.9590666417565737
0.9595346307835186
0.9593321537541029
0.9592304482284038
0.959402717625116
0.9593070774288068
0.9594561535923284
0.9585708020624683
0.9581630351064305
0.9586032171040187
0.9585218586876336
0.9581524833258038
0.9583356509305798
0.9582629804571884
0.9589173927916461
0.9591532460590521
0.9593085029767264
0.9587699029798333
0.958412198852071
0.9584237319984069
0.958522076442691
0.958443846592654
0.9582534804039508
0.9582883512545209
0.9582363070132927
0.958145667681347
0.9580306519848237
0.9584438029679159
0.9583637212846268
0.9587405499452535
0.9587795300088938
0.9584691422324693
0.9587129504031091
0.9587649637986594
0.959138876149962
0.9593388114736142
0.95925249901734
0.9591303146251778
0.959031797467127
0.9594599784891822
0.9592983170700002
0.9594879046169245
0.9596824592038051
0.9598841992504143
0.9599466625532324
0.9593946333781738
0.9595028403257462
0.9592825525082851
0.9594295057109363
0.9595735601560064
0.9597193433286008
0.9597787048525714
0.9597841938912075
0.9597578350331379
0.9599897856695554
0.9606200940756737
0.9606699889852673
0.9607350275385305
0.9604758400632898
0.9603841993243138
0.9603938502007452
0.9606352937635987
0.9603219212541706
0.9601974660907546
0.9603805291126379
0.9605330674039808
0.9604774043591958
0.9603632623401255
0.9604319115665501
0.9605724017980096
0.960907558901188
0.960724947431986
0.9608183478736194
0.9609196522075183
0.9606179404124535
0.960588530846466
0.9608064768164748
0.9606785499852414
0.960623373158939
0.9608437385120684
0.9610550010326075
0.9609026962864622
0.9609622510649263
0.9609038615084076
0.9609236294026137
0.9610980420429175
0.9611111439992438
0.9611362865408803
0.9610238641140174
0.9610867473114019
0.9612849144914611
0.9614545384272977
0.9614137576430064
0.9614253212055653
0.9617053502343376
0.9616933002517094
0.9616624129786264
0.9617962023840777
0.9618681041205319
0.961890373808581
0.9619232654423648
0.9617984702995741
0.9617914686684028
0.9618140799573773
0.9617912420069078
0.9617549450313219
0.961712441626586
0.961841617358475
0.9617212237136182
0.9617829005239318
0.9617107601892132
0.9616128485951823
0.9616849594983519
0.9619558832480865
0.9618018566423397
0.9617917054958517
0.9617380541543644
0.9616650658499498
0.9616335310525462
0.9615422319881037
0.9615058399905362
0.9616095197550742
0.9617155775369475
0.9618819192697344
0.9620220128981833
0.9619771928896975
0.9619963448498984
0.9619475792090729
0.9621140694160871
0.9620132020405756
0.9620792047527427
0.9620894432272559
0.9620102035049283
0.962177127090219
0.9621641753212024
0.9621699695453689
0.9623558827678684
0.9624448120360488
0.9624984686624136
0.9624401244181966
0.9625320375257619
0.9626252801673414
0.9625668917277715
0.9627126575075049
0.9626331706264462
0.9624823540214049
0.9626472490606672
0.962732999688229
0.962633659057059
0.9625400236238097
0.9625067340707282
0.9625222046956964
0.9625224964528935
0.9624010915251888
0.962510739504576
0.9625525503849649
0.9625326578588376
0.9625592686849286
0.962558896127483
0.9627338238545713
0.9627414667651443
0.9626175626856734
0.9624415339290375
0.9622200722645466
0.9622355343383848
0.9622279997457862
0.9622559603089397
0.9622800603669494
0.9623275128676938
0.962451433472553
0.9625752903644333
0.9625611846595592
0.9626420770967116
0.9627121764216969
0.9626796419496582
0.9626781113723667
0.9628068680589855
0.9628645878237878
0.9627447881698032
0.9626366149884843
0.9626027448242601
0.9624454880889175
0.9625534143804478
0.9625271785335625
0.9624795339424629
0.9623795377228032
0.9624478610625856
0.9623819234691928
0.9622808761165383
0.9621210763985747
0.9619876534772502
0.9618975061222474
0.9618820405275901
0.9617887966149542
0.9617889866039173
0.9617429477757645
0.9617306710640938
0.961612757125837
0.9615788829001849
0.9615681318953699
0.9615602865474664
0.9616473654328315
0.9615347527155905
0.9617122084401062
0.9615896580030824
0.9616059145896949
0.9615691592707789
0.9616351033397066
0.9615748902627564
0.9615880858485697
0.9615882867139254
0.9616203074860048
0.9617031544066791
0.9617247713460587
0.9618017735873513
0.9618627217476553
0.9618202125328749
0.9617729546673257
0.9617496775000005
0.9618483486660182
0.9618830708862737
0.9618381258437189
0.9617704642382031
0.9618472274451411
0.9616407172926021
0.9616096137547864
0.961684608818343
0.9616863078775636
0.9616556270810309
0.9615732921211192
0.9615991009098627
0.9616530735211867
0.9615940717643071
0.9615766574810242
0.9615602544165761
0.9614509023485711
0.9614475676887451
0.9613794941804249
0.9614475991979898
0.9614781020497057
0.9614268574734827
0.9614824008762136
0.9614212716670554
0.9614602931533449
0.9614372792877485
0.9613460030029487
0.9614040819331032
0.9614151549184825
0.9615010607822151
0.9613346160689549
0.9613721969216299
0.9613652117815347
0.9613036804413162
0.9612714822551873
0.9611760679521948
0.9611172246539669
0.9611144777824108
0.961101212939603
0.9611342549505606
0.9609837245837439
0.9609514145757736
0.961028195941238
0.9609450299981197
0.9610191693751223
0.9609903036285817
0.960908064041108
0.9608644669161571
0.9609810186918091
0.9609193774869983
0.9608928009189467
0.9608531142385902
0.9609089863071367
0.9609453912043324
0.9608689792942163
0.9608830749075394
0.9609386101626366
0.9609491332219674
0.9608964196682568
0.9609779065345607
0.9610291241427067
0.9610506792126731
0.9610995036609217
0.9611702316922035
0.9612578019683052
0.9612588691441857
0.9612255594216063
0.9612414599080912
0.9612530043304776
0.9611968108881239
0.9612235409410993
0.9611871994026868
0.961304695496676
0.9613369270881559
0.9613394305699554
0.961374919945599
0.9614212820893376
0.9613860247481657
0.9613571417986664
0.9613739748298646
0.9613955639958361
0.9614339603482317
0.9614022086046856
0.9613348740448167
0.9613308045831216
0.9613248685387936
0.9613684144700597
0.9613387501263945
0.9612844389877991
0.9612560758336388
0.9612277811506095
0.9611885239621777
0.9611478881844527
0.9611268119071368
0.9611416025196908
0.9610958108903759
0.9611073278761335
0.961114415299923
0.9610553168521335
0.9610173527654795
0.9610491943073944
0.9610195934287925
0.9610976690954114
0.961108091190485
0.9610255453257364
0.960994362373112
0.9610477994995105
0.9609240271676169
0.9607838966323469
0.9607985300928299
0.9608140310137
0.9608184033708974
0.9608376978013343
0.9607629679327778
0.9608091860058696
0.9608250257400855
0.9607905287396129
0.9607536288664478
0.9607099906491419
0.9607633516874463
0.9607119858480684
0.960782750840293
0.9607937427548734
0.9607933267611836
0.9608425778037034
0.9608693772929687
0.9609236766634596
0.9608901836194582
0.9609668403242463
0.9609974855173918
0.9609689771189266
0.9609290425306036
0.9609451420978373
0.9609358548239156
0.9609564004557231
0.9609262780876895
0.9608572676168686
0.96081506251373
0.9607228062397651
0.9607211794574121
0.960742781382465
0.9606533116830901
0.9606374117103622
0.9605972662519703
0.9606093155509826
0.960631651058689
0.9605812653957981
0.9605696284157896
0.960585800158719
0.9604886353861417
0.9605722825510364
0.9605610968757458
0.9605094710206464
0.9604366070421463
0.9604223829201892
0.9604229506773523
0.9603581703052265
0.9602949876669918
0.960270499191374
0.9603030998139057
0.9603332665165081
0.9604004841815879
0.9603880716258056
0.9603800343576422
0.96038718527091
0.9604187959473913
0.9604464638970187
0.9604800903533858
0.9604353025810238
0.9604803195127355
0.9604238853070618
0.9604583585507271
0.9603920649205545
0.9603410617784582
0.960375600748937
0.9603910338736878
0.9603242868462033
0.9603314805461727
0.9602932115973073
0.960273953111892
0.960298662399941
0.9603803654067304
0.9603574607571117
0.9604146488202417
0.9603949380227327
0.960333096719215
0.9603788220696158
0.9603875129906939
0.9603952013987926
0.9604126864359451
0.9603352314675155
0.960366363986168
0.9604386771511912
0.9605615363539929
0.9605714140198269
0.9605341544089278
0.9605797639820989
0.9605534264912333
0.9605685141591925
0.9605094017441465
0.9605048754081416
0.9605259716259084
0.9605530232603531
0.9605143020297454
0.960446564949877
0.9604170348867476
0.9603777881098372
0.9603709571019069
0.9603810475490124
0.9603436330688094
0.9603758198963563
0.9603076963532059
0.9602881148764135
0.9603022433191096
0.9603185107228722
0.9603195672117758
0.9602902888333833
0.9602475563922264
0.9601863923573156
0.9602609975366829
0.9602793327045881
0.9602808172440676
0.9603343594437415
0.9603359686282424
0.9603579073801989
0.9603383526073572
0.9603780420292947
0.9603448478691716
0.9603623288943247
0.9603637109243681
0.9604011882362928
0.9603775447023475
0.960403738345347
0.9604386515025298
0.9604979851389833
0.9605506263720379
0.9605525859734899
0.9605727590747748
0.9606431663006005
0.9605966614709728
0.9606319639517451
0.9606478835357717
0.9606959162869273
0.9606702609210792
0.9606492157288343
0.960604828138483
0.9606290749034547
0.960655014478036
0.9606568285412578
0.9605983615590873
0.960597276513958
0.9605556892760182
0.9605252197051553
0.9605592628700098
0.9605526627131403
0.9605226959731882
0.9604842753885514
0.9605159058763331
0.9605202723849495
0.9604918187925168
0.9604640852479681
0.9604655294429328
0.9605061125022049
0.9604804796117364
0.9604441846128232
0.9604846297752948
0.9604612295188582
0.9604565274267288
0.9604349357224389
0.9604279889679534
0.9604120253176713
0.9604001289188847
0.96035451678138
0.9603335714129244
0.9603840419056645
0.9604078631077524
0.9603888643516642
0.9603354362455473
0.9603435803183702
0.9603362014875969
0.9603656339391071
0.9604083495898571
0.9604742245370115
0.9604298657630588
0.9604397387173252
0.9604435524507657
0.960480907375475
0.9605036389718591
0.9604775235591378
0.9604832450366555
0.9605123069439759
0.960529282767322
0.9605359668800697
0.9605386971495324
0.9605179456879347
0.9605256406166329
0.960524059282748
0.9605408923292865
0.9605683765110303
0.9606083592770918
0.9605630736501957
0.9605987819257482
0.9606137198602945
0.9606416309474819
0.9606424141707699
0.9606698420447025
0.9606478805798635
0.960670190907676
0.9606773761416105
0.9606781489842601
0.960668559835192
0.9606273877757073
0.9606328271520898
0.9606711699208926
0.9606219362219264
0.9606837663286977
0.9606461182811589
0.9606497308126255
0.9606534843906501
0.9605880228357841
0.9606245386782151
0.96063295769997
0.9606888893286935
0.960645504028527
0.9606572015484509
0.9606803784963102
0.9606999451594459
0.9607023168741187
0.9606987454954019
0.9606937868686799
0.9606866476977869
0.9606809848212552
0.960714406518085
0.9607325162069462
0.9607178392036535
0.9607704539043094
0.9607614382412827
0.9607707210472294
0.9607680940099206
0.9607187636306194
0.9607173654627698
0.9607031730569993
0.9606872786487365
0.9606978448925696
0.960660403029369
0.960657526171403
0.9606353462328384
0.9606008505456577
0.9606082342292556
0.9605993761817556
0.9605672720572453
0.9605472768705331
0.9605157958450342
0.9605055015231718
0.9604739472842363
0.9604898471661458
0.9604834110134319
0.9605122049649715
0.9605122202834008
0.9605524759916765
0.9605672798106303
0.9605729309604966
0.9605689338928389
0.9605749231430326
0.9606159190012313
0.9606560197600458
0.96065224191145
0.9606553818336384
0.9606630382451391
0.960689074366641
0.9607469789609607
0.9607941865019538
0.9607667182232091
0.9607273150132575
0.9607198621065312
0.9607434099747919
0.9606972962308906
0.9607241265204295
0.960648215502632
0.9606415744967692
0.960648826186137
0.9606459594803627
0.9606744461247378
0.9606641557362976
0.9606599104132307
0.960692062415249
0.9606842957916939
0.9606802835783873
0.9606628491805486
0.960688106228967
0.9606644660956827
0.9606916505848546
0.9607167728144128
0.9607043709962719
0.9607123928277397
0.9606931226164523
0.9606672898221803
0.960653323575388
0.960565099080026
0.9605890415144638
0.9606197944588305
0.9606621507532529
0.9606763002422716
0.960609288370759
0.960618828967332
0.9606577532207861
0.9606213180405456
0.96061068556178
0.960637924602051
0.9606538403361407
0.9606258412652057
0.9606304121595032
0.9606093428698055
0.960667337888213
0.9606959513781602
0.9607278847954127
0.9606923651832588
0.9606637284670971
0.9606365079071055
0.9606345556340606
0.9606331491160973
0.9606372273740308
0.9606624815442248
0.960683101475153
0.9606982190471648
0.9607387954161019
0.9607373561499422
0.9607483552793031
0.9607735537344022
0.9608041627302703
0.9608147905352205
0.9608513759686022
0.9608232446076908
0.9608562596027496
0.9608715220142853
0.9608858598517598
0.960904685621367
0.9609325641597077
0.960915292677593
0.9608832540150197
0.9608797401826278
0.9609196641191805
0.9609248291133652
0.9609213050399714
0.9609314940335215
0.9609466207000881
0.960944783423807
0.9609293155554428
0.9609044578700656
0.9609127426514134
0.9609028526197543
0.9609305483422389
0.9609256662333937
0.9609139021110052
0.9609197384759636
0.9608633532378306
0.9608851536761619
0.9609059439489397
0.9608906430477019
0.9608820397703591
0.9608803438218048
0.960865318951667
0.9608282689405302
0.9608191407843891
0.9608395257673052
0.9608230204764989
0.9608337882695226
0.9608522608882887
0.9607889309845657
0.960783084704922
0.9608038652748864
0.9607892306155961
0.9607817681045673
0.9608167433479927
0.9608339786757667
0.9608935483646817
0.9609151962126015
0.960950283516793
0.9609871223927586
0.9610012353654253
0.9610366671537842
0.9609806512738504
0.9609751983620425
0.9609361804965819
0.9609371376771564
0.9609263187705163
0.9609232914507865
0.9609453530887415
0.9609870521443785
0.9609970926845562
0.9609607712234031
0.9609610200473365
0.9609501111855491
0.9609596767997296
0.9609200008800814
0.9608834763164454
0.9608653828652947
0.9608347761245752
0.9608662646288288
0.9608828471404028
0.9609072274628823
0.960880556370847
0.9608644431156306
0.9608548299330882
0.9608501750941185
0.9608648159368933
0.9609525038997484
0.9609312377896748
0.960917553615453
0.9609412766896074
0.9609076396932887
0.9609336759420818
0.9609425920171133
0.9609412346138758
0.9609281578798107
0.9609471125644712
0.9609963327155541
0.9609397445576415
0.9609261973799635
0.9609325136234861
0.9609199183561156
0.9608813515236273
0.9607982306294894
0.9608158248705824
0.9608116413570683
0.9607833161139211
0.9607946518686135
0.9608247736954117
0.9608329818538828
0.9608654277866906
0.9608707600307926
0.9608876077403221
0.960899817985679
0.9609057889434223
0.9608997708431121
0.9608720523333839
0.9608679138290658
0.960889162924653
0.9609106649279953
0.960926557162172
0.9609312640968439
0.9609288628266551
0.9609459090165735
0.9609480812026804
0.9609356935342166
0.9609148449355968
0.9608829396612022
0.9609021026439716
0.9609315087159267
0.9609369708519676
0.9609394097798295
0.9609169518142533
0.9609044350781537
0.9608604098352855
0.9608734916177782
0.960868990050925
0.9608695797678989
0.9608587616868879
0.9608647944425937
0.9608569673224109
0.9607918576366113
0.9607660972908251
0.9607904203503415
0.9607897724546023
0.9607693084418701
0.9607558073812613
0.9607499580338021
0.9607920339754868
0.9607603658195627
0.9607788471645172
0.9607902989563777
0.9607421928959067
0.9607544867541098
0.9607431563325598
0.9607157638502478
0.9607336438340925
0.9607531168645016
0.9607765557316089
0.9608078122234582
0.9607954063851276
0.9607535383344056
0.9607299927984206
0.96073808643091
0.9607328120778075
0.9607209593130447
0.9607340632296508
0.9607643328644628
0.9607583474698993
0.9607813445085907
0.9607261047105344
0.9607446799682945
0.9607658932505438
0.9607682495725477
0.9607909030116863
0.9608001256028301
0.9608249697102889
0.9608386845867889
0.9608436571682673
0.960831870110929
0.9608223386463
0.960833810067847
0.9608583345490017
0.9608703060105567
0.9608825692668621
0.9608642035417432
0.9608604816175282
0.960844737272421
0.9608463654680733
0.9608303263645176
0.9608501482595333
0.9608444243626674
0.9608361537393398
0.9608280421131227
0.9608557636512007
0.9608236969586815
0.9608439574468506
0.9608513620228569
0.9608294477921673
0.9608577452584665
0.9608672194427439
0.9608439151933582
0.9608498707012018
0.9608214166055972
0.960827798941095
0.9608624185136508
0.9608884705400885
0.9608722927657177
0.960857072752581
0.9608629297295227
0.9608807491902847
0.9608697791884188
0.9608538457297845
0.9608416427241206
0.9608391483841593
0.9608511342276053
0.9608208869598003
0.9608430818358539
0.9608576740934881
0.9609078488328364
0.9609021646320416
0.9608799192378704
0.9608912139224851
0.9608860493648325
0.9608829460946405
0.9609204739180219
0.960954887062115
0.9609484934122378
0.9609770894662736
0.9609732792513354
0.9609701438022277
0.960951713644831
0.9609328631302047
0.960909077776005
0.96084971720219
0.9608545194075222
0.960843052019794
0.9608657829840298
0.9608745941319057
0.9608765083591617
0.9608793936686024
0.9608747056623151
0.9608778828174109
0.9608405122147359
0.9608166822081458
0.9608224464865517
0.9608276095327601
0.9608315456805083
0.9608304365660544
0.9608648101779681
0.9608286361498883
0.9608065015405017
0.9608501356251857
0.9608504123658532
0.9608760544561293
0.9609124997941899
0.9609197312377518
0.9609234191005371
0.9609343999125312
0.9609285278210548
0.960910318159304
0.9609339946329807
0.9609208751908505
0.9608935835821201
0.9608995608693353
0.9609195809339863
0.9609114040492776
0.9608702248476554
0.9608664333734297
0.9608395148282909
0.9608428158939136
0.9608685204804323
0.9608926517267041
0.9608672731162979
0.9609180339965113
0.9609092402275544
0.9609239835400504
0.9609068603006391
0.9608915648048303
0.9609139913379947
0.9609168092544365
0.9609061148749686
0.9609036681618067
0.9609112542549579
0.9608960837063397
0.9609310909806206
0.9609475446715084
0.9609548445357606
0.9609549088124033
0.9609922805642581
0.9610006455909035
0.9610119307679499
0.9609958757679349
0.960999660990989
0.9610153498180881
0.9610031918211851
0.9610248340217553
0.9610001571119186
0.9610433252443472
0.9610334347214967
0.9610129934698313
0.9609889219378641
0.9609665483102854
0.9609552070947012
0.9609439531493011
0.9609450165282816
0.9609440114642557
0.9609449865719463
0.9609748611871354
0.9609569245266271
0.9609530821939336
0.9609595616764592
0.9609695801371543
0.9609380622483212
0.9608905289154259
0.9608978121071673
0.9608691470175196
0.9608713398149306
