0.8605919534215413
0.9082436574751075
0.921464677580941
0.9312649728615874
0.9398374997717504
0.9393121621750588
0.9442869493475268
0.942694557980021
0.9458134182991514
0.9464682848885446
0.9464474188637475
0.9455174352567799
0.945104084177745
0.9451438248968722
0.9461141492494516
0.9469220490518541
0.9467861397786567
0.9486936732928941
0.9467878387215402
0.9471063865293838
0.9492405907543638
0.9498480191182872
0.9493547486964216
0.9499631806362149
0.9507068897665806
0.950658999701958
0.949961094830819
0.9511545951798603
0.951640615708085
0.9518150533278503
0.9524742745781106
0.9532499284665188
0.9530965487966727
0.9528921376314731
0.9531886843462805
0.9536856890944782
0.9539518756598541
0.954026105473195
0.9541243132116427
0.9532777066685328
0.9535520720724627
0.9534821033796738
0.953383908712056
0.9532157714606213
0.952683480556036
0.9527264682078672
0.9533098551123802
0.953331224545483
0.9532889333260666
0.9529341600522241
0.9532310297719616
0.953792728900886
0.9536731085544378
0.9534199227992551
0.9534565045163661
0.9535986108682264
0.9532109591302782
0.9531139642468562
0.9530277866259093
0.9530288875173386
0.9530596771422327
0.953060694445874
0.9535459598690429
0.9532817859837401
0.9535074867484926
0.953012987130004
0.9531181282567339
0.9532840380248717
0.9535955115194763
0.9536248665426746
0.9538079525897107
0.9538138662416155
0.9535784443842862
0.953816841922926
0.9538474128173984
0.9537198922353165
0.9539468795247592
0.954183897489017
0.9540444650296975
0.9540434153819225
0.9539286723101339
0.9540976191894779
0.9541110498845481
0.9542174844887724
0.9540952860112016
0.9541705233430978
0.9545244013570365
0.9542695004720158
0.9540810174664429
0.9538685888320372
0.9537801325316903
0.9538408504339807
0.9539328310854014
0.9538115813741468
0.9536873973997377
0.9535642113823104
0.9538317395833108
0.9536847733585484
0.9534637323288798
0.9535881883674892
0.9533627136907301
0.9532198956663696
0.9535593571052285
0.9533944008763429
0.953408244108542
0.953152982716985
0.9533077490787905
0.953455286904524
0.9536486424521416
0.9535903253675372
0.9536581977839527
0.9537529179266915
0.953849209374037
0.9537919410381943
0.9535153152441141
0.9536281380068408
0.9536675175842985
0.9532823136328603
0.953342890395108
0.9531723394009263
0.9530261790599588
0.9529319773979336
0.9529672182899548
0.9529835285497342
0.9529954999289874
0.9532501694622433
0.9530741635889672
0.9531319291065156
0.9531301127350783
0.9528889147577604
0.9530035713452641
0.9530725324290673
0.9530671545407203
0.952858163530018
0.9528233744226962
0.9528662038091239
0.9528587549434443
0.9528019093819281
0.9528598618313284
0.9527163453100709
0.9526997349665337
0.9526481566080923
0.9525517044284444
0.9524890369624031
0.9523436271670652
0.9524833299897121
0.9524772642738033
0.9524442217533571
0.95255255136003
0.952705704933932
0.9528049448225115
0.9527943205960635
0.9527767360875387
0.9528588040500738
0.9526973440072141
0.9526563053350474
0.9526813242431411
0.9525245439666815
0.9524944484264734
0.9524989126469803
0.9525664075951022
0.9526496561630535
0.9525631413057706
0.9526768886439949
0.952774891073498
0.9528770724403405
0.9529586289109656
0.9528947682562668
0.9528122224429995
0.9526994601640723
0.952786134260374
0.9527519775874481
0.9526826934898891
0.9526017470350303
0.9529104700147379
0.9528731316359715
0.9529543226391367
0.9528863116804973
0.9528598775805891
0.9528487286177942
0.952952047037607
0.9530088736036373
0.9529858837530987
0.9529899116775211
0.9529709734169937
0.9530313839279724
0.9529733346651541
0.9529094705981902
0.9529241872435679
0.9528489914544447
0.9529248273394573
0.9529473427323544
0.9530318737327154
0.9530531322314943
0.9530877986511095
0.9530959895287194
0.9532413996893063
0.9533652425529482
0.9533064733450849
0.9533254125985887
0.9534555570676442
0.953383721223545
0.9533163961176391
0.9534657197024952
0.9534034566889974
0.9534987763277558
0.9534639673133204
0.9536131806793015
0.9535454786860439
0.9535365028006194
0.9535127259269699
0.9535670148534929
0.9536231887588384
0.9536039089980421
0.9535899657412319
0.9536496036696795
0.953605181488168
0.9536292456783647
0.9535328896853772
0.9535285459993486
0.9536153664884937
0.9536728146758029
0.9537348768043084
0.9537023121436097
0.9538334402703686
0.9538486289823961
0.9537460368447861
0.9537579180180441
0.9537233471857974
0.9537178101778389
0.9537603319052159
0.9536741302934435
0.9537100766620915
0.9537807190465861
0.9536673995194834
0.9536281471647163
0.9537312252554556
0.9538341141826246
0.9537660744357214
0.9537273761018226
0.953638611851648
0.9537190222777235
0.953691331722825
0.9537406739752201
0.9537181818489164
0.9537238470724013
0.9537647084247242
0.9538115832555673
0.9538780613495433
0.9538191794056445
0.9537698810121386
0.9537178667872721
0.9536568854092553
0.9536499903938207
0.9536013098332176
0.9535388209781931
0.953570317561496
0.9536936790515118
0.9536651225446012
0.9535636855836191
0.9535620763172229
0.9536567089058942
0.9535867373408571
0.9536343329470167
0.9537614938952454
0.9538090201638632
0.9538318456232013
0.9538452919874673
0.9538276913484234
0.9537021226087983
0.953599426690961
0.9536848967456701
0.9537272689087519
0.9537443016554341
0.9536929934883672
0.9536180325640914
0.9536473153911526
0.953640210236836
0.9536817440635839
0.9537194811265396
0.9537161832836626
0.9536653317411766
0.953617658260372
0.9534703557133903
0.9534595422671227
0.9534784921966888
0.9536036987095369
0.9536694914811329
0.9536807167203784
0.9537710896386922
0.9537534991923093
0.9537736136786367
0.9537491860652952
0.9537398364638815
0.9538046754422342
0.9538059344893561
0.953933825910102
0.9539394606917804
0.9538595647872057
0.9538552852494971
0.9538921790654626
0.9538501357502117
0.9538608632028607
0.9539849030115799
0.9539701086043413
0.9539933296331118
0.9540165392643626
0.9540284940590389
0.9539982177124963
0.9539220944703308
0.9538888898899824
0.9539145879667033
0.9539376769357709
0.9539739402986083
0.9539779754218255
0.9539620573482633
0.9539381509835629
0.9539496959678233
0.9539032262831971
0.9539295119394257
0.953879822118444
0.9539356274291273
0.9539851174101547
0.9540162511278485
0.953996990793771
0.9540151441778454
0.953897828347661
0.953800563791618
0.9538024616984165
0.9537230847386954
0.9537958372951758
0.953873268587164
0.9538486034423127
0.9538631915504543
0.953947397814009
0.953900443096913
0.9538770378388844
0.9538726263266036
0.9539629567596822
0.9539577342211385
0.9540287637180883
0.9541209755297759
0.9541309805422687
0.9540581248145904
0.9542117802993135
0.9542230037022091
0.9542651348530504
0.9542657974203232
0.9542020847968661
0.9542070110710857
0.9541891339403243
0.9542075855713764
0.9541928340921416
0.9541834930379959
0.9542541389997494
0.9542361844612469
0.9542704499776188
0.9541857623058185
0.9541910838503092
0.954246336357768
0.9542897709123391
0.9543019282107176
0.9543306131998777
0.9543283360262312
0.954371280054581
0.9543479080223245
0.9543793890955847
0.9543640392845906
0.9543330187956159
0.9542998588136663
0.9543080986106272
0.9543704989788327
0.9543339959054475
0.954370092162102
0.9543515357437672
0.9544093592871172
0.9544384042844446
0.9544010991700974
0.9544488614076931
0.9544541990792234
0.9544901020075669
0.9544325259442614
0.9544012267585128
0.9544180726459577
0.9544662257884804
0.9545255780964005
0.9545835586611875
0.954575554834718
0.9545874712280478
0.9545189183303631
0.9545131346122813
0.9544654317163906
0.9544518523444349
0.9544775421864417
0.9544762057553164
0.9545181267535952
0.9545036638975487
0.95453103045208
0.9545629382802825
0.954556685761973
0.954566682766331
0.9545460860097622
0.954505196173548
0.9544886562181776
0.9545424923354727
0.9545497389791795
0.9545406767651694
0.954523767548721
0.9545559465955944
0.9546576849109619
0.9546251834525203
0.9545993648439124
0.9546311890349266
0.95460223065093
0.9545341044319153
0.9545948086644831
0.9546549058569951
0.9546754327205543
0.9546416144093678
0.95459433709951
0.9545657127309488
0.9546374031685213
0.9546620115715152
0.9546673115933201
0.9547351121178193
0.954711679568453
0.9546635781775905
0.9546664131006526
0.9546514870868857
0.9546781395353101
0.9546756297875527
0.9546397977798138
0.9545674419824909
0.9545877022223084
0.9545484691012065
0.9545837730287479
0.9546332692858733
0.9546460040843652
0.9546725954157624
0.9547108838545926
0.9547023693331307
0.9547081873662169
0.9547064518967676
0.954714367585456
0.9546768199470174
0.9546917506737658
0.9546798970444496
0.9546969161325329
0.9547197928960984
0.954684585574971
0.9547210415268848
0.9547358894210924
0.9547386507514698
0.9547616203733006
0.9547239025456289
0.9547940136986439
0.9547352168294616
0.9547364656637813
0.9547770969321542
0.954763220940574
0.9547657325987761
0.9548341338215952
0.9548617102942005
0.9548515948008629
0.9548702730254034
0.9548658049724281
0.9548851212375736
0.9548725391549734
0.9548654094145151
0.954901347621495
0.9548566049622925
0.954791342252271
0.9548012443203177
0.9547828339838339
0.9547651832880399
0.9548143484533872
0.9548200687933813
0.9547648465341251
0.9547382899935933
0.9547693799354967
0.9547965914759386
0.9548469892378912
0.9548391823066483
0.9548176773429596
0.9548441877216031
0.954902493058612
0.9548953591455757
0.9549629877840632
0.9549605726318765
0.9549248133812375
0.9549030787424697
0.9549854718331047
0.9550147655164878
0.9549789332193039
0.9549684926629496
0.9549735851911654
0.9549483675673817
0.9549602961623944
0.9549415978118861
0.9549128303213633
0.9548791877091521
0.9548525471400435
0.9549056939105574
0.9549161839236323
0.9548756721912117
0.9548440297334325
0.9548473668999757
0.9548291138711726
0.9548499977149498
0.9548678597307219
0.9549025598615635
0.9548655083839709
0.9548674006211462
0.9548893561341669
0.9549280632125585
0.9549418259259791
0.9549224879611721
0.9549956162308386
0.9549366796457893
0.9549554753038192
0.9549337776658031
0.9549618796561611
0.955000241111216
0.9549891856255576
0.9549046634456183
0.9548809538187089
0.9548924246028591
0.9548974428319219
0.9548858867056927
0.95488429813054
0.9549129431880956
0.9548666117488237
0.9548267985953627
0.9547560050637347
0.9547940724069248
0.9548213010071368
0.9548446845435866
0.9548258049378009
0.9548437765015226
0.9548084180762151
0.9548239621893596
0.9548325916038104
0.9547892718131131
0.9547952503077
0.9547975323357435
0.9547596599491598
0.9547552676301192
0.9548079109027576
0.9547502599376809
0.9547369914966065
0.9547122069338928
0.954725794412809
0.9546990630086206
0.9546434646409485
0.954671670290983
0.9546482825752378
0.9546868440971636
0.9546686241237473
0.9546778012863594
0.9546108673253019
0.954638067099887
0.954610115446057
0.9545690250251563
0.9546179218638727
0.9546157599589878
0.9546406964898195
0.9545941692885119
0.9546267212186935
0.9545897092383429
0.9545481008538995
0.954561080794059
0.954512573423217
0.9545620754648088
0.9545903688968994
0.9546423798832256
0.9546158847781218
0.9545738768555713
0.9545305800498844
0.9545265229505859
0.9545464883319985
0.954500767145933
0.9544637141243802
0.9544814389617224
0.9545123994463283
0.954512769676202
0.9544967557941924
0.9544471034064869
0.9544223081776367
0.9544508740949554
0.9544883276880649
0.9544712733866485
0.9544838026190435
0.9544574866139898
0.9544625058991085
0.954543943081797
0.9544940272212569
0.9544962722072504
0.9545444444651042
0.9544973775348392
0.9544618544375355
0.9545306172694914
0.9544994130913392
0.9544598523676435
0.9544852443933005
0.95447923433585
0.9544466575788874
0.9544444401533674
0.954492971565194
0.9544342059945341
0.9544644670187786
0.9544704548369382
0.9545119422382775
0.9544363785904831
0.954468955064082
0.9544738016407485
0.9544950459084784
0.9544998105877545
0.9544958782985261
0.9544847589440466
0.9545114063025792
0.954478706062162
0.9544657775700989
0.9544550118912829
0.9544381863484435
0.9544494876774171
0.954472617997439
0.9544426984733341
0.9544410688775216
0.9544028963739666
0.9544333440465151
0.9543884714662169
0.9543847827382618
0.9543838921682607
0.9544097957608414
0.9544333808368647
0.9544592015878288
0.9544432907701283
0.9544360713858947
0.9544489749922839
0.9544401593842636
0.9544123979708863
0.9544249387391966
0.9544157919586336
0.9544804480322592
0.9545287350821648
0.9544865038917177
0.9544518972993016
0.9544296367551609
0.95445066802981
0.9544649199362131
0.9544468794496481
0.954388609588512
0.9543714979680019
0.9543965145700614
0.9543870920648978
0.9543784760495386
0.954426065480783
0.9543740135157717
0.9543725420040409
0.9543713645463748
0.9543448815200335
0.9543341720779078
0.9543621188423665
0.9543256767599729
0.9543309632968444
0.9542835861362063
0.9542667346466142
0.9543269738093724
0.9543111669534073
0.9542576386339309
0.9543123845260959
0.9543288662217331
0.9543453311431881
0.9543284830609869
0.9543121597756242
0.9543661352249115
0.9543294784422052
0.954311671545647
0.9543188757416877
0.9543478751862685
0.954342103233968
0.9542855551548329
0.9542646836678413
0.9542942925639409
0.95427471998267
0.9542565749814824
0.9542204806074276
0.9542271839046734
0.9541888125511153
0.9541778880286383
0.9541583383414782
0.9541464506607336
0.9541335688719469
0.9541375488276372
0.9541494127732006
0.954154674478216
0.9540999450383988
0.9540685261610724
0.9540298063477849
0.9540133012070756
0.9539892367137224
0.9540099860583162
0.9539986025281851
0.9540399505522261
0.9540660964882633
0.9540549277241142
0.9540614975337316
0.9540720632711159
0.9540760884670499
0.9540676241022891
0.9540348810593896
0.9540124874474953
0.9540247361897272
0.9540217753160185
0.9540197517344875
0.9540275205214693
0.9540090956720553
0.9539573381824251
0.9539608807336954
0.9539465294304837
0.953948329015145
0.9539319144569633
0.9539301391007602
0.9539188223672145
0.9539471253423024
0.9539563369344489
0.9539734479209505
0.9539915514274021
0.9539609220569941
0.9539856433107913
0.9539825967939206
0.9540156069946882
0.9540152808474442
0.9540111967547599
0.9540492114951803
0.9540664007330045
0.954055383995688
0.954018726825939
0.9539977143999759
0.9539760381023946
0.9539541566166897
0.9539514372202955
0.9539637054251945
0.9539564611680514
0.9539633288589255
0.9539534864166193
0.9540084853551104
0.9539964339941843
0.9539746300664865
0.95397782806774
0.9539452396501868
0.953976803717863
0.9539606967466638
0.9539965194036898
0.9539787923158911
0.9539644488421419
0.9539251934495743
0.9539062492911199
0.9538961207621635
0.9539402443784295
0.9539371831998834
0.9539566094316324
0.9539571243506887
0.9539805911051539
0.9539931870738039
0.9539836718763988
0.9539777412129038
0.9539695305907645
0.9539416553895647
0.9539309174435235
0.9539071439233839
0.9539331160042307
0.9539729257820123
0.9539715561822084
0.953971173181215
0.95399810402564
0.9540385172062814
0.9540903019007874
0.9540746532557822
0.9540820728058698
0.9540942975353409
0.9541125390221125
0.9540691259200991
0.954093452168172
0.9540581505383346
0.9540407717637492
0.9540306967003259
0.9540363468612899
0.9540074766689701
0.953979023848752
0.9539648782594076
0.9539678643546563
0.9539681180001837
0.9539266896739393
0.9538999050499976
0.9538742635954413
0.9538690449825009
0.9538441739225691
0.95383169433478
0.9537937995615449
0.9537693546009742
0.9537768390037683
0.9537925414571731
0.9538322694081579
0.9538662391561036
0.9538729535758932
0.9538544276692027
0.9538920321979938
0.9539004295922223
0.9539102046797853
0.9538935432131346
0.9539037159533068
0.9538998003132678
0.9539118891582186
0.9539254708502157
0.9539370270970857
0.9539250729684557
0.9539225604129052
0.9539265025850437
0.953953301817887
0.9539391889183816
0.9539151691847756
0.9539048596998638
0.9539198229985829
0.9539419932684455
0.9539363129622943
0.9539298433048722
0.9538888581120644
0.9538890816765705
0.9538743729276571
0.9538906500820236
0.9539000657288137
0.953884337714856
0.9538785406507797
0.9538606878198704
0.9538391965042397
0.9538828159983435
0.9538683385521943
0.9538457858078189
0.9538203485600093
0.9538224560865272
0.9538257795029346
0.9538146464685772
0.9537963418835947
0.9538106126056596
0.9537511523756725
0.9537428963624299
0.9537502796886832
0.9538064421906103
0.9537978590858783
0.953819853050836
0.953834506394603
0.95385351023804
0.9538599028866518
0.953893836314416
0.9538683428713381
0.9538605666918392
0.9538335092885003
0.9538308606468374
0.9538399906437035
0.9538085614797991
0.9538126448748662
0.9537990657362727
0.9538118897397428
0.9537908904341532
0.9538036661446433
0.9537750122364085
0.9537902810949922
0.9537629876920166
0.9537383294138819
0.9537115971841642
0.9536986156570701
0.9537129113277492
0.9537060537324809
0.9536856241097806
0.9536587023509563
0.9536560593373938
0.9536997315154281
0.953723614960036
0.9537304017915714
0.9537334893946406
0.9537427116683549
0.9537482122200577
0.9537352690824644
0.9537335009577813
0.953740637285113
0.953735640274955
0.9537352843432402
0.9537493797181102
0.9537605034614929
0.953800985614953
0.953777224810021
0.9537313219832841
0.9537524164735006
0.9537219756720464
0.9537148609907056
0.9537168890748983
0.9536906144456411
0.9536915005766755
0.9536890771946116
0.9537110387067897
0.953688021724126
0.9537182744969422
0.9537216335038879
0.9537243777442155
0.9537532992307018
0.9537485490172226
0.9537270398638311
0.9537026235632997
0.9536967382159759
0.9536863462324945
0.9536948198174189
0.9536889305238325
0.9536870416914596
0.9536889276141729
0.9537100764452082
0.9537036655778831
0.9537263419431826
0.9537439521369157
0.9537337207943525
0.9537270456791209
0.9537674772579119
0.953779678041747
0.9537967265255367
0.9537678016502334
0.953765309610387
0.9537960547330485
0.9537862641225744
0.9537727067899231
0.9537758191865733
0.9537746193056076
0.9537465650421564
0.9537589831268846
0.9537671556947724
0.9537344218054669
0.9537173190179038
0.9537056994862586
0.9537169707362779
0.9536703606667567
0.9537184999365379
0.9537254532618893
0.953727623383944
0.9537535304381998
0.9537234271523726
0.9537624140163967
0.953749816294566
0.9537488037104328
0.9537698653282001
0.9537554827981773
0.9537633431369779
0.953784176852379
0.9538377635163598
0.9538492798496016
0.9538568791790547
0.953850615866774
0.9538737256002866
0.9538704442573165
0.9539234171094162
0.9539134858686276
0.9538936968015218
0.9539239056114053
0.9539173491635323
0.9539031481181954
0.9539213076130061
0.9539280852617514
0.9539303341589066
0.9539393742241148
0.953924720350062
0.9539467528897033
0.9539326469856028
0.9539377494583317
0.9539661073011824
0.9539324455571383
0.9539328182372924
0.9539698964891214
0.9539373615070406
0.953900574991835
0.9538967616594225
0.9539118006464519
0.9539119258987994
0.9538888457397984
0.9538860478813617
0.9538764280406796
0.9538935266471367
0.9539125018575072
0.9539124235153503
0.9538787168815066
0.9538691686273223
0.9539010891966244
0.9539109942001373
0.95388124172485
0.9538695230428541
0.9538886887665897
0.9538746294919703
0.9538792948481628
0.9538963476965548
0.9538786034201735
0.9538474637367315
0.9538163822019202
0.9538231389091854
