0.8926562519333812
0.9071138950215676
0.9129776549709636
0.9295145171502533
0.9385856037277092
0.9425827711404868
0.9475157053175133
0.9471754991878191
0.9509191121718534
0.9530496151222823
0.9521822361581401
0.9496826294921026
0.9487563539623143
0.9498362347760168
0.9502527790653292
0.9493000657753308
0.950019596192004
0.9507603230031754
0.951513333089202
0.951627811362674
0.9512416655618722
0.9518851456637993
0.9515185616387024
0.9512221409323369
0.9511040954384575
0.9513063711910827
0.9519364832937437
0.9520072571013215
0.9523645648658703
0.952842421815901
0.9518778205523672
0.9522990335006334
0.9534254480352412
0.9525809041580899
0.9529448509292344
0.9528462653589773
0.9528100261623869
0.9524309372120559
0.9527102025993839
0.9523448058761591
0.9527751290281654
0.9526823129438338
0.9533574759944575
0.9534865325220742
0.9523937731132507
0.9518263324882555
0.9516225341841303
0.9516744882701442
0.9518106361176772
0.9512086779319369
0.9513588829106976
0.9508468589919422
0.9501336296711581
0.949719877622333
0.9494899658509498
0.9492986692625482
0.9496891329377954
0.9500542370391527
0.9504324978421929
0.95080166931584
0.9509274874126904
0.9507734090548106
0.9508647660560261
0.9505505743137604
0.9505261134755499
0.950277117258324
0.9501861560504211
0.9497447718083166
0.9497069036639028
0.9497991131874042
0.9500670306007771
0.9504373626583424
0.9506460351079119
0.9505917380006801
0.9505593797441982
0.9504709002710872
0.9504702421680268
0.9501665802050593
0.9501584821105371
0.9502905471066677
0.9504296300929024
0.9502507302089658
0.9502017909535813
0.9501759006697721
0.9502028640466611
0.95009935286554
0.9500249751907716
0.9501111607482672
0.9503126827691456
0.9500533100650503
0.94999044190843
0.9502239504074305
0.9503178939560151
0.9501712964529717
0.94996773422886
0.9498349847274838
0.9497935720234564
0.94984988981192
0.949731391802693
0.9501913257790079
0.9501639236929211
0.9502378145803148
0.950107478512699
0.9501361750713008
0.9500633299766635
0.9499449011892148
0.949907957184312
0.9498742728713618
0.9500361795549644
0.9499111524519622
0.9500483120117506
0.9499924970151786
0.9498958965144355
0.9496584426683224
0.9496157839357748
0.949596465045961
0.9496665955887257
0.9496453056738634
0.9494884553802698
0.949403090771545
0.9493027503970174
0.9490529027961756
0.949106073814176
0.9492000074133998
0.9493731226023514
0.9494751837174853
0.9494621873091391
0.9494977218634001
0.9495566633205546
0.9495245723261369
0.9495285175918616
0.9496494185212963
0.9496499780544073
0.9496301314398657
0.9496334893714983
0.9496495767648515
0.9495837338632922
0.9495602105037739
0.9497178086494164
0.9497171919141056
0.949837642132367
0.9499163489924767
0.9500513594910799
0.9499449485113167
0.9500113205349895
0.9499178148171075
0.9501304788790619
0.9500720031626351
0.950033816638537
0.9499051569007063
0.9499591918054746
0.9500098025445529
0.9499073649640569
0.9499576659351346
0.9498381859937668
0.9499251582381221
0.9500148274852147
0.9501000198081853
0.9500192750787304
0.949951151447723
0.949979071162769
0.9499128051462146
0.9498247119008878
0.9498131509417879
0.9497920036508802
0.9498079693642297
0.950035127086562
0.9501151925156409
0.950241156214748
0.950101819865317
0.9500895257074473
0.9502359987005647
0.9502887780201189
0.9502383651284939
0.9503532252711033
0.9504406004574922
0.9504068837134452
0.9503949622079181
0.9504970508132861
0.9504281429553212
0.9504024628142714
0.9502758805854906
0.9503176074946172
0.9503375646820738
0.950307162270133
0.9504585982016468
0.950404626437916
0.950426154491234
0.950380753639179
0.9503455835114522
0.9503640713228094
0.9503246494425707
0.9504806882741257
0.9505246108587226
0.9506011876536822
0.9505850877656196
0.9504419585197964
0.9504545040933773
0.9505195907198923
0.9506621253315509
0.9506975602331263
0.9506915056124177
0.9507409072295789
0.9507320139173377
0.9505670497504097
0.9505674968598012
0.9506080293774077
0.9506249521814393
0.9505601267851985
0.9505819974200175
0.9507626450560082
0.9508587944405065
0.9508551029472108
0.9508070296070332
0.9508720265006012
0.9508961136104447
0.9508903279072268
0.9509801223758533
0.9509257540278796
0.9508529282061724
0.9507780863929501
0.9507069661342837
0.9506442232168337
0.9505955923654177
0.9505809943348186
0.9507075895914034
0.950652866193999
0.9505939521132277
0.9506231724090556
0.950544263239051
0.9506144750859611
0.9506762945352233
0.950551130357888
0.9507209865773231
0.9505534476302437
0.9504663601626165
0.9504573367044105
0.9504592095636626
0.9504896085406548
0.9505316480351788
0.9505348868767635
0.9505419655438934
0.9504828912814767
0.9504528768858308
0.9504602326047367
0.9504975500781908
0.9504504717142969
0.9504661526669279
0.950378549728422
0.9504040553826072
0.9505002536816277
0.9505616364994253
0.9505946349560755
0.9506357300379676
0.9506476870970688
0.9506376854652485
0.9505625105969524
0.9506565598517589
0.9505869680116011
0.9505386457457601
0.950559800659397
0.9506530547182938
0.9506227006338513
0.9507266581114036
0.9508040983296107
0.9507473166617365
0.9508063756158793
0.9507825961326863
0.9505927539567098
0.9505602553025517
0.9504707606810139
0.9505886951896899
0.9506963642667179
0.9507161347854619
0.9506948561034619
0.9505788495898984
0.9504534419884453
0.9504436253082962
0.9505123909490318
0.9504410704018985
0.9504288074689258
0.9503582336520794
0.9503316450507091
0.9502853337898398
0.9503326240578817
0.9504526661689723
0.9504582660047874
0.9504277206809675
0.9504241099634211
0.9503634480876297
0.9503324172457818
0.9503986173885275
0.9503942077261376
0.9502672047626997
0.9502749394645257
0.9502905895115944
0.9503244861083314
0.9503121495086921
0.950336566519151
0.9503392421374683
0.9503631086439994
0.9503269477595485
0.9502613496061666
0.9502308257283038
0.9503276091186373
0.950411587042036
0.9503164194894934
0.9502734709000824
0.9502589042759066
0.950139844532138
0.9500844048953802
0.9500639357941736
0.9500250525062135
0.949937661982261
0.9498894829254653
0.9498860729679897
0.9499222733390964
0.9499159686667303
0.9498960059774522
0.949919673689756
0.949895565489395
0.9499215928184466
0.9498801775871757
0.9498727843305531
0.9499079310155607
0.949890731477959
0.949838579470552
0.9496997109574519
0.9497921194233067
0.9497747206639985
0.9497665069789787
0.9497530483630251
0.9497328116937367
0.949735893504338
0.9498224509078816
0.9498110584919592
0.9497912417651772
0.9498015107129993
0.9497659464716955
0.9497718499185267
0.9497456517323681
0.9497813176838128
0.949797871804233
0.9497710134933851
0.9497736927246322
0.949784792249411
0.9497363722115879
0.9497300824192386
0.9497530043682068
0.9497283525155531
0.9497509566710416
0.9496535369361875
0.9496373915085888
0.949594386816517
0.9496186063697355
0.9495996331864375
0.9495908125004311
0.9495799042766626
0.9495951237316901
0.9495871113163018
0.9496512078732818
0.9495906835472354
0.9495324656979601
0.9495701111357077
0.9496250631247174
0.9496744722897588
0.9497199974510664
0.949723325053891
0.94977434522741
0.9496953374276991
0.9497162619005788
0.9497093436453273
0.9496513466774943
0.9496356422252051
0.9496300498114137
0.9496336835705789
0.9496407147735066
0.9496266072922698
0.9496687103314075
0.949737352639954
0.9497484991881505
0.9496631705360726
0.9496944023774999
0.9497329756149936
0.9497054072066404
0.9497629042260756
0.9498385468048547
0.9498635734698198
0.9498993850671523
0.9498530618520634
0.9498479203889487
0.9497813364518997
0.9498430744221555
0.9498219626100004
0.9497675469473125
0.949793154772511
0.9498043931140886
0.9497604564537102
0.9497134303398366
0.9497172377645643
0.9497783067604967
0.9497785122791375
0.9497981175804339
0.9497728127298155
0.9497412838875062
0.9496866254889844
0.9496577977068972
0.9496896726163633
0.9496987711937411
0.9497337948170105
0.9497483393990572
0.9498188068083462
0.9497214267840521
0.949745628781513
0.9497582013162402
0.949822600905243
0.9497864711768921
0.9498971240892975
0.9498716543075416
0.949831482988523
0.9497757517026814
0.9498173738726466
0.9498902342440173
0.9499059241316463
0.9500175699498028
0.95001231606929
0.9499618601161619
0.9499437169802026
0.9499559893769707
0.9499403597913969
0.9499502781200428
0.9498931705225359
0.9498644043747272
0.94980334163925
0.9498252352377369
0.949766871553458
0.9497615129197492
0.9498199036890859
0.9498629626218089
0.9499210791717133
0.949934441882621
0.9499124524161088
0.9498998213599628
0.9499229630852932
0.949913103054094
0.9499806613284174
0.9499731852265296
0.9499695056585343
0.9500504964745722
0.9500155940522843
0.9500144302667874
0.9500738455789798
0.9501054936072152
0.950109257119068
0.9501428197289083
0.9501845936229782
0.9501749069197204
0.9501621892759987
0.9500974568286844
0.9500974261518513
0.9500831462779075
0.9501359392490526
0.9501817352123801
0.9502031333046821
0.9501654834164267
0.9501397787268522
0.9501017463155496
0.9500857686139219
0.9500369416548589
0.9500985289011811
0.9501206038042455
0.9500741652039745
0.9500811209163198
0.9500366423476029
0.9499730344026341
0.9500475592957083
0.9501091122018366
0.950103759844534
0.9501000862972638
0.9501349404225766
0.9501196058098891
0.9501221284850585
0.9501242884652645
0.9501308381017948
0.9501017709883173
0.9501108942084293
0.950101934091453
0.9501393114099558
0.9501283002015015
0.950153756874434
0.9501306368858836
0.9501341624489502
0.950183908119909
0.950214018665616
0.950231206005127
0.9502393891454458
0.9502361672733639
0.9502198852148384
0.9502043176708663
0.9502765382496616
0.9502617157207647
0.9503075760224197
0.9502500543176032
0.9502385420714238
0.9502709118506109
0.9502574399033165
0.9502341626057934
0.9501936367959364
0.950178664953594
0.9501434648629027
0.9502012545782087
0.9501469966819975
0.9501294242199253
0.9501094214321424
0.9501714137017981
0.9501662831692058
0.9501571809087853
0.9502238235257223
0.9501780100494889
0.9501864739524731
0.9501657735684672
0.9501723919925956
0.950261106963222
0.9502342261562027
0.9502231573411758
0.9502233285737195
0.9502274892165952
0.9502214636090017
0.9502352390389777
0.9502088880123855
0.9502053869971332
0.9501781435811165
0.9501725661781484
0.9501558981405269
0.9501841780113203
0.9502566250527207
0.9502901843550444
0.9502991023052711
0.9503048923437908
0.9502635590464866
0.9502372406302649
0.9502429222938047
0.9502420438160524
0.9502490594762184
0.9502369115727196
0.9502452344947008
0.9502090112874955
0.9501909514289733
0.9502600411214517
0.9502356158928054
0.9502498547829188
0.9502441321950745
0.9502657566448032
0.9502850350006607
0.9503127250039736
0.9503110877499068
0.9503395479009876
0.9502994319962588
0.950287080337007
0.950288822890458
0.9503112979059973
0.9503151906462332
0.9503067696730272
0.9503620285119311
0.9503618978756919
0.9504041559235079
0.9503618953653769
0.950345722473246
0.9503824144771462
0.95037530118712
0.9503926418121966
0.9504113198957543
0.9503822257134202
0.9503851270279216
0.950368903569676
0.9503310482168211
0.9503335281418761
0.9502964668801086
0.9503025312086325
0.9503569197075633
0.9503400351511411
0.950380658028109
0.9504002826417015
0.9504198621951099
0.9504356379366315
0.9504224055753018
0.9504295311012507
0.950424050081474
0.9504359740704805
0.9504729849876288
0.950467231540247
0.9504314456735296
0.9504411823264519
0.9504627158673054
0.950520879009175
0.9505289202136072
0.9505401762341871
0.9505485385913212
0.950513849765501
0.9505334736096497
0.9505482095745454
0.9505399818641427
0.9504996234174006
0.9505210676870826
0.9505116490544027
0.950453590604538
0.9504347259411164
0.9503967234838339
0.9503468300877911
0.9502747565389315
0.9502948548903362
0.9503297027464188
0.9503220513866598
0.9503475134209717
0.9503218736147659
0.950362144831148
0.9503669275044877
0.9503417928610369
0.9503513740375203
0.9503600281725786
0.9503261044225596
0.9502903086360371
0.9503271663182196
0.950382172788185
0.9503643573941104
0.9503702415813265
0.9503661771167288
0.9503454414717442
0.9503588042513014
0.9503893349032935
0.9504102285171431
0.9504085899120399
0.9504029687952803
0.9504310711997839
0.9504392095103559
0.9505012023428078
0.9504985210384486
0.9504674811744324
0.9504854264803543
0.9504529274102447
0.9504906115912415
0.9504491452263255
0.95040603199187
0.9504568290281245
0.950475011077392
0.9505088200547528
0.9505350998283424
0.9505183438329106
0.9505429463757327
0.9505420567715667
0.9505982956909275
0.9506041234272707
0.9506148678713872
0.9506031743015075
0.9506119834478234
0.950617068528174
0.9506118776564119
0.9505977402131106
0.9505328626847932
0.9504974498392376
0.9505190208361147
0.9505576540052597
0.9505593218750681
0.9505844761195279
0.9506307699345015
0.9506436717181768
0.9506280495866881
0.9506425385321751
0.9506504952871947
0.9506230969494823
0.9506328427104155
0.9506432306982273
0.9506448036275846
0.9506257575539192
0.9506260315517762
0.9506701178176361
0.9506727127699355
0.9506946880153216
0.9506946025454418
0.9506702608920506
0.9506022332636727
0.9505770637602189
0.9505702970662164
0.9505812695983797
0.9505964726688008
0.9506024180616043
0.9506205260261342
0.9506519116836585
0.950674419167187
0.9506752898684574
0.9506713205876633
0.9506430094347315
0.95064660913453
0.9506246122532959
0.9506532735895474
0.9506632454588007
0.9506495639964119
0.9506341713772064
0.9506130771813609
0.9505780848928997
0.9505709873009037
0.9505495787505883
0.950531636519717
0.9505428526369252
0.9505812063732811
0.9505696538210896
0.9505367464361283
0.9505722772297338
0.9505917493778029
0.9505966910200987
0.9505953882794598
0.9505825591480251
0.9505963862912549
0.9506280678274978
0.9506122213098245
0.9506004387894673
0.9505598463166097
0.9505514839035393
0.950495347729196
0.9504785373782045
0.95044114772181
0.9504599353189823
0.9504712750570415
0.9504970084057953
0.9504714815775248
0.950462501729033
0.950480852638721
0.9505027477839842
0.9504646163953104
0.9504567029716022
0.9504979522526829
0.9504706593786763
0.950465161855367
0.9504991410129013
0.9505459121616331
0.9505512948365837
0.9505650981847049
0.9505457172050376
0.9505305956765825
0.9505072121889554
0.9504880421311085
0.9505401258833518
0.9505345576786886
0.9505236035550149
0.9505217572583651
0.9505104176673541
0.9505193721254498
0.9505285930491365
0.9505219060704473
0.9505209450404513
0.9505420391477717
0.950571094705926
0.9505919736801112
0.9505860075348792
0.950611896662637
0.9505344930271061
0.9505618895967085
0.9506045040462688
0.9506062672931352
0.9505992978507537
0.950611727129898
0.9506084081257463
0.9505916705285282
0.9506428660731626
0.9506189265013518
0.9506063488189304
0.9506066361532717
0.9506079505807884
0.9505678834617347
0.9506031639333644
0.9505802432660231
0.9505809829388772
0.9505960464826197
0.9505613784775986
0.9505391817270883
0.9505315976086764
0.9505588526216867
0.9505596885312539
0.9505422118686128
0.9505444906376166
0.9505463719250937
0.950542825171825
0.9505434987987276
0.9505413339274411
0.9505328607086856
0.9504862590703774
0.9505438452363048
0.950542935596204
0.9504932593261269
0.9505234225827807
0.95050722075614
0.9504928851510667
0.9505007755503628
0.9504622191290781
0.950428608618725
0.9504178981529862
0.9504190860891807
0.9503707803868796
0.9504017297420911
0.9504165650363403
0.9503921113194337
0.9504277153907749
0.9504492550898156
0.9504686867832705
0.9504981350622422
0.9505018890183299
0.9505003224328098
0.9505353604746215
0.950527653463097
0.9505328972020538
0.9505293925237822
0.9505396410674714
0.9505460893387127
0.9505646231331949
0.9505537649754074
0.9505812428761056
0.9506025724058468
0.9506140725401353
0.9506472200570422
0.9506389886942141
0.9506229850541654
0.9505905095357325
0.9505965357516144
0.9505897865944828
0.9505819132391929
0.950552319324243
0.9505274601653806
0.9505446549511269
0.9505418206894254
0.9505177511195327
0.9505229458449018
0.9504944084598609
0.950509069288657
0.9505019640012373
0.9505021422747346
0.9505081014790978
0.9504974895122781
0.9504755897269058
0.9504652253795964
0.9504626882267968
0.9504630086344835
0.9504433743290552
0.9504316437038266
0.9504263283725545
0.9504277878158991
0.9504089181428871
0.9504276175362327
0.9504172852717454
0.9504441525678214
0.9504608316130532
0.9504628779238936
0.9504694689565505
0.9504353513795352
0.950408686561047
0.9504366391323704
0.9504360069164743
0.9504179529987092
0.9504299526858629
0.9504380790337615
0.950457080275565
0.9504165062624722
0.9504398849943894
0.9504135896857201
0.9503981970881841
0.9504081410026731
0.9504082852324806
0.9504040192686893
0.9504116634554126
0.9503799765629176
0.950377900492171
0.9504021861370239
0.9504164333055204
0.9504551151132187
0.9504297974425161
0.950421565028932
0.9504227216318487
0.9504302354780815
0.9504468493068481
0.9504310924943392
0.9504301807017463
0.950417515280409
0.9504511029067445
0.9504677479114468
0.950485016889825
0.9505109929457584
0.9504996010010779
0.9505130711771552
0.9504867798042331
0.9505310864948038
0.9505125599399739
0.9504979747942083
0.9504928535892511
0.9504769468254779
0.9504847055009485
0.9504947766638291
0.9504935413648099
0.9505144365351662
0.9504798174344039
0.9504512430704012
0.9504453748953882
0.9504828321229806
0.9505115513962874
0.9505299062783208
0.9505328836382906
0.9505289379317194
0.9505394902926104
0.9505443927997616
0.9505443748983851
0.9505254139319551
0.9505265383620902
0.9505454772668486
0.9505519088957659
0.9505647884823826
0.950566168876736
0.9505664180484116
0.9505731635867699
0.950569515674178
0.950614379630755
0.9506184888652317
0.950638350895703
0.9506382182853209
0.9506680792398594
0.9506966911443293
0.9507123819517703
0.9506954889437769
0.9506841159377681
0.9506959531042877
0.9507295384213394
0.9507122577920386
0.9507412260031611
0.9507333503587952
0.9507100508505781
0.9507315811724956
0.9507266216148197
0.9507137460131225
0.95068898285713
0.9507057999165929
0.9507232982312077
0.9507029377942287
0.9507328326920882
0.9507717083688202
0.9508009568289266
0.9508063692706294
0.9507836298489258
0.9508190672325005
0.9508143852857904
0.9508092029769535
0.9508255321333039
0.9508076834999811
0.9507693702548773
0.9507618338875418
0.9507591563841555
0.9507512533220294
0.9507628462600937
0.9507556883083728
0.9507606336609372
0.9507885902528789
0.9507723447808233
0.9507864170877894
0.950789519346856
0.9507665615896899
0.9507641603007102
0.9507858356786069
0.9507778552213865
0.950763769159557
0.9507518492302126
0.9507834193098991
0.9507702648856681
0.9507745490622233
0.9507929575340553
0.9507964070683456
0.950831990112497
0.9508484202959755
0.9508530123018759
0.9508363898678108
0.9508210323674219
0.9508253896548952
0.9508090888092822
0.9508621979061014
0.9508610021501959
0.95086836471647
0.9508630127420035
0.9508347389605528
0.9508242101115072
0.9508268367756786
0.9508186930367883
0.9508133723840941
0.9508289195063743
0.9508707727651114
0.9508839142544595
0.9508889474127369
0.9508683130136023
0.9508946901242371
0.9509043462235477
0.9509343540264547
0.9509270588653898
0.9508975680092371
0.9508796406122697
0.9508997871848363
0.950901503507067
