0.7841342138087841
0.8093809435873671
0.8338698501839822
0.8503126185371435
0.8685292120855587
0.8686568360865581
0.8741234081754743
0.8769943094692151
0.8817069278715681
0.8848945502761058
0.885387581963397
0.8849155034399803
0.8874867676811364
0.8885292142950791
0.8915205419449413
0.8924996618554015
0.8919641480036229
0.8898207546272133
0.889514032730761
0.8920552277483489
0.8920948318124386
0.8917828744740498
0.892297567123316
0.8918190601800016
0.8907209369876378
0.8889244098119906
0.8886938716682149
0.8897447989584358
0.8898341076657983
0.8892094143369108
0.8874061185411722
0.8876356381249683
0.8889601878062237
0.8887277111399657
0.888889895751756
0.8887946188010923
0.88917235683722
0.8885234035797185
0.8898267992318707
0.8888221024511846
0.8887351610573856
0.8885254184208021
0.8895399890381003
0.8901153950685178
0.889981805228483
0.8884373000865561
0.887759879329271
0.8884384111413398
0.8877700496678838
0.8879587429964559
0.8886977498857853
0.8885768870745182
0.8874238349438424
0.8869900293140939
0.8872853928116993
0.8881558795617147
0.8878287402383739
0.8877438749320274
0.8880638230242648
0.8885588512578927
0.8882616047949873
0.8877655538408441
0.888040382211463
0.8875618602102519
0.8875392126167677
0.8878961756436209
0.8876398129555918
0.887334077625866
0.8873130302171373
0.8874321684569298
0.8877116265850511
0.8882022527224438
0.8882494185202539
0.8886689717204478
0.8882204156760735
0.8883560341909802
0.8885657374340088
0.8881508171979918
0.8883954153023763
0.8886450749420121
0.8890960088885534
0.8896143204334913
0.889661072116663
0.8899708948856166
0.8904588337340762
0.890335686770617
0.8912033904480807
0.8917009614652115
0.8922850732411155
0.891853583300941
0.8917512862154783
0.8918739638358403
0.8920233073883121
0.891650703356528
0.8912540863751409
0.8906091548081336
0.8906515611891955
0.8903600083330145
0.8901354003198646
0.8908545800442939
0.8905216434062723
0.8903409220778659
0.889940916604216
0.8903165723253453
0.8902219664906323
0.8901567394363645
0.8899313154365671
0.8900079719872712
0.8904156204006248
0.8901985032565828
0.8905455696240578
0.8904153901115707
0.8898117377739351
0.8897459019844017
0.8896830565847881
0.8898558588848635
0.8892054103081578
0.8889403228819303
0.8889372487844441
0.8887827551374334
0.888622801111994
0.8883017385205736
0.8883572004000357
0.8882487141835009
0.8884449946860353
0.8888213284199442
0.8887423641840061
0.8888827148042392
0.889027316453456
0.8886184619550908
0.8891054012506877
0.8894299493589162
0.8892418551765113
0.8890627165039824
0.8890694297023071
0.8890434477931449
0.8888570762902347
0.888431785268054
0.8887768146208797
0.8887049090876231
0.8889973803370216
0.8889126271043437
0.8891991221005735
0.8892619284298422
0.8894198779513304
0.8896491304514619
0.8897690431204324
0.8895753420567253
0.8896452341929223
0.8894649544905183
0.8894587254484876
0.8894838065007232
0.8894201802722922
0.8896335834613149
0.8894735382093586
0.8897691897989005
0.8899912367908227
0.8899088255206603
0.8895669555810629
0.8896169495823267
0.8896595468930023
0.8896027368684902
0.8894246312610947
0.889471427517289
0.8898694998638943
0.8900344646507689
0.8902145741572928
0.8904644813947863
0.8908238805462514
0.8904285865879128
0.8902635479482494
0.8901284558515095
0.8902078639068173
0.8902617771229075
0.8903873601619013
0.8905763561951071
0.8904712402716035
0.8903852913014139
0.8903378218437775
0.8902181919663015
0.8902776496196777
0.8901755526542379
0.8902223940907571
0.8903513214243626
0.8902669541511973
0.8907192750560871
0.8905615196055378
0.8907362016364804
0.8908148962149162
0.8910310365398448
0.891184223683157
0.8910720301423675
0.8914304528387677
0.891406706450333
0.891438927933357
0.8914459098062937
0.8915085809565014
0.8916344836653495
0.8916111349639899
0.8918227964518832
0.8917270546045803
0.8916752933558547
0.8917169024777978
0.8917765277659148
0.8915337175373828
0.891655950140848
0.8917110496846959
0.8918762704019298
0.8920876678540637
0.8919900707773843
0.892236410307275
0.8924773250901042
0.8926090771867403
0.8925648637574616
0.8926735303848256
0.8926209260958762
0.8925235925241972
0.8924556657087944
0.892320265873376
0.8921862624794618
0.8923768683206053
0.8921513184707687
0.8922115429657554
0.8922212271217672
0.891966370317106
0.8920465054438058
0.8919433357462946
0.8918985161506917
0.8918672257223529
0.8916806143077618
0.8917323755131785
0.8917064384139224
0.8918647629844905
0.8917274404605691
0.8913778162879782
0.8912778943904315
0.8912281127502757
0.8912629749364127
0.891337040232245
0.8913211646174126
0.8911477622836208
0.8911857624114445
0.890737905703387
0.8907642150800666
0.8907477874264239
0.8909263325456862
0.890913966280109
0.8909488764839917
0.8909652977135721
0.8908903764642884
0.8909550838991148
0.8910526513176642
0.8912919663546569
0.89129461757417
0.891413190826187
0.891499750939473
0.8916126996780026
0.8916002991786262
0.8913570673249839
0.8911777579959355
0.8912360097926363
0.891280035204154
0.8910920097881053
0.8910982077179728
0.8912801378733818
0.8912190743925944
0.8912840619718609
0.8911884313796182
0.8911028552702742
0.8911956044691006
0.8912512905468216
0.8913782151274525
0.8915891248222764
0.8915805944212778
0.8915734007404096
0.8913350170042854
0.8911091890780327
0.8911249076690695
0.8913493357929893
0.8911740538050996
0.8911357601525645
0.8912020672716182
0.8908384522894633
0.8908295799296209
0.8908853633701703
0.8909524241365662
0.8909821167725566
0.8908540278747086
0.8909849835063389
0.8907578625840356
0.8906887377338101
0.8907071593831357
0.8907826515990184
0.8907999599892434
0.89071607234467
0.890622962050008
0.89060249885043
0.8907356958771614
0.8908045979754752
0.89072796579767
0.8908528041924184
0.890688881459908
0.8907480758627401
0.8908185734374366
0.8909007524512176
0.8910587316001843
0.891100645293438
0.8911471311099061
0.8909751941459533
0.890863495145912
0.8907199205700825
0.8906669498057771
0.8907062927300037
0.8906816680274147
0.8907203930878737
0.890580324306688
0.8907022419896398
0.8907351437010607
0.8909648103851577
0.8908958001308576
0.8909698394672014
0.8909601688494209
0.8910416002358564
0.8909558662711443
0.8908027264835006
0.8908603088670211
0.8907459117623215
0.8905519507615063
0.8905662308519124
0.8904356302415117
0.890422573943622
0.8904471782887561
0.8903521832006239
0.8903761707447887
0.8904586597396736
0.8904960150106045
0.8904447642506312
0.8904234911532072
0.8903835074765856
0.8904447319871023
0.8902896400564534
0.890329285813393
0.8902125140542103
0.8901773579953252
0.8902654339256573
0.8903389307023127
0.8900620791640982
0.8899726703052445
0.8899564475491908
0.8898956642083559
0.8898644249513309
0.8896958868981601
0.889730162661759
0.8896752733912164
0.8897041404785561
0.8897285388447509
0.8896919488618837
0.8897935522003202
0.8900227791587928
0.8901932688397232
0.8902314905730001
0.8902937833276352
0.8903007520947429
0.8904105098719461
0.8903623821055946
0.8904374199595647
0.8904809341065014
0.8903927434828887
0.8904462416643797
0.8904668573520599
0.8904339599005741
0.8904975973944934
0.8903368673879293
0.8903231767609385
0.8903803940971379
0.8903433352744208
0.8903660016579452
0.8905348791191133
0.8907398357091094
0.890822243124617
0.8907808908754455
0.8906360181363099
0.8908444656399718
0.8909558716030878
0.891063345963558
0.8912030498753934
0.891340257151049
0.8913458988408633
0.8914019914595034
0.8912917811080568
0.891347361146179
0.8913225688555143
0.8913582915996939
0.8913531099663955
0.891369195276245
0.8913874850307238
0.8914545362946423
0.8912978878547339
0.8912605833664723
0.8912984179948129
0.8913351186017007
0.8913429913243754
0.8913075195511212
0.8912624496146001
0.8912185637162986
0.8911574956656686
0.8912077163494059
0.89132127787684
0.8914136062430469
0.8914352903763813
0.8913944711461002
0.8913936724123316
0.8911731876004659
0.8911358261639232
0.891109706798179
0.8912419739291152
0.8912716597046727
0.8914432659921154
0.8913585175229498
0.8913013129834596
0.8912529264096373
0.8913934540169194
0.8913166404794458
0.8913198036230505
0.8914989799148364
0.8914644720936479
0.8914117824427168
0.8913694142293102
0.8914468055142725
0.8914448768382894
0.8914488315080923
0.8912908959789858
0.8912797929436312
0.8911867729832321
0.8913096680286757
0.8912413515388441
0.8912022723913305
0.8912502345593553
0.8912650296104225
0.8914019396602685
0.8914224969149486
0.8915261468969529
0.8914761559842145
0.8914871224479216
0.8913868978347107
0.8914389403546563
0.8914658196635081
0.8913681876486023
0.8913562938054859
0.8912956640058348
0.8914032664025775
0.8914889432737254
0.8914642350513239
0.8916029626919297
0.8915843027653242
0.8916702815142517
0.8916594287349986
0.8915314075776288
0.8915775764508326
0.8916216013913486
0.8915060009694535
0.8916298819459262
0.8916719236393861
0.8917247615350165
0.8916835027495212
0.891635799102442
0.8916213674639163
0.8915841524245611
0.8914850240192396
0.8916057534824822
0.891538735257518
0.8914361694743883
0.8914495532699712
0.8914080998061853
0.891384021877549
0.891538270537457
0.8915692611460105
0.8915953844365997
0.8915122120235998
0.8914910894710617
0.891491809092232
0.8915458622660041
0.891531018077033
0.8914798052469923
0.8914707178191406
0.8915145490063935
0.8914484775839374
0.8915489117499767
0.8915618539980582
0.8914947271773782
0.8915135076257339
0.8915296679966269
0.8916230149596432
0.8916797827552386
0.8916756154637624
0.891767825139162
0.8916940297770594
0.8916195360688203
0.891589231406833
0.8916439469639222
0.8916248920486068
0.8916668018809965
0.891730542639892
0.8917599533977868
0.8918019759052921
0.8917963059692848
0.891781973624293
0.8917584721055951
0.8916822748721812
0.8915639631692404
0.8916422627281675
0.8916555999680825
0.8916949385900194
0.8917030302235969
0.8916712173355644
0.8916720529079947
0.8916474672937026
0.891775577511413
0.8917237396018705
0.891732552647072
0.89170078122899
0.8917165654895797
0.8917185043542792
0.8916603761408344
0.8916123132026931
0.8915016373375669
0.8915524467167587
0.8916928503662298
0.8916468017154056
0.8916911039984584
0.8917681489432879
0.8917105578203168
0.8916636399814188
0.8916955361694642
0.8917131956208731
0.8916597834246552
0.8916421429005822
0.8915572087937289
0.8915346740001004
0.8915713606739546
0.8915814698110881
0.8916584313999337
0.8916918994012262
0.8916811733814483
0.8916975506724856
0.8916141114097077
0.8916339291684335
0.8915680975999646
0.8916159275797079
0.8915637164549881
0.891528778826713
0.891588402114574
0.8914887144940066
0.8914888190532989
0.8914745357255206
0.8914434531647359
0.8915102357618533
0.8916024033789101
0.89159177714166
0.8915554668460364
0.8915372774492145
0.891526578362532
0.8915808461485583
0.8916098801810796
0.8915621906081918
0.8916990084457888
0.8916501918218811
0.8916568110794051
0.891624964191334
0.8916516037994426
0.8916827402998238
0.8916577502344621
0.8915774933025853
0.8916565710043362
0.8917884133241917
0.8916888439917908
0.8916871694718007
0.8916694600267049
0.8917334310293454
0.8917819471617396
0.8917404206029674
0.8916821848198887
0.8917060100027777
0.8917555863936922
0.89179410293645
0.8917348777751559
0.8916576278715048
0.8916026634422557
0.891505305772425
0.8915757625815124
0.8915795133971837
0.8915822975278158
0.8915314333703133
0.8916582648363973
0.8917749380568123
0.8916933945249864
0.891696554249629
0.8917844078994319
0.8916811453392722
0.8916028269542529
0.8916087786301798
0.8916960463780307
0.8916822098317707
0.8917144585483286
0.891670925891323
0.8916189000677112
0.8915624235600312
0.8916158647092669
0.8915445019486945
0.8915665968857395
0.8915759905782065
0.8916668903686367
0.8916872483637138
0.891712137506288
0.8917264043999492
0.8917761302796264
0.8917343548141329
0.8917547180681336
0.8917010577226844
0.8916777531913037
0.8917030697173848
0.8916668522330718
0.891768835320055
0.8917724605377317
0.891739456380356
0.8917310296325517
0.8917572007630521
0.8916908862516904
0.8916529422602794
0.8918280478085931
0.8917326157078899
0.8917652947481979
0.8917877541887183
0.8918431876624902
0.89182934626759
0.8918700972910449
0.8918889783201162
0.8918743093730366
0.8918809134426153
0.8918334355102674
0.8918342685123257
0.8918335597531282
0.8917175547369541
0.8917949546997758
0.8918800812703355
0.8919221588087313
0.8919820565924553
0.8919849299642972
0.8920182646405234
0.8919923694389813
0.8920270914060439
0.8919755897863587
0.8919668102949119
0.8920013708709543
0.8920116386224628
0.8919619749582168
0.8919864769132947
0.8919223980340584
0.8918660297891263
0.8917877438082187
0.891882109004375
0.8918533810918896
0.8918756032519048
0.8918397715044943
0.8919173363306954
0.8918886917590145
0.8919139019360282
0.8920138046190159
0.8919911995265513
0.8920420986496304
0.8921162027140955
0.892107316011714
0.8921251032067369
0.8920663848870594
0.8920035594238294
0.8920752789397114
0.8920036158470759
0.8920825298106833
0.8920752302947436
0.8921105243108062
0.8920657663091565
0.8921223551665297
0.8921262625274368
0.8921910393848285
0.8921705636223186
0.8921439789042982
0.8921447373863207
0.8921422132673893
0.8921968519118607
0.8921656055871302
0.8922165861037457
0.8921929964878582
0.8921362913819977
0.8920905793658772
0.8922084508094305
0.8921748847147657
0.8921413023110609
0.892150410049545
0.8921041279026811
0.8920563097447176
0.8921193605944017
0.8920745802577373
0.8921020580140601
0.8920850949834004
0.8921143649331746
0.8921536146197158
0.8920877174528841
0.8921565222529916
0.8921646506308007
0.8921393841175347
0.8921054136421532
0.8920477968302196
0.8920303070247276
0.8920366918151634
0.8920593388519553
0.8920875555127703
0.8920686650047546
0.8919851636443714
0.8919415354305908
0.8919308593843132
0.8919239369537182
0.891926761767939
0.8919442464358838
0.89197479196484
0.8919390263986668
0.8919252153261231
0.8918629464654224
0.8918531474459879
0.8917591736297549
0.8917883430317215
0.8917881084181263
0.8918166156025006
0.8918275262877684
0.8918843768535234
0.8919108970840786
0.8919594622534972
0.8920597853516343
0.8920569848921172
0.8920368946899013
0.8920660085899105
0.8920393737854715
0.892096335947916
0.8921138834882126
0.8920864271324334
0.8920274583076973
0.8920558094278517
0.8920821115657444
0.8920910437675335
0.8920735313480088
0.8920382308338565
0.8920906245977529
0.8920972226314172
0.8920985843337513
0.8920740260534452
0.8921516358374487
0.8921102428579655
0.8921379408703409
0.8921445048204963
0.8921034736656787
0.8921697939300567
0.8922892793735296
0.8922676750736438
0.8923032076701706
0.8923511467913091
0.8923765480898603
0.8923268921530847
0.8922733876296469
0.8922615904136055
0.892262587114577
0.8923131136523846
0.8922832512837438
0.8922475670039889
0.8923435936285109
0.8923531588551736
0.8923113115649524
0.8922502455531995
0.8923089847101888
0.8923530295985996
0.8923224366292972
0.8922744085350319
0.8922775027903295
0.8922825727957691
0.8923073009695104
0.8923360643932614
0.8923610349190905
0.8923145308765791
0.8923915706008242
0.8923663556239863
0.8922784524884662
0.8923498243254955
0.8923633516477145
0.892286850368086
0.8922528534445752
0.892194268278558
0.892190869519992
0.8921693964192113
0.8922350257457317
0.8921716593636714
0.892215831868266
0.8922523883935034
0.8922533385036487
0.8922188197695111
0.8922657608353359
0.8922968561901912
0.8923181020398606
0.8923528576834654
0.8922714260632786
0.8923301539853905
0.8923111283735782
0.8923357240876265
0.8923409137498948
0.8923490666395251
0.8923396339433759
0.89228252949438
0.892326730929857
0.8923067158238831
0.8923535806664107
0.892436308365116
0.8924476141429409
0.892455319133028
0.8924249242383617
0.8923910999375433
0.8924249233640832
0.892389674605927
0.8924053090940156
0.8923874204110074
0.8923703491526651
0.8923188098391914
0.892298982692004
0.8922070616966901
0.8921929523355557
0.8921817519917895
0.8921627046852596
0.8921649014092994
0.8921325071985409
0.8921734660249885
0.8922078050675424
0.892236393284554
0.892223794982757
0.8922173038579323
0.892221879159248
0.8922514207365754
0.8921818256313115
0.8921405107638359
0.8921591578971795
0.892124184924594
0.89208235228694
0.8920993020278537
0.8921107944685663
0.8920579052756534
0.8920920591991511
0.8921144514065739
0.8921219723929419
0.8921170837267777
0.8921155711438812
0.8921671119349698
0.8921644288052364
0.8921429490866422
0.8921288291396585
0.892175379910725
0.8921158541078823
0.8921508174930488
0.8921353511967817
0.8921041155049134
0.8920410053158467
0.8920415638160243
0.8920225940672976
0.8920080706530141
0.8919353671842404
0.8918966913541712
0.8918750006580084
0.8918402695032502
0.8919134350707979
0.891887206541677
0.8918360486231662
0.8918150528653603
0.8918317438463117
0.8918749907106253
0.8918655396368376
0.8918948734474333
0.8918938360906283
0.8919463435685839
0.8919160889485298
0.8919260453340639
0.8919149321883832
0.8919132796996602
0.8918703098577367
0.8918850960482265
0.8919545574037608
0.8919594945916587
0.8919672603506732
0.891894761088613
0.8918454957604959
0.8918190781037313
0.8917863737643974
0.8917790452460348
0.8917764487399071
0.8917721770558302
0.8917261079261238
0.8917669975528497
0.8918189432860292
0.8918664318450139
0.8919111088660767
0.8919878144128317
0.8919966165989209
0.89200634654824
0.8920104989497721
0.8920273413649117
0.8920001329180767
0.8919775472321536
0.891988839675991
0.8920244852044837
0.8920276225890402
0.8920808711261698
0.8921029405470209
0.8921137711460102
0.8921321249013878
0.8921861657984961
0.8922066290903737
0.8922314401586438
0.8921978611045335
0.8922335057651646
0.8922553616915109
0.892251464189164
0.8922063535717066
0.8921440725300213
0.8921865302998194
0.8922196287651909
0.8922259737174274
0.892237529171214
0.8922209360303806
0.8921520923821586
0.8921601355567093
0.8921851646766679
0.8921853028077016
0.8922134349262001
0.8922318940933764
0.892237583020125
0.8921986807721993
0.8921979117057713
0.8921834638299149
0.892178445854707
0.8921736956046218
0.892148699208031
0.892228505670359
0.8922302738883887
0.8921847070757035
0.8922002305403615
0.8921532718027314
0.8921121943929989
0.8921259452277719
0.8921716216624839
0.8922105458210335
0.8922931851805525
0.8922438403882597
0.892269525837132
0.892326469807948
0.8923072262548365
0.8923541727025933
0.8923796149724986
0.8923513692514126
0.8923195263738947
0.8923170221783957
0.8923167890309578
0.8923458199142962
0.8922855460553741
0.8923604923863474
0.8923947460785188
0.8923900189895511
0.8923812194975752
0.8923872806152582
0.8924014978147257
0.8924170672274242
0.8923998395068353
0.892454822643714
0.8924509149416225
0.8924107003982885
0.892436147424194
0.8924820527690273
0.8924529748275857
0.8924217795575778
0.8924286741740822
0.8923898388017318
0.8924003864262661
0.8924037884931781
0.8924427029514903
0.892432420817574
0.8924200641743687
0.8924562510030526
0.8924842667545339
0.8924454824693387
0.8924022266360498
0.892434080659007
0.8924282568206615
0.8924916562874873
0.8924857078596274
0.8924571424816206
0.8923911252086314
0.892379240837577
0.892335142216873
