0.7241570817191184
0.7866767377470549
0.8214589014603102
0.8366516170392905
0.8442124730255629
0.8505384930145405
0.8538583393428787
0.8569393389630644
0.8596060495922708
0.8620797641429303
0.8638091290050093
0.8651998494035973
0.8660689032263209
0.8669259276171707
0.8666363473795476
0.8672382776432905
0.8675989752961277
0.8681767010971073
0.8686860998813419
0.8689636937730273
0.8689763134326598
0.8692758191451745
0.8693384434698712
0.8695196470319504
0.8696273524039823
0.8699465287479412
0.869990973972726
0.8699650965032352
0.8701127407673103
0.87044727724495
0.8706473202956384
0.8709814629005872
0.8711301591451464
0.8713635673448126
0.871534118902875
0.8717586230465828
0.8716927420788164
0.871823657123338
0.8719545209434064
0.8720582797580185
0.872187427377191
0.8723268292671756
0.8724919979214798
0.8726014440327542
0.8726062495004676
0.8726682440346188
0.8727004949642395
0.8728634264163966
0.8730158275088121
0.8731165446239151
0.873203075334585
0.873299190460955
0.8734318342833963
0.8735613449132666
0.8737502335468418
0.8739783324116333
0.8738799853490401
0.8739595333429465
0.8739476870863607
0.8740660925640928
0.8741052504112038
0.874168115399024
0.8741073867018946
0.8740632552590939
0.8742094691170206
0.8742500199888263
0.8741510526608766
0.8740909499016694
0.8741308466933514
0.874225664975047
0.87434626610303
0.8743872317783759
0.8744407326510222
0.8746166977047102
0.8747464212131826
0.8747708488598896
0.8748096247405024
0.8749346152294875
0.8749310235707466
0.8749155282377918
0.874937203322527
0.8749702490244412
0.8750183249751928
0.8751070882669231
0.8750753646345211
0.8751287510197829
0.8752135222085884
0.8751982004949335
0.8752545319429652
0.8752483841003311
0.8753053723889562
0.8752992722653078
0.8753608440900738
0.8753407437340369
0.87540156305601
0.875461263017385
0.8754816950699688
0.8755163090755729
0.87544635093327
0.875435495399771
0.8754776929648522
0.8754601002126197
0.8754275800390958
0.8754622661057572
0.8754612913182778
0.8755118749674666
0.8755401449876598
0.8755895458860566
0.8755840517856579
0.8755784506144559
0.8755856529366582
0.875634311869159
0.8756598339507242
0.8756933696486672
0.8757250594206215
0.8757504109408926
0.8757691102682225
0.8757691391857482
0.8757751731978656
0.875810412481849
0.8757278371028804
0.8757211734489991
0.875688851776722
0.8756544817014381
0.87566598964145
0.875637161000784
0.8755909855451753
0.8757059076289315
0.8757868124641509
0.8757757877956406
0.8758204177623262
0.8758293693655903
0.8758372147902849
0.8758322171812918
0.8757907815301346
0.8757539182390015
0.8757559111462139
0.8757715179154761
0.8757819636913036
0.875789904544438
0.8757960382898976
0.875846922747771
0.8758190234025351
0.8758367662650578
0.8758397442180329
0.87578803492923
0.8757432028763521
0.8757443281568236
0.8757299431014001
0.875733153034881
0.8757652252007713
0.8758062684743995
0.8758169119846483
0.875812293153283
0.8758792617375505
0.8759329373455198
0.8759554864999279
0.8759999718527127
0.8759944343751865
0.8759781982076297
0.8759773247941561
0.8759620745179328
0.8759538324005378
0.8760282150874518
0.8760205952270284
0.8760357728760108
0.8760830069797862
0.8761449166622362
0.8761633119736166
0.876190084390481
0.8761972115291418
0.8762192854785202
0.8762047522579257
0.8762393386956749
0.8762864530404698
0.8763071207024401
0.8762999597325156
0.8762905416194174
0.8762748921737387
0.8763239138294475
0.8763576990002738
0.876322640636678
0.8763160661895221
0.8763353528379911
0.8763359646233551
0.8763234199594017
0.8763514597083987
0.8763295262966638
0.8763125418150827
0.8763008879586545
0.8762879002254701
0.8762988175605029
0.8762789536268495
0.8762850309341247
0.8762877344093118
0.8762979850057783
0.8763142670520526
0.8763450178868574
0.8763505397062
0.8763935814461898
0.876401051528827
0.8764197445229779
0.8764344394533369
0.8764661286921295
0.8764653684533165
0.8764486200385718
0.8764106561003838
0.8764148918259086
0.8764327912899987
0.8764217537182882
0.8764203357833273
0.8764039083185627
0.8764299573808993
0.8764471499023567
0.8764496450670017
0.8764613281057118
0.876456727821233
0.8765113174017397
0.8764920788263413
0.8764454255052896
0.8764632715997778
0.876482776118179
0.8764996027887784
0.8764970532458873
0.8764964351641062
0.8764799784183311
0.8764664199254456
0.8765179220063635
0.8765235728436774
0.8765368869561875
0.8766152014463169
0.8766346813927244
0.8766495464957581
0.8766202529290781
0.8766424062335013
0.8766469139702522
0.8766402110905266
0.8766211698486481
0.8766455914194249
0.8766241111748558
0.8766155394618441
0.8766013668857059
0.8766197064728266
0.8766090007661377
0.8766182098653297
0.8766314353745257
0.8766510653230655
0.8766490489047111
0.8766428887209071
0.8766256081829229
0.8766239501995704
0.8766607173496505
0.8766793767011863
0.8766425360269596
0.8766475605305165
0.8766512879234999
0.8766640805929523
0.8766488640946465
0.8766693785599642
0.8766645330525278
0.8766596920531096
0.876676502744612
0.8766693485364295
0.8766682675706086
0.8766391046105331
0.8766115911212626
0.8766060984518881
0.8766065815428572
0.8766093322810367
0.8766012457519063
0.8765959708897233
0.8765792503159835
0.8765947475820458
0.8766043581475459
0.8766304812164873
0.8766211074761396
0.8766265144948479
0.8766396803881429
0.8766196940665117
0.87662261602818
0.876629022700563
0.8766416768097134
0.8766769162589348
0.8766473984178507
0.8766853799021325
0.8766855637709048
0.8766824583197166
0.8766866466516896
0.8766862289782547
0.8766791227780686
0.876673573051295
0.876633135132982
0.8766601340272122
0.8766862597990207
0.8767141360410444
0.8767200059174124
0.8767437262131115
0.876740741611606
0.8767336644036915
0.8767132702810604
0.8767027069683919
0.8767186755250412
0.8767106263060359
0.876726672919592
0.8767082654453929
0.8767109961727513
0.8767278341628297
0.8767357989539261
0.8767554805679567
0.8767401862801161
0.8767580390154902
0.8767307143516188
0.876729073180908
0.8767159414445932
0.8767069945288317
0.8766839501625914
0.8766987390894783
0.8767060896621196
0.8767190111140809
0.8767260471134628
0.8767106411743962
0.8767164097206344
0.8767171969525865
0.8767246855055336
0.8767155855132776
0.8766934729619377
0.8767037422543227
0.8767331603078632
0.8767169670064203
0.8767087037578599
0.8767182240628919
0.876710684347974
0.8767109976396377
0.8767055781985343
0.8767191702389152
0.876702169782658
0.8766924458360926
0.8766868168635046
0.8766526402700309
0.8766404099373286
0.8766458956831339
0.8766435216388833
0.8766520090866189
0.8766495846727397
0.8766393664456074
0.8766421329060476
0.8766313542279986
0.876627611027651
0.8766435775580562
0.876645241932408
0.8766449998825472
0.8766468190115813
0.8766437672925753
0.8766420930410872
0.8766659554655508
0.876656313461974
0.8766595737659832
0.8766484647338233
0.8766472765113338
0.8766558774080999
0.8766611514580654
0.8766786360354428
0.8766864816126714
0.8766945402930469
0.8766977026777775
0.876706114828328
0.8766973658608626
0.8767006744914655
0.8766931898829688
0.8766906446805656
0.8766925464144566
0.8767177091859555
0.8767168123538774
0.8767274015056881
0.8767154028764622
0.8767122296127533
0.8767216427786289
0.8767068937695159
0.8766853056770434
0.8766720964655685
0.876668214039833
0.8766707927982649
0.8766954232260017
0.8766838552349396
0.876687968901098
0.8766660203823987
0.8766457323208535
0.8766434198338829
0.876626423801848
0.8766356099299639
0.8766424738773166
0.8766515684238505
0.8766436951873916
0.8766401053194731
0.8766345479961615
0.8766385898388025
0.8766269731021626
0.8766285396895231
0.8766286998175199
0.8766218408557194
0.8766137386815516
0.8766135641893648
0.8766319765745394
0.8766258864908307
0.8766197130983753
0.8766262620040759
0.8766201700002855
0.876621585339965
0.8766038874861825
0.8766053034423714
0.8766006720889609
0.8766094303899495
0.8766113008201621
0.8766145805762822
0.8766136100326186
0.8766015547217487
0.8766027294669525
0.8765894530182702
0.876585437526536
0.8765792009777976
0.8765835406022143
0.8765928495457457
0.876583194267814
0.8766084794043214
0.8766121279036915
0.876627265942189
0.8766010513340571
0.8766245347093033
0.8766239321640866
0.876627098478928
0.8766334869520686
0.8766407254454531
0.8766419241531214
0.8766289600840155
0.8766170794577954
0.8766017822171409
0.876603784463776
0.8766304379751464
0.876639421193659
0.8766544250259192
0.8766536638200205
0.8766651872569661
0.8766575910691857
0.8766481980310732
0.8766453076931501
0.8766554712671563
0.876646788479438
0.8766540243496813
0.8766503140852022
0.8766566085132297
0.8766682193392938
0.8766603513393093
0.87664715845636
0.8766558457883987
0.8766508276753726
0.8766598701549078
0.8766510652260006
0.8766618411052554
0.8766513994871223
0.8766553707445988
0.8766448466828842
0.8766396476671041
0.8766365971538296
0.8766304120257217
0.8766167935932313
0.8766232859337452
0.8766277349849183
0.8766133921168909
0.8765987799490302
0.8766125749544521
0.8766108360565045
0.8766135914474076
0.8766087206111904
0.8766089884997045
0.8766088189026626
0.8766033782957161
0.8765844665955157
0.8765769336804707
0.876587504538572
0.8765723262262567
0.8765792375009213
0.8765761682930405
0.8765747612308084
0.8765597588370928
0.8765676482241024
0.8765683533403559
0.8765816860343695
0.8765799338106567
0.8765825987699355
0.87659323104916
0.8765855787852592
0.8765970276423607
0.8765796214553289
0.8765733532097093
0.8765506241720206
0.8765447788100379
0.8765530808632374
0.8765566485521982
0.8765464109150163
0.8765454567710107
0.8765442742333472
0.8765193595126258
0.8765209975768881
0.8765176668837417
0.8765227782278304
0.8765219406973747
0.8765279801858556
0.8765215459333074
0.876520768768905
0.8765017826613154
0.8765063928000317
0.8765078474556479
0.8765129308664787
0.8765232332701305
0.8765204779597608
0.8765063987131
0.8764978794078139
0.8764891058718878
0.8764966892939975
0.8764944800408389
0.8765004779202724
0.876515381776592
0.8765253608396206
0.8765108806531133
0.8765106182075683
0.8765110103265917
0.8765049868833883
0.8765087102659858
0.8765068780106404
0.8765110392511113
0.8765221233500416
0.8765146750902085
0.8765117215348082
0.8765153573066489
0.8765143396455649
0.8765225920512755
0.8765303703052225
0.8765343431974808
0.8765327267297325
0.8765323397623471
0.8765340153989759
0.8765334535199036
0.8765260542943693
0.8765135516314878
0.8765095160419669
0.8765125428076512
0.87651470642313
0.8765160519198051
0.8765181382172058
0.8765282062711172
0.8765209530380623
0.8765125656180048
0.8765130712389856
0.8765125548235563
0.8764971623195069
0.8764967937384918
0.8764966641392918
0.8764876685144455
0.8764896351565669
0.8764900766845939
0.8764951263661294
0.8764942119655977
0.8764843644011691
0.8764834733843204
0.8765020447949425
0.8765100609141171
0.8765183142876596
0.8765191423388937
0.8765218901593088
0.876509098925427
0.8765022390282782
0.8765347014807728
0.8765355200505058
0.8765374833957663
0.876530002922944
0.8765417654742287
0.8765446773044955
0.8765448026863933
0.8765388109977214
0.8765290251520972
0.8765428092216659
0.8765381416195769
0.8765293028751722
0.8765318376841683
0.8765453008319407
0.8765458424516023
0.8765457122532356
0.876536502922439
0.8765454373986163
0.8765509397023526
0.8765623169906039
0.8765700822998838
0.876572398443101
0.8765788415353457
0.8765725654043808
0.8765782007581743
0.8765721291646463
0.8765630283868802
0.8765656248840075
0.8765783753597618
0.876588194669332
0.8765837589834385
0.8765925636113736
0.8765972121118857
0.8766073994124739
0.8766146033610517
0.8766009509249149
0.8765900540619777
0.8765815949727052
0.8765858292724991
0.8765772614799857
0.8765816351881459
0.8765849193195435
0.8765823966408773
0.8765836399293641
0.8765991273919573
0.8766006329158037
0.8766063349338802
0.8765896730142456
0.876593483151475
0.8765806186128346
0.876580241645042
0.8765758666126425
0.8765816066722344
0.8765848433508744
0.8765826119217492
0.8765851471956109
0.8765780971818108
0.8765680490480009
0.876581564759501
0.87657317172848
0.8765808391294774
0.8765765780212054
0.876569713402486
0.8765503663095969
0.8765506144089641
0.8765527215424919
0.8765483198684597
0.8765493549748004
0.8765498227810744
0.8765530581518388
0.8765426826209277
0.8765359154445395
0.8765376927337175
0.8765460906096918
0.8765417754571889
0.8765440406026703
0.8765386496957962
0.8765406980822756
0.8765380894125181
0.8765370227429714
0.876531594320264
0.8765282000355837
0.8765267097784863
0.8765308011561109
0.8765335945032954
0.876549655539839
0.8765495904612477
0.8765572685003988
0.876554017150864
0.8765512753219129
0.8765471245122716
0.8765411952883393
0.8765494774624795
0.8765404540834044
0.8765435305416545
0.8765408014922194
0.876544587372674
0.8765492245746647
0.876553348000008
0.8765618535507066
0.8765620294153535
0.8765573469280972
0.8765630382374913
0.8765610505604517
0.8765719130734041
0.876585142680254
0.8765710687294828
0.876554798929392
0.8765518508766483
0.8765471604965487
0.8765432501813484
0.8765400436211385
0.8765386013691286
0.8765387209525582
0.8765252040682197
0.8765246680550056
0.8765196761451655
0.8765233166363029
0.8765375177059473
0.8765474287807293
0.8765542468071726
0.8765550574959339
0.8765572820322949
0.8765668385355107
0.8765561317506082
0.8765576445518328
0.8765702137761079
0.8765665188951083
0.876557855327157
0.8765638492761337
0.8765620954423132
0.8765490368334835
0.8765545644907393
0.8765549474012487
0.876561365475791
0.8765680617851892
0.876561345687932
0.8765604652892619
0.876551961175363
0.8765563034684061
0.8765680299034416
0.876574606889409
0.876582550551337
0.8765840257879407
0.8765863486886512
0.8765788804861335
0.8765697021734922
0.8765721025296535
0.8765854913894078
0.8765904245558185
0.8765855930731469
0.8765851401330261
0.8765878323601602
0.8765912902611818
0.8765918600198227
0.8765896393919588
0.8766005255136664
0.8766072749030246
0.8766042481364856
0.8766011223979935
0.8766041195547125
0.8766059443235391
0.8766108543651678
0.876620052540969
0.8766301049831996
0.8766370583495667
0.8766358455868941
0.8766338915182134
0.8766397162603964
0.8766441901000558
0.8766457060432937
0.8766380782908562
0.8766369583773657
0.8766404963737915
0.8766409462464336
0.8766488755209191
0.8766429065796468
0.8766510308587645
0.8766585190956906
0.8766524547587753
0.8766586426387526
0.8766633816492114
0.8766709166196212
0.8766719114062842
0.8766770580755724
0.8766730205138151
0.8766729472896277
0.8766781928990671
0.8766744242093932
0.8766754329966331
0.8766753929753343
0.8766833366186026
0.8766725126036128
0.8766811934994545
0.8766840093316748
0.8766827943835895
0.876690091375024
0.8766911882147617
0.8767026009612139
0.8767002906979927
0.8767052486950575
0.8767127480051645
0.8767163672663766
0.8767144122534577
0.8767076421224382
0.8767062768038569
0.8767177004866519
0.8767195833586743
0.8767218622625049
0.8767163848205325
0.8767117761716053
0.8767101782509241
0.8767202069446759
0.8767193727853942
0.8767151935989873
0.8767256649798981
0.8767265518916907
0.8767252363731497
0.8767310924195558
0.8767358881481019
0.8767403123421225
0.8767444570373533
0.8767464430735821
0.8767379314072197
0.876742044358973
0.87674671955372
0.8767462461254776
0.8767495456008327
0.876746405413852
0.8767514756814704
0.876747346901781
0.8767515571765556
0.8767539581907455
0.8767516309883295
0.8767533902556834
0.8767419320248071
0.8767414687573937
0.8767521757380731
0.8767588985241205
0.8767644208156717
0.876767234822669
0.8767621182379852
0.8767680288984183
0.8767593579620998
0.87675897159926
0.8767606978195697
0.8767635305246565
0.8767650477337711
0.8767629112807447
0.8767620477897383
0.876757132367952
0.8767632685457042
0.8767649561555253
0.8767653614999233
0.8767644963644944
0.8767566469678063
0.8767549190904332
0.8767574440295494
0.876763515989319
0.8767646679445685
0.8767663160379721
0.8767737913861952
0.8767653278382366
0.8767635064689473
0.8767548958254189
0.876757224883316
0.8767628886619435
0.8767664999724729
0.8767692663836993
0.8767691874042534
0.876759506064719
0.8767665070961159
0.8767551662425166
0.8767587133231539
0.8767558470484679
0.876748155324844
0.8767401540015363
0.8767337810276344
0.8767278935128806
0.8767284115851322
0.8767262117718884
0.8767263182940699
0.8767263781962393
0.8767283719144792
0.8767293842468123
0.8767358672460077
0.8767358994922434
0.876736730424332
0.876731140640986
0.8767236322545338
0.8767338264290137
0.8767273525775178
0.8767360725902702
0.8767351297998045
0.8767340310270353
0.8767328773140987
0.8767364754608798
0.8767298400343005
0.8767297485267252
0.8767318802852135
0.876732523155717
0.876731295951778
0.8767223484295421
0.8767238969239778
0.8767281986359399
0.8767271211028507
0.8767252205515618
0.8767182525857037
0.8767081884273253
0.8767070463371474
0.8767197319671562
0.876720752538826
0.8767224120641386
0.8767298882676099
0.8767273344238529
0.8767310527331177
0.8767347618414748
0.8767308323938477
0.876728354351613
0.8767285458998286
0.8767314587168761
0.8767327884299722
0.876728930222166
0.8767242353522054
0.8767240448309956
0.8767238082962838
0.8767259864362639
0.87672884092771
0.876722480477425
0.8767235985513808
0.87672386747337
0.8767194829866207
0.8767187952435236
0.8767151411149292
0.8767182033677148
0.8767189478276852
0.8767155636727898
0.8767189511611919
0.8767266868966378
0.8767272299860099
0.8767285654078821
0.876723550507164
0.8767309604647366
0.8767362767626179
0.8767312487879577
0.8767302543309581
0.8767290263144903
0.8767282122597272
0.8767261945988292
0.8767213434029435
0.8767243284232507
0.876723833807647
0.8767193802599281
0.8767159879217683
0.8767186288344221
0.8767190684388659
0.8767086793204083
0.8767086561087301
0.8767100331534088
0.8767159110841298
0.8767101496415097
0.8767154545662256
0.876715048409617
0.8767162104729471
0.8767109698938778
0.8767183036300172
0.8767109320714702
0.8767079014476703
0.8767126021039053
0.8767122043557125
0.87670188088674
0.8766937198433422
0.8766909417148998
0.876691072677277
0.8766916504338227
0.8766921690353129
0.876697154286385
0.876692073701245
0.8766947787635018
0.8766918194046903
0.8766929023468248
0.8767017611147563
0.8766997881182526
0.8766948380163996
0.8766982069515588
0.8766905617094061
0.8766939786247349
0.8766988676074109
0.8766969688424362
0.8766933119661001
0.8766927373504497
0.8766877556935131
0.876683425609691
0.8766922112118413
0.8766882238395052
0.8766899215862752
0.8766974910620602
0.8766986006013369
0.8766965213103474
0.8766945444382802
0.8766929731795247
0.8766930636436042
0.8766929411879255
0.8766946079664774
0.8766986725814883
0.8766974047268044
0.8767012407701473
0.8767106346056879
0.8767106862125783
0.8767128072767322
0.8767028093062326
0.8767064594807384
0.8767071399765711
0.8767085646602465
0.876712600899999
0.8767165293301316
0.876723724277109
0.8767145181402743
0.8767242021658103
0.8767200617887111
0.8767226431994685
0.8767175305523183
0.8767214460141377
0.8767233516916706
0.8767239132643067
0.8767192021518514
0.8767240674854255
0.876724410653461
0.8767315730877419
