0.7114150809685618
0.775056193252193
0.8024301383613957
0.817088677838885
0.8279203620729355
0.8341319044668882
0.8371377470275253
0.8400893929619951
0.8435633254080394
0.8461938083650363
0.8469067819609799
0.847844650064058
0.849848260918938
0.8505324854232373
0.8504768406212403
0.851186097829106
0.8516833515516445
0.8521414433242025
0.8532437858627185
0.8538365173691896
0.8541514867359619
0.8543106228708728
0.8549012314416733
0.8547382747246014
0.854843975268083
0.855417756064859
0.8556826964187411
0.8556607254611815
0.8561361802970515
0.8561414902512399
0.856486781664155
0.8564698295327143
0.8567202586977022
0.8570999853332076
0.8571802929103339
0.8574935722636088
0.8576453092760111
0.857638483386337
0.8577020443831114
0.8576880117643255
0.8580633216272842
0.858187631885985
0.8581215863207597
0.8581314879291866
0.8583745460940657
0.8583958304565306
0.8586245773008965
0.8585690417608016
0.8586587023896591
0.8586862029993096
0.8587296159628289
0.8587708166614524
0.8588130723374848
0.8587675478773141
0.8588665008459724
0.8590304314708862
0.8589475958447148
0.8590157947248347
0.8590485654515262
0.859080500341502
0.8591836257539679
0.8591590532309978
0.8591435166652371
0.8592039693717343
0.8594271618991948
0.859503896767113
0.8594896853905589
0.8595022820847698
0.859628301077776
0.8596415266462926
0.8596517855303362
0.859774115367395
0.859844942215493
0.8597534528487507
0.85971534455294
0.859697892806047
0.8597412672526783
0.8598310125835349
0.859949121296046
0.8599615319343621
0.8600227120845167
0.8600648813996574
0.8601434500172422
0.8601471182079341
0.8601122984876763
0.8602058115641136
0.8600861726809946
0.8601025953364837
0.8602164490409159
0.8602676154722179
0.8602823932270129
0.8603422455097228
0.8604240991359525
0.8605380628987075
0.8605304932607707
0.8605146585158926
0.8604748203864643
0.8604679936988475
0.8604911737867629
0.8604965040808247
0.860524968922619
0.8605405555485717
0.8605350198698279
0.8605646025009358
0.8606170935924677
0.8605716801175702
0.8605768073244761
0.8605904908284822
0.8606192636527069
0.860730885087539
0.8607381448011158
0.8607525878673228
0.8608224324675883
0.860768478899504
0.8607796353973913
0.8608008595999125
0.860827454055462
0.8608293212435657
0.860832938707122
0.8608272365077879
0.8608165629650879
0.860754139081663
0.8608280605377372
0.8609307072751348
0.8609550368425881
0.8610010908474502
0.860997271821126
0.8609762974089047
0.8610314358978737
0.8610422319169179
0.8610461197216878
0.8610288051018241
0.8610766742014277
0.8610905135870839
0.8611257393696519
0.8611690498450499
0.8611476239210131
0.8611826298315799
0.86120342750567
0.8612510309649724
0.8612438784694224
0.8612805951834653
0.8612429007984497
0.8611959336046311
0.8612027707946216
0.861231889932178
0.8611942140385261
0.8611893867065984
0.8612034933310975
0.8611943487421243
0.8612613513813974
0.8612643372889476
0.8612754260603556
0.8612857219469937
0.8612477838574762
0.861251430965841
0.8612208531238693
0.8611729246691486
0.8612012846708046
0.8612317017206137
0.8612885897463377
0.8613354109775346
0.861342725318834
0.8613096820916324
0.8613609433591921
0.861374726367112
0.861437663539398
0.8614200913853899
0.8614297158859459
0.8614393418537215
0.8615020635285052
0.8614838201456578
0.8615085021889451
0.8615382186026552
0.8615178981247921
0.8614876861205196
0.8614780800529889
0.8614931063528922
0.8615247024146443
0.8615758563476201
0.8615940491429392
0.8616356855498788
0.8616237712978894
0.8616486101515111
0.861652529665923
0.8616679916136114
0.8616336941474749
0.8616829180044896
0.8616563412701769
0.861679587966419
0.8616740790921764
0.8616274259313439
0.8616666004440265
0.8616608989321344
0.8616591576672559
0.8616802845776224
0.8617164453139029
0.8617511840525225
0.8617728825074401
0.8617174609224043
0.8616811777745526
0.861663435502339
0.8616544522590076
0.8616292280813455
0.8616312035003216
0.8616754532487939
0.8616590970666698
0.8616828611314282
0.8616948874089596
0.8616852442954547
0.8616780285724362
0.8616886491129422
0.8617039038714447
0.8616803907383299
0.8616984845066515
0.8617422344446689
0.8617349045230812
0.8617738018834645
0.8617213968731445
0.8616904750075359
0.8616962436696409
0.8616611318878131
0.8617094063490032
0.8616957443067532
0.8616819514567207
0.8616850879665441
0.8616782005317225
0.8616552661213135
0.8616569149028492
0.8616606222201315
0.8616734089906326
0.8616252327988478
0.8616170436228074
0.8616214764504603
0.8616256165884374
0.86166355635401
0.8616340044198294
0.8616344182657832
0.8616316229072254
0.8616014456865204
0.8616184684963534
0.8616284200427394
0.8616123901541417
0.861636642574168
0.8615968906987524
0.8616538891786022
0.861671203779368
0.8616562976108022
0.861649650294192
0.861677076757194
0.8617098973599141
0.8617334328726376
0.8617555607727385
0.8617442512768319
0.8617325263852863
0.8617673566238808
0.8617780658443209
0.8617387633158605
0.861722871693252
0.8617198175737003
0.8617556229706701
0.8617723310335877
0.8617858965099755
0.8617809879009364
0.8617955605587018
0.8617807142097229
0.8617855763026848
0.8618256053263659
0.8618517566353749
0.8618799641740312
0.86185807679417
0.8618653923395243
0.8618975281508017
0.8618959999197047
0.8619055048339195
0.8619236795907387
0.8619332230926877
0.8619401517185212
0.8619040579256155
0.8619092451544158
0.8619106467310692
0.861899296014792
0.861909632858036
0.8619025435315364
0.8619031152551407
0.8618921674736576
0.8618879912094389
0.861888568357203
0.8619018356062575
0.861927699263631
0.8619747663344544
0.8619792988488592
0.8620076111101674
0.8620046748267935
0.8620513059231532
0.8620142879236092
0.8620028341854701
0.8619927294270674
0.8619904842397814
0.861953299629217
0.8619900296523753
0.8619969552173947
0.8619909306742517
0.8619613441909865
0.8619749369148271
0.861977898706386
0.8620047246267883
0.8619859668565889
0.861986126528972
0.8620101488054934
0.8620042040424195
0.8619897380637527
0.8619758695963767
0.861949844020304
0.8619447741551506
0.8619352731472565
0.8618957139596201
0.8618987952677816
0.8618922772982924
0.8619140715969278
0.8619240792133976
0.8619042837760894
0.8619295503823223
0.8619000334299066
0.8619142281216796
0.861903825054087
0.8618728051738224
0.8618334520453192
0.8618189851410625
0.8618045955431839
0.8618025764461917
0.8617981035900739
0.8617851197950857
0.8617975296993827
0.8617994134629164
0.8617908101229531
0.8618057395007189
0.8618249735384091
0.8618542036716329
0.8618593331318841
0.8618721038513449
0.8618334548648278
0.8618317366962677
0.8617976379875747
0.861800246093541
0.8618057804453628
0.8617939433032004
0.8618006740322657
0.86179725804012
0.8617876062167953
0.8618019968081015
0.8618224584176968
0.8618208240307702
0.8618046898941464
0.8618095704177091
0.8618222412816073
0.8618254832369853
0.8618337514982437
0.86180208700311
0.8617892743650949
0.8617894702429055
0.8617749904399226
0.8617703848970222
0.8617876604688142
0.8617851736263751
0.8617787572703483
0.8618010390151166
0.8617851013531826
0.8618009670418358
0.861786943290608
0.8617765918834356
0.8618053766911845
0.8617925036489722
0.8617984946005007
0.8617920448727134
0.8617936319608528
0.8618012349871653
0.8617951524586839
0.8618301992926394
0.8618401851252706
0.8618356973262794
0.861852817216405
0.86185612006846
0.8618454925964997
0.8618529052012208
0.8618331411415175
0.8618545584185581
0.8618579795111454
0.8618679135078997
0.8618549464339323
0.8618613192445133
0.8618487459165205
0.8618597399296304
0.8618624928730371
0.8618631144381321
0.8618818204234877
0.8618955661986775
0.8619041204939218
0.8619000074949797
0.8618979427819565
0.861916632174681
0.8619152834525892
0.8619149867460674
0.8619238383649881
0.8619232851385165
0.8619247230741716
0.8619352061849558
0.8619450571427183
0.8619324626411045
0.8619167908694186
0.8619046028561206
0.8619225214949059
0.8619036984822692
0.8619079762875708
0.8618936201545152
0.861889454917039
0.8618846900835019
0.8618737700199837
0.8618804443142655
0.8618754587855106
0.8618841619515147
0.8618869211705168
0.86189888242691
0.8618993044825847
0.8619104181200085
0.8618948232478809
0.8618956452151769
0.86189176862112
0.8619083237868854
0.861897867691276
0.8619073778461246
0.8619205499537552
0.8619337485198509
0.861959567834505
0.8619630610648372
0.8619340722257259
0.8619537475823017
0.8619616434541344
0.861988613095216
0.8619754288882949
0.8619791966131563
0.8619842501653742
0.861975890430898
0.861989281858022
0.8620030920938473
0.8620013526576601
0.8619957886927485
0.8619935379587086
0.8619995545902444
0.8620014440143616
0.8620026552334055
0.8619980915971494
0.8619898171792157
0.8620079544154289
0.8619988588370756
0.8619855719868591
0.8619759768269862
0.8619802156341568
0.8619673518557108
0.861988612052728
0.8620072150641758
0.8620114062947237
0.8620002039201656
0.8620060012294698
0.862023504283077
0.8620328219987572
0.8620222391311941
0.8620155372040167
0.8620188067959587
0.8620397025364139
0.8620522203736704
0.8620640666422144
0.8620708783835749
0.862071463883353
0.862080378646587
0.8620734603213814
0.8620705190692198
0.8620769429635489
0.8620956399835651
0.8620888979521629
0.8621086566022353
0.8621068991597859
0.8621093912298546
0.8621186450162913
0.8621225700965608
0.8621072342518394
0.8621140789197684
0.8621079427996047
0.8620941502493514
0.8620998347573388
0.8621026902034399
0.8620997413210858
0.8621027648058439
0.862105978051711
0.8621230297184356
0.862128973190404
0.8621330002679508
0.8621613652010494
0.8621709411384102
0.8621786859115282
0.8621797503486134
0.8621905387517187
0.8621966553292146
0.8621932638531506
0.8621875276835489
0.8621964368809906
0.8621968537756847
0.862198026563493
0.862206502823741
0.8621965277685499
0.8622109925883161
0.8622071198838699
0.8622182207161954
0.8622230963192927
0.8622449601667762
0.8622553222026322
0.8622694949826847
0.8622757751533365
0.8622771929110626
0.8622907523340412
0.8622786010732992
0.8622845760638493
0.8622649704655835
0.8622754593939665
0.8622837561654321
0.8622882093451698
0.8622925003944821
0.8622958810831692
0.8623107305288655
0.8623071634012665
0.862297432841331
0.8622890985474172
0.8623088748242191
0.8623159774980039
0.8623322623058994
0.8623119670668393
0.8623129250772785
0.8622985227262379
0.8622984499483007
0.8622961313817904
0.8622952465627748
0.8622661557219803
0.8622536748962425
0.8622530641852114
0.8622550782660424
0.8622554808923217
0.862262515039357
0.8622684545436758
0.8622771090783903
0.8622827825775062
0.8622742489262517
0.8622859768944741
0.8622864091529653
0.8622879569576579
0.862280989637199
0.8622772230510743
0.8622699284408777
0.8622657001356717
0.862260017035845
0.8622678918650183
0.8622531141412493
0.8622364801239703
0.8622077719563802
0.8622043386394829
0.8621991371992431
0.8621910687080417
0.8621817214796861
0.862197707685566
0.8621951838378649
0.8622084832518763
0.8622118543076088
0.8622040334232693
0.8621996021247041
0.862182343292614
0.8621805307136574
0.862171716418547
0.8621572824969824
0.8621640669568791
0.8621621603087328
0.862167022955482
0.8621489542150224
0.86214999618944
0.8621509769555165
0.8621516632212719
0.8621587169980297
0.862150008585648
0.8621448200159099
0.8621422862576643
0.8621278231667153
0.8621300974319903
0.8621273907185942
0.8621120064843295
0.8621147132092486
0.8621145419432447
0.8621111251228385
0.862099151939641
0.8620925374874738
0.862088528461649
0.8620913494693433
0.8621068048755958
0.8621205358414655
0.8621053181742703
0.8621110160408371
0.8621191348102628
0.8621161194239683
0.8621184238287075
0.8621207962384233
0.8621068602893337
0.8620996002310973
0.8620986109061141
0.8620891210944596
0.8620788538156509
0.8620651611369592
0.8620663413428488
0.8620710560866497
0.8620645106589325
0.8620780377038264
0.8620752529775959
0.8620745887141446
0.8620684917518345
0.8620685533617778
0.8620725510387075
0.8620583639489202
0.8620592594885677
0.8620672558795802
0.8620816404701702
0.8620826772730268
0.8620850499436922
0.8620896089083719
0.8621018957837374
0.862111711093823
0.8621230981205323
0.8621158907372273
0.8621025269691625
0.8621101172970473
0.862114419003289
0.862125772248577
0.8621192691273731
0.8621210879330821
0.8621321375855461
0.8621340146076778
0.862130571504191
0.8621240676556396
0.8621264966511292
0.8621262659565152
0.8621239058508385
0.8621250427040305
0.8621172280723656
0.862123899609106
0.8621197545790737
0.8621235548129598
0.8621341354223423
0.862137437869659
0.8621408902511929
0.8621388683167002
0.8621296724040978
0.8621340484404589
0.8621373652974111
0.86213732238274
0.8621429409849659
0.8621393981898524
0.8621465914302983
0.8621618279312742
0.862157651453986
0.862163670143028
0.862159374995287
0.8621631928654729
0.862142899371201
0.862133026048442
0.8621338112412456
0.8621345024334356
0.8621241198513481
0.862135054413635
0.8621381272515205
0.862140599801407
0.8621316533558747
0.862138893880419
0.8621453870683372
0.8621744012299889
0.8621633414559431
0.8621472626936946
0.8621391010517477
0.8621291177763428
0.8621335181596631
0.8621192616210457
0.8621151679502905
0.8621150725070541
0.8621061480594868
0.8621165193008357
0.8621198064647755
0.8621113393428508
0.8621287712173509
0.8621277234905318
0.8621423529432536
0.8621333980862166
0.8621341206635522
0.8621201638403817
0.8621246783741454
0.8621214533692516
0.8621186243822702
0.8621283266308735
0.8621334459158237
0.862138588244945
0.8621332845044806
0.8621394394838943
0.8621343206273446
0.8621430634628592
0.8621458050805465
0.8621249340081159
0.8621183037929577
0.8621054858262704
0.862105719598587
0.8621022895602223
0.8621120330287146
0.8621222222059776
0.8621186472438361
0.8621219593433107
0.8621300529661245
0.8621367495705563
0.8621346853396407
0.8621420136022158
0.8621345243338845
0.8621262746230812
0.8621203997009009
0.8621188969390761
0.8621167672121977
0.8621154589331632
0.8621246102281213
0.8621228756501916
0.8621285073043023
0.8621219035341604
0.8621300216388402
0.8621315057780957
0.8621342717720318
0.8621343590187183
0.8621255533218352
0.8621257312036597
0.8621179181324815
0.8621133602078783
0.8621103686782524
0.8621050643948002
0.862116864758003
0.8621206573681265
0.8621061229361467
0.8621048662483475
0.8621045949194931
0.8621102302659714
0.8620999139148192
0.8620987854733971
0.8621024257950599
0.8621022221278014
0.8620945939668956
0.8620934040917659
0.8620917406316149
0.862086584923918
0.8620892112360302
0.8620918808316572
0.8620828789553406
0.8620755998695525
0.862076043116609
0.8620785076475834
0.8620846528309234
0.8620908895039083
0.8620839492144368
0.8620830026603942
0.8620813239408208
0.8620835584041577
0.8620900833202592
0.8620810561721937
0.8620808032062556
0.86206738525968
0.8620731545523936
0.8620769574186616
0.8620754128841522
0.8620787694965227
0.8620859119244327
0.8620826801334084
0.862086566318057
0.8620778769131101
0.8620796660036113
0.8620848318483458
0.8620816391307426
0.8620811546074058
0.8620885391691471
0.8620809333630155
0.8620896947863371
0.8620804967664586
0.8620792207851886
0.8620849524164593
0.8620899969512515
0.8620893223695667
0.8620944576072794
0.8620899668069437
0.8620820293594265
0.8620826251574486
0.8620835520163352
0.8620821447965301
0.8620823371645427
0.8620676685997526
0.8620738331628709
0.8620659859690826
0.8620530338806005
0.8620550209020259
0.8620487366651782
0.8620431950388225
0.8620501274055772
0.8620596144890218
0.8620734935602675
0.8620769548468372
0.8620746075930718
0.8620756242497805
0.8620728607927246
0.8620782591442644
0.8620857203814349
0.8621005633437614
0.8620888939493988
0.8620878605118687
0.8620984676358019
0.8621028837447606
0.8621068122849896
0.8620978202551123
0.862089482086791
0.862097224068518
0.8621042776695078
0.8620957460087322
0.8620893208922862
0.8620928420026273
0.8620905284922876
0.8620914069000455
0.862089464348281
0.8620792518464455
0.862084133360438
0.8620759467689868
0.8620698977119685
0.8620823258745061
0.8620805460590735
0.8620852571240147
0.862080906180991
0.8620858158219725
0.862089548923444
0.8620994258816536
0.8621040208373603
0.8620969606430438
0.8621039259517459
0.8621157399073281
0.8621181580756899
0.862115161776213
0.8621220658017467
0.8621322736270705
0.862127679579641
0.8621186143657834
0.8621140452170338
0.8621237271268058
0.8621264244052337
0.8621282635055897
0.8621359340253363
0.8621265878314694
0.8621314498773965
0.8621219685994139
0.8621255401211059
0.862122937762773
0.8621295844210777
0.8621390213394701
0.8621400366551806
0.8621465249083562
0.8621498729501755
0.8621574667205903
0.8621460940553832
0.8621538017176363
0.8621539172201614
0.8621580511813577
0.8621487964465963
0.8621519869272424
0.8621542715260271
0.8621634545272858
0.8621661303120973
0.8621690319547157
0.86216894929294
0.8621707110195431
0.8621664358868516
0.8621746435779356
0.8621761580322921
0.8621703221626383
0.8621615574601209
0.8621627499720682
0.8621556158948099
0.8621536318747878
0.8621552798815729
0.8621712129298043
0.8621652652320113
0.8621726423053078
0.8621754391612108
0.8621825463028451
0.8621774449010682
0.8621757761389167
0.8621686313598019
0.862169966407914
0.8621671223410948
0.8621680094153481
0.8621677211811792
0.8621594331910214
0.862155835706864
0.8621584851861069
0.8621564961931195
0.8621610718135619
0.8621616388223214
0.862159613000639
0.862163879955739
0.8621491947726875
0.862151233729622
0.8621445901122254
0.8621466703535301
0.8621496043739454
0.8621563874498501
0.8621668601256515
0.862161773898443
0.8621704139233186
0.8621802245343492
0.8621868973187031
0.8621791647438387
0.8621691086151578
0.8621703878194062
0.8621734916110039
0.8621814272091077
0.8621811970386181
0.862187732426917
0.8621884860991632
0.8621893065261405
0.8621892885511677
0.862196897867734
0.8622031304124886
0.8622110831257639
0.862209704217649
0.8622156584162759
0.8622129360976638
0.8622244559517018
0.8622173282349803
0.8622279265315148
0.8622229299316952
0.8622195024322004
0.8622153786560884
0.8622234572655448
0.8622271264291305
0.8622208763363348
0.8622204736365577
0.8622158302848995
0.8622163251442866
0.8622159355609151
0.8622197501187657
0.862218372254447
0.8622189695995434
0.8622237221636215
0.8622206054985516
0.8622241122376685
0.862234779535615
0.8622483017751883
0.8622501805187042
0.862246255404046
0.8622601621300676
0.8622467514839331
0.8622462876601011
0.8622507290077922
0.8622486811112082
0.8622451485475219
0.8622415425195504
0.862247103114604
0.8622484894259654
0.8622542574806287
0.8622443051270212
0.8622439549914844
0.8622343920191298
0.8622475146437032
0.8622539583124632
0.8622456481877521
0.8622450115585869
0.8622491359514334
0.862252024588064
0.8622629868855788
0.8622686664123449
0.8622685990652057
0.862261859336053
0.8622745214759358
0.8622846024934888
0.862280636298049
0.8622807554092465
0.8622815943965223
0.862284950690796
0.8622891753046218
0.8622934195635008
0.8622982565058533
0.8622889863780174
0.8622818789391177
0.862287715642021
0.8622933280809597
0.8622967426626289
0.8622888024191232
0.8622827701208869
0.8622754488680539
0.8622772023271296
0.8622798880455425
