0.6938672235091746
0.7686075864361972
0.7987766009232526
0.8169578803418991
0.8253830240686394
0.8307703162298339
0.8332729062009686
0.8366477992021534
0.8394825157292408
0.841837454377138
0.8432164290175156
0.8446089561070417
0.8455018581846242
0.8467950521804335
0.8475319423161266
0.848712237368222
0.8491267754778812
0.8497760669093414
0.8505356034432447
0.8513973707577452
0.851562537030068
0.8524417968537258
0.8527870068539145
0.8526616264108929
0.8529075849506389
0.8535199302609443
0.8535943472476927
0.8533008139673077
0.853431039019323
0.8532195464802732
0.8536108746903059
0.8538459536536258
0.8540161985285032
0.8540659773281861
0.854249302930178
0.854447094393572
0.854656529606584
0.8546293341966004
0.854741672795071
0.854879334146633
0.8548561547083672
0.8553145465797942
0.8554821317869534
0.8554489006000818
0.8555305713741505
0.8556390122643678
0.8557799169956161
0.855581113127688
0.8555884449120821
0.8556251950461161
0.8555562940200117
0.8554179310988193
0.8553689795057406
0.8553665057239012
0.8554955161503472
0.8558139871148297
0.8558454488249243
0.8557290946039944
0.8558489931523443
0.8559634656651307
0.8560027760452318
0.8561894440807714
0.8562311714413966
0.8561917288011425
0.856125412678968
0.8560869193003291
0.8560584058075282
0.8559549291518386
0.856038330427631
0.8560579136533811
0.8561138310516386
0.8561414318829698
0.856185155312592
0.8562386111428429
0.8562712512965909
0.856136911591508
0.8561494961594659
0.8562291774512589
0.8563216419747971
0.856314859589275
0.8563920526442504
0.8563216057520261
0.8563019932183729
0.8563025638278459
0.8563932242336516
0.8565244011284742
0.8565484206845351
0.8565713229358617
0.8565274527448357
0.8564698862715424
0.8564668044997099
0.8564828919670653
0.8564090167695217
0.8563960802275329
0.8564115351564779
0.8564594705738546
0.8565166341955084
0.8565235039963512
0.8564391903167774
0.8564235351062489
0.8564378195969251
0.8564375234291
0.8564760220176677
0.8565081089114571
0.8565959782908943
0.8565095209374313
0.8565253567572033
0.8565037619775289
0.8565330129706039
0.8565890777491668
0.8566312891919003
0.8566146491041519
0.8566385857326869
0.8566339909733517
0.8566880560959983
0.8566040924625336
0.8565588691038084
0.8566078541611223
0.8566302301375821
0.8566199188444378
0.85667890458833
0.8566611047472302
0.8566630499338915
0.8566717957563053
0.8566939480050111
0.856663194571133
0.856589263124627
0.8565789562719276
0.8566463150856248
0.8566964423835228
0.8566624191511915
0.856694182404809
0.8566830896540055
0.8566319182800802
0.8566859059694317
0.85662343113949
0.8566681614733415
0.8566916966539765
0.8566499849500051
0.8566311967629354
0.8566974111890957
0.8568122282640445
0.856812397790548
0.8568696965240943
0.8569004034345112
0.8567954630759739
0.8568147269601155
0.8568119835270028
0.8568313788461932
0.8568403219595482
0.8568265382030653
0.8568212797415435
0.8567835963504496
0.8567771221933647
0.8567492047482562
0.8567306049164876
0.8567168203898492
0.8567464869343163
0.8567641964126894
0.8567561903468242
0.8567740364654833
0.8567637558416337
0.856715444404889
0.8567391484879724
0.856819252138675
0.8568298449023367
0.8568831289152399
0.8569147468883017
0.8569198836090871
0.8569470616497654
0.8569436159865844
0.8569820156753958
0.8569143201746517
0.8568996511567886
0.8569334709337049
0.856914447568032
0.8569356128387733
0.8568913047529336
0.8568881949443683
0.856942339570964
0.8569404536032069
0.856922439486797
0.856918619050509
0.8569148074771751
0.8569065203400943
0.8569167933477051
0.8569108263042967
0.8569017274007665
0.8568939499966554
0.8569014415900184
0.8569322639421013
0.8569704263959514
0.8570223536321183
0.8569987508568988
0.8570583557002004
0.8570428928977717
0.8570344601287463
0.8570367463586086
0.8570244227936832
0.8570036745204604
0.8569377919868204
0.8569487966402168
0.8569394628441936
0.856916767682975
0.8568805315935433
0.8569159323870283
0.8569046047280205
0.8569084667652561
0.8569071473200874
0.8568843194870176
0.8568579525397512
0.8568618619876075
0.8568878976738664
0.8569116946391644
0.8569397340630635
0.8569688556795847
0.8569964521842759
0.8570037116941052
0.8570319378865974
0.8570279841736993
0.8570308732263169
0.8570557269128926
0.8570685845758041
0.8570815670776599
0.8570843886795068
0.8571009504732939
0.8570842668599423
0.8570467771606356
0.8570155260155944
0.857033133407099
0.8570306403971958
0.8570118748746751
0.8570142136843671
0.8569930910088102
0.8569983379844576
0.8570707090606594
0.857051892426847
0.8570726051248668
0.8570825925085956
0.8571052368890556
0.8571182794066973
0.8571153445150249
0.8571448092098631
0.8571657038105589
0.857143424072776
0.8571958239153373
0.8572239279827527
0.857223120176281
0.8572469151688812
0.8571950556100957
0.8571896639771021
0.8572115474636112
0.857217984398018
0.8572297551720236
0.8572457113794961
0.8572294023515588
0.8572266580534356
0.857240635683412
0.8572382794550141
0.8572549777887765
0.8572802121763875
0.8572793068358154
0.8572739837271931
0.8572686669394969
0.8573100365605933
0.8573016989827296
0.8572876009935423
0.8573122488780939
0.8572964533011773
0.8573122204327047
0.8573387574847746
0.8573484854323671
0.8573492198424637
0.8573761886404829
0.8574086561007339
0.8574096250939794
0.8574049095160973
0.8573912215731958
0.8573782723728884
0.8573794521592252
0.8573747583150919
0.8573626163952932
0.8573967092329356
0.8573714217427046
0.857356164497807
0.8573534060722312
0.8573505462645467
0.8573629387598976
0.8573537142895327
0.8573484516356334
0.8573590628211372
0.8573325795247091
0.8573320873293554
0.8573213644367808
0.8573395532519971
0.857343956947322
0.8573201468050218
0.8573248710157878
0.8572956785472128
0.8572693028381063
0.8572624795430178
0.8572759639673712
0.8572729160395814
0.8572614425227322
0.8572708313318402
0.8572686504924975
0.857254726186776
0.8572468071986278
0.857252269892309
0.8572196137688631
0.8572015405517164
0.8571778181492672
0.8571719077078735
0.857186480118488
0.8571970697275584
0.8572179228605645
0.8572225529731868
0.8572490383234027
0.8572315986342203
0.8572086231677437
0.8572308409899343
0.8572318218181925
0.8572646832298928
0.8572856962319193
0.8572725649474019
0.8572707709740958
0.8572865020856006
0.8572986970901174
0.8572785858605061
0.8572882008330863
0.8572999820915138
0.8572777896591817
0.8572583021148652
0.8572729031926954
0.857315691070707
0.8572946670210658
0.8573160432965535
0.8573320752931851
0.8573473140204751
0.8573590355113805
0.8573581362879948
0.8573611376530335
0.8573681845792306
0.8573692505986961
0.8573617790222324
0.8573473105589218
0.8573658299200255
0.8574256849832806
0.8574417265967623
0.8574512134404395
0.8574546458388719
0.8574444713560847
0.8574377786760757
0.8574483431537745
0.8574523598239445
0.8574883264186168
0.8575166065508135
0.8575158030605669
0.8574836723830397
0.8574785361577549
0.8574420590736034
0.8574362898690291
0.8574276066963193
0.8574247283736194
0.8574092877118968
0.8574206297241833
0.857418762540167
0.8574332145705931
0.8574202590732692
0.8574195500003788
0.8574419374120289
0.857452435778674
0.8574714557506014
0.8574734723109393
0.8574710643155202
0.857458324032134
0.8574352724978784
0.8574613581108719
0.8574596741927931
0.8574697158779115
0.8575071331889873
0.857517285634251
0.8574994871668294
0.8575067001374782
0.8575073334298964
0.8575020632924166
0.8575125388759952
0.8575195597720385
0.8575118487987748
0.8574985571541219
0.8574831562924684
0.8574508519300106
0.8574458022795758
0.8574597228142343
0.8574582552397244
0.8574731574526749
0.8574710842806685
0.8574517857800844
0.8574491029008645
0.8574710912606037
0.8574625841234714
0.8574686784910756
0.8574426119182794
0.8574636213964736
0.857470920230977
0.8574564671444594
0.8574530447695945
0.8574303615659624
0.8574288586298883
0.8574296893211519
0.8574239513685596
0.857427352173628
0.85741531430296
0.857406464091997
0.8574223254018735
0.8574395866800594
0.8574497399663635
0.8574467789444059
0.8574421173082349
0.8574349367019926
0.8574448244092447
0.8574266894067305
0.8574230358295833
0.8574361818997573
0.857473452438847
0.8574711666040388
0.8574947977484964
0.8574881184866386
0.8574682498578838
0.8574698968893772
0.8574718711103361
0.8574872188167592
0.8574856620961784
0.8574982709911986
0.8574979214520569
0.8575213915876129
0.8575353139426009
0.8575220616691467
0.8575094457269444
0.8575227354507838
0.857530267524305
0.8575584935603816
0.8575497251000197
0.8575428551773397
0.8575600135996632
0.8575672312160894
0.8575716577339272
0.8575536982106728
0.8575349000030663
0.8575353607673557
0.8575394694475902
0.8575551717135044
0.8575695758529509
0.8575716812336064
0.8575767874846425
0.8575731722752108
0.8575708540165891
0.8575661963080394
0.857562523828131
0.8575776993552071
0.8575502844718694
0.8575456153487975
0.8575391955779428
0.8575515302242641
0.8575460485398801
0.8575416659070594
0.857534695583546
0.8575314144987506
0.8575244666384734
0.8575284992341561
0.8575241839766347
0.8575408217698611
0.857543610551047
0.8575542692180766
0.8575526610922592
0.8575401064149941
0.8575512064093501
0.8575535196342813
0.8575525025393914
0.8575622525887625
0.8575540137141504
0.8575643059745288
0.8575467464881676
0.8575475056042274
0.8575582315416159
0.8575707561822397
0.8575714556153468
0.8575726696924804
0.8575670375789671
0.857573234468794
0.8575630002082696
0.8575614075994755
0.8575585726013719
0.8575419116594142
0.8575310365198111
0.8575352314525168
0.8575288705630555
0.8575276365046464
0.8575257955703558
0.8574956043962739
0.8574829831137712
0.8574857542756678
0.8574860088338672
0.8574882318058143
0.8575064802361163
0.8574923158711973
0.8575073304458888
0.8575064664505023
0.857504081189076
0.8575042820535327
0.857495096174876
0.8575124633168055
0.8575276709025663
0.8575169243984193
0.8575145720484189
0.857515391486086
0.8575165108995154
0.8575156988962221
0.8575298963324406
0.8575318328958
0.8575351895043557
0.857515504879385
0.8575132301577352
0.8575233832841747
0.8575274065233034
0.857540729753023
0.8575328088556945
0.857530500879128
0.8575327082259616
0.8575293998208993
0.8575469520953399
0.8575528134624499
0.8575697606564631
0.8575743829411484
0.8575816626437716
0.8575982870059612
0.8575981133063724
0.8575947543508579
0.8575958087577206
0.8575990416032668
0.8575905858704783
0.8575903542290216
0.8575881958172274
0.8575933699310067
0.8575916415898622
0.8575797263477551
0.8575630492646945
0.8575668296584785
0.8575565796521071
0.8575595067124229
0.8575532626444563
0.8575617608974915
0.8575561348469929
0.8575514199624774
0.8575517546419419
0.8575597126414924
0.8575701970183006
0.8575604113449119
0.8575698742485128
0.8575777606704547
0.85757824444079
0.8575712106875883
0.8575694336624023
0.8575825929382164
0.8575992499422107
0.857592791893627
0.8575950550465435
0.857606138418897
0.8575958845200394
0.8575847177109258
0.857581722310226
0.857579961225108
0.8575815091071551
0.857598366572274
0.8575995005308532
0.85759920608295
0.85760779316428
0.85759727938237
0.8575866359425316
0.8575831579196405
0.8575549077369731
0.8575696889689064
0.8575670048878516
0.8575698554041236
0.8575667188680296
0.8575707313796752
0.8575721289699452
0.8575723049988805
0.8575701286017327
0.8575752793395541
0.8575842434241088
0.8575788059816396
0.8575610716492919
0.8575444181798142
0.8575539724194405
0.8575709591952391
0.8575630837437186
0.8575722561136654
0.8575689991789794
0.8575671171826018
0.85756829095536
0.8575624061117946
0.8575706420223373
0.8575629401264596
0.8575465870342405
0.8575412549440198
0.8575445511159656
0.8575352140806403
0.8575374260809993
0.8575311038130766
0.8575240528890535
0.8575388553716669
0.8575336473467922
0.8575426476941055
0.8575408616858645
0.8575345287366958
0.8575345022674036
0.8575367655027222
0.8575320903169585
0.8575245055228367
0.8575204773037017
0.85752452926453
0.8575215698278841
0.8575238833350487
0.8575206564553128
0.8575349579011036
0.8575350991653055
0.8575446279716618
0.8575556462322899
0.857569311266188
0.8575753895877961
0.8575812240653834
0.8575948965925426
0.8576033709382032
0.8575990308586147
0.8575916787309138
0.8575938472641985
0.8575911438671825
0.8575920201332764
0.8575918761161965
0.8575776601671394
0.8575680574005016
0.8575721482159786
0.8575816925828378
0.857572404187226
0.8575840332544854
0.8575718939952767
0.8575757975804644
0.857579109666914
0.8575781801815874
0.857582166879562
0.8576005839548201
0.8576106146733102
0.8576152989907229
0.8576259105296768
0.8576158175472033
0.8576102693952168
0.8576210775525773
0.8576305386455342
0.8576307231962494
0.8576257144233889
0.8576234422537046
0.8576176679232332
0.8576233509843736
0.8576337994174907
0.8576375517741442
0.857625984933564
0.857617953083232
0.8576286027945668
0.857640235641441
0.857633944878694
0.8576230109812358
0.8576133983868269
0.8576144361703438
0.8576169198389131
0.8576250547240748
0.8576267169189663
0.8576376861196816
0.8576429945413127
0.8576430069296893
0.857657310939429
0.85765479342164
0.8576548646668375
0.8576716015084231
0.8576621440123474
0.8576716353031325
0.8576832673307813
0.857670083472431
0.8576722638631273
0.85767409577242
0.8576624436142518
0.8576574019298543
0.8576604519134381
0.8576509471746689
0.8576463582229856
0.8576301623068956
0.8576270028585662
0.8576309349895089
0.8576365608695958
0.857637483772098
0.8576382807582289
0.8576455800762194
0.8576389081682249
0.857644074682922
0.8576332885914572
0.8576333943317027
0.8576375528530291
0.8576306578074941
0.8576257635482234
0.8576272474805527
0.857629183503311
0.8576176796034756
0.8576345443139402
0.8576306202444042
0.8576322414438352
0.8576299592196893
0.857633217077801
0.8576338252867739
0.8576466501699586
0.8576362815830967
0.8576342962156396
0.8576375506412309
0.8576360884495925
0.8576291150168117
0.8576198687706861
0.8576125373394403
0.8576054657646124
0.8576070711403824
0.8576010920007282
0.8575988967985592
0.8576010796216145
0.8576050164215366
0.8576010860235708
0.8575911356464996
0.8576092187496163
0.8576060313933059
0.857609682139066
0.8576036155759409
0.8576073428917451
0.8576040980736991
0.8576080496957005
0.8576067021337926
0.8575927881441521
0.8575985366499996
0.8576078239530444
0.8576115124545216
0.8576025549340816
0.8576028683873785
0.8576095981323972
0.8576095209389966
0.8576221533890446
0.8576284555378495
0.8576322714088807
0.8576208501642626
0.8576198505712564
0.8576266780344923
0.8576195448536476
0.8576108862240988
0.8576098033820354
0.8576188641459149
0.857616854088281
0.8576152138959634
0.8576032179498807
0.8575988370019467
0.8575985721110686
0.8575971438051782
0.8575975567497198
0.8576041833527396
0.8576026532641744
0.857611755976707
0.8576061588832911
0.8575940273565832
0.8575942431597029
0.8576017957765681
0.857599376357439
0.8576021543313455
0.857601080953356
0.8576019300526515
0.8575937461915645
0.8575860994104286
0.8575977951741819
0.8575959851555004
0.8575912220293356
0.8575916117925231
0.8575734600828763
0.8575753248259185
0.8575637686712132
0.8575624909007812
0.8575693224804014
0.8575733803304068
0.8575696205053422
0.8575681966998392
0.8575608273574659
0.857561081391179
0.8575574212323591
0.8575490879489001
0.8575543146260479
0.8575548617301608
0.8575459137295199
0.8575394239562336
0.857539206226969
0.8575319562262288
0.857534464108976
0.8575337852330678
0.8575377521481495
0.8575401814664437
0.8575294387692431
0.8575204842988736
0.8575251129022917
0.8575273894632505
0.8575234792469223
0.8575338026015558
0.8575351497640578
0.857526635587131
0.8575371713565637
0.8575340329586885
0.8575401258284279
0.8575259413773147
0.8575297372398532
0.8575212183596777
0.8575182825345351
0.8575270008898994
0.85753648688468
0.8575286070002007
0.8575280471237476
0.8575324600510597
0.8575161897611782
0.8575206480707466
0.8575183574559412
0.8575219495436127
0.8575324436859002
0.8575305574237174
0.8575322422083985
0.8575383666952923
0.8575453645066996
0.8575370961638936
0.8575282437258299
0.8575388452054257
0.8575392805782521
0.8575457406223138
0.857545658291229
0.8575532322872748
0.8575494964864513
0.8575507886526985
0.8575512633838961
0.8575442144789887
0.8575529073155267
0.8575520421949776
0.8575557216604925
0.8575654053035435
0.8575577643067208
0.8575560061272677
0.8575585393471352
0.8575557736907012
0.8575507195281166
0.85755526530183
0.8575590388268083
0.8575591417036139
0.8575623429943288
0.8575553701416468
0.8575620956296377
0.8575709022062811
0.8575742899336328
0.8575823185498307
0.8575837369342683
0.8575785142970104
0.8575659374003921
0.8575679874364973
0.8575666726456727
0.8575708248863698
0.8575703226499083
0.8575709018395475
0.8575780678221094
0.8575778740486408
0.8575767570114107
0.8575771325130904
0.8575789290483664
0.857576301684169
0.8575761802043601
0.8575792095052274
0.8575789693808343
0.8575777493237857
0.8575734226169142
0.8575729253680592
0.8575693435184303
0.8575627501035432
0.8575638963215728
0.8575640320579938
0.8575656796164107
0.8575701083563363
0.8575772157403316
0.8575624680997478
0.8575714413111617
0.8575769939790621
0.8575743947470533
0.8575817889140919
0.8575796912208984
0.8575701955806101
0.8575689782676295
0.8575718699998252
0.8575687123295076
0.8575666686316751
0.857566433006986
0.8575725384412833
0.8575750407282008
0.8575837380694895
0.8575807931204883
0.8575767871019608
0.8575740367445375
0.8575770831747686
0.8575765019277685
0.8575764818972108
0.8575716558547894
0.8575777316447984
0.8575725882293072
0.8575573067234779
0.8575602359183928
0.8575538065853656
0.8575540932112905
0.8575634293535355
0.8575640671900633
0.8575598619599452
0.8575513052264316
0.8575527611467226
0.8575431314206349
0.8575388275055528
0.8575331802213199
0.857531444648642
0.8575394480387495
0.857535476320024
0.8575271453901911
0.857533826974239
0.8575408705601396
0.8575356408131541
0.8575276157218137
0.8575222289490089
0.8575236431972305
0.8575200488185244
0.8575260398945085
0.8575329755611847
0.8575329324273753
0.8575249496002206
0.8575300476493251
0.8575373336746396
0.85753838705015
0.8575405171939349
0.8575363364346011
0.8575351666131293
0.8575325480978846
0.8575393510374303
0.8575472801614578
0.8575464764148308
0.8575422986088658
0.8575440428788484
0.8575405263582221
0.8575396914943809
0.8575464374436562
0.8575554834726609
0.857554466591614
0.8575554248671263
0.857537469728265
0.8575326952298717
0.8575319565246786
0.8575376555845194
0.857535783161608
0.8575284651119406
0.8575304259093053
0.8575282235383442
0.857532072531781
0.8575344339589153
0.8575400969833141
0.8575361449007921
0.857541827617264
0.8575458171110943
0.8575437227442565
0.8575346884781518
0.8575312004658944
0.857518459214166
0.8575141102034483
0.8575059152581299
0.857508247891025
0.8575114882088718
0.8575137174037375
0.8575209813762429
0.8575251248611757
0.8575216400525004
0.8575215550710321
0.8575199262288009
0.8575269127515573
0.8575269551845667
0.8575274690699627
0.8575338552346102
0.8575289479811404
0.857530813186867
0.8575277449328137
0.8575275268438459
0.8575311198123371
0.8575263759853173
0.8575201274683849
0.8575218081120531
