0.7168139933501819
0.7837501981863025
0.8125509384101168
0.8270188901727135
0.8347369028715697
0.8418935985246373
0.8452617390581979
0.84984145503588
0.8532667821759036
0.8556443901238716
0.8580719429498131
0.859830723877725
0.8609436496439137
0.8627017872181894
0.8633379949115219
0.8641654195722511
0.8648233875744554
0.8656740395374127
0.8661852975405921
0.8663840194241642
0.8665902608108591
0.8667910396575705
0.8668334981394933
0.8671576041487493
0.8674622904272892
0.8677807005153207
0.8681209590285123
0.8682433282496231
0.8685292182128281
0.8687985686764201
0.8692386143014413
0.8694424700011484
0.8696632382250264
0.8699229333676246
0.8699948413906837
0.8701065268268099
0.8702675202839075
0.8704983585538004
0.8706210913348005
0.870823233360574
0.8711139706912625
0.8712014084059277
0.871400211208077
0.8712869373896792
0.8713089567291216
0.8714067019043965
0.87152788380532
0.8716456525524079
0.8716824058908296
0.8717641745691784
0.8720196988050274
0.8720262436413723
0.8720789962556311
0.8721584929426833
0.8720484253515166
0.8720892568961991
0.8721889483396954
0.8722573583333696
0.872479617918082
0.8724473572446682
0.8724612947012446
0.8726935706415581
0.8727582166899469
0.8728288902301028
0.8727032022309819
0.8728495555900628
0.8728475686691782
0.8728229190386714
0.8728802288736288
0.8729893592406478
0.8729825297291216
0.8730241661302097
0.8729952613855764
0.8729896887256524
0.8730495241634281
0.872980454759909
0.8729361877703451
0.872882161742892
0.8728900252097216
0.8728930526787618
0.8728246605495945
0.8728389860391763
0.8728438508082111
0.8727960500822926
0.8728069434435295
0.8729961843389512
0.8730752075514152
0.8730689644471505
0.8731506722465424
0.8731324481874606
0.8732941679930265
0.873460939372189
0.8735762727606556
0.8737147504361045
0.8736412569340856
0.8737520986670165
0.8737038665900884
0.8737670799938173
0.8738008094716991
0.8739046088729701
0.8739288613290518
0.8739663516988045
0.8739752820532174
0.8740071263464536
0.8740426651847467
0.8740892855998175
0.8741435117912756
0.8741796123452411
0.8741476456336179
0.874261552349765
0.8743018196550424
0.8742770008451378
0.8743345638086473
0.8743757464912432
0.8743918428932043
0.8744386619436888
0.8744888753329549
0.8744752885906635
0.8745213727980268
0.8744482219659706
0.8744521901666368
0.8744342755637154
0.8745045868573119
0.8744622950225807
0.8744721304218009
0.8744757588512552
0.874435985614996
0.8744393136617626
0.8744257254965553
0.8745115253023779
0.8744868136371861
0.874486085994514
0.874536094897188
0.874511400895553
0.8744836773698622
0.8745001797912102
0.8745335151157464
0.8745260754239315
0.8744949701778879
0.8745123419224563
0.8744508295683491
0.8744793030203284
0.874448529614961
0.8744815511890804
0.8745204946080829
0.8745224580254064
0.8745515584765834
0.8745243900459237
0.8745330085548629
0.8745495811866297
0.8745891278653924
0.8745425070254538
0.8745586332895946
0.8745549735027084
0.8745813784520226
0.8745568143528766
0.8745538832957663
0.8745696294214309
0.8745755433485751
0.8745451421439884
0.874592637635338
0.8745860959257994
0.8745773292141491
0.8745853929732978
0.8745566933387349
0.8745592264964881
0.8745707864368738
0.8745639562143414
0.8746193675734408
0.8746130292480616
0.8746004117184646
0.8746061687533006
0.8746295493424927
0.8746311155982505
0.8745896593303406
0.8745979347605565
0.8746172867874121
0.8746123036549172
0.8746120410409095
0.8746323838529257
0.8746477762545145
0.874621853104444
0.8746165702271416
0.874557171525789
0.8745675273950057
0.8745874939268697
0.8745358367567081
0.8744761324539457
0.8745045269053859
0.8745202234433803
0.8745252940102712
0.8745349993283777
0.8745100889017843
0.8744636947982938
0.8744553456962763
0.8745141914255782
0.8745157100004489
0.874481441373393
0.8745065653179469
0.8745453842070109
0.874560873927881
0.8745867434768683
0.8745967026369941
0.8745843853820381
0.8745722704766498
0.8745727514798137
0.8745730149114596
0.8745803413878007
0.8746072972699722
0.8746425442080759
0.874655103662373
0.8746654376887472
0.8746766905641429
0.8746861860930943
0.8746969389215137
0.8747616385578113
0.8747679430108906
0.8747607585252837
0.8747675817181145
0.8747952239571377
0.874784026764657
0.8747628944461965
0.8747479090677133
0.8747374686093703
0.8747248212737748
0.8747633187079304
0.8747714340025355
0.8747739034705766
0.8747977263793068
0.8747886503519805
0.874808829214071
0.8747855281266874
0.8747980224832439
0.8747921510920339
0.8747638681107338
0.8747402556508286
0.8747229082293618
0.874738582048358
0.8747369009138191
0.8747303631102185
0.8747101278647307
0.8746855106182162
0.8747058733078408
0.8746908314195094
0.8747142459948387
0.8747167208612099
0.8746827902018228
0.8747397104593785
0.8747312368772456
0.874748947157905
0.8747791925083388
0.8747715727130887
0.87474294358432
0.8747244431146469
0.8747112634874655
0.8746996621813645
0.8747288496468242
0.8747443226763102
0.8747238702156993
0.8747114349463626
0.8747439380510423
0.8747231814552012
0.8746962105895444
0.8746782617094749
0.874651850451806
0.8746372403636901
0.8746192166894564
0.8746116303750098
0.8746058300444043
0.8746005756539262
0.8746007403493675
0.8746280901936545
0.8746195868481491
0.8746199281370377
0.8746165191105512
0.8746267746289436
0.8746359161512052
0.8746369037534572
0.8746559614838338
0.87464550316151
0.8746808577854474
0.8746933827247176
0.8746834833624764
0.8746959999994767
0.8747201127149629
0.8747184653090775
0.8747213572119028
0.8747186495451031
0.8747218252874055
0.8747188626557761
0.8747173595783713
0.8747096133694463
0.8747408788128094
0.8747675952818742
0.8748009635328732
0.8747682265005989
0.8748104064311424
0.8748058583900534
0.8748058901574329
0.8748239038221147
0.874821446596555
0.8748544021874908
0.874856147629814
0.8748637588438611
0.8748914897133744
0.8748957843967796
0.8748982497242684
0.8749266495432414
0.8749375121079198
0.8749451405216316
0.8749662134185542
0.8749876512772496
0.8749918639640042
0.8750085591922744
0.8750068027046661
0.8750407571282081
0.8750114840766817
0.8750140163334481
0.875019725962554
0.8750267396841647
0.875023846756171
0.8750430570438894
0.8750454138601869
0.8750337407547426
0.8750457762092059
0.8750566560942856
0.8750560341186152
0.8750570538585796
0.8750540184177364
0.87506898992833
0.8750630041518598
0.8750904047638817
0.8751199347096654
0.8751082929805424
0.8751112688679197
0.8751076841823445
0.8751048856724475
0.875090719005857
0.8750888320336435
0.8750965239430404
0.8751080887812371
0.8751045509888875
0.8751025554477024
0.8750995858893702
0.8750794162807537
0.8750704482506511
0.8750949917479591
0.8751057938647818
0.8750785290081259
0.8750845624261928
0.8750978127825941
0.8750783417743394
0.8750865836693508
0.8750712426354309
0.8750567361313718
0.875061191193874
0.8751025593837154
0.8751247250929738
0.8751163697834893
0.8751335225077341
0.8751169563847552
0.8751053055437156
0.8751086355266667
0.8750917248597796
0.8750913756058769
0.875067740783946
0.8750673416428162
0.8750797444580322
0.8750698629701791
0.8750921484227739
0.8750929058464155
0.8751008062699711
0.8751110057654761
0.8751065531484502
0.8751224290795877
0.8751292710485933
0.8751340655174044
0.8751306696921075
0.8751308466915294
0.8751279337508688
0.8751325157806852
0.8751502183674692
0.8751478380044887
0.8751515498340658
0.8751585616594872
0.8751582257577121
0.8751532857272686
0.8751562365593398
0.8751301919063437
0.8751300015215508
0.8751342022790611
0.8751107128491474
0.8751236867911175
0.8750977888977188
0.8750983849445082
0.8751155686183953
0.8751075363496145
0.8751140528668737
0.8751206271191025
0.8751345217104635
0.8751441155585492
0.875135045353145
0.8751602168418998
0.8751579690937947
0.8751648375858152
0.8751362776801433
0.87511687547048
0.8751237512685833
0.8750989917858858
0.8750805182909157
0.8750938530993202
0.8751063759150894
0.8750983362116326
0.8751013862571364
0.8750833786670457
0.8750832545151738
0.8750790578044184
0.875078143939139
0.8750742374469906
0.8750753480487917
0.8750636950140379
0.8750451565026731
0.8750437040577191
0.875058111866634
0.8750631998402889
0.8750638181619728
0.8750731829681893
0.8750707797376241
0.875073318340439
0.8750643402024019
0.8750786462435742
0.8750959021307506
0.8750825509935793
0.8750941173263695
0.8750915691379939
0.8750622439004332
0.8750668376812183
0.8750651067882117
0.8750628773264457
0.875059514990453
0.8750736334060365
0.8750658757770199
0.875086494848349
0.8750845258741933
0.87510188315965
0.8751186284000266
0.8751160231617349
0.8751181737766812
0.8751212585102317
0.8751176834902882
0.8751168051984695
0.8751328460842865
0.8751154358136685
0.8751104987273779
0.8751213855953313
0.8751294860359358
0.8751042136725584
0.8750977293305308
0.8751091256024985
0.8751154484847843
0.8750984494441824
0.8750900596250583
0.8751129054925166
0.8751243807775299
0.8751192554707816
0.8751117343256813
0.8750942713089972
0.8751003513101231
0.8750980731907974
0.8750884389307027
0.8750917621436035
0.875096873560918
0.8750858707148151
0.8751009307576314
0.875092603288843
0.8750987250147492
0.8750797363974022
0.8750747436915957
0.8750712314235566
0.8750587071263379
0.8750672574674241
0.8750791202579427
0.8750865619483611
0.8750813115627966
0.8750983634815347
0.8751080698879576
0.8751101709439514
0.8751225571324648
0.8751193023490552
0.8751263169964872
0.8751251895292956
0.8751385363149131
0.8751299717887835
0.875127023462423
0.8751303381933778
0.875124324653356
0.8751398187313107
0.875110403065521
0.8750892828263134
0.8750823199676536
0.8750953507556672
0.8750875681307488
0.8750771214323927
0.875073403857738
0.8750590629223253
0.8750588824162596
0.8750549809587871
0.875047250967992
0.8750499489468764
0.8750403576794478
0.8750467989888836
0.8750490219551665
0.8750507983125128
0.8750461305830581
0.8750537601504954
0.8750626790308753
0.875072058727059
0.8750672762492393
0.8750533338578563
0.8750713060209173
0.8750815657113077
0.8750900573571766
0.875081148634639
0.8750741624222403
0.8750712654990592
0.8750602429784686
0.8750676594735919
0.8750594547084137
0.875060879868664
0.8750534508376083
0.8750543842939869
0.8750613312632962
0.8750697978975553
0.8750757556820239
0.8750749123270315
0.875063280900114
0.8750504965164378
0.8750338021369226
0.8750277386446057
0.8750144996535936
0.8750097554396926
0.8750139855993257
0.8750112788740059
0.8750123450226452
0.8750000858972894
0.8750026676129574
0.8749773804300885
0.8749676588765432
0.8749623780394056
0.8749454923660891
0.8749439004568478
0.8749353270019898
0.8749440008272423
0.8749449255894709
0.8749577412861643
0.8749523892671913
0.8749584107690364
0.8749579261633714
0.8749502591363852
0.8749358922632815
0.8749341174594282
0.8749293240134521
0.8749211537033186
0.8749050177468596
0.8748987067400019
0.8749040638780681
0.8749044710897264
0.8749095031238159
0.8749025087107328
0.8749131393807001
0.8749223610961645
0.8749329206956543
0.8749394223085235
0.8749500230621932
0.8749500033386011
0.8749421118752105
0.8749393706119518
0.8749366110652641
0.8749356791507824
0.8749366081659448
0.8749257419877355
0.8749229900894498
0.8749180818379676
0.8749134253983465
0.874912432730606
0.8749235128673268
0.8749144435333283
0.8749248944763939
0.8749200313544899
0.8749146990568307
0.8749196517303511
0.8749150719515213
0.8749182771581714
0.8749193751082973
0.8749130753001735
0.8749097393204494
0.8749099369803863
0.8749022663297169
0.8749077426496761
0.8749149294326878
0.8749221669058852
0.8749221150689065
0.8749326761368914
0.8749590968617091
0.8749595705087707
0.8749460534239911
0.8749409264320932
0.8749425616732281
0.8749306853762848
0.8749288154691742
0.8749269868987721
0.8749234801172037
0.8749148964693919
0.8749243188062303
0.8749415676888357
0.8749492695175846
0.8749529120423871
0.8749335797561193
0.8749425088388401
0.874952586615716
0.8749449780858369
0.8749544948135962
0.8749587261428969
0.8749678354218402
0.8749651406065571
0.874964601449309
0.8749618264494792
0.8749615483747749
0.8749689359335723
0.8749668955105048
0.8749648223195617
0.87495660952935
0.8749516158295276
0.8749314441820362
0.8749429457752921
0.8749552309703738
0.8749617465847571
0.8749636028109737
0.8749655348672678
0.8749762412681368
0.8749759729548718
0.8749842858278526
0.8749861356236409
0.8749960221753332
0.8749944220901648
0.8749976987555796
0.8749853252845534
0.8749860046006
0.8749832738741302
0.8749840316015155
0.87498251280888
0.8749786831473256
0.874980979187117
0.8749981238877963
0.8750035649130119
0.8750091281346529
0.8750015176791796
0.8749957458620794
0.8750029525892653
0.875004792407424
0.8750020670309009
0.8750121458089406
0.8750045516157049
0.8750048457882542
0.8750129030081074
0.8750030799564874
0.8750038587697048
0.875001781309773
0.875008374909622
0.8750174746579708
0.8750166296279625
0.8750154928712736
0.8750056431361407
0.8749944138075083
0.8749987285931772
0.8749977541966455
0.8750147347401283
0.8750234842833056
0.8750181615405714
0.8750228539813656
0.8750261327578411
0.8750368118642489
0.8750366887249608
0.8750505012859535
0.8750580824758815
0.8750485845603537
0.8750376061666011
0.8750333784626851
0.8750199348771083
0.8750241273617471
0.8750301573887246
0.8750419433661879
0.8750331568711189
0.8750441411980078
0.8750489234208287
0.8750467997762144
0.875050453370215
0.8750569276051117
0.8750551775286466
0.8750500378667337
0.8750460841544228
0.8750412066291973
0.8750587567774386
0.8750482841289821
0.8750363091739984
0.8750444527894233
0.8750505317327597
0.8750514420222822
0.875057786030426
0.8750508964094593
0.8750689284585703
0.875062496184451
0.8750832025183308
0.8750966207458296
0.8750954253811496
0.8750906330374826
0.8750807755640547
0.875087813717942
0.8750801691951245
0.8750861012165585
0.8750923533634751
0.8750894408671118
0.8750906932259894
0.8750895034939767
0.8750905205204709
0.8751006100418498
0.8751066112967463
0.8751025221122772
0.8750973450338847
0.8750983556229057
0.8751086764012879
0.8751133046773284
0.8751140821188679
0.8751012759491763
0.8751036749183634
0.8751016889024296
0.8750992881494247
0.8750982220690489
0.8750914322825506
0.8750876818795859
0.8750917461022916
0.8750934675677995
0.8750879092592224
0.8750913245694849
0.8750908172112277
0.8750929536132835
0.8750832148666053
0.8750833440018443
0.8750962934022475
0.8751016890566347
0.8751048548380458
0.8751013048819831
0.8750863062328015
0.8750754108281753
0.8750852858967221
0.8750972543120331
0.8750898594707989
0.875089642349998
0.875085216254997
0.8750964161983744
0.875089402680871
0.8750944398468591
0.8750983128530702
0.875098973271098
0.8751084288705282
0.875107073708868
0.8751062399861231
0.8751105943484134
0.8751130944903129
0.8751175859545423
0.8751161573641
0.8751313513676872
0.8751340754161485
0.8751252500698672
0.875117353621676
0.8751186559562459
0.8751148660708734
0.8751219675571383
0.8751251390455658
0.8751240046869404
0.8751260872692319
0.8751307362854563
0.8751346016444316
0.8751414086667948
0.875141172465996
0.8751414168246493
0.8751457383198437
0.875138887791083
0.8751456205993172
0.8751467955406824
0.8751488224495906
0.8751438246234681
0.8751388323721464
0.8751411016022631
0.8751449508037912
0.8751475657388909
0.8751527988208343
0.8751471028231712
0.875140598764039
0.8751347282969568
0.8751391498763952
0.8751474361418057
0.875142193126066
0.8751317635784048
0.8751192921234736
0.8751143920131271
0.8751069497969642
0.875115034798298
0.8751082018519231
0.8751122725595852
0.8751120950420966
0.8751037533578221
0.8751094757209148
0.8751189427130097
0.8751159920508125
0.8751086845161734
0.8751042133041774
0.8751135734204284
0.8751097662219318
0.8751164235784762
0.875119411921144
0.8751301772337097
0.8751318319365697
0.8751236468975634
0.8751270467186315
0.8751201147715321
0.8751083293229541
0.875100265193265
0.8750975806422664
0.8751002749122193
0.8750956220425328
0.8750874211093579
0.8750923817254158
0.8750948297128053
0.8750893609415439
0.8750846702907427
0.8750838500156598
0.875086830544557
0.8750859957352305
0.8750775723450669
0.8750758996788469
0.8750886502028115
0.8750830766815767
0.875081821804211
0.8750841457493482
0.8750832904322792
0.8750814841482498
0.8750786899741524
0.8750874291439558
0.8750843507324133
0.8750852950877366
0.8750838444624361
0.8750751835636112
0.875075174172774
0.8750797902073754
0.8750728795050092
0.8750608492987221
0.8750633829940879
0.87505640889576
0.875051535816005
0.8750469489093552
0.8750506021510849
0.8750483321035841
0.8750390444813122
0.8750305533911231
0.8750313579784846
0.8750254513386612
0.8750206615377244
0.8750090398495973
0.8750054701963963
0.8749943838606535
0.8749879416154739
0.8749876718765016
0.8749927451998856
0.8749925947996706
0.8749947138313967
0.8749921008496775
0.8749909566508071
0.8749976679850553
0.8750063873664513
0.8750091201957872
0.87501445657912
0.8750179470478161
0.875025724654469
0.8750281157005784
0.8750254490525146
0.8750317233187586
0.8750369599672232
0.8750341251730056
0.8750312393358273
0.875030235073818
0.8750283691005301
0.8750269336490974
0.8750326082080769
0.8750315369731247
0.875035344755972
0.8750296343518276
0.8750203170166858
0.8750204288414195
0.8750239003394159
0.8750206410108586
0.8750169860029596
0.8750243015016855
0.8750256556161887
0.8750233386416867
0.8750245073322492
0.8750255122155054
0.8750304788114015
0.8750235692570185
0.8750227819803608
0.8750178636778849
0.8750243044750748
0.8750217944812165
0.8750198738808144
0.8750258847811407
0.8750260632057942
0.8750352456999486
0.875042281302417
0.8750448229194654
0.8750459372418304
0.8750456951785529
0.875041625553859
0.8750506753274381
0.8750462695664997
0.8750468636061552
0.875053173290158
0.8750533490065336
0.8750614863454733
0.8750489893526909
0.8750518039143007
0.875056193934723
0.8750513784894316
0.8750566672624807
0.8750573671082658
0.8750563677523725
0.8750647949267837
0.8750750568302019
0.8750722157963665
0.8750797097322466
0.8750805439520173
0.8750904852705826
0.8750834402134189
0.8750892976776944
0.8750841008125186
0.8750815543037764
0.8750919200517727
0.8750940086424354
0.875092430089137
0.8750975959666417
0.875102701227952
0.8751027250515607
0.8751024585322617
0.875100431903018
0.8750954209241424
0.8750949913403808
0.8750885177551044
0.8750830536918851
0.8750802041433244
0.8750870437710243
0.8750882120597928
0.8750889084912896
0.8750959615023792
0.8750932852446053
0.8750920652299988
0.8750902528766383
0.8750907243098629
0.8750886547194584
0.8750959418688842
0.8750840123585217
0.8750874518517721
0.8750921663505976
0.8750935063584963
0.8750872704127307
0.8750845518285564
0.8750827857998092
0.8750811857541002
0.8750801754363772
0.8750741390266662
0.8750760356792731
0.8750808002973333
0.8750834799180464
0.8750777114989098
0.8750743604779624
0.8750722825747584
0.8750753062839046
0.8750791294022772
0.8750768363546243
0.87508208156735
0.8750740931977775
0.8750772508858906
0.8750844654099116
0.8750835792887307
0.8750796840849975
0.875077566891706
0.8750820762182693
0.8750796048269716
0.875089474047316
0.8750916656545937
0.8750987064448277
0.8751119469133744
