0.7024162229174719
0.7731207042800026
0.8067630496576514
0.8228943696542889
0.8329865253321513
0.8402711815612957
0.8430444550113566
0.8455812325765324
0.8485582802377146
0.8510523270836402
0.8529813291570477
0.8546733010990343
0.8561979854413757
0.857324587404498
0.8571806493197748
0.8580562261589357
0.8586397143450893
0.8593345259220309
0.859622280368648
0.8595134955262902
0.8598572752203404
0.860191168320306
0.8603130473992682
0.8605703093168181
0.861031865058922
0.8612910884356455
0.8612775092344146
0.8615451878417111
0.8618861569220795
0.8621737224926723
0.8623757576294429
0.8623566171742024
0.862397426509712
0.8622218695666614
0.862454762942842
0.8629080490032018
0.8627939578872594
0.8628034550136314
0.8630406244421852
0.8630125387205461
0.8633621659034562
0.8633870544748439
0.8634784612627603
0.8635149938149232
0.8635280283799371
0.8637475197747707
0.8637511400999118
0.8638982532824181
0.8639328221376373
0.8641170959940287
0.8642732240559776
0.8643191584019968
0.864389460852268
0.8643640329442508
0.8642802886806975
0.864288957901669
0.8643919867268084
0.8644348175604204
0.8643852040584725
0.8645013365432964
0.8644613918419352
0.864612839338635
0.864609375611247
0.8647407938227741
0.8648708803387909
0.8649013359348082
0.8649486571223395
0.8649322497343812
0.865025824538449
0.8650267081645117
0.8649755541041609
0.8649538713604664
0.8650027401912601
0.8651227905527109
0.8651090867474254
0.8651527013623238
0.8652700376558202
0.8652358663270245
0.8652309225336486
0.8653238836102366
0.865326862531712
0.8654778188961559
0.8655300731420276
0.8656096431620733
0.8656312218783309
0.8655989921226621
0.8655607064637961
0.8655669455049343
0.865578216729168
0.8654908391398173
0.8655991985131728
0.8655548792594416
0.8655530093304763
0.8655262863573182
0.8655812349033102
0.8655981497298701
0.8654816453156864
0.8656453845151431
0.8656540924713171
0.8656222735869167
0.8656368390250463
0.8656123990004759
0.8656844640229097
0.8656618574518105
0.8656239686524708
0.8656669604211632
0.865747291664791
0.8658282749410228
0.8659445852554729
0.8659960402023197
0.8659417973095995
0.865978928188127
0.865944372149882
0.8659906188184051
0.8659675412732663
0.8659496856235667
0.8659378225458821
0.8659383710098233
0.8659030726254565
0.8658861093589957
0.8659708018254771
0.8659741841597497
0.8659754090685141
0.8660250005847473
0.8660261658599943
0.8660356019122243
0.8660398568658223
0.8660792055624779
0.8661130139028176
0.866169917318698
0.866094243493687
0.8660830413223811
0.8660435619230691
0.8660630795798143
0.8660752340925619
0.8660422252302428
0.866015432886085
0.8660277188675528
0.8660523684304241
0.8660823005948189
0.8661088083211438
0.8661110302930907
0.8661289960412418
0.8661440932197859
0.8661608714809248
0.8662103152823175
0.8662089130815315
0.866271981003423
0.8663335139691495
0.8663293337323678
0.8663727953142505
0.8663250713518629
0.8663125803096057
0.8663611171113721
0.8663879539874334
0.8663307858810193
0.8663134959744584
0.8663293094260556
0.8663186013448811
0.866350603446482
0.8663612626449687
0.8663734919378197
0.8664103121303918
0.8664393685525726
0.8664204407428275
0.8664548353859001
0.8664265274370707
0.8664506093616741
0.8664242729503808
0.8664287403502701
0.866468286085334
0.8664796876420364
0.8664485870206434
0.8664618431792236
0.8664710790549004
0.8664890282497123
0.8665006386916195
0.8664563913830474
0.8664724357637096
0.8664738199002173
0.8664849346037492
0.866485027745868
0.8664741477442821
0.8664873895153382
0.8664853670784924
0.8664784606990558
0.8664146278584665
0.8663990509779487
0.8663612130890239
0.8663672879199805
0.8664056558612491
0.8663962983895453
0.866400377972449
0.8664233220865774
0.8664317080334404
0.8664010256685163
0.8663878896182561
0.8663871875329147
0.8664356186785397
0.8664122992539687
0.8664179420955481
0.866429830182228
0.866449001528338
0.8664531087736047
0.8664731324954745
0.866526698181669
0.8665385066325174
0.8665362417027549
0.8665576021257514
0.8665586325397163
0.866536680558271
0.8665726943998834
0.8665786195019113
0.8665689337676913
0.8665811665138868
0.8665550091047599
0.8665954147604767
0.866514947882934
0.8665187651718068
0.8664992183832864
0.8665252773150052
0.8665122968047161
0.8665067868250633
0.8664805588917261
0.866498789425774
0.8665122083294216
0.8665505453069243
0.8665597073534004
0.8665797010833802
0.8665536870026243
0.8665291470549291
0.8665172146055666
0.866532503463565
0.866551247980164
0.8665342248739363
0.8665652453162733
0.8665806800359014
0.8665942522443519
0.8666124754472961
0.8666194299001345
0.8666440597281588
0.8666604027922546
0.8666696521641382
0.8666675877274919
0.8666425857620471
0.8666438045137694
0.866641940523387
0.8666684524312382
0.8666927879870745
0.8667033101741881
0.8666820038358618
0.8667149047205747
0.8667169977377499
0.8667097420841737
0.8667316366107943
0.8667493426019551
0.8667412726958934
0.8667381701866919
0.866718312928019
0.866733416984725
0.8667514802853946
0.866787727151407
0.8667786966028491
0.8667973976152921
0.8668122090676404
0.8667991922675382
0.8668205430090004
0.866792231119259
0.8667400733530416
0.8667320818270209
0.8667331931811056
0.8667315909181308
0.866731531785128
0.8667044593103064
0.866665871293334
0.8666380761384124
0.8666361642504453
0.8666480480202221
0.8666314859898057
0.8666338670647897
0.8666235959610075
0.8666094989311345
0.8665988716597628
0.8666037946846857
0.8666161820431382
0.8666405971332098
0.8666298639518605
0.8666365642822688
0.8666335485208586
0.866652004383894
0.8666491304936298
0.8666517389990186
0.8666617152981576
0.8666771380510441
0.8666926721869467
0.8666848976011168
0.8666811982546343
0.8666970281895762
0.8666931040839794
0.866691285501756
0.8667157796235583
0.8666880707269994
0.8666729263530647
0.8666932406577161
0.8666972438918347
0.8667043169154519
0.8667286466472927
0.8667331652643914
0.8667206713746483
0.8667250360205767
0.8667639488858183
0.866749029931021
0.8667595112584181
0.8667696445481385
0.8667664142424044
0.8667967255610503
0.866803668590735
0.8668036187061745
0.8668100393472563
0.8668199668356622
0.8668057210982969
0.866810492612727
0.8667745413033259
0.8667663125446695
0.8667811803685899
0.8667956423976493
0.8668166266087066
0.8668159273905535
0.8668164629075105
0.8668066540698685
0.8668149178321471
0.8668217234965283
0.8668196434243097
0.866822780592425
0.8668277983463459
0.8668162006461809
0.8668215431196881
0.8668269218444294
0.8668362744638156
0.866852244926651
0.8668313482958325
0.8668520971142746
0.8668307814582524
0.8668416633870033
0.8668500980794311
0.8668539137949909
0.8668449076718748
0.86681705527437
0.8668022488942572
0.8667899455504945
0.866814959169232
0.8668243808373101
0.8668319879890891
0.8668350081036859
0.8668137527065585
0.866806561455653
0.8668081819791931
0.8668086688571656
0.8667780091608164
0.8667843781566645
0.8667913454760202
0.8667896053694432
0.8667808003131904
0.866792995666938
0.8667724911504016
0.8667838992037344
0.8667841348564315
0.8667810609435265
0.8667630647957033
0.8667844767050102
0.86680173482067
0.8667921786349341
0.8667862360865781
0.8667982227703439
0.8667806300390583
0.8667669902688875
0.8667600928872525
0.8667419340978779
0.8667405353761108
0.8667251715655087
0.8667078290535807
0.8667271956180831
0.8667182829900117
0.8667158156789135
0.8667211709509993
0.8667337085706437
0.8667213441259995
0.8667185876009836
0.8667172131387973
0.866724419771805
0.8667238166784609
0.8667245840749047
0.8667409326267604
0.8667103902454374
0.866715049950012
0.8667519224162292
0.8667665145223696
0.8667875974989934
0.8667866991434389
0.8667974036809326
0.8668257184670127
0.8668248712476099
0.8668390260481357
0.8668097181197892
0.8668204208772352
0.8668288115931237
0.8668161830441821
0.866813105107417
0.8668451227142729
0.8668538029938946
0.8668515730695666
0.8668608137676724
0.8668685311491381
0.8668885815359483
0.8668909063381232
0.8668850338882789
0.8668901339384825
0.8668526420391341
0.8668673158334845
0.8668574467275522
0.8668592545810957
0.8668621231072876
0.8668459022839055
0.8668569439709515
0.8668434828502826
0.866841162935823
0.8668469493469909
0.8668528029146004
0.8668367607788902
0.866834490825993
0.866820253144714
0.8668050771749986
0.866807583560736
0.8668017552574571
0.8668084312688785
0.8668140173712882
0.8668189764059445
0.8668247800101234
0.8668191906538691
0.8668325627953313
0.8668376527459252
0.8668317670190545
0.8668309106435201
0.8668307574048448
0.8668475304314148
0.8668423842947658
0.8668433874444721
0.8668600995932161
0.8668830575862466
0.8668977490576393
0.8669030715412334
0.8668997741943038
0.8668949316542872
0.866904944814021
0.8668937175433109
0.8669002010122808
0.8669026386745837
0.8669072532065757
0.8669251181279166
0.8669203666499622
0.8669109272850669
0.8669105942439556
0.8669004572394444
0.8668884592585793
0.8668988710367039
0.866897138715495
0.8669062861826764
0.8669087838893189
0.8669104226513367
0.8668977333019129
0.8668852289827473
0.8668934643820392
0.8669007239196075
0.8668923761491109
0.8669064446156683
0.8669246218508821
0.8669380430202077
0.8669470974050623
0.8669475734031511
0.866973070227378
0.8670068239532213
0.8670127453918042
0.8670191480791102
0.8670089066955812
0.8669988215323874
0.867008474407519
0.8669847489012003
0.8669830100718983
0.8669771754632388
0.8669676666463074
0.8669578380254315
0.8669491988831859
0.8669494637164429
0.866947536582653
0.8669596687018979
0.8669641704743879
0.8669720830481625
0.8669710614104494
0.8669694525960712
0.8669579689811651
0.8669553317427602
0.8669666765615961
0.8669652179874354
0.866977189780111
0.8669765899322983
0.8669761177908805
0.8669543788396104
0.8669419405675264
0.8669495012404548
0.866961212125462
0.8669622380442908
0.8669598499339668
0.8669531669342558
0.8669496028452641
0.8669603286998782
0.8669603396891987
0.8669517443671082
0.8669526278131299
0.8669588602111967
0.866955403926511
0.8669670604318456
0.8669751520498027
0.8669823487822579
0.8670124887647217
0.8670045613033991
0.8670004080719461
0.8670129611635249
0.8670143980237858
0.8670142693795204
0.8670148236968853
0.8670320542771954
0.8670312412855317
0.8670378944795578
0.8670288483535687
0.8670362106241059
0.8670282477485778
0.8670460218853397
0.8670654541343581
0.8670655976621302
0.86707182139868
0.8670691382144007
0.8670736159804523
0.8670902695950773
0.8670730817781938
0.8670814315315623
0.8670811211341544
0.8670765614508859
0.8670760293080801
0.8670615656510433
0.8670572002010086
0.8670833634166719
0.8670896659130709
0.8670943832127769
0.867093738677108
0.8670987078265276
0.867094666186861
0.8670947505022459
0.8671121337417067
0.8671092313131034
0.8671081330181629
0.8671125316338709
0.8671027394423987
0.8671142911407809
0.867110430210382
0.8671114086855036
0.8671024647559751
0.8670953905943866
0.8670950554992456
0.8670854805682613
0.8670930894862453
0.8670823585013706
0.8670868639807019
0.8670850845743301
0.8670773472168091
0.8670638093596075
0.8670577736133924
0.867065038350343
0.8670574591950069
0.8670539178895289
0.8670447554729594
0.8670510751179622
0.8670432653867767
0.867045609659279
0.8670451163160254
0.8670245923166789
0.8670383825372294
0.8670486240596124
0.8670534412580729
0.8670420385089888
0.8670414215961542
0.867032536789572
0.867039370246609
0.8670497332073507
0.8670484309871365
0.8670402402452333
0.8670498053199385
0.8670528133065811
0.8670440414248932
0.8670424905961615
0.8670382755064914
0.867049100365486
0.867048751378465
0.8670403888687072
0.8670432838588185
0.8670562854284684
0.8670681723265253
0.8670626397030085
0.867059516621981
0.8670603568254439
0.8670534159579396
0.8670506483895785
0.8670524512892958
0.8670616459839722
0.8670733557058256
0.8670676009713673
0.8670733921720996
0.867073537582659
0.867081755683065
0.8670850953573083
0.8670889771296022
0.8671050924985026
0.867119666821166
0.8671156406059621
0.867115288616321
0.8671111525706825
0.8671173091231327
0.8671243762447471
0.8671245096737455
0.8671306179898218
0.8671256981065992
0.8671183973506815
0.867121650999946
0.8671245545495517
0.8671268317837759
0.8671240820584776
0.8671178958162171
0.8671371335461948
0.8671387147517019
0.8671391887660977
0.8671237375078698
0.8671247120135042
0.8671294704382219
0.8671208880667574
0.8671267896585608
0.8671424295148275
0.8671321197220219
0.8671292342170132
0.8671213080108889
0.8671327402242867
0.8671243951817421
0.8671239041737633
0.8671173908858687
0.8671153073404034
0.867117911069523
0.8671138077583052
0.8671077387741369
0.8671111280835397
0.8671155597933863
0.867124173385471
0.8671259254313635
0.867119993161229
0.8671207679687865
0.8671243156008683
0.8671165161844349
0.8671155613050062
0.8671014905048893
0.8670939130820978
0.8670850185876459
0.8670895272597676
0.867094355032556
0.8670957576046541
0.8670950271281153
0.8670885422629276
0.8670929779647957
0.8671064389574246
0.8671096085404318
0.8671147558884228
0.8671090586317196
0.8671140730985616
0.8671225612236212
0.8671255233439722
0.867119682431479
0.8671170185342854
0.8671118439810438
0.8671122068772498
0.8671097002411104
0.8671130435493298
0.8671219093785307
0.8671235400330471
0.8671232876303754
0.8671195276022502
0.8671275000615472
0.8671368011855034
0.8671342735598302
0.8671330905572049
0.8671320789409951
0.8671352446323245
0.8671363912919327
0.8671300286150507
0.8671278772851863
0.8671115526146577
0.8671062028873815
0.8670978102465564
0.8671108102149448
0.8671178488184487
0.8671077038968241
0.8671015268407883
0.867102456438881
0.8670923626536827
0.8670886173450598
0.8670863090017751
0.867082561324397
0.867081442778031
0.8670816177793825
0.8670671050913865
0.8670730911618837
0.8670733689747908
0.8670725138998873
0.8670722868072431
0.8670669696460254
0.8670608572606792
0.8670571809030421
0.8670745896173411
0.8670778771622785
0.8670844485639427
0.8670847743242547
0.8670831127211737
0.867094773434512
0.8670958937469595
0.867098773253996
0.8671082895836054
0.8671061019200501
0.8671060151716833
0.8671090004134537
0.8671060069801216
0.8671078714065138
0.8671130128072034
0.8671089519796116
0.8671021118037715
0.86710529506595
0.8671163917216675
0.8671137741329425
0.8671307539184603
0.8671377098174059
0.8671400034103579
0.8671401866015189
0.8671439738059183
0.867145785015866
0.8671377535191777
0.8671425185600481
0.8671497796550103
0.8671569941784165
0.8671616103225256
0.8671626124894055
0.8671667002996567
0.8671703394928075
0.867176404941363
0.8671714092419672
0.8671803419640806
0.8671793454410245
0.867176794715633
0.8671773569337418
0.8671766731665718
0.8671888123899179
0.8671842944570134
0.8671822597282383
0.8671854761448681
0.8671878503839017
0.8671890099161913
0.8671882964528685
0.8671917520827821
0.8671825321018334
0.8671786879501847
0.8671793055220225
0.8671915924510489
0.8671822108895493
0.8671865538650365
0.8671876234370595
0.8671876880564076
0.8671878421847854
0.8671840757754627
0.867186355250007
0.8671901760961497
0.8671850088840818
0.8671856643735562
0.8671853006457685
0.8671819535448416
0.8671720712522591
0.8671694434184053
0.8671657167556778
0.8671614222268245
0.8671558788477549
0.8671611553687542
0.867162564875856
0.8671578865374578
0.8671687796605403
0.867169997185738
0.8671703663665784
0.8671721287069103
0.8671613873646196
0.8671634292964366
0.8671670423886688
0.8671768699992405
0.867179628636206
0.8671787467251904
0.8671745897783483
0.8671679599871663
0.8671659868794422
0.8671529989329303
0.8671562324910116
0.8671613414852178
0.867162220616309
0.8671591630786946
0.8671580991452111
0.867149082158616
0.8671623263506051
0.867163722836273
0.8671526317415865
0.8671512402276548
0.8671522208997947
0.8671502955332152
0.867151203661928
0.8671460198507929
0.867139640500533
0.8671394124410868
0.8671418040708511
0.8671358552889674
0.8671315699201171
0.8671375766272506
0.867135218783761
0.8671512881170043
0.8671537702423991
0.8671455695999895
0.8671501342023158
0.867157442137242
0.8671566847402334
0.8671566774074169
0.8671515522938048
0.8671484732750248
0.867154576690214
0.8671671147196451
0.8671646294435835
0.867164833056646
0.8671599304697628
0.8671458520897499
0.8671282703345504
0.867133901362913
0.8671353769412177
0.8671435352835422
0.8671491101849798
0.8671488528010717
0.8671484773545055
0.8671440523807734
0.8671459796579859
0.8671471519360013
0.8671505517946441
0.8671478026172768
0.8671572529508086
0.8671598918997121
0.8671633177336173
0.8671721270219853
0.8671691299971215
0.8671652754749006
0.8671666452958615
0.8671582427895334
0.8671529111989252
0.8671567810075348
0.8671587472337712
0.8671698250892749
0.8671642383957247
0.8671669707259516
0.8671744579670825
0.8671745782939783
0.8671787409811225
0.8671923101003683
0.8671915564622211
0.8671823388609033
0.8671817737395316
0.8672007682679856
0.8671998814048488
0.8671965628344587
0.8671929995053917
0.8671973521031252
0.8671938132593121
0.8671844113879691
0.8671945248733798
0.8671948587707128
0.8671997563232443
0.8672086792245282
0.8672110555747963
0.8672101100315299
0.8672174233317486
0.8672200063649891
0.8672326666840898
0.8672318968649051
0.8672271660363285
0.8672308297688506
0.8672265249613059
0.8672210879904908
0.8672164430237947
0.8672208911428713
0.8672180861536604
0.8672169521206888
0.8672189585627024
0.8672218855131718
0.8672196709855577
0.8672156181301759
0.8672139015227357
0.8672202549667659
0.8672283620936946
0.86722337254256
0.8672231934225393
0.8672280434306188
0.8672406751849044
0.8672376700250188
0.8672345378769144
0.867228539142557
0.8672258800018227
0.8672332785237471
0.8672330284301202
0.8672343441499976
0.8672350134940153
0.867239851089695
0.8672351041433513
0.8672423757680569
0.8672396662922403
0.8672389030282021
0.8672384511761095
0.8672483770070608
0.8672465058741005
0.8672507784229326
0.8672548305045766
0.8672479666336621
0.8672480645959708
0.8672529427532513
0.8672404981142805
0.8672538101938867
0.8672545320798484
0.8672536465175746
0.8672498649427689
0.8672556391556571
0.8672621568008716
0.8672548880568556
0.8672462876373458
0.8672421217809729
0.8672422593142327
0.867248462834012
0.8672465086972374
0.8672464770616428
0.8672516446622867
0.8672577767257791
0.8672631876259399
0.8672716771569031
0.8672744747190978
0.867274389759166
0.8672666030126951
0.867252725745929
0.8672582715798103
0.8672557609928927
0.8672605002847495
0.867264133223997
0.8672633538465027
0.8672538422780348
0.8672522637287305
0.8672510964145987
0.8672511205939761
0.8672541668387934
0.8672492092682131
0.8672481340346616
0.8672517183675911
0.8672589251860972
0.867249571398247
0.8672551327314325
0.8672551573053215
0.8672507841778008
0.8672532666379611
0.8672548862195691
0.8672551933423531
0.8672591249224335
0.8672536374750759
0.8672536465381355
0.8672485929282612
0.8672490944556376
0.8672501269483675
0.8672362274043041
0.8672422835955248
0.8672391226039551
0.8672421090497454
0.8672394755959715
0.8672449859412007
0.8672493746627011
0.8672564876178848
0.8672520157772226
0.8672421231023294
0.8672511654195891
0.8672410591537298
0.8672318833807137
0.8672300082083043
0.8672268448027481
0.8672322275354911
