0.6907195817503387
0.7630420401554558
0.7969194754831218
0.8171655093506786
0.8262242664741263
0.8320483380268106
0.8358442232093708
0.8386543070651078
0.8417166578255009
0.84332133956015
0.8443847358050699
0.845091905759482
0.8462565828646351
0.8467370289812157
0.8470557186554949
0.8474454331062475
0.8478750792606826
0.8480749226538179
0.8488847385606139
0.8495283805028818
0.8500391188846592
0.8508899493303851
0.8510961352129336
0.8513049577427586
0.8519033387620517
0.8523452500677053
0.8527810883025831
0.8530738361303088
0.8533879437604004
0.8536180343070756
0.8539788636015293
0.8539035234334574
0.853893874270825
0.8541760073634588
0.8544774217758426
0.8545571361139385
0.854660400818117
0.8546867155042714
0.8549374106777632
0.8551094557758008
0.8552717263546624
0.8552641772457336
0.8552212930581599
0.8552713116254287
0.8552814861381293
0.8553318741693361
0.8554426309275369
0.8555654428519522
0.8555184645424738
0.8555161427629037
0.855746820708613
0.855733116865459
0.855658711552273
0.8555985946175579
0.8555882262161016
0.8555209297479838
0.8555588303624947
0.855476686137404
0.8555576029457174
0.8555716659099907
0.8556080510255168
0.8557073637025621
0.8557567136343979
0.8557834545625358
0.8558166345410715
0.8558121664871046
0.8558805672614636
0.8558749883340043
0.8558509158856137
0.8558407841879462
0.855870935403778
0.8559891939185152
0.8560101080503008
0.8561067944870239
0.8561667889999225
0.8562116360949454
0.8562595104225393
0.8562999225200347
0.8563497269985328
0.8563029011051287
0.8563230955864377
0.8564180343289038
0.8564903998123167
0.856470094092074
0.8565721477352557
0.8566453603909955
0.856813960746932
0.8568239042207821
0.8568367980337355
0.8568966165861212
0.8568847587096343
0.8569253246356124
0.8568937783291591
0.8569369709466422
0.8570916211207753
0.8571766318618154
0.8570702089427836
0.8570285193384184
0.8571076597265929
0.8570816248469125
0.8570422227930791
0.8571113442563572
0.8571408245653973
0.8571027230527632
0.8571196480922345
0.8571941901663543
0.8572240685988646
0.8572596557899854
0.8572458991976922
0.8571785915883817
0.857167255041498
0.85711154222443
0.8570954711756307
0.8571404811130607
0.8572139049510988
0.8571947776821351
0.8572326732685757
0.8572909083380609
0.8573019051672138
0.8574009701180318
0.8573480150696138
0.857403955024558
0.8573834323317081
0.8574112571590683
0.8573676412310457
0.8573831063630541
0.8573611019790786
0.8573472411847674
0.8574276349703075
0.8574740367909996
0.8574806571098428
0.8574506622850387
0.8574876800831313
0.8575388815087706
0.8576308843000866
0.8576420067801163
0.8576984189073384
0.8576969298961258
0.8576502559294182
0.857617840760545
0.8576769927198089
0.8577156008803221
0.8576967864132485
0.8576727561624008
0.8577479556976751
0.8577228271730741
0.8576786486799006
0.8576889521595379
0.857705736950963
0.8576862870813127
0.8577125721591529
0.8577459360979468
0.8577674246578367
0.8577574487919554
0.857771772124489
0.8577870334160699
0.8578004499834325
0.8578058542065726
0.8578296401793852
0.8578502942058424
0.8578249589338214
0.8578306181733529
0.8577910701298379
0.8577678262886698
0.8577473212449569
0.8577560560724607
0.8577473960531249
0.8578033360202517
0.8577731346614628
0.8577410487236353
0.8577318692040895
0.8577428614528139
0.8577769212461646
0.8577449875487909
0.8577624621152757
0.8577393889729592
0.8577265772736082
0.8577184965465934
0.857745460685015
0.8577702214974748
0.8577412050461063
0.8577532931410721
0.8577469055785079
0.8577594008726244
0.8578160972308445
0.8578243917234128
0.8578086136463369
0.8578097811334008
0.8578378946754115
0.8577841841493659
0.8578009938313615
0.8578092653890784
0.8578002657159813
0.8578065700887874
0.8578166791490485
0.8578140705550191
0.8577917313728278
0.8577734868685257
0.8577820970246715
0.8578008623259296
0.8578333746541849
0.8577835778970526
0.8578448813655931
0.8578665449148001
0.8578405356231861
0.857841932332079
0.8578673597138917
0.8579262262093434
0.8578951334453951
0.8579064817936505
0.8579254060287574
0.8579457736541458
0.857918353868339
0.8579303432679404
0.8579272623854118
0.857866664203233
0.8578605061847152
0.8578377001061512
0.8578586846458592
0.8578973976531098
0.8578890930784345
0.8579243940981118
0.8578651303886827
0.8578761208063204
0.8578889353625676
0.8578891149026174
0.8578826109911422
0.8578822207383311
0.8579128530154623
0.8579257774968898
0.8579596626321877
0.8579865512892102
0.8580293775349074
0.8580125598631609
0.8580107875087859
0.8579865656317565
0.8579875438746694
0.8580099894641517
0.8580020447217194
0.8579804627465208
0.8579843759139403
0.85799385630646
0.8579868555608016
0.8579651803673557
0.8579693815118609
0.8579641865895281
0.8579474859199828
0.8579592960991497
0.8579634903407485
0.8579556397130613
0.8579638414669395
0.8579550993899758
0.8579530474500506
0.8579537656220343
0.8579306022592611
0.8579204611036122
0.8579339795047004
0.8579652691586662
0.857971542121912
0.8579499717390178
0.857944809662952
0.8579378970692598
0.8579810234198181
0.8579820967491774
0.857965195053709
0.8580093009731137
0.8580158939824865
0.8580118823466224
0.8579628370498952
0.8579714516752165
0.8579507285242873
0.8579520747545387
0.857962913057992
0.8579996865582762
0.8580199959592898
0.858032654399378
0.8580406171287676
0.858044700725756
0.8580626341156128
0.8580971055272866
0.8580947888208359
0.8581056355250871
0.8581005896264957
0.8581120835215525
0.8581047540200178
0.8580922173164952
0.8580953876420049
0.8580999588862827
0.8581248458605785
0.8581083052986284
0.858139757108329
0.8581537248786019
0.8581596456204124
0.8581739943882652
0.8581762256619225
0.8581626063311122
0.8581724010740585
0.8581525222934236
0.8581390582750189
0.8581252465457534
0.8581182716876372
0.8581224058120539
0.858125969415569
0.8581323752747185
0.8581531204588198
0.8581720853012729
0.8581789654567066
0.8582092703208717
0.8581751636117824
0.858171712064244
0.8581630823109012
0.8581804324823556
0.8581715180828184
0.8581934940486285
0.8581767970971554
0.8581904243517663
0.8581661556387052
0.8581442747765121
0.8581393492565196
0.8581589828202462
0.8581602036677471
0.8581713827676313
0.858160069195757
0.8581607622992301
0.858201285786288
0.8582165375706412
0.858168427618572
0.8581467650882616
0.8581871376742403
0.8581649151143834
0.8581657540141207
0.8581637761531726
0.858160163646479
0.8581549226030494
0.8581476509047946
0.8581286934911397
0.8581275103794043
0.8581145811544513
0.8581495724387662
0.8581147657241531
0.8581256688929265
0.8581435011609005
0.8581380955731529
0.8581541048891411
0.858141904870749
0.8581480895338809
0.8581487007488899
0.858144283918655
0.8581445729231855
0.8581743806436449
0.8581929311498872
0.8581959084256632
0.8582140011931576
0.8582198359365095
0.8582016783463676
0.8581989299408058
0.8581768401016142
0.8581758738925956
0.858162634672046
0.8581744788218877
0.8581795264103372
0.8581471132959727
0.8581465591125804
0.8581613432581089
0.858169550082923
0.8581498284455045
0.8581385177694814
0.8581360028388549
0.8581009629110239
0.8581060174988687
0.8580865178783968
0.8580899898721623
0.8580824405776701
0.8580858563268126
0.8580855115319318
0.8580920408464239
0.858085650735754
0.8580889314618098
0.8580737698673834
0.8580649973097
0.8580700889653836
0.8581000086803903
0.8580911695063327
0.8581147568444547
0.8581232123041673
0.8581362163950544
0.8581131882054877
0.8581087211121904
0.8581066880839585
0.8581001897972234
0.8581021617297306
0.8580862942360344
0.8580702967215948
0.8580666766162868
0.8580487564380956
0.8580446921746291
0.8580501602813769
0.8580589876731007
0.8580492014895992
0.8580524367035567
0.8580801684088862
0.8580700967315508
0.8580438920349448
0.8580546207073855
0.858042951785915
0.8580543770782928
0.85807533594787
0.858060307121639
0.8580626265775677
0.858061925411264
0.8580742584605173
0.8581021094672837
0.8581053563576146
0.8581117105209336
0.8581478579383892
0.8581623895143197
0.8581560571961594
0.8581627216392292
0.8581602822900859
0.8581552418043784
0.8581513051802256
0.8581463588630895
0.8581497999845791
0.8581340005210111
0.858121479605055
0.8581122459242868
0.8580964881306279
0.8580966934826424
0.8580993781186269
0.8580923406946263
0.8580908939146618
0.8581026766136386
0.858102299095
0.8581058298236499
0.8581079573446445
0.8581155865998252
0.8581272353017116
0.8581345057763745
0.8581442847821616
0.8581370445778016
0.8581281907714852
0.8581160400251681
0.8581301304303702
0.858107795458981
0.8581187003646404
0.8581301178752865
0.8581158391670275
0.8581366940918594
0.8581416822019687
0.8581483852086731
0.8581614256356345
0.858166584543696
0.8581702802321899
0.8581835617114266
0.8581682126700582
0.8581576728936766
0.8581646175661165
0.858168205710108
0.8581783774827185
0.8581553730651504
0.8581473526319731
0.8581538041643875
0.8581604183517637
0.8581694731008239
0.8581718307828414
0.8581582239275066
0.8581714779162076
0.8581744514503716
0.8581791252881124
0.8581801015063208
0.8581713374358376
0.8581662488102265
0.8581596389509328
0.8581628759218926
0.8581605133389114
0.858187113708271
0.8581837481329497
0.8581736694430261
0.8581771363470039
0.8581760990764052
0.8581741197413691
0.8581649424387537
0.8581623235561138
0.8581824449931381
0.8581749763346304
0.8581793920957987
0.8581728809968349
0.8581793812929767
0.8581868986161371
0.8581933536509861
0.8581880270308011
0.8581984053383783
0.8581860021860263
0.8581671421916082
0.8581636071423643
0.858152093612095
0.8581597433503584
0.8581677882108327
0.8581841652270401
0.8581843695081987
0.8581919514224495
0.8581893697805738
0.8581850812765437
0.8581988708253542
0.858213671560098
0.8582201644551635
0.8582180814147707
0.8582168895927398
0.8582270901423733
0.8582176799772069
0.8582163969326626
0.8582069273949351
0.8582093458708454
0.8582221107052208
0.8582291705698791
0.8582352183356275
0.8582312735083686
0.8582269831462493
0.8582344254300515
0.8582446196929118
0.8582540898577441
0.858267118158974
0.8582752078562431
0.8582760506952801
0.8582846196038333
0.8582726325523122
0.8582925253862299
0.8582798141652619
0.8582628982071012
0.8582528454623444
0.8582541271989382
0.8582410179990694
0.8582400565587692
0.8582434673845447
0.8582624468854052
0.8582676826747637
0.858264272365017
0.8582811672203109
0.8582839786494036
0.8582983933192649
0.858302260261941
0.8583162641847328
0.858321058355694
0.8583075866443117
0.8583027934441053
0.8582970865415983
0.8582650509138154
0.8582546594389544
0.8582437084728688
0.8582421496083154
0.8582562239068571
0.8582545765443713
0.8582484002038441
0.8582584526007269
0.8582571725938936
0.8582547079023877
0.8582669626249704
0.8582768905704535
0.8582782984431978
0.8582672304017085
0.8582771945917992
0.8582796844875102
0.8582749334772012
0.8582671502563872
0.8582585495162416
0.8582514849986816
0.858257906758489
0.8582540467278749
0.8582452307126237
0.8582289980147175
0.858239057266268
0.8582424152360941
0.8582512534580233
0.8582602289790129
0.8582600367359393
0.8582438258256582
0.8582368691689541
0.8582300921270571
0.8582406959195251
0.8582326942396247
0.8582313126314952
0.858234080021681
0.8582376184456049
0.8582304225025068
0.8582173243506741
0.8582069642016672
0.8582117696528092
0.8582154373721863
0.8582150909364731
0.8581983017667104
0.8581953448938034
0.8582049058936572
0.8582154451449672
0.8582110632349967
0.8582081650580715
0.8581984848572853
0.858197408718077
0.8581782829514282
0.8581604988342012
0.8581660271414049
0.8581594316646657
0.858184855268602
0.8581909072758827
0.8581824145971988
0.8581958103827921
0.8582093370608882
0.8582041478532376
0.8581950821940921
0.8582016261736393
0.8582055369400613
0.8582033789835338
0.8581989184431178
0.8582049819457792
0.8582067316517455
0.8582043746485074
0.8582157245790445
0.8582268301063751
0.8582271659331697
0.8582306552879565
0.8582262625220658
0.8582361099144978
0.8582320816546215
0.8582333095911169
0.8582302326157263
0.8582243538812954
0.8582325021689197
0.8582351377356562
0.8582331338921775
0.8582354105907858
0.8582411886562052
0.858249133918967
0.8582568692639073
0.8582561609218073
0.8582549809911524
0.8582497558649377
0.8582538333872944
0.858246647549819
0.8582537464812731
0.8582711689739381
0.8582736139889643
0.8582795395302437
0.8582846632849543
0.8582882982437738
0.8582802662723692
0.8582740634610556
0.8582866919907212
0.8582866339927
0.8582960193873691
0.8582891920920568
0.8582841320987088
0.8582872728102128
0.8582799709788205
0.8582813970472826
0.858275994965702
0.8582643410756555
0.8582637429561387
0.8582624363259033
0.858289242143365
0.8582786216330245
0.8582822191789438
0.8582857372419866
0.8582903858061318
0.8582884268649941
0.8582752353385091
0.8582797829443111
0.8582842059701651
0.8582779954868182
0.8582917947290565
0.8583051316347887
0.8583028232323365
0.8583063826807669
0.858318533936252
0.8583113529192329
0.8583085894235192
0.8583079415741065
0.858304448561143
0.8583168550590596
0.8583136643509404
0.858313880184223
0.8583122688206428
0.8583130863870402
0.8582959158525288
0.8582955054551492
0.8583043453172498
0.8583104648081888
0.858318655671627
0.8583025303813556
0.8582971872265972
0.8582876604908656
0.8582896056003926
0.8583051794125613
0.8583099102974473
0.8583139122404307
0.8583241900632186
0.8583311248171019
0.8583310994009413
0.8583255105660902
0.8583142320819153
0.8583026558857504
0.8582834683652847
0.8582817918496879
0.8582785490600972
0.8582796607341889
0.8582885464844446
0.8582717012223495
0.8582745899698835
0.8582796641451567
0.858279303888219
0.858278333619881
0.8582709750020563
0.8582762513632805
0.8582812707252753
0.8582826253431426
0.8582911771718463
0.858282336251202
0.8582927618884691
0.858301576634527
0.8583005897597198
0.8583007276896358
0.8582955602313211
0.8582925908429201
0.8582894996106626
0.8582932919528254
0.8582987700682193
0.858296411911183
0.8582862997259346
0.8583053551395226
0.858313790488822
0.858331255463262
0.8583485691342027
0.8583572719186319
0.8583728899653252
0.8583727105651434
0.8583694759836307
0.8583773260535514
0.8583813646725318
0.8583737181346648
0.8583819327825944
0.8583874296838141
0.8584012412310044
0.8583954028738168
0.8583999590032703
0.8584030458550147
0.8583884569562449
0.8583909189592629
0.8583994852579986
0.8583953526769661
0.8584032575083751
0.8584079941352427
0.8584155724513352
0.8584267460833775
0.858408613783902
0.8584149728939374
0.8584188181249963
0.8584248641852639
0.8584254542711063
0.8584243707897454
0.8584354907884798
0.8584380512062607
0.8584284460808954
0.8584274320767352
0.858417312295053
0.858411522171657
0.8584335718413008
0.8584245592582019
0.8584139327097342
0.858421702199377
0.8584169520150885
0.8584191499124992
0.8584176928205894
0.8584186400788903
0.858416512112928
0.8584089913283145
0.8584039214735744
0.8584108675065303
0.8584237814583137
0.8584221696139848
0.8584167934356451
0.858423048020561
0.8584264724385087
0.8584320576491979
0.8584264285882472
0.8584220430151193
0.858426340243077
0.8584257251232359
0.8584231737471332
0.8584302600626401
0.8584297670089783
0.8584222584124062
0.8584248776320165
0.8584266362590343
0.8584364706786253
0.8584315836404347
0.8584404453691848
0.8584431087681782
0.8584361285248752
0.8584317788979295
0.8584391988271065
0.8584463402429883
0.8584421418375541
0.8584314725084553
0.8584277789833495
0.8584276330505279
0.8584390794409635
0.858423517096183
0.8584188834816788
0.8584256684141951
0.8584198096839426
0.8584126574282557
0.8584128272950389
0.8584171186687714
0.8584127058170011
0.858412380759459
0.8584100269122216
0.858406695481305
0.8584075199859701
0.8584127780445086
0.8584105189108259
0.8584137549016737
0.8584060244612844
0.8584039470385554
0.8584162270333103
0.858414707204192
0.8584114199929208
0.8584117771730949
0.8584092473372
0.8584241388612649
0.8584153877307454
0.8584236477117088
0.8584174583281738
0.8584264594680843
0.8584231466259715
0.8584300660083805
0.8584338773753074
0.858432552712312
0.8584357031461635
0.8584313086466697
0.8584350309098416
0.8584305264406304
0.8584235166757168
0.8584244470005583
0.858426559815654
0.8584204799753119
0.8584170202461483
0.8584151517199231
0.8584062030370803
0.8584103562981873
0.8584003017317342
0.8584073495465909
0.8584195871455332
0.8584298949757977
0.8584189482563346
0.8584218468362804
0.8584243816962673
0.8584286604789192
0.8584207570618603
0.8584210516531464
0.8584255003303234
0.858425687546244
0.858433113325105
0.8584327419616858
0.8584272653299972
0.8584281976233171
0.8584352549936718
0.8584364721274027
0.8584315487479908
0.8584328197762289
0.8584315752449793
0.8584252735905217
0.8584323213954913
0.8584326817411432
0.8584401781930254
0.8584357148030327
0.8584442220918832
0.8584418291469021
0.8584484310075592
0.8584561985338285
0.8584702831888021
0.8584676772849531
0.8584666618247458
0.8584585160853347
0.858447504406489
0.8584482593790553
0.8584622977130734
0.8584741888321659
0.8584810764673503
0.8584802043915674
0.8584694239201285
0.8584688943821954
0.8584716862014465
0.8584679579606418
0.8584745774020642
0.8584725109905834
0.8584703129922882
0.8584644025750476
0.8584644332337993
0.8584692071556969
0.8584634323931664
0.8584549189525088
0.8584589683648439
0.8584593586739051
0.8584564195843584
0.8584539369079524
0.8584639570664537
0.85847512256943
0.8584755189122876
0.8584794837343571
0.8584853616704611
0.8584812790770517
0.8584748319356026
0.8584791273287293
0.8584812480485883
0.8584748798959179
0.8584634066593291
0.8584713382890506
0.8584701716277816
0.8584672406696988
0.858467937814986
0.8584743303655431
0.8584736201667669
0.8584681457520428
0.8584639360522689
0.8584702973225651
0.8584695052972943
0.8584761733920511
0.8584726084518982
0.8584836655124584
0.8584837169068051
0.8584838527382606
0.8584919494261737
0.858489093273934
0.858490588975412
0.8584899573706809
0.8584970215985439
0.8584872180352716
0.8584937612313582
0.8584831292771161
0.8584839682641517
0.8584880370168567
0.8584805635898676
0.8584832923506174
0.8584773863925492
0.8584757434009596
0.8584771587852209
0.8584761927446041
0.8584786806501882
0.858471635926962
0.8584714178991256
0.8584755295178601
0.8584777172724405
0.8584693967173644
0.8584671982995993
0.8584684857283369
0.8584668085337179
0.8584712685827137
0.8584755583586139
0.8584750541019711
0.858468394007468
0.858468573084777
0.8584700025203436
0.8584753194596233
0.8584821532179914
0.8584784824557107
0.8584655037577664
0.8584691677774982
0.8584824424180797
0.8584827691562962
0.8584817549662928
0.8584738010190053
0.8584822535082292
0.8584754564435866
0.8584831562809884
0.8584776921021889
0.8584759578736652
0.8584843757105373
0.8584839894193648
0.858488298919851
0.8584907621130887
0.8584889240284376
0.8584940157945403
0.8584961547796723
0.8585001478463181
0.8584997781712802
0.8584999559419264
0.8585015773316881
0.8585023268793561
0.8584924976266074
0.8584937918966707
0.8584990671131152
0.858496687160892
0.8584922033869087
0.8585011927813223
0.8585083921748553
0.858514444683223
0.8585159335827338
0.8585234284913162
0.858519291677008
0.8585136947491325
0.8585149626639297
0.8585214130977212
