0.6917175673051245
0.7701341204298813
0.8109331573815496
0.8269622049557562
0.8343383630761319
0.8430066095016387
0.8469206066145362
0.8503338152016889
0.8529007030982744
0.8548071365646671
0.8556365849825939
0.8578129489396563
0.8592575530066177
0.8610062862544619
0.861244282580537
0.8612645382203554
0.8612571641567937
0.8614165724204711
0.862295116858469
0.8623562767419938
0.8630367814150812
0.863390773724315
0.8639294242996736
0.8638476242537511
0.8640571333578915
0.8640663968113736
0.8640030374311699
0.8645196148921014
0.8645876301815243
0.8649915494735749
0.8654694438416837
0.8655944085863762
0.8656893820738011
0.8657534230289121
0.8658192058609009
0.866231843661372
0.8663232148053426
0.8662863854612802
0.8663887499605667
0.8663779531261661
0.8664970664332629
0.8665410077732603
0.8663874946279302
0.8663364980184121
0.8664315506095531
0.8663664676676764
0.8663734278607567
0.8664064736290341
0.8665414304389331
0.8665400371849045
0.866568074566395
0.866548599103553
0.8663984705475557
0.8663619985705534
0.8664663343780351
0.866328304466684
0.8663840456069805
0.8664977377364051
0.8666449065181309
0.8665997284001525
0.8666567451864351
0.8664375951687409
0.8666572633960244
0.8667825867677186
0.8669033307095235
0.8669820246421637
0.8670981795150637
0.8671507324785663
0.867313909903213
0.8673049335779505
0.8672308733080688
0.8670959547795497
0.8670131471482068
0.8670044827475735
0.8670820597569696
0.867043986953088
0.8671029326431757
0.8671268764525835
0.8671547236523802
0.867181263251207
0.8672696244192583
0.8672949917577947
0.867297362729932
0.8673612092770144
0.8672345914229124
0.8672363495716308
0.8672721389135502
0.8674124749520341
0.8675481218619681
0.8676660676469642
0.8676980481355164
0.8677219837721827
0.8677650097502753
0.8677888602491877
0.8676991892097973
0.8676618891332171
0.8677242361383757
0.8677723900619431
0.8678279992225416
0.8678505510933584
0.8679477710620331
0.8679202570084286
0.8678683993387596
0.8677738266290282
0.8677633057495333
0.8677182135592693
0.8676445701156486
0.8676793414603897
0.8677371938174451
0.8677633145298289
0.8677924514945425
0.8678405641778765
0.8679202770026639
0.8678835566143839
0.8679204076762519
0.86795692263311
0.8680105017217518
0.8680085483935646
0.8679789630007463
0.8679624613503282
0.8679521635487941
0.8679210662680822
0.867915482160923
0.8679920193857602
0.8680384659555362
0.8680879547441772
0.8680496716230562
0.8680908772916778
0.868137736357796
0.8681489303341389
0.8681942119748557
0.868225571679462
0.8682459316144425
0.8683027944484805
0.8683458173637133
0.868300000640453
0.8683266196331249
0.8683368023828659
0.868479074509366
0.868520165627032
0.868557537313345
0.868563591021704
0.8684975837294449
0.8684817856235131
0.8684895278482613
0.868509961079896
0.8684929220180835
0.8684780189915128
0.8684941269084956
0.8684367582665823
0.8684562303296183
0.8684607238390606
0.8685098823194661
0.8685798140741646
0.8685880962931867
0.8686135339200148
0.8686373226595028
0.868678113833221
0.8687028765283473
0.8687504112939326
0.8687676109827105
0.8687374434449866
0.8687483725361375
0.8687090733504498
0.8687159572476871
0.868714484187842
0.8687016555367194
0.8686510873053195
0.8686503891877044
0.8686436954326368
0.8686538856717227
0.8686526785086877
0.8685930591117835
0.868557602105575
0.868563524340442
0.8685825438625965
0.8685741047303164
0.8685673008036673
0.8685511568605571
0.8685725425197874
0.8685935053888411
0.8685726798189927
0.8685568676263402
0.8685343552734257
0.8685687077662912
0.8685640779611223
0.8685680176181952
0.8686111745260855
0.8686603426619584
0.8686361814028629
0.8686298003148382
0.8686387513325139
0.8686278595600032
0.8686206324634022
0.8686182254782557
0.868647503457751
0.8686529747425118
0.8686679231080899
0.8686628349909958
0.8686393033295665
0.8686302725614863
0.8686344280140635
0.8686355980784648
0.8686389438325737
0.8686365589769469
0.8686506524397355
0.8686431331713907
0.8686291204029617
0.8686269427680973
0.8686454813836112
0.8686910850927166
0.868663191501108
0.8686618255468556
0.8686641783303523
0.8686556562273804
0.8686580305593872
0.8686815579552404
0.8686906762266923
0.868702795399524
0.8687481025318369
0.8687627201619752
0.8687985463639223
0.8688043809056173
0.868819889754171
0.868838898947333
0.8688168765837667
0.8688129423197366
0.8688507394943642
0.8688634728909121
0.8688864806301978
0.8688729617223528
0.8688523272263152
0.8688672190482715
0.8688735342166842
0.8688872558583872
0.868892976491311
0.8689156153942641
0.8689679149955537
0.8689516786900814
0.8689373645278196
0.8689262383458833
0.8689195965075118
0.868909448594892
0.8689374038691349
0.8689599933393779
0.8690016099995513
0.8690102558233201
0.8690046994830928
0.8690203555887027
0.8690487093560071
0.8691000836993347
0.8690965276397744
0.8691016636346826
0.8690857594925305
0.8691001517948549
0.869095363256372
0.8691105667976642
0.8691016842282396
0.8690829949214378
0.8690763722055759
0.8690721086527382
0.8690709673712581
0.8690461077824952
0.8690807380426216
0.8690811006045082
0.869100021229435
0.8691243788234783
0.869144624625056
0.8691335350873655
0.8691132424522345
0.869108591217661
0.8691136253251062
0.869128462099302
0.8690961706616362
0.8691137915439348
0.8691267120535193
0.8691286406349398
0.8691117560975398
0.8691263782330019
0.8691628306213324
0.8691798701650616
0.8691773046264284
0.8691885990773353
0.8691928377530634
0.8691820325988399
0.8691753641870034
0.8691841547953499
0.8691696309407696
0.869188210732291
0.8691627184285936
0.869165998068206
0.8691769751685378
0.8691659091225965
0.8691757496734377
0.8691772704333264
0.8691593412280937
0.8691525141149679
0.8691425788529256
0.8691273922177035
0.8691400957891984
0.8691349429378404
0.869112687679948
0.8691234157079764
0.8691209456227574
0.8691461412592547
0.869133674277818
0.869149992815461
0.8691785771640128
0.8692091133361993
0.8692368718343566
0.8692290919825524
0.8692357233971161
0.8692284397575287
0.8692324474809535
0.8692434374233602
0.8692584547167299
0.8692269244043483
0.8692326714916276
0.8692507014316225
0.8692540089552315
0.8692259138961654
0.8692346564155762
0.8692435391239844
0.8692508645379622
0.869244314168883
0.8692602277362094
0.8692667325072887
0.8692851176146478
0.8693071916204704
0.8692992893802264
0.8692969132918854
0.8693206919245493
0.8693336204247054
0.8693520093274064
0.8693422105553675
0.8693353082412755
0.869339948620384
0.8693324893730199
0.8693162980120063
0.8693350123377572
0.8693335175342992
0.8693472992802315
0.8693360196511235
0.869331642396395
0.8693440389437194
0.8693436272595171
0.869340934288051
0.8693305244902804
0.8693164612896731
0.8693031005768981
0.8693125090187486
0.8693027349148047
0.8692890280435696
0.8692992885876603
0.8693075111692794
0.8693134572786746
0.8693235000073011
0.8693122845288106
0.869310858474908
0.8692898635064515
0.8692401546067304
0.869260155818183
0.8692607853801774
0.8692658486629382
0.8692864919348039
0.8693072180503365
0.8693016312642958
0.8693105346993102
0.8693144629162657
0.8693335283902949
0.8693390760444116
0.8693392380966403
0.8693304289466577
0.8693471792443547
0.869350761384584
0.8693428793953246
0.8693652129691285
0.8693819738808779
0.8694067062348048
0.8694195235250144
0.8694449841725678
0.869443526145149
0.8694720352523797
0.8694823787774237
0.8694665798243586
0.8694780099305323
0.8695145720906312
0.8695017698411572
0.8695219935016831
0.8695293479273419
0.8695534024298499
0.8695403482983501
0.869550169659069
0.8695450749394498
0.869525515149676
0.8695157486944142
0.8695151345303594
0.8695173689362922
0.8695337534887126
0.8695338664259639
0.8695605584853924
0.8695404263982344
0.8695340930169622
0.8695581414665274
0.8695564325174079
0.8695512601999575
0.8695732158416651
0.869589601716863
0.8695965945003314
0.8695798115400206
0.8695896716276934
0.8695920550976736
0.8695749032850141
0.8695732051336021
0.869586421927614
0.8695816171731767
0.8695924834394242
0.8696079377253112
0.869602278159187
0.8696146318041393
0.8696100964098766
0.869616235328068
0.8696264500380764
0.8696418214073032
0.8696252598516576
0.8696049079788991
0.869589063375669
0.8695781943070425
0.8695780969073718
0.869555305807053
0.8695463138704775
0.8695538257875282
0.8695493612022629
0.8695497505621678
0.8695537990884166
0.869553027872728
0.8695523445981533
0.8695499465986621
0.8695366395994426
0.8695457022362614
0.8695433642473344
0.8695392067789545
0.8695262099912224
0.8695199831719354
0.8694975747542344
0.8695056625814445
0.8694981707545409
0.869487004632636
0.8695143492878827
0.8695105671959146
0.8695329745037286
0.8695444684958923
0.8695480326514804
0.8695538430183717
0.8695670753073628
0.8695728383205964
0.8695651295251042
0.86955655565747
0.8695636445624974
0.8695488956442654
0.8695686877762726
0.8695698021683024
0.8695970282386609
0.8696028086894014
0.8696029595164432
0.8695885664290884
0.8696026135454784
0.8696039093756148
0.8695914116940985
0.8695916420424338
0.8695984644604716
0.8696070143027416
0.8695870253735575
0.86959334503218
0.8695975091738903
0.8695917660698333
0.869593696357634
0.8695925149882224
0.8695947548145464
0.8695803509427306
0.8695759875552522
0.8695647994523644
0.8695673351790795
0.8695753268523883
0.8695794009570045
0.8695627369447423
0.8695612115261208
0.8695510563699079
0.8695566781768388
0.8695629450440133
0.869557161134367
0.86955940471598
0.869572552428672
0.8695740737629625
0.869566067066516
0.8695560620741124
0.8695649864560075
0.8695630797828336
0.8695783943891774
0.8695849377518657
0.86959290348636
0.8695768147405224
0.8695824898474072
0.8695632240341524
0.8695316497905109
0.8695230775354368
0.8695062607914471
0.8695047852206795
0.8695163480307171
0.8695119729695581
0.8695180066283483
0.8695279970836792
0.8695400532544011
0.8695339279384205
0.8695396385298051
0.8695381985724266
0.8695220273537733
0.8695255604156245
0.8695141831118479
0.8694947353088999
0.8695031807296102
0.8694971595163108
0.869526214520698
0.8695205575337256
0.8695229066027256
0.8695200483192034
0.8695226724418718
0.8695246239305959
0.8695319509038508
0.8695348712019326
0.8695288512476014
0.8695263071835346
0.8695245595229755
0.8695324831070718
0.8695302486473526
0.8695546528922511
0.869556606537942
0.8695550562907498
0.8695760205334039
0.8695871784178072
0.8695882172180429
0.8695931195670138
0.8696084642982688
0.8696049263981207
0.86960200435737
0.8695838692560076
0.8695928226227815
0.8696096036838841
0.8696014020338692
0.8695872609607578
0.8695729913794479
0.86958211982428
0.8695783497471891
0.8695839014522083
0.8695838561358765
0.8695820435878102
0.8695862704536081
0.8695795242806255
0.8695906784839139
0.8695902554892923
0.8695842140410626
0.8695949645276578
0.8696034111097699
0.8696002016139648
0.8696062135604747
0.8696125218148067
0.8696277168103224
0.8696444150907366
0.8696476477521156
0.8696455052500028
0.8696553811904507
0.8696402044953676
0.8696271802895743
0.8696278597834685
0.8696225787089754
0.8696280725153793
0.86962534440201
0.8696252581168726
0.8696398098836006
0.8696409185804257
0.8696405038339726
0.8696381329907471
0.869633416424223
0.8696164210834088
0.8696159132894411
0.869598189709118
0.8695790803508402
0.8695893272442357
0.8695862676797242
0.8695762848623478
0.8695697890574623
0.8695662863479583
0.8695611417862726
0.8695605549434239
0.8695609141112463
0.8695646643368707
0.86956563413588
0.8695750298051711
0.8695745222618049
0.8695786559660255
0.8695928238888091
0.8695958371426655
0.86959866618809
0.8695965443606488
0.8696009968973196
0.8696030324117627
0.8696022301259761
0.869606059389373
0.8696132162223862
0.8696081154355974
0.8696294750885158
0.8696277287404167
0.8696256130467895
0.8696116905533016
0.8696268947605835
0.8696354594077769
0.8696254517953379
0.8696422125986606
0.8696373770527294
0.8696226052207727
0.8696090453543875
0.8695980369225688
0.8695964103448157
0.8695961268583484
0.8695953435835783
0.8695949835715766
0.869599583466184
0.8696036495176829
0.8696004163763601
0.8695987436645306
0.869598225752464
0.8696028462269655
0.8696136411358383
0.8696027017421681
0.8696108107585038
0.8696022684796065
0.8695942334322411
0.8695928160153571
0.8695932695963298
0.8696104275185568
0.8696186528288162
0.8696087652292852
0.8696050670057796
0.8695959294921749
0.8695866588903355
0.8695864257307477
0.8695946685733519
0.8695838084714369
0.8695939774396342
0.8695891136947238
0.8695824006614172
0.8695873776925261
0.8695836992725029
0.8696019723797419
0.869600269989977
0.8696013931337524
0.8696047857395263
0.8696081632157349
0.8696163110078058
0.8696167463246636
0.8696080119940836
0.8696097142025433
0.8696069159636513
0.8695976736761476
0.8695965165846691
0.8696143493404205
0.8696275381669503
0.8696328423305304
0.8696342976262253
0.8696362221618709
0.8696392429242177
0.8696429291459664
0.8696398330145452
0.8696423717066301
0.8696249520384252
0.869622781741552
0.8696308822995737
0.8696229475108237
0.8696361029284468
0.8696419467151335
0.8696263218116805
0.8696105194271163
0.8695987634678555
0.8695967392302902
0.8695968891759008
0.8695967811445865
0.8696057354185547
0.8696095359726553
0.8696123113268761
0.8696233974197948
0.8696233550527337
0.8696196057822646
0.869599355401462
0.8696042035131681
0.8696053248495809
0.8695978001719663
0.8695945683728887
0.8696030329321486
0.8696156143984959
0.8696194839029651
0.8696280639247416
0.8696301553251548
0.8696404560150269
0.8696210131775934
0.869624026014991
0.8696189088619055
0.869622403530474
0.8696153349852079
0.8696081206200668
0.8696089905486324
0.8696011318736226
0.8695987487534659
0.8695970257812107
0.8696064284338559
0.8696035042537427
0.8696015424076237
0.8696049271683365
0.8696057842880057
0.8696108233074401
0.8696107299612605
0.8696028337721254
0.8696059356489613
0.8696119249641091
0.8696269851072977
0.869639133862349
0.8696334021787554
0.8696356446593826
0.869630423044346
0.8696170514819963
0.869615364221429
0.8696066890247415
0.8695952601507135
0.8695877710856462
0.8695950729278336
0.8695938358671721
0.8695871555176035
0.8695995895143216
0.8696031051543945
0.8696113389454457
0.8696162267114812
0.8696215015289238
0.8696200400498842
0.8696271233825136
0.8696268191267141
0.8696311177688106
0.86961690963893
0.8696203886745538
0.8696161222422149
0.8696100571744272
0.8696215048650787
0.86960779681706
0.8696049743656505
0.8696031897433574
0.8696027410425681
0.8696089554594922
0.869602921449987
0.8695981045616846
0.8695898601763905
0.86959462336996
0.8695885688727736
0.8695983323200925
0.8695915956145789
0.8695973906083053
0.8695890829262032
0.8695986307008902
0.8696009523072484
0.8696105934963885
0.8696148411044078
0.8695988055048182
0.8696011973541808
0.8696095157767851
0.8696031938121913
0.8695850930818629
0.8695870884841697
0.8695808789818644
0.8695784118244815
0.869573053260819
0.8695748948382732
0.8695646663155137
0.8695616132352504
0.8695519106037447
0.8695409102610482
0.8695370448469393
0.8695357117648803
0.8695377843915371
0.8695371563094386
0.8695282074031696
0.869522315548715
0.869524152185287
0.8695169350279097
0.8695198072180289
0.8695170632217628
0.8695131004532147
0.8695042522238576
0.8695040190410173
0.8695093694283615
0.8695035708449812
0.8694977969732333
0.8695084120149954
0.8694969159265986
0.8694965534205044
0.8694996211911385
0.8695048660328086
0.8695110006875879
0.8695008753395773
0.8695006719059225
0.8694783059936095
0.8694764809194485
0.8694809215005177
0.8695002788526265
0.8695051609509699
0.8695019618264553
0.8695075703706917
0.8695043883795511
0.8695123371660418
0.8695077722994077
0.8695134465229098
0.8695066398487845
0.8695074536751498
0.8695107086337002
0.8695203257477538
0.8695231340452502
0.869521946929485
0.8695194852251308
0.8695152726076426
0.86951378856118
0.8694974392526298
0.8695047066475505
0.8695019632616108
0.8695159269555682
0.8695160412020293
0.8695109270139577
0.8695093386735038
0.8695060505511129
0.8695089390167833
0.8695082393745098
0.8695181528547713
0.8695331688029657
0.8695359408467012
0.8695314612062629
0.8695371603378685
0.8695255395457414
0.8695301416122081
0.8695261007657902
0.8695254406566014
0.869523198219931
0.8695201046809727
0.8695225820321113
0.8695373028648309
0.8695475349587557
0.8695523577127029
0.8695475736550913
0.8695493565282788
0.8695582849087117
0.8695625411982019
0.8695659399248535
0.8695627810663503
0.8695604569456834
0.8695583891214191
0.8695641068675518
0.8695685220883568
0.8695738842136556
0.8695765266077778
0.8695895178043627
0.8695985572401502
0.8696058657732165
0.8696070691255068
0.8696125121565658
0.8696045535710692
0.8695981747678934
0.869600045280431
0.8696068446457603
0.8696002758287237
0.8696001378984674
0.8695897497717929
0.8695836533959971
0.869592849283202
0.8695855068996834
0.8695949848837856
0.869607867985482
0.869605280455125
0.8696018252241188
0.869607833086103
0.869601885326353
0.8696018252878928
0.8696136514484079
0.8696168015633066
0.8696108599440696
0.8696150491035792
0.8696120375246347
0.869609362118064
0.8696089479301314
0.8696176667900949
0.8696223636080264
0.8696303331031344
0.8696271249061039
0.8696289859753152
0.8696301388701781
0.8696247643752417
0.8696283522996497
0.8696392843160308
0.8696304997598565
0.8696382495109878
0.8696494614439912
0.8696477485262752
0.869649758680742
0.8696450033224953
0.8696446486377554
0.8696525781070448
0.8696668982866539
0.8696646800977695
0.8696740298066648
0.8696670366827002
0.869669282735273
0.8696670854904137
0.8696618051015619
0.8696602898279121
0.8696640245139479
0.8696710958982807
0.8696715749100156
0.8696728485529024
0.8696721778983273
0.8696727366220267
0.8696704164868945
0.8696708281039672
0.869671477465475
0.8696677928606305
0.8696792279950141
0.8696746676755258
0.8696724194595
0.8696734827750444
0.8696831128759086
0.869675549690721
0.8696855339599208
0.8696892641207348
0.8696875023299945
0.8696914395349039
0.8696885858704112
0.8696816170577238
0.8696771967540107
0.8696790822529847
0.8696767919135375
0.8696721587492053
0.8696665355933709
0.8696589113228436
0.8696663763953092
0.8696730451302671
0.8696717536337141
0.8696765247685805
0.8696824496577613
0.8696794678659422
0.8696873853185848
0.8696890464692003
0.8696984896843858
0.8697071510627419
0.869704130364684
0.8697110151428731
0.8697095517767124
0.8697123402742696
0.8697125533124022
0.8697245351439326
0.8697243077173774
0.8697209352046199
0.8697218639426506
0.8697189068851766
0.8697121343858445
0.8696999980077819
0.8696980389842014
0.869695733197576
0.8696927201221265
0.8696886228661036
0.8696879349121934
0.8696905613996421
0.8696904510344543
0.8696922064768432
0.8696915635735274
0.8696941016712333
0.86968996936449
0.8696895202869642
0.8697003923755593
0.8696946949508811
0.8696865927250554
0.869682776416999
0.8696815544166692
0.8696803560974354
0.8696803814876126
0.8696840253285071
0.8697047246697068
0.8697062644087107
0.8697028580163966
0.8696980022569109
0.869688103055007
0.8696805325463545
0.8696849150492731
0.8696871238584016
0.8696966125241187
0.8696964350569708
0.8696963142302323
0.86969888270884
0.8697001455285932
