0.7600122012811849
0.8168085421784403
0.8435825412612438
0.8550584339373873
0.8603323636486706
0.8653705492186204
0.8680176836456954
0.8706021310244044
0.8720980021451483
0.8733022105691711
0.8744519929421041
0.8756137935930501
0.8762645526022989
0.8770492435734569
0.8777797323215026
0.8782853105765969
0.8786138759036318
0.8792986119073405
0.8790353313644743
0.8794362594965285
0.880161482673887
0.8804728932779277
0.8803796234264595
0.8805044945109476
0.8805123992438932
0.8807012712095772
0.8810514377552011
0.8813533435484224
0.8814096096927794
0.8818275751193896
0.8818096085469692
0.8818938178132262
0.8819185490795042
0.8819847505892057
0.882060563758592
0.8819694781776672
0.8819985002427533
0.882002088157625
0.8819944091709881
0.8819878820842126
0.8819880338141789
0.8820472928237884
0.8819682591759518
0.8820724972472257
0.8819997217503246
0.882195798500805
0.882179690381103
0.8821259487744072
0.8821562384455838
0.8822426877812661
0.8822556558311357
0.8821498349437659
0.882131051567878
0.8821081299787326
0.8821009629479721
0.8821066198136255
0.8821963949365494
0.8821232922339021
0.8820001775442936
0.8820117210125307
0.8820530200608289
0.8821005308809595
0.882106936341292
0.8820636514328083
0.8820850663141095
0.882076489650345
0.8821294202899376
0.8820717643763692
0.8820638055360669
0.8820834395170537
0.882092863043609
0.882101008472651
0.8821468596510346
0.8821744504477981
0.88224901242071
0.8822222084821825
0.8823170015064877
0.8823216315475735
0.8823115487036025
0.8824063278223767
0.8823636569895585
0.8824239074402693
0.8824534491280425
0.8824529804768837
0.882497688177612
0.8825772777624158
0.8827234805570432
0.882780253650991
0.8828082382012105
0.882765889829748
0.8827981938349002
0.8827339852777509
0.8827701294082422
0.8828069294663687
0.8828768127319155
0.8828712014613626
0.8828222312281712
0.882831077153405
0.8828491603829436
0.8828407361571129
0.8828308253654047
0.8827886532083161
0.8827967022921659
0.8827530167922509
0.8827703050246338
0.8828269376812712
0.8828483443345281
0.8828422816836662
0.8829241660952807
0.8829367264174185
0.882976325875779
0.8830334336804186
0.8830689942242049
0.8830522214221735
0.8830614071015148
0.8830592877279491
0.8830882938405297
0.8830523446170369
0.8829936031210694
0.8829641161740047
0.8829517142692214
0.8829323472578036
0.8829101236896055
0.8828912594964945
0.8829313849929556
0.8829265134442122
0.8829396748621431
0.8829581609541395
0.882965317411471
0.8829525621954204
0.8829348263637444
0.8829010399513205
0.8829153889916324
0.8828738072989948
0.882909502011703
0.882957837794372
0.8829746484178753
0.8829516935505315
0.88293611228032
0.8829584012018947
0.8829501857648593
0.8829305440171599
0.8829380160770238
0.8829259889280072
0.8829485531819936
0.8829366982219811
0.8829297498016017
0.882941577229246
0.8829780787001091
0.8829966680565388
0.883000574968367
0.8830005270635649
0.8830616679384299
0.8831089881025748
0.8831155522420311
0.8831058724640298
0.8830726178579975
0.8830603073292032
0.8830352731509297
0.8831104108936622
0.8830739540013177
0.8830319869158233
0.8830337373972325
0.8830479234055699
0.8830467717954799
0.8830725693498881
0.883043722455285
0.8830227164982917
0.8830411964323058
0.8830233670939068
0.8830135959775383
0.8830540834027849
0.883110854451589
0.8831749624095832
0.8832147198816471
0.8832303768914349
0.8832296215450828
0.88321021706857
0.8832211325904582
0.8831857842812472
0.8831912753179997
0.8832018828250311
0.8831865989774701
0.8832104983746243
0.8832375167497633
0.8832490357674591
0.8832525572127827
0.8832577675150796
0.8832782644294437
0.883295096810288
0.8832665897376867
0.8832880457603787
0.883269513765515
0.8832856775884995
0.8833013943783179
0.8832889638341749
0.8833164719365575
0.8833484145911596
0.8833442491492391
0.8833395561726352
0.8833676547691873
0.8833923831997973
0.8833773435621239
0.8833700849330643
0.8833636863113589
0.8833561397234659
0.883376964221859
0.883369764416851
0.8834064469027201
0.8834103370574552
0.8833995737022103
0.883419491392698
0.8834070832709905
0.8834050051685773
0.8833667502976443
0.8834091680097369
0.8833886777811153
0.8833672648650077
0.883395733844157
0.8833942242160251
0.8834171720466713
0.8834252243851058
0.8834051246724436
0.8834266550232402
0.8833978293893898
0.8833906952832831
0.8833787046664641
0.8833925983373877
0.8833985697776504
0.8833759888036331
0.8833889333941614
0.8834153274408811
0.8834282352169023
0.883437759684336
0.8834442587773766
0.8834234163488062
0.8834242360623065
0.8834149067304927
0.8834163107095627
0.8833930450155906
0.8833952249385116
0.8833949756824794
0.8834300396465532
0.8834308244761783
0.88341884825868
0.8834361854996117
0.8834313349696654
0.8834237404473506
0.8834492818467508
0.8834344432347885
0.8834252179926758
0.8834530697135284
0.8834256652161103
0.8834157702924643
0.8834160276544134
0.8834218167225032
0.8834315650419647
0.8834515643842936
0.8834498271773026
0.8834559018450564
0.8834248826446818
0.883448548248979
0.8834428245511509
0.8834514038158561
0.8834849553958039
0.8835146428064673
0.8835012764454249
0.8834594913918051
0.8834665841291393
0.8834417367766526
0.8834308073201536
0.8833945486182254
0.8833573611906644
0.883392644255888
0.8834069962555899
0.8833882130622449
0.8834019231175644
0.8833972361229746
0.8833863591237683
0.8834134918757943
0.8834108319287033
0.8834303054091426
0.883400433407338
0.8834224265240856
0.8834026137251676
0.8833983865109426
0.8834279430338152
0.8834193299564012
0.8834013051482636
0.8833939594186426
0.8833778618328388
0.8833709637837999
0.8833692949859858
0.8833730444706647
0.8833588650595472
0.8833533058861829
0.8833722251666304
0.8833752239799395
0.8833755019322698
0.8833539050603085
0.8833801161308099
0.8834043248664784
0.8834181127327262
0.8834038876897108
0.8833766625665489
0.8833719531143668
0.8833740529437809
0.8833543321026653
0.8833576938650153
0.8833500915736293
0.8833575242572149
0.8833620824644395
0.883359855845077
0.8833762386617978
0.8833657002534804
0.8833780811375211
0.8833815760016924
0.8833756986070768
0.8833902041542495
0.8833979051339398
0.883412638695029
0.8833974643922528
0.8834076353073204
0.8834155761405875
0.8834265088345024
0.8834413728330736
0.883439549744955
0.8834382982985661
0.8834392753708455
0.8834483429503284
0.8834302522763783
0.8834407439593119
0.8834287975903978
0.8833834950829159
0.8834042800606545
0.8833908623591834
0.8833958461261563
0.8834142780529667
0.8834050051760176
0.883413921650858
0.8834171151636656
0.8834299071782714
0.883421253567662
0.8834424838334847
0.8834443171666545
0.8834531396520157
0.8834656722640085
0.8834876613901927
0.8834947606646552
0.8835023951421402
0.8835029234996796
0.8835027278487368
0.8834958538378358
0.8834863107604837
0.8834900101664169
0.8834981835131513
0.8835301514259981
0.8835147584214577
0.883531347017456
0.8835333251783631
0.8835335084673445
0.8835371544228375
0.8835353287843648
0.8835468552716711
0.8835386948789334
0.8835442625209904
0.8835439344385749
0.8835602211419425
0.8835787435094243
0.8835886087992096
0.883576106231562
0.8835576295560675
0.8835478755791747
0.8835413623025918
0.8835306932364634
0.883532795384894
0.8835469533116604
0.8835490722390933
0.8835433498183818
0.8835587563294434
0.8835551146022477
0.8835568894719503
0.8835569739403059
0.883564371971175
0.8835858909894009
0.8835888282289632
0.8835912292205015
0.883579997704303
0.8835833116921367
0.883558474003017
0.8835572771981693
0.883570305505999
0.8835632008632824
0.883556090300674
0.8835496142960126
0.8835439751300703
0.8835590861565861
0.8835517744798946
0.8835395534425649
0.8835374671749688
0.8835391302454444
0.8835487601945882
0.883544540569475
0.8835658950248944
0.8835624433711804
0.8835692199484831
0.8835603461239432
0.8835355274189984
0.883535564617617
0.8835460101067707
0.8835564092813712
0.8835468395530405
0.8835513682207194
0.8835629632181577
0.8835426394892819
0.8835548658510138
0.8835684461352568
0.8835428644356176
0.8835486287504487
0.8835423605828133
0.8835550483492627
0.8835491406304529
0.8835479351168801
0.8835454660246608
0.8835556293978093
0.8835451491128403
0.8835484458653765
0.8835426516379671
0.8835403302406495
0.8835462578477528
0.88354628167755
0.8835393212521242
0.8835416352790599
0.8835604329173521
0.8835433497098364
0.8835444008301988
0.883540427866208
0.8835421482066385
0.8835329757426866
0.8835383307116023
0.8835299241495697
0.8835305068960615
0.8835484585288005
0.8835512386759534
0.8835485975815208
0.8835673156527485
0.883568364366988
0.8835685831116554
0.8835655519529728
0.8835774878061865
0.8835752012599416
0.8835584062714453
0.8835660315320576
0.883553941745567
0.8835420642115559
0.8835407074085486
0.8835449510493552
0.8835449614922839
0.8835409855062442
0.883543909892604
0.8835368084698472
0.8835416853009533
0.8835395318580868
0.8835511049783132
0.8835605273509641
0.883555020365363
0.8835655309874407
0.8835666545187247
0.8835580948547362
0.8835485796322564
0.8835368943916223
0.8835367407370485
0.8835272491558605
0.8835182098832692
0.8835090633167779
0.8835135421923651
0.8835155584983925
0.8835151192893439
0.883521006348654
0.883529693717013
0.8835226319644085
0.8835315330618405
0.8835343373400739
0.8835537247323391
0.8835494695896552
0.8835461385787192
0.883547298370829
0.8835381207782637
0.8835275975168358
0.8835217109511692
0.8835244874659427
0.8835252698142252
0.8835389929661807
0.8835571817054569
0.8835567146943637
0.8835714130337319
0.8835514253293877
0.8835463395591033
0.883542418169943
0.8835380996313134
0.8835312315926857
0.8835318746101856
0.8835216236494389
0.8835083064906655
0.8835135212468568
0.8835182670013696
0.8835198671503416
0.8835229580609187
0.8835190860113868
0.8835164681580795
0.8835181227607506
0.8835214923498352
0.8835284822121594
0.883513794021393
0.8835227151693172
0.8835195664029187
0.8835261897649225
0.8835308019235545
0.8835554832138997
0.8835625351703115
0.8835653412065236
0.8835643547438093
0.8835689371671797
0.8835710850199049
0.8835644829399705
0.8835624636233814
0.8835726386099888
0.8835726971001306
0.8835782872121835
0.883593620637078
0.8836082901970523
0.883623216670813
0.8836280934420483
0.8836447025511845
0.8836459842565849
0.8836571273460794
0.8836574191804265
0.8836549584903264
0.8836639425057682
0.8836656428687687
0.8836614575403278
0.8836726262537222
0.88365844889759
0.8836430289771622
0.8836347365099486
0.8836253976853208
0.883613383287121
0.8836116655771541
0.8836072656281211
0.8835973424825367
0.8836066041574129
0.88361722063255
0.8836176906609882
0.8836090185703425
0.8836097944356798
0.8836028857948743
0.8835950168049918
0.8835909042100293
0.8835866353259688
0.8835805251393608
0.8835635501544368
0.883561145963752
0.8835647326689309
0.8835724585045165
0.8835550407506253
0.8835717422421074
0.8835722611970968
0.8835806133271151
0.8835813476295195
0.8835902719781078
0.8836040477072722
0.8836017403974362
0.883603134892891
0.8836097747033903
0.8836071916172534
0.883613468761076
0.8836168558287916
0.8836251865775456
0.8836219722796111
0.8836538560644288
0.8836649026676003
0.8836654569356039
0.8836703948224669
0.883674508307734
0.8836746098069891
0.8836871824180865
0.883704311296302
0.8837209141345305
0.8837368718916342
0.8837458788016959
0.8837474089682645
0.8837484225698776
0.8837444810017332
0.8837429022676052
0.883741874107349
0.8837379245603988
0.8837434922284017
0.8837350727581339
0.8837224242617155
0.8837209051653654
0.8837285405450732
0.8837327002770338
0.8837274107671736
0.8837335993198084
0.8837447964955689
0.8837429427487948
0.8837407614424675
0.8837352179581529
0.8837496271494295
0.883760983180481
0.8837607810073065
0.8837581849257068
0.8837452884451883
0.8837591212900303
0.883755684672905
0.8837653705862979
0.8837636320070089
0.8837463197251441
0.8837524724820098
0.8837549657283201
0.8837698340068229
0.8837711241393308
0.8837768983263887
0.8837679161645552
0.8837589401323466
0.8837662463166575
0.8837803951934856
0.883790781945095
0.8837892254163328
0.883793630568958
0.8837855900530536
0.8837826863857459
0.8837782645521657
0.8837940479745672
0.883787641209507
0.8837878359828396
0.8837774296452097
0.8837777531591119
0.8837840843680387
0.8837776298241131
0.8837743459440175
0.8837672451303175
0.883766941452913
0.8837610765635205
0.8837559751611618
0.8837688474585443
0.8837632234182307
0.8837506232798057
0.8837548771786076
0.8837568711029867
0.8837587816448945
0.8837672561043548
0.8837717678016331
0.883772674816337
0.8837675445900112
0.8837723631554537
0.8837697036915664
0.8837733508556157
0.8837790262892705
0.8837818559319345
0.8837875507787745
0.8837889699571534
0.883789043307382
0.8837856597084793
0.8837805828390836
0.8837745754893129
0.883771571287106
0.8837944501031232
0.8837939260940182
0.8837939864675157
0.8837915041278831
0.8838056533050153
0.8837952704225036
0.8837952783940712
0.8837929538397379
0.8837960488789617
0.8837997760597527
0.8838040666726087
0.8838057091076056
0.8838049725009361
0.8838158513677012
0.8838204651688572
0.8838324847027601
0.8838504486616753
0.8838412061355505
0.8838304753968329
0.8838355493725549
0.8838317010589961
0.8838362090288245
0.8838337693311408
0.883830406604198
0.8838272155365824
0.8838299085481106
0.8838308977965704
0.8838260864339796
0.8838210295729485
0.8838211820018443
0.8838204847823198
0.883820322550267
0.8838058838389226
0.8838125550400022
0.8838114073124064
0.8838074354322146
0.8838139711230079
0.8838221199162688
0.8838229660420637
0.8838196553936176
0.8838086861038664
0.8838026942313034
0.8837970018421416
0.8838032778700038
0.8838083743523926
0.8838218440427623
0.8838263538552702
0.8838197497718646
0.8838204842315905
0.883830575758983
0.8838229404379758
0.8838123533890353
0.883826245169726
0.8838281922890197
0.8838295674427026
0.8838314263546457
0.8838315969137231
0.8838417536940776
0.8838433615717444
0.8838442795608321
0.8838422411474265
0.883846684329588
0.8838437030675694
0.8838403412489532
0.8838458870119006
0.8838368170945582
0.8838385685065826
0.8838452568282017
0.8838474966731671
0.8838439126286068
0.8838522930008604
0.8838550641348063
0.883848359649419
0.8838477837424732
0.8838496811960005
0.8838460285175386
0.8838467466981177
0.883852699102856
0.8838451746086382
0.883842069549753
0.8838435857716544
0.8838327316376842
0.8838461486569748
0.8838590210686682
0.8838505934287072
0.8838498446544379
0.8838517446842242
0.8838447812124811
0.8838495011894907
0.8838600508837708
0.8838627044740364
0.8838691153785724
0.8838798498623722
0.8838739930679571
0.8838749212728232
0.8838750014972184
0.8838721075748435
0.8838741654632863
0.8838715917248747
0.8838713981120712
0.8838684390852407
0.8838619200080806
0.8838646974969143
0.8838695518705645
0.883869879617923
0.8838715666348467
0.883870034270563
0.8838786831599915
0.8838834504712977
0.8838818194497088
0.8838829357719741
0.8838789727248346
0.8838757606375519
0.8838816116178873
0.8838789674817931
0.8838789497691614
0.8838739032078662
0.8838637569632475
0.8838638174117873
0.8838589319829645
0.8838598800969752
0.8838592787005546
0.8838596798610385
0.8838543832804537
0.8838525981583738
0.8838481054979124
0.8838402689152712
0.8838372078954972
0.8838336082041713
0.8838316494875652
0.8838202650101763
0.8838236287927819
0.8838186255913733
0.8838164162425288
0.8838129931200411
0.8838171538589938
0.8838135538228852
0.8838116500568812
0.8838103616360692
0.883814658608058
0.8838173464265873
0.8838159350602418
0.883823532735836
0.8838249608132079
0.8838168260123481
0.8838193965537938
0.8838168626079185
0.8838157455065765
0.8838137840055461
0.8838112007022166
0.8838157902362828
0.8838108130156783
0.8838133689761515
0.8838244906378561
0.8838251571117217
0.8838206625513552
0.8838251531975531
0.8838325855690422
0.8838333830947083
0.8838333007068151
0.8838318485043591
0.8838284952362506
0.8838277235732604
0.8838283664677379
0.8838307809868684
0.8838254963793756
0.883828917149082
0.8838332442399173
0.8838235965078188
0.8838271963288763
0.8838247959644914
0.8838212045456576
0.8838224722512179
0.8838171550530031
0.8838128489338714
0.8838124450388787
0.8838195781859243
0.8838135555926829
0.883814417077006
0.8838106641545096
0.8838123594715975
0.8838172034503231
0.8838120702061881
0.8838145386971605
0.8838097200492591
0.8838012856808032
0.8838015485931275
0.8837952160104448
0.8837906999054168
0.8837900197742325
0.8837922039965705
0.8837879516322917
0.8837876751572336
0.8837824195352065
0.8837791196899544
0.8837762793947499
0.883774866992822
0.8837733721106791
0.8837687232206501
0.8837690880741758
0.8837656319537451
0.8837619678506808
0.8837644293875748
0.8837657502308636
0.8837774163377969
0.8837771084417536
0.8837829628394241
0.883784758608159
0.8837807956545138
0.8837932102205354
0.8838040542260494
0.883801885188322
0.883803697833707
0.8838038586139274
0.8838026441254325
0.8838053556364269
0.88380605174413
0.8838055194631618
0.8838061402277693
0.8838005874153413
0.8837942891457007
0.8837968842236217
0.8837940999914954
0.8837939077889143
0.883795593334275
0.8837865365621074
0.8837811281644684
0.8837751286799846
0.8837809948775615
0.8837821044604959
0.8837786411431133
0.8837823773783524
0.8837774253908118
0.883776874578707
0.8837719064541459
0.8837645988474427
0.88375956586877
0.8837584984125296
0.8837572021955502
0.8837558819878782
0.8837471443027335
0.8837524303397256
0.8837522601561805
0.8837519851472502
0.8837567571588706
0.8837572764537669
0.8837612016077834
0.8837684424092864
0.8837721358656023
0.8837653664342647
0.8837597198741893
0.8837582248368918
0.8837637566442673
0.88376285377742
0.8837658916862631
0.8837606693826526
0.8837600688155122
0.883767041734658
0.8837633460329843
0.8837638111375025
0.8837573613507159
0.883764433925651
0.8837666167517951
0.8837733651861691
0.8837770986327068
0.8837793316268686
0.883775432684563
0.8837747645956102
0.8837821937178951
0.8837772361329269
0.8837700381681031
0.8837720359924482
0.883776295335157
0.883782631383252
0.8837865631258434
0.8837770443756109
0.8837725670919525
0.8837680017118977
0.883764481977173
0.8837598572022296
0.883768895409638
0.8837669193414914
0.8837623618100826
0.8837587199258459
0.8837610375215659
0.8837627906050824
0.8837616105195214
0.8837567763088884
0.8837549799579539
0.8837513478626798
0.8837468543716184
0.8837490078529804
0.883745730444645
0.8837452541961147
0.8837426476567447
0.8837411280744928
0.8837489952417759
0.8837553903727968
0.8837559944316512
0.8837569518073823
0.8837540669968307
0.8837588187967714
0.8837595228225387
0.883755236724526
0.8837537599911467
0.8837521174588036
0.8837526407113102
0.8837484085177045
0.883750436527776
0.883751574821939
0.8837529830729531
0.8837505068894748
0.8837528588257411
0.8837564953335114
0.8837562048599447
0.8837511090215554
0.8837426902125667
0.8837425782307744
0.8837415980896002
0.8837431169556599
0.8837486605582152
0.8837504972060685
0.8837469936912599
0.8837521816157631
0.8837554629780985
0.8837575970981687
0.8837595335448153
0.8837578159888408
0.8837615393225755
0.8837591213207435
0.8837595257697038
0.883757666914706
0.8837608655890643
