0.6988306630944087
0.7715432249919262
0.8062950796255901
0.8242832156061605
0.830504509658452
0.8382611008460557
0.8421018444211003
0.8455822640476015
0.8482721377554747
0.8503708229350139
0.8523608769969079
0.8531512958860321
0.854242960062767
0.8555136776999749
0.8557416912038502
0.8555440770671675
0.8556618847135353
0.8557066922590817
0.8567098982509539
0.8573388615009593
0.8576121805742595
0.857610294127643
0.8579168865446496
0.8580401613374423
0.8582544265768043
0.8580980212973135
0.858014250097787
0.8582983466812741
0.8584804299842592
0.8592094182300675
0.8593589358039274
0.8595692490939278
0.8596267972929161
0.8597470875406874
0.8599536270531821
0.8601428873255279
0.8599590780384043
0.8602371237299581
0.8604895368850578
0.8606557005156067
0.8605404541010275
0.8606801822591114
0.8606784729943098
0.8605267015772166
0.8607582634636237
0.8608147388653757
0.8609539103278693
0.8611755020462968
0.8612880100315843
0.8613091441873065
0.8612744780162764
0.8613293705791346
0.8614050224435641
0.861422065260006
0.8614800743444494
0.8614823833748649
0.8614386832312136
0.861458774665521
0.8616079127866615
0.8615635426549473
0.8616045524934955
0.8615755673846622
0.8617545707636314
0.8618628837229136
0.8621010075449681
0.8621849848216911
0.862399005517324
0.8623458537680996
0.862325855119725
0.8623370986801353
0.8622673452880947
0.8620310788092396
0.8619657155749267
0.8620922703639217
0.8620785644171004
0.8620416319076397
0.8621605824917568
0.8622063675137989
0.8622217054975607
0.8621906080457844
0.8622376375300653
0.8622819158820759
0.8622912981376123
0.8622886969510167
0.862331924265344
0.8623960653897116
0.8623899345349424
0.8624214321820257
0.8624547824472398
0.862497118053327
0.8625230861321779
0.8625088380041622
0.8625786446768421
0.8625908900679118
0.8625207891113074
0.8625819084474508
0.8625701009296227
0.8626053018706608
0.8625723527911666
0.8625836878248974
0.8625989193959583
0.8626465338359995
0.8625437630235234
0.8625559340969762
0.8626262998280891
0.8626363082954777
0.8626054662590861
0.862662402277778
0.8626460851559024
0.8626703653224035
0.8626317372357134
0.8626780503323409
0.8627057813034608
0.8626677260352645
0.8627380515782893
0.862753841246129
0.8628005564481263
0.8627193780388138
0.8626545705032728
0.8627214346776491
0.8627196396490658
0.8626544173936674
0.8626373862947246
0.8627116439925715
0.8627156804424575
0.8627232288127268
0.8626999520733847
0.8626608397317039
0.8626889335879144
0.8626773713971806
0.8627011733492391
0.8627977155956756
0.8628694649520794
0.8628897818249621
0.8629005056109647
0.8628721267314193
0.8628333167250164
0.8628439700122912
0.8628635155299474
0.8628838211769536
0.8629022351651483
0.8629190021956864
0.8629243118246028
0.8629071862482297
0.8629406247143132
0.8629380764106306
0.8629197317157284
0.8629351818910095
0.8629251497026565
0.8629274750646425
0.8629825816108664
0.8630313745840581
0.863019029464461
0.8629968248100729
0.863002513069037
0.8629791716565702
0.8630067501452189
0.8630703900006192
0.8631068800522782
0.8631151274483445
0.8630973857039748
0.8631151854964295
0.8631402255701128
0.8631605422164931
0.8631931699548961
0.8631992302026218
0.8631748539986812
0.8632200972490658
0.8632136225815369
0.8632312013681462
0.8632092234655533
0.863218859116372
0.8632122931004299
0.8632068823610773
0.8632209110952523
0.8632005794351505
0.8632185412643476
0.8632288457099778
0.8632267437176688
0.8632632014770993
0.8632717161844159
0.8632437705894684
0.8632333975823278
0.8632046239619563
0.8632344940109097
0.8631692866444688
0.8631867905970064
0.8632180474065555
0.8632298827513404
0.863273175906944
0.8632458007378544
0.8631747340808552
0.8631761415039121
0.8631768666727481
0.8632047592925962
0.8632487188983956
0.8632446615028849
0.8632155174571972
0.8631999751242413
0.8631999839915132
0.8632341815198782
0.86323381697742
0.8632407116859655
0.8632182494885479
0.8632251061061696
0.8632146117731925
0.8632555285064963
0.863215792203955
0.8632492710472791
0.8632643005355677
0.8632759727332616
0.8632729215063543
0.8632887727124432
0.863276577799983
0.863275107288637
0.8633019852603406
0.8633723270612664
0.8633972045438594
0.8633781601815985
0.8634032076888303
0.8634119925954272
0.8634351253461555
0.8634300199982061
0.8634231412287912
0.8634316585642378
0.8634346601415329
0.8634344576491684
0.8634660749644989
0.8634433909151972
0.863441289385671
0.8634189323694277
0.8634769613421128
0.8635087248914828
0.8635164333805414
0.8635196765087498
0.863507447830957
0.8635274405877302
0.8635167421217042
0.8635286425291709
0.8635011550437597
0.8634698553163709
0.8634477644116512
0.8634692665402809
0.8634608157733893
0.8634463441091079
0.8634631597669561
0.863470825603016
0.8634789785599406
0.8634547639239374
0.8634716484470748
0.863477909930643
0.8634684474534823
0.8635015124080672
0.8635312691066059
0.8635196120961685
0.8635136801587805
0.863560067745051
0.8635499962072647
0.863536208413856
0.8635157802309633
0.8635261065437115
0.8635461724656606
0.8635710721047295
0.8635789523429886
0.8636211186343034
0.8636411461997902
0.8636621548109262
0.8636281466680318
0.8636200289413511
0.8635999061866816
0.8635908505515727
0.863596745892143
0.8635911233376413
0.8635665773503276
0.8635995923816554
0.8636115744159928
0.8636004477700003
0.863589728553157
0.8635830659771929
0.8636279702317359
0.8636231828259998
0.8636298630262675
0.8636525241450334
0.8636660073114675
0.8636650333581585
0.8636710591215032
0.8636715661392469
0.8636407143836663
0.8636452313464157
0.8636496618093109
0.8636334901633766
0.8636302693220489
0.8635884537519836
0.8635975681872121
0.8635836578752294
0.8635740220916418
0.8635831399005479
0.8636096176271009
0.863604711023941
0.8636183591135885
0.8636110259991303
0.8635865216066573
0.8635930682807748
0.8636000443812866
0.8636379737430016
0.863650313391479
0.8636596680383402
0.8636856042485963
0.8637061511984099
0.8637156853925442
0.8637057322263618
0.8637231033849831
0.8637110760456969
0.8637037195475201
0.8637068589415398
0.8637016781054315
0.8637154092193992
0.8637398768342456
0.8637554900853127
0.8637467452450542
0.863758880418361
0.8637734131612845
0.8637715879219411
0.8638014446002652
0.8638412036440186
0.863842501547626
0.8638401840768206
0.8638447438731753
0.8638244667162691
0.8638145604722166
0.8638430804467618
0.8638549434037368
0.8638693803129553
0.8638843775852695
0.863873519174288
0.8638602679314987
0.8638697881475934
0.863875288854384
0.863876188553254
0.8638923102411749
0.8638908712871319
0.8638821564230017
0.8638718647887608
0.8638779434382465
0.8638761958760952
0.8638764080447153
0.8638794164247356
0.863879206018229
0.8639012808791076
0.8638864428043656
0.8638847452040287
0.8638865195151788
0.863866070558734
0.8638783401359287
0.8638810320708504
0.8638867272998417
0.8638805713455143
0.8638745767466994
0.8638551615588147
0.8638689628238183
0.863849277198699
0.8638461705133306
0.863813080007547
0.8638122935477763
0.8637999513767086
0.8638155727717359
0.8637995690564506
0.863823419812674
0.863835371117777
0.8638432210081292
0.8638487693681824
0.8638682182093734
0.8638961977031314
0.8639143705616531
0.8639202932660874
0.8639437274939278
0.8639408848926631
0.8639491844164121
0.8639583155952723
0.8639626726574672
0.8639619701158717
0.8639608637307619
0.8639593382907617
0.8639584177513373
0.8639549912316649
0.8639674053039396
0.8639742691601707
0.8639678430351578
0.8639822196473427
0.8640105439133123
0.8640022372189352
0.8640054762411793
0.8640002009090082
0.8640340957632194
0.8640491235929945
0.8640434798223109
0.8640435393819041
0.8640600380172847
0.864061504272861
0.864070268340673
0.8640722680311911
0.8640382365241208
0.8640303110299825
0.8640427071632651
0.8640508968087057
0.8640541861574307
0.8640487497254148
0.8640787778759944
0.8640692356500358
0.8640562070827712
0.8640525306461732
0.8640463454107735
0.8640455208544762
0.8640411262377506
0.8640415556257908
0.8640458411987578
0.8640469295110819
0.8640552731357561
0.8640571137207583
0.8640429541369381
0.8640331136834023
0.8640428217352714
0.8640429786590371
0.8640411768234232
0.8640426704771235
0.8640561589199218
0.8640475472136202
0.8640385757957466
0.8640388674634398
0.8640302653775048
0.8640163599970627
0.8640074374337817
0.8640275864346676
0.8640337143109508
0.8640405012301466
0.8640294163054593
0.8640134222952625
0.8640170038289456
0.8640150926490908
0.8640200223763186
0.8640169347231232
0.864024341344257
0.8640300302712208
0.8640244860551005
0.8639943520091055
0.8640029830167401
0.864011984146645
0.8640219113548304
0.8640228405398983
0.8640309957114451
0.8640291400388967
0.8640163432222354
0.864004183226742
0.8640149196184288
0.8640113757557246
0.8640109332333769
0.8640100751618958
0.8640202875756459
0.8640258315635129
0.8640316430939144
0.8640510463593463
0.8640710133243373
0.8640842102234451
0.8640829656939023
0.8640938328233972
0.8640864795461569
0.8640966837434954
0.8640886717306078
0.8640859980005261
0.8640801947624063
0.8640869862284191
0.8641084703880823
0.8640960948370384
0.8640959820317747
0.8641032412875551
0.8641091334601141
0.8641059743495283
0.864110551513251
0.8641091712847545
0.8641012828116185
0.8641026684247416
0.8640817320815053
0.8640852894059625
0.8640968030238096
0.8640910909462872
0.8640861107791205
0.8640732347728322
0.8640844016566912
0.8640812879244649
0.8640795877868572
0.8640715097402236
0.8640651596245287
0.864063752198509
0.8640490506943427
0.864051451710937
0.8640524407867006
0.8640539427449129
0.8640451247877158
0.8640427586991167
0.864045835278664
0.8640390588855127
0.864060122721723
0.8640548897087625
0.8640618093713318
0.8640552500635515
0.8640559668716785
0.8640517357131124
0.8640672015170996
0.8640647695029995
0.8640776349070571
0.8640699610044662
0.8640603691302937
0.864076787514637
0.8640854023532262
0.8640857603175194
0.8640940525757012
0.8640927556408219
0.8640917956559409
0.864076858350933
0.8640818984068982
0.8640897584591757
0.8640899950884379
0.8640846388951842
0.8640740638297398
0.8640801157285231
0.8640886320998629
0.8640747176415441
0.8640674790350834
0.8640712448959985
0.8640672668797563
0.8640470687483848
0.8640407691010475
0.8640318628540545
0.8640318979364544
0.8640337308506015
0.8640368273486292
0.8640440491800514
0.8640452333449152
0.8640449678978552
0.8640523609025194
0.8640598322055538
0.8640447800140209
0.864052530460753
0.8640365749472794
0.8640470175986036
0.8640424887017637
0.8640612444911985
0.8640602758595409
0.8640662596039372
0.8640614008314486
0.8640660128476128
0.8640713702944804
0.8640578500577094
0.8640691509648967
0.8640599731013814
0.8640591237751105
0.8640553304912185
0.8640608005540374
0.8640571740581073
0.8640517700185615
0.8640234210442093
0.8640193354530861
0.8640174925670484
0.8640266997011788
0.864040634892699
0.864052479759798
0.8640508943198506
0.8640563800047326
0.8640483946009938
0.8640524338234308
0.8640437614349045
0.8640430063577275
0.864037731647902
0.8640390000879198
0.8640280979288532
0.8640223293356878
0.8640154304986392
0.864025774770933
0.8640260408755647
0.8640299272789614
0.8640315255248864
0.8640302454891962
0.8640210425639182
0.8640356112795056
0.8640469196844094
0.8640409061261373
0.8640433333163219
0.864044324677894
0.8640450726837955
0.8640418488665514
0.8640514447629827
0.864054071475493
0.86405890217225
0.8640531083399653
0.8640578008316264
0.8640492085275282
0.8640352874821536
0.8640490922872306
0.8640353005081537
0.8640414899616009
0.864033061737656
0.8640396475903833
0.8640297154561568
0.8640195592194633
0.864014972258411
0.863991419390602
0.8640047065395303
0.8640287182060884
0.8640387535507487
0.8640369655606508
0.8640395552253288
0.8640404965836338
0.8640511257035105
0.8640527483261584
0.8640556367628656
0.864046212945676
0.8640463222031067
0.8640515457616784
0.8640433017675543
0.8640354097678947
0.8640247788759846
0.8640247460682771
0.8640151547159983
0.8640111616614835
0.8640045326927576
0.8639916709131679
0.8639935582655982
0.8639935201819832
0.8639985004488073
0.8639841487026881
0.863992851537623
0.8639989977612763
0.86400533668823
0.86400479689571
0.8639952317983974
0.8639955896192187
0.8639933808477094
0.8640045610864096
0.8640056031009892
0.8640123801974139
0.8640171246669
0.864014119953325
0.864006872501122
0.8639965728626665
0.8639870491389386
0.8639863288599251
0.863991186209742
0.8639902990596336
0.8639970427898785
0.8640079258726023
0.8640098366773296
0.8640071777814634
0.8640081360740002
0.8640166060996808
0.8640167302426219
0.8640144269407474
0.864022647497513
0.8640117250280372
0.8640134430297576
0.8640098885615018
0.8640058863124173
0.8639996425300396
0.864009799425729
0.8640082398171947
0.8640035057771734
0.8640049200551644
0.8640045903498708
0.8640030628785162
0.864006342235198
0.8640070467700567
0.8640158337470935
0.8640155541947342
0.8640049575887616
0.8640240224826453
0.8640123839232912
0.8640070718767006
0.8639966199654454
0.8639859028318897
0.8639804774835114
0.8639967152563035
0.86400318329649
0.8640041452939438
0.8640165450690404
0.8640147046305099
0.8640143419192028
0.8640182972397354
0.8640265182924763
0.8640266339240708
0.8640253824210454
0.8640206849762254
0.8640203271756979
0.8640196416008101
0.8640110056925022
0.8640153436879874
0.8640229492583649
0.8640135082561436
0.8640125249553703
0.8640092149113472
0.864013870376958
0.8640134079267305
0.8640201425287594
0.864023672758176
0.8640381681702476
0.8640324756002082
0.8640226791035579
0.86401759889427
0.8640204936601713
0.8640196066510474
0.8640164012790053
0.8640329006469168
0.8640330538225485
0.864046005356752
0.8640487870146403
0.8640517028904203
0.8640477766683587
0.8640486716169784
0.8640401802024417
0.8640429609501689
0.8640364371740297
0.8640464546328251
0.864042612757074
0.8640408774591656
0.8640386667462994
0.8640538251534042
0.8640615355746228
0.864056710146453
0.8640631485187854
0.864061318900995
0.8640546818728533
0.8640554105386479
0.8640599278148408
0.8640441734298655
0.8640445399823166
0.8640418058455803
0.8640358543347421
0.864022643723055
0.8640252931309281
0.8640323952272569
0.8640406368242067
0.8640501344674907
0.8640612028397254
0.8640662108898793
0.8640701797682662
0.8640682665533511
0.8640722865527689
0.8640625748632305
0.8640640224882693
0.8640665779207858
0.8640521504431058
0.8640495669769483
0.8640372732614436
0.8640273235842397
0.8640321129141894
0.8640410926289133
0.8640416537964258
0.8640365329961052
0.8640471575919489
0.8640520039803596
0.8640603320151605
0.8640557327372386
0.8640547178458722
0.8640439359764623
0.8640496717819266
0.8640475669221838
0.8640466592485612
0.8640447769316049
0.8640473657034999
0.8640557273400027
0.8640520470692347
0.8640455842851446
0.8640396695185194
0.8640250056268152
0.8640210216852127
0.8640303940444567
0.8640229061088256
0.8640204041098053
0.8640195648530075
0.864014948489555
0.8640085741977401
0.864006308015634
0.8640159402815176
0.8640268654869834
0.8640237440841887
0.8640270869159973
0.8640194528045565
0.864018252950997
0.8640114265139507
0.8640008213626931
0.8639942109616715
0.8639917942515992
0.8639876260106842
0.8639852365451451
0.8639862286046619
0.8639902164689476
0.8640028866766037
0.863998709573709
0.863998446299289
0.8640050613386633
0.8640081393089786
0.8639953777340236
0.8639991671693791
0.8640098887989061
0.8640157003457565
0.864014622147195
0.8640064631129984
0.8640057887039203
0.8639991668990183
0.8640014991959231
0.8639937085624751
0.8639956682322146
0.86399613671922
0.8639904934687185
0.8639933208055319
0.8639863859147824
0.8639818894229602
0.8639818857649899
0.8639901507395472
0.8639937454194275
0.8639904501297835
0.8639967622894652
0.8640039966779506
0.8640098112412404
0.8640048151823094
0.8640036732154321
0.8639968295180296
0.8639884638857278
0.863984686103851
0.8639937783824211
0.8639928973367493
0.863997139950664
0.8639973958199452
0.8639970716115822
0.8640022004837998
0.8640074678576763
0.8640035548337245
0.8640127284372944
0.8640073861925003
0.8640102568041433
0.8640184270540836
0.8640176053254985
0.8640232348030429
0.8640174842603984
0.8640070759820068
0.8640044023569149
0.8639963612328059
0.8639917703939561
0.8640017811149869
0.8640073328350495
0.8640219808407307
0.8640279828012423
0.8640230915666605
0.8640184668872329
0.8640172629245342
0.8640219492511994
0.8640264553098744
0.8640293435875519
0.8640269207687856
0.8640170639018554
0.8640108493105384
0.8640163551697576
0.8640166302833063
0.8640181410922573
0.8640146780152533
0.8640236890242099
0.8640221397390808
0.8640265697891842
0.8640272405770847
0.8640354744923566
0.8640319032502228
0.8640398512948951
0.8640357387711108
0.8640373918219005
0.8640284945665766
0.864026297084252
0.8640277761763047
0.864025306794701
0.8640253210713948
0.8640296030685322
0.8640262044812846
0.8640305154625793
0.8640291575801254
0.8640298319487704
0.864026262148037
0.8640230527455905
0.8640107225265388
0.8640110792631064
0.8640227197730238
0.8640260004257823
0.8640259381649883
0.8640217070837674
0.8640095714728193
0.8640231394883992
0.8640200624225199
0.864008786858881
0.8640091681181523
0.8640057725953536
0.864006751098204
0.8640025904370677
0.864005355085483
0.8640061587246204
0.8640143023075696
0.864009244003973
0.8640151017422215
0.8640139591402896
0.8639975900937716
0.8639995123583157
0.8639986629867881
0.864004329396188
0.864010234429865
0.8640061771287479
0.864003671102542
0.8640113982959693
0.8640079425006116
0.8640054820467924
0.8640020750444147
0.8640111176662129
0.8640097453915013
0.8640138122939451
0.8640103732480751
0.8640219931363778
0.8640196299167738
0.8640145053293252
0.8640098442044108
0.8640143067874517
0.8640154937503502
0.8640188280132286
0.8640148919191394
0.8640133780994641
0.8640127882140554
0.864009575140278
0.8640112574346518
0.8640127101624858
0.864012780824693
0.8640108703699764
0.8640151476533792
0.8640103548196352
0.8640173605834613
0.8640220299966187
0.8640208725447044
0.8640197986463894
0.864018012470539
0.8640141945580962
0.8640038659464158
0.8640073680608114
0.8640032085387784
0.8640093663968125
0.864009583550691
0.8640091996580908
0.8640167511333093
0.8640185094950406
0.8640104591814366
0.8640134455433276
0.864011457936821
0.8640201134706688
0.864015125117714
0.8640107038979065
0.8640151585302043
0.864013773728299
0.8640140003748144
0.8640154097944498
0.8640219683041264
0.864024791526001
0.8640298561386266
0.864030119840305
0.8640379569506179
0.8640305806492978
0.8640239354736667
0.8640157945902354
0.8640143374041732
0.8640200127845892
0.8640220270744686
0.8640249868682438
0.8640281991292798
0.8640379989693882
0.8640495416080438
0.8640541155560288
0.8640595248122935
0.8640560266720355
0.864058826133829
0.8640592778696458
0.8640580070603772
0.8640543411584423
0.8640483566911489
0.8640498047216741
0.8640455662138039
0.86404944539727
0.8640514709578775
0.864053541916017
0.8640547073322018
0.864050081018104
0.8640399998937217
0.8640394232441876
0.8640337537320689
0.8640351631196237
0.864032848851371
0.8640306719949422
0.8640299895246626
0.8640284426466309
0.8640203654524088
0.8640189566450965
