0.7341524418415732
0.7960119285292545
0.8254805470330839
0.8377857412126065
0.8465313473971132
0.8514890064223919
0.8543405812865639
0.8567105134353897
0.8602047870450833
0.8623505419601338
0.8630570726137441
0.8639439859328661
0.8648418301509482
0.8663996326818986
0.866416121231704
0.8664630004077843
0.8664456714977412
0.8667826342588107
0.8676423864287489
0.8678816221704847
0.86836672603792
0.8687489449792377
0.8693183757929518
0.8695361622544567
0.8698448804027077
0.8700618587501067
0.8703212029244882
0.8705704147743855
0.8707042725511077
0.8710089232001448
0.8712097879877507
0.8712387714274766
0.8714570339968367
0.8715914647439937
0.8718115807359187
0.8721134374277948
0.8721412573795434
0.8723151105169461
0.8722553310448659
0.8723240704642633
0.8723680016947793
0.8723942072221156
0.872399915249304
0.8725646079887514
0.8726694768823237
0.8727590217789112
0.8728342472596864
0.8728040936141012
0.872885181406914
0.8729451974435688
0.8729301588695707
0.8730157542391613
0.8730435230542741
0.8731712295489
0.8730913418026595
0.8730986462904565
0.8730253550328219
0.8730785127084988
0.873299158437031
0.8733387150199917
0.8735226921459066
0.8735567374633857
0.8736274426209009
0.8736086591304945
0.8737661921364114
0.8736995237083746
0.8736975417427582
0.873714406711552
0.8737741932285836
0.8738823850621513
0.8738216349539432
0.8738471930676288
0.8738582796209885
0.8739177877259928
0.8739140855829453
0.8739135705769889
0.8738749991059725
0.8738431507320525
0.8739388587961244
0.8740207190233268
0.8740350312833421
0.873958889334323
0.8740275727285415
0.8739959232351586
0.8739811641458509
0.8740231534423615
0.8740823796223749
0.8741054278576689
0.8741323380212874
0.8742182670019419
0.8743614378082738
0.8743830960448509
0.8744188960813726
0.8743861254222807
0.8743640732644611
0.8744255703066321
0.8744278030915484
0.8744217534677108
0.8743735135438462
0.8743981393661874
0.8745012614347902
0.8744893003476167
0.8744364285645506
0.8743101192690452
0.8743622371830566
0.8744197783778743
0.8743535867396596
0.8744263528441115
0.874523111929525
0.874472442236335
0.8744612622145954
0.8744046026307113
0.874422482271439
0.8744447382416631
0.874497450844828
0.8745511619580082
0.8745969036119351
0.8745573118519944
0.874590887597114
0.8746097158413314
0.8745926426502757
0.8746254603902957
0.8746227833980281
0.8746410653342711
0.8746013930110803
0.8747257313133339
0.8747647573836692
0.8748267635677244
0.874820017503499
0.8748526699864297
0.8748907619972522
0.8748775408818238
0.8748861055972096
0.8748728582846682
0.8748674891092696
0.8748697171004786
0.8748698644750939
0.8748835601945018
0.8748949334328385
0.8749454941578615
0.8749911004465711
0.8749789854429706
0.874974128570821
0.8749794418985315
0.8749456848887924
0.874960670995173
0.8749611443611757
0.8749170196439365
0.8749356039596393
0.8749327143529974
0.8749090917555887
0.8749111730904334
0.8749210704983451
0.8749694732842938
0.8750081827124107
0.8750315760932685
0.8750028640745259
0.8750548413353534
0.8750467939633402
0.8750978196605567
0.875115337787093
0.875123539328432
0.8751167336699073
0.8751492496326705
0.8751486500669017
0.8751791300059928
0.8751834342162997
0.8751773639018258
0.8751991667306084
0.8751589659234915
0.8751671337229076
0.875194855027177
0.8752376094911204
0.8752412254197981
0.8752415814010928
0.875225956662396
0.8752021042290045
0.8752081982495336
0.8752170601332341
0.8752379979231897
0.8752198002093265
0.8752518077245395
0.8752774672226881
0.8752843604700958
0.8753268120388386
0.875342795122513
0.8753308736262753
0.8753244120771627
0.8753067463449247
0.8753303719558128
0.8753631698388539
0.875361063240608
0.8753481438014101
0.875367035451903
0.8753677646640827
0.8753516875599673
0.8753889899730194
0.8754228481388545
0.8753919260348519
0.8754378696467218
0.8754576879831868
0.8754384295969785
0.87548003476638
0.875462308505566
0.8754880338386669
0.8755054592185856
0.8754801497971112
0.8754691074299923
0.8754652617253749
0.8754466968539155
0.8753851193190151
0.8754192165745274
0.8754011174178655
0.8754378347981522
0.8754759058619634
0.875449936798621
0.8754230386908854
0.8754298397624017
0.875404814245559
0.8754188103786648
0.8754297267735397
0.8754668941631674
0.8754847553248162
0.8754915713770163
0.8755059336076337
0.8755315769679403
0.8755171470431669
0.8755627434067204
0.8755713404539581
0.8755492677990996
0.8755376892847658
0.8755434306640909
0.8755572267879387
0.8755703059460124
0.8755591239895538
0.8755609821594003
0.875539767424182
0.87556855703216
0.8755779330699395
0.8755754061352603
0.8755617217021849
0.8755468322813376
0.8755406827693516
0.8755494695515926
0.8755951151992557
0.875571171591666
0.8756005116271809
0.8756204482404474
0.8756376069466032
0.8756629198349056
0.8756901110535811
0.8757063707804201
0.8757112669721365
0.8757163719454841
0.8756941696943787
0.8757075909767154
0.8757091723023631
0.875680662142869
0.8756752848428914
0.8756743007590274
0.8756685929020943
0.8756786128917275
0.8756956085643675
0.8757008693920918
0.8756925493545216
0.87567066367327
0.8756823839039646
0.8756840323751788
0.8756806989037689
0.8756776447054603
0.8756661904106634
0.8756682342635098
0.875682541198478
0.8756917845751533
0.8757007190743282
0.875681797175927
0.8756878370989006
0.8756945413642417
0.8756973714755034
0.8757165691884277
0.875702105126095
0.8757032933757767
0.8756822442290054
0.8756554428044624
0.8756347238967592
0.8756512199338117
0.8756661689804122
0.8756657343493021
0.8756553725711215
0.8756144648179763
0.8756172590308159
0.8756044860554895
0.875578567950879
0.8755726057600475
0.8755677695703304
0.8755790937005284
0.8755817319081113
0.8755856435079947
0.875606031149035
0.8755902068417725
0.8755779029609486
0.8755532803731915
0.8755570133952206
0.8755464430237918
0.8755523142974557
0.8755809451612732
0.87555743093015
0.8755593626432617
0.875548755237311
0.875548136775284
0.8755553273211337
0.8755646219726121
0.8755775714947581
0.8755335655928672
0.875546299661791
0.8755662856007065
0.8755424063530158
0.8755199461741119
0.8755241565213331
0.8755547043969363
0.8755302386693427
0.8755049953115299
0.8754889528202857
0.8754816650660959
0.8754660544116282
0.8754555634165816
0.8754678280115876
0.8754659574950394
0.8754526298422779
0.8754508666411337
0.8754432723250992
0.8754517383649005
0.8754646093545452
0.8754670537981318
0.8754815480700694
0.8755012242654479
0.8754757651833596
0.8754405200532768
0.8754450701729297
0.8754340288371257
0.8754378759777801
0.875446132320344
0.8754537184080045
0.8754729456231245
0.8754959842452205
0.8754754118761003
0.8754526823558758
0.8754357548129688
0.8754087719028126
0.8754145302362697
0.8753976222637766
0.8753940922724806
0.8753999736018444
0.8753762297913688
0.8753874861761373
0.8753867099712317
0.8753814368673429
0.8753761569589803
0.8754072651203753
0.8753951675509561
0.8754118190555765
0.8754114479914773
0.8754325784776174
0.875416866376273
0.8754187745758863
0.8754224175474363
0.87541208312018
0.875419979257165
0.8754229737599739
0.8754391414298762
0.8754255247675559
0.8754499803829053
0.8754283025030086
0.8754110105554446
0.8754144838380266
0.8754027134242766
0.8754001831874227
0.8753887933102277
0.8754048180296817
0.8753910716379961
0.8753995534269245
0.8754274113321235
0.8754509735315419
0.8754542026504357
0.8754807895875576
0.8754801000543035
0.8755013328081512
0.8754896711200733
0.8755123189671741
0.8755327930189046
0.8755332971049615
0.8755511343687414
0.8755574252235236
0.8755697466063824
0.8755516588555569
0.875552597048843
0.8755412877813917
0.8755408742034395
0.8755519179495551
0.8755494100029438
0.8755517581809169
0.8755605272548845
0.8755561158501747
0.8755763676387397
0.8755757752388319
0.8755575035490355
0.875558382161598
0.8755750513701304
0.8755674480200665
0.875571542114138
0.8755739845452795
0.8755762770305304
0.8755789264013443
0.8755787286994061
0.8755729304959841
0.8755712522321532
0.8755861444035732
0.8755892559679118
0.8756031824117696
0.8756150305328984
0.8756229135961259
0.8756337796069773
0.8756248466413912
0.8756261640409706
0.8756444942348647
0.8756393948487762
0.8756523258540622
0.8756620569237414
0.875679375593398
0.8756772934181263
0.8756805176705625
0.8756849908481683
0.8756785434008363
0.8756793295508012
0.8756618417569432
0.875657305870128
0.8756681842309598
0.8756743024410498
0.8756696164396575
0.8756771307361981
0.875676140663137
0.8756822910821036
0.8756745574650333
0.875681048966241
0.8756825570089128
0.875680596811451
0.8756802884787163
0.8756667736956902
0.8756756415323125
0.8756832432164413
0.8756920918320275
0.8757036111466903
0.8756993762952563
0.8756900908905639
0.8756931321154041
0.8757079120127764
0.8757161764508795
0.8757387321753018
0.8757350236761792
0.8757336972198398
0.8757318394823551
0.8757454185802038
0.8757357732113515
0.8757277725590508
0.8757601313748232
0.8757579904910023
0.8757676519269406
0.8757771457953637
0.8757737284452136
0.8757801114586872
0.8757828266176654
0.8757789358992457
0.8757743828966887
0.8757866009254489
0.8758036935993027
0.8758013392473993
0.8758166944383599
0.8758158372753492
0.8758186409809294
0.8758143488606028
0.875814608161781
0.8758229797190062
0.8758150304571231
0.8758041932002816
0.8757831962844371
0.8757751698725671
0.8757749000788011
0.8757804634296901
0.8757728835848261
0.8757886795320787
0.8757828449043985
0.8757930070094998
0.875809584341661
0.87579792020165
0.8757937894550222
0.875797524473215
0.8758097169690598
0.8758034925563255
0.87582198713265
0.8758378795875293
0.8758326852970829
0.8758243638670861
0.8758035884184412
0.8758042036477423
0.8758028329713723
0.8758087742730362
0.8758165355681972
0.8758208202998138
0.8758196171325371
0.8758277017674977
0.8758234000949391
0.8758469381709932
0.8758420958649105
0.8758405676394084
0.8758465708762656
0.8758604863657079
0.8758778946592366
0.8758732280583742
0.8758579433651644
0.8758608880955815
0.8758612492820104
0.875850252891278
0.8758679720453961
0.875871611753413
0.8758701088670495
0.8758617202178761
0.875862041910671
0.8758711198867685
0.875874904612372
0.8758703972067964
0.8758564097188636
0.8758582959207293
0.8758543207763694
0.875859183808839
0.8758537984442859
0.8758665097664766
0.8758524664657146
0.8758380313242504
0.8758397976443032
0.8758406241952639
0.8758321359204594
0.8758509619608192
0.875855477707963
0.8758656469712434
0.8758735043374258
0.8758805654406695
0.8758845287159917
0.8758744612638102
0.8758895814689581
0.8758915886836834
0.8759031301168114
0.8758884213099675
0.875880396587142
0.8758632225804093
0.8758504673633705
0.8758494781883365
0.8758442107049141
0.8758509623622349
0.875846940546671
0.8758538072433081
0.8758620959344342
0.8758521188250268
0.8758585465035899
0.8758663983355791
0.8758757052385553
0.8758800376099403
0.8758795907602421
0.8758824316486155
0.875884431112655
0.875895609898845
0.8759048375012786
0.8758997920322619
0.8759023370524426
0.8759068247190622
0.8758987983001849
0.8759091236125731
0.8759051296469478
0.875901562206261
0.8758988566205697
0.8758939718544886
0.8758873813528664
0.8758876120868304
0.8758808060791494
0.8758694229574504
0.8758650172323513
0.8758575523210064
0.8758722458858165
0.8758671327197114
0.8758716304160402
0.8758767870304969
0.8758873800510856
0.8758926044444462
0.8758757531673185
0.875870970812668
0.8758674790558103
0.875862726197962
0.875856934683106
0.8758447526359362
0.8758453251049311
0.8758525234125966
0.8758596822087794
0.8758584947724714
0.8758520946561704
0.8758599017206945
0.875873793030232
0.8758686486661474
0.875864992417518
0.8758615546444926
0.8758574996948529
0.875869385771156
0.8758813464964248
0.8758878644684357
0.8758799596835963
0.8759018768338219
0.8758920175658875
0.875888689373576
0.8758890780574332
0.8758989232182252
0.8758729837339798
0.8758677821115873
0.8758560007291868
0.8758507532642978
0.8758405008408076
0.8758344695371192
0.8758423254867138
0.8758617674615623
0.8758552022919581
0.8758517477329371
0.8758675222550418
0.8758621600758961
0.8758664239110459
0.8758656805992486
0.8758618281828285
0.8758623230439033
0.8758704006849418
0.8758787029778836
0.8758958251747138
0.8758982752013184
0.8758976754137766
0.8758941252585337
0.8758999260543079
0.875913705370837
0.8759229411694757
0.8759361718523179
0.8759343960647856
0.8759202289621081
0.8759212500947047
0.8759290915759568
0.8759164573005408
0.8759014802196142
0.8758944247011599
0.8758950556582394
0.8758917738092453
0.875890169759418
0.8758798267934654
0.8758878778080145
0.8758986647846266
0.8759037156233399
0.8758918385725282
0.8758961760273348
0.8758940938224524
0.8759049320806414
0.875908904312671
0.8759074829880765
0.8759063067380931
0.8759085523598431
0.8759096755283166
0.8759029363365125
0.8758975892490718
0.8758951029749069
0.8758965676226115
0.8758963140653547
0.8758889024332192
0.8758889235830717
0.8758878399323466
0.8758699549188403
0.8758692981700872
0.8758754646870134
0.8758842061899428
0.8758808915259032
0.8758712216642244
0.8758773489998977
0.8758823413393522
0.8758933171290969
0.8758963443681534
0.8758936950583528
0.8758980693279482
0.875897031986726
0.8758855480868354
0.8758829103991366
0.8758816736922749
0.8758783646185758
0.8758779527106144
0.8758865099332316
0.8758915549863127
0.8758840616152578
0.8758857735540299
0.8758871696666827
0.8758846817705016
0.8758822079549733
0.8758949400165994
0.8758933739574319
0.8758954724938203
0.8758916252569543
0.8759021609257407
0.875896223467351
0.8759050066689399
0.8759149356879214
0.8759237549276281
0.8759315392070453
0.8759311738914778
0.8759296489714805
0.8759296421429597
0.875921452509169
0.8759243656596516
0.8759141868751508
0.8759150319319339
0.8759193754010096
0.8759154494579446
0.8759135775979052
0.8759172382229716
0.8759125950359887
0.8759082741355643
0.875910142533374
0.8759139894275106
0.8759162102362114
0.8759213314832585
0.875928407316801
0.8759307315232127
0.8759222588714736
0.8759215663115988
0.8759241487498327
0.8759254532462438
0.8759204805745102
0.8759265543584043
0.8759222323204107
0.8759310237045516
0.875930009204258
0.875919312087118
0.8759088754113014
0.8759026975104357
0.8759054629379326
0.8758979938602686
0.8758925744630721
0.8758885705026012
0.875878721452633
0.8758844623494041
0.8758870151116905
0.8758775865742581
0.8758869784644614
0.8758879861985605
0.8758859786321125
0.8758810183911367
0.8758913594402152
0.8758887813834089
0.875881829385855
0.8758899567199689
0.8758910687767166
0.8758858955622586
0.8758816991729671
0.8758857651338245
0.8758932340630151
0.8758855963052403
0.8758839532977515
0.8758739649850077
0.8758815072126767
0.8758802991339806
0.8758814059519118
0.8758824441788962
0.8758916909158774
0.8758937101721771
0.8758981226057376
0.8759008281194001
0.8759082451455089
0.8758994299756874
0.8759021063968508
0.8758996479328106
0.8758952924222881
0.8758992405824653
0.8758996181709875
0.8758863595965725
0.8758921722783065
0.875887515412814
0.8758864004722483
0.8758868182808328
0.8758981929368884
0.8759066280491613
0.8759065746639778
0.8759100605723968
0.8759038578988206
0.8759052550898553
0.8759091497262688
0.8759111332732177
0.8759170571374072
0.8759183776944794
0.8759243374982847
0.8759171273672491
0.8759248737820652
0.8759264340694501
0.875937068934698
0.8759309618413263
0.8759274921951324
0.8759320783297316
0.8759340336098412
0.87592292120818
0.8759289475451041
0.875922376458668
0.875928631540044
0.8759398919788551
0.8759396870146364
0.8759331958948984
0.8759316008652351
0.8759311566207336
0.8759343570301389
0.8759333965356697
0.8759311879622499
0.875933078225222
0.8759346336629333
0.8759306370070546
0.8759324386369949
0.8759321853488095
0.8759372973236561
0.8759302241159761
0.8759319174466613
0.8759300835772845
0.8759308072305977
0.8759384555754897
0.8759369894247058
0.8759393701408708
0.8759374951354663
0.8759413871936887
0.8759458568185248
0.8759483680185791
0.8759487835594921
0.8759542243155327
0.875967244947421
0.8759602914246807
0.8759553180139299
0.8759509121259362
0.8759506586530326
0.8759541536259382
0.8759614766066307
0.8759668100306434
0.875968728094273
0.8759787844952179
0.8759846686465493
0.8759887331710692
0.8759925196256869
0.8759877273115764
0.8759905207788311
0.8759941211845989
0.8760059078234647
0.8760011884349347
0.8760044358552093
0.8759923068819816
0.8759894971629517
0.8759943108537952
0.87599227009644
0.875988248085733
0.8759897382504439
0.8759925253053285
0.8759840528777993
0.8759920151019782
0.8759875067621661
0.8759871793241107
0.8759862320319303
0.8759865527973293
0.8759925575346796
0.8759903013250021
0.8759897128860753
0.875985676416316
0.8759818232895299
0.8759856644728857
0.8759819230904354
0.87597602637459
0.8759760921844724
0.8759763103345969
0.875981469339894
0.8759755842554714
0.875974001513308
0.8759716682870732
0.8759722409795194
0.87597612323033
0.875963039627969
0.8759614243474391
0.8759787767358795
0.8759795853490749
0.8759779550186737
0.875989978233198
0.8759944431502258
0.8759983026750194
0.8760063251312526
0.8760042385510665
0.8760023961485108
0.8759989707813118
0.8759995901611028
0.8760020546832151
0.8760125917276501
0.876009696999652
0.8760071435835761
0.8759958677370685
0.8759995154526747
0.8760056904026657
0.8760064975276438
0.87599856761459
0.8760018275275337
0.8759979268985326
0.8759965447049372
0.875998422633616
0.8760027654907876
0.8759975026119843
0.8760014414714982
0.8759968941684504
0.8759939959147448
0.8759992719678152
0.8759947936117245
0.8759959203843399
0.8759841878466766
0.8759798725784063
0.8759771997917936
0.8759763517566276
0.8759753163827971
0.8759771294802872
0.8759770466397753
0.8759791825699847
0.8759752349082777
0.8759744056882457
0.8759754350435701
0.8759804896287108
0.8759891820667512
0.8759949513860834
0.8759937600402455
0.8759901912675455
0.8759918301864952
0.8760028252758456
0.8760028295627401
0.8760042389417996
0.8760141490403522
0.8760208737977255
0.8760186369112551
0.8760188805639069
0.8760195887196583
0.876018743238188
0.876017289560296
0.8760254867519612
0.8760258691136844
0.8760287626080732
0.8760294814563424
0.876025121301351
0.8760256183228593
0.8760378203639333
0.8760316751984708
0.8760313395236592
0.8760286229124605
0.8760228668693355
0.8760317712643511
0.8760383355208725
0.876035525390816
0.8760396554965728
0.8760453441355999
0.8760445130759401
0.8760492019488996
0.8760498582808328
0.8760493321215971
0.8760552888383238
0.8760499113174343
0.8760556615459665
0.8760580741021058
0.8760559143950059
0.8760561481362792
0.8760486317680394
0.8760426982333079
0.8760398667736852
0.8760371118740042
0.8760375788802779
0.8760352609777478
0.8760326825972482
0.8760347458027915
0.8760403359341797
0.8760423947820721
0.8760480220513982
0.8760448143746574
0.876038098755916
0.876039527326794
0.8760332016053249
0.8760284994335197
0.8760303562668195
0.8760320960577365
0.8760260446214969
0.8760302573712744
0.8760292462041052
0.8760266324176833
0.8760253710111138
0.8760266091164736
0.8760254024482804
0.8760276672597415
0.8760294716603858
0.8760308471734971
0.8760387520452022
0.8760446701054756
