0.9704346929146569
0.9810650234465933
0.9858656709724768
0.9868516192163529
0.9868541354265128
0.9877444069353442
0.9882199246169788
0.9887110272864515
0.9889135708172304
0.9896237656201653
0.9891139283443432
0.9893257657745281
0.9891318061012979
0.9891870307255708
0.9892512975681886
0.9890970530478326
0.989391955759479
0.9895342125795343
0.9896098454362156
0.9897565956505744
0.9897412405984464
0.9898847902763129
0.9902367654717996
0.9903447405967906
0.9902518755696342
0.9902349904494259
0.9903834748033712
0.9903165942436665
0.9904527025678489
0.9904503740268236
0.990518322032049
0.9905830179099373
0.9905470622915314
0.9905008287856921
0.9906031612720646
0.9906438864482341
0.9904051422142365
0.9902796792826902
0.9904222453147705
0.9904499802261174
0.9904527113965877
0.9904037050982013
0.9902613311779946
0.9902560727108861
0.9901627321423869
0.9900527156420557
0.9900907430040533
0.9901641547240754
0.9901017160429142
0.9900257855197816
0.9900356336170076
0.989989094488031
0.9900087380931827
0.9899865862462044
0.9898803990220035
0.9899573106856799
0.9900016095008539
0.9900168246942669
0.989936041441269
0.9899985280491517
0.9900051547976517
0.989969757929167
0.9899686974702245
0.9900573490284643
0.9899594620973662
0.989948717933936
0.9899865416377693
0.9899459831847971
0.9898917341453999
0.9898069254696811
0.9897723026922051
0.9897528066743368
0.9897878711845752
0.9898249466987102
0.9898207174140409
0.9898066374751986
0.9897721072769962
0.989792339549024
0.9898594559325239
0.9898774912559194
0.9898145416720527
0.9897735953179776
0.9898272806991794
0.9898431171555347
0.9898073238300786
0.9898344977159097
0.9898767137172183
0.9899074588249624
0.9898633639043407
0.9899250543187532
0.9899478640502672
0.9899206613370565
0.9899493997090981
0.9899962731694844
0.9899913824619324
0.9899554816707488
0.9898841461292897
0.9898836442858313
0.9899254969149623
0.9899216729160115
0.9899548008211266
0.9899274422817642
0.9899050111887661
0.9898344526550276
0.9897990656305314
0.9897403253911109
0.9897299521363476
0.989748598877312
0.9897844095012611
0.9898262808852181
0.9898019075421011
0.9897853282137686
0.9898022962258471
0.9898285710462944
0.9897214128310345
0.9897272523202871
0.9896955000589073
0.9896545997129081
0.9896047721518073
0.9896167501206369
0.9896321087306101
0.9896814804720296
0.9896784379961632
0.9896180959246319
0.9895839002159645
0.9895808106217227
0.9896006949567064
0.9896366404963401
0.9896726219982184
0.9896440853842915
0.9896159252625842
0.989637416053689
0.9896495460326284
0.9896514987673009
0.9896180381286885
0.9896496243444054
0.9896632348027584
0.9896535476084832
0.989658680149771
0.9896937952995445
0.9897558863767686
0.9897707616609107
0.9897841562268423
0.989807136447964
0.9898299119990801
0.9898072839189417
0.9898311667073301
0.9897991590633142
0.9898034678579285
0.9898243562723128
0.9898663459643877
0.9898506186127083
0.9898252153622537
0.9898405438211331
0.989810907479644
0.9898304898758765
0.9898571104602122
0.9898178541655136
0.9898063408293306
0.9898234500472881
0.9897912739259866
0.9897153243447313
0.9897222418844956
0.9897445827967011
0.9897643623438954
0.989745650149801
0.9897759408741377
0.9897766277475859
0.9898155394862922
0.9898321618386094
0.9898475276299747
0.9898614417113176
0.9898490921108226
0.9898334506518557
0.9898547985137413
0.9898157043455106
0.9898267407737212
0.9898080364728439
0.9898178101869597
0.9898242779996994
0.9897974125750938
0.9897789590390962
0.9897740802793237
0.9897731242823185
0.989755153707149
0.9897588820224434
0.9897432712979773
0.9897178372040879
0.9897153362321697
0.9897168530648914
0.9896940240425677
0.9897051668489771
0.9896857438998017
0.9896776113398705
0.9896792653685227
0.9896985150752561
0.9897085417969792
0.989718764349068
0.9897349965599769
0.9897411088639895
0.9897300881392844
0.9897286372148012
0.989695275669249
0.9896765064079046
0.9896662797627168
0.9897026488290498
0.9896644923778847
0.9896706069240083
0.9896217496470944
0.9896078554068775
0.9896157591429333
0.9896262589264172
0.9896295340888912
0.9896272504571755
0.9896581461246987
0.9896425272064892
0.9896464074138077
0.9896394346953518
0.9896562578508438
0.9896625351888002
0.9896754976545284
0.9897055726479964
0.9897037121086706
0.9897171926421066
0.9897031335455378
0.989703776774358
0.9896873611958327
0.9896868887857045
0.9896722761371542
0.9896777301137265
0.9896684935838543
0.9896753997708359
0.9896850329549969
0.9897252824143574
0.989710120932492
0.9897141627152964
0.989693888908087
0.9896902518233064
0.9896976753395089
0.9896783648580838
0.9896757291630015
0.9896740117932432
0.9896728619651801
0.9896896376961561
0.9896949215554681
0.9897064911714861
0.9897170813825065
0.9897243458350782
0.9897114700847301
0.9897183694006391
0.9897296171984754
0.989727383010201
0.9897181317432845
0.9897251020957811
0.9897439918402229
0.9897762194540971
0.989767313886558
0.9897624476249507
0.9897537540708283
0.9897614564121918
0.9897534096705437
0.9897483586098919
0.9897301776015872
0.9897203356563433
0.9897307678023006
0.989732713182813
0.9897228300790812
0.9897103279243155
0.9897132407118302
0.9897069487378576
0.9897293377077351
0.9897317697052492
0.9897304151111331
0.9897298273586199
0.9897226868758415
0.989705841157062
0.9897100103062362
0.989708147763551
0.9897129508889627
0.9897102886972702
0.9897113719322219
0.9897102961464659
0.9897351023070489
0.9897380738898135
0.9897627652199097
0.9897507460671675
0.9897588460887532
0.9897517903726504
0.9897562550635527
0.9897484655877354
0.989746375340118
0.9897696249657539
0.9897758028435764
0.989790672706992
0.9897982224780729
0.989821605647021
0.9898151844047944
0.989811310705272
0.9898091070007358
0.9897848830257838
0.9897629843206046
0.9897392125070171
0.9897254072943839
0.989731635343113
0.9897315787446931
0.9897304857257652
0.9897293477206719
0.9897278815459153
0.9897138691610898
0.9897132239331208
0.9897168934222471
0.9897100825623818
0.9897056433059966
0.9897132363215639
0.9897103244913679
0.989704964450317
0.9897048007287859
0.989714564519183
0.9897111509801839
0.989689819636065
0.9896879207695157
0.9896906560407303
0.9896928578901292
0.9897068938305903
0.9897088811743404
0.9897142413395841
0.9897220633762006
0.9897242919549585
0.9897369725652887
0.9897428796042678
0.9897483214400155
0.9897550979982948
0.989752622507353
0.9897605771107164
0.989782269794713
0.9897755927932514
0.9897770482969414
0.9897807023363097
0.9897702179395346
0.9897650361708976
0.989764729358967
0.9897621001558622
0.9897536895868524
0.9897380586849482
0.9897524464020692
0.9897569342446096
0.9897580517291361
0.9897647960100302
0.9897564734445053
0.9897653448934349
0.9897748250262748
0.9897643363335497
0.9897830243503296
0.9897797202774866
0.9897661476375976
0.9897846208538759
0.9897795946475656
0.9897880403483167
0.9898005886610699
0.9897959251749735
0.9897959258529058
0.9898156952536067
0.989820559384973
0.9898102047394709
0.9898087281088179
0.9898161941732294
0.9898232434988321
0.9898250200297465
0.989826828998285
0.9898216654793542
0.9898139499710122
0.9898170606745882
0.9898040960357593
0.9897982384949008
0.9897907298394342
0.9897724282293192
0.9897718824475783
0.9897801345615267
0.9897854207607988
0.9897941596520738
0.9898035183215099
0.9898153662340087
0.9898194605251451
0.9898103763365563
0.9898044825124671
0.9898034165234394
0.9898109060107072
0.9898112559237265
0.9898263558074202
0.9898182212264418
0.9898205877674853
0.9898205197190347
0.989829255969885
0.9898299688651885
0.9898236337801424
0.989826192379578
0.9898184006708769
0.9898123250713725
0.9898169025830473
0.9898248433330487
0.9898115761375235
0.9898202302363864
0.9898137506682806
0.9898119816284162
0.9897962023638216
0.9897968032929239
0.9898058125085868
0.9897926897094314
0.9897935822250079
0.9897756912912272
0.9897891736212963
0.9897947202684702
0.9897857891397969
0.9897707171152905
0.9897818723316392
0.9897769179033435
0.989775502327248
0.9897642433168915
0.9897503029089769
0.9897596182538843
0.9897502091806583
0.9897579410386036
0.9897621250918439
0.9897558436287845
0.989754681989997
0.989752858436711
0.9897517868852612
0.9897509017705
0.9897477255048264
0.9897486817507096
0.9897447559725067
0.9897472942038305
0.9897402040875297
0.9897549445599708
0.9897444209846537
0.9897422975505427
0.9897238201798048
0.989732563716856
0.9897351873813922
0.9897253099587826
0.9897266747200548
0.9897329117898034
0.9897248657005315
0.9897282623095194
0.9897312814846584
0.9897465861622076
0.9897391177408209
0.9897377672505113
0.9897434341024527
0.9897498541558416
0.989737906993895
0.989755019559403
0.9897614986644382
0.9897586503473114
0.9897530568819032
0.9897582589885553
0.9897677847387468
0.9897624645914933
0.989763632603413
0.9897563046211197
0.9897643789000253
0.9897577876238052
0.9897577497448935
0.9897502189210796
0.9897469648068156
0.9897531631026524
0.9897560597185102
0.9897488177838933
0.9897534341706932
0.9897450217441899
0.9897388385257087
0.9897464322169266
0.9897437876065421
0.9897539423302687
0.9897562477431333
0.9897558562605286
0.9897547914658996
0.989757505920188
0.9897588045811914
0.9897497270840432
0.9897478045129879
0.9897576260586255
0.9897562049577668
0.9897558084417237
0.9897745719264829
0.9897816290026206
0.9897685745829156
0.9897849291810428
0.9897940498040133
0.9897974028470798
0.9897940021540482
0.9897821528194046
0.989776846288914
0.9897783614883101
0.9897905565764473
0.9898057926818598
0.9898093182878877
0.9898076993867317
0.9898058195428391
0.9897952646670094
0.9898089896389964
0.9898065513080818
0.989807839697196
0.989811220541122
0.9898117880799979
0.989804130832621
0.9898101077623295
0.9898104662496044
0.9898160364977583
0.9898180288411671
0.9898190360176153
0.9898151695163391
0.9898177161707424
0.9898253650769486
0.9898249691452158
0.9898249801512196
0.9898222381022058
0.9898128597378041
0.989803497630774
0.9898127665696324
0.9898105489948728
0.9898147032471896
0.9898225991426648
0.9898226697183639
0.989816984971846
0.989810010141146
0.9898049619605089
0.9897973651291121
0.9898046256211199
0.989805050871036
0.9897993148770671
0.9897995724899508
0.9898071081570332
0.9897959257546202
0.9897932449329541
0.9897996988523433
0.9897982413353275
0.9898139902962397
0.9898053183535598
0.9898074068339597
0.9898046525894876
0.9897985846482173
0.9898012775241387
0.9897978777313274
0.9897921857377581
0.9897880070047191
0.9897840169837331
0.9897702385856433
0.9897652454003095
0.9897580434327186
0.9897629428488061
0.9897651458454433
0.9897603215307829
0.9897590785045031
0.9897673707179484
0.9897682434322128
0.9897731103069514
0.989774505359229
0.989769910815243
0.9897763483263122
0.9897702982670902
0.9897804327993875
0.9897817726176386
0.9897867161285343
0.9897923459957657
0.9897968966823852
0.9897974641375316
0.9897991588223194
0.9897946346465414
0.9898057296422077
0.9898057611276376
0.9898085137810329
0.9898103466608088
0.989810534302218
0.9898114250269319
0.9898183609671549
0.9898140115134445
0.989810086275804
0.9898154458100359
0.9898020549917157
0.9897998430769744
0.989794107138394
0.9897999296575578
0.9898009610823075
0.9897944867492979
0.9897962586409693
0.9897910251828289
0.9897895454007172
0.9897785225517229
0.9897883946215615
0.9897858130707643
0.9897910954156419
0.9897832813849458
0.9897737727449978
0.989786417018559
0.9897790128057345
0.9897724343233958
0.9897782607096073
0.9897756927423609
0.9897727264184061
0.9897778903431248
0.9897783390511302
0.9897740549099957
0.9897902521354494
0.9897938082320663
0.9897890404389864
0.9897812023919087
0.9897927062988843
0.9897878378139267
0.9897798786785046
0.9897837693403003
0.989785591433818
0.989787760691354
0.9897919297649097
0.9898031416221041
0.9898041980489545
0.9897953760724938
0.9897757499775954
0.9897591800815293
0.9897539753200125
0.9897572988069797
0.9897700946094575
0.9897673203611025
0.989767287361595
0.9897630252836095
0.9897662612155026
0.9897766375784446
0.9897783755667967
0.9897803122377541
0.9897890402190286
0.9897871519325464
0.9897824955773875
0.9897812211216868
0.9897903731967809
0.9897847416541341
0.9897884810404463
0.9897949114057722
0.9898092475521192
0.9898014927947183
0.9898003375982224
0.989793466236404
0.9897878958058904
0.9897838795289841
0.9897788302690645
0.989780901001957
0.9897741149739756
0.9897682909540496
0.9897644034958586
0.9897664702094674
0.9897709871931293
0.9897736883653492
0.9897685819986956
0.9897634009888056
0.9897699547802388
0.9897688873678284
0.9897730717140699
0.9897777846898229
0.9897737875921667
0.9897683711865527
0.9897699002683452
0.9897651836596683
0.989764742756489
0.9897653661337165
0.9897655042980932
0.9897693123343501
0.9897712513976321
0.9897751245542552
0.9897762229194652
0.9897771658631709
0.9897779267755007
0.9897882400590609
0.989785738086549
0.989784658897073
0.9897823114707581
0.9897825665312623
0.9897847917157063
0.9897882528890656
0.9897884654514061
0.9897858370950053
0.989789465408701
0.9897833670798343
0.9897832726315517
0.9897748415022948
0.9897722884212808
0.989778202689764
0.9897829909396471
0.9897910045516083
0.9897913684855425
0.9897866907390265
0.9897877712923894
0.9897867117164468
0.9897989906825473
0.9898017595047969
0.9898076755528165
0.9898102143014557
0.989802597172506
0.9898006812806995
0.9898017868699157
0.9898044559187866
0.9897997706657894
0.9898016570464151
0.9897961390476532
0.989806447132546
0.9898179355484208
0.9898195415595179
0.9898153289121251
0.9898263329615461
0.9898211819520104
0.9898165253896924
0.9898139460505094
0.9898050587409095
0.9898057074109068
0.9898004413133477
0.9897958193169004
0.989796031703799
0.9897859732317436
0.9897771805253593
0.9897740033597172
0.9897791420135781
0.9897730496736743
0.9897726437207589
0.9897807982853245
0.9897712781789216
0.9897734177052606
0.9897777103270818
0.9897760320379653
0.9897682206609955
0.9897724586513774
0.989770785952732
0.9897695632582699
0.9897700449225633
0.989766496478215
0.9897752920231658
0.9897784467736485
0.9897817810673405
0.9897774875879478
0.9897771919259086
0.9897826090393116
0.9897848004969791
0.9897786304820069
0.9897762612584493
0.9897681183382688
0.9897740538370347
0.9897733345487467
0.9897717301387231
0.989777989579611
0.9897818430084188
0.9897842247804732
0.9897773269954024
0.9897758639105457
0.9897931078698606
0.9897933937808457
0.9897885788938069
0.9897907076702436
0.9897863414352304
0.9897754007126776
0.98977918283664
0.9897784182603333
0.9897842783326996
0.9897808505858025
0.9897770301641472
0.9897860243438508
0.9897858849472263
0.9897900241354207
0.9897934951884798
0.9897958388405896
0.9897926756890395
0.9898019960123424
0.989792534318893
0.9897844278858425
0.989784268371723
0.9897824630148495
0.989779722343658
0.9897877250613611
0.9897829685621525
0.9897854089343963
0.9897816200177199
0.9897772791971862
0.9897777091267662
0.9897844055291614
0.9897958750056284
0.9898006044262407
0.9898032539659176
0.9898054486450014
0.989806679864882
0.9898055201311499
0.9898057815149983
0.9897993917341105
0.9897952077873283
0.9897949868049617
0.9897941791484978
0.9897987517329512
0.9897940440505356
0.9897945571829041
0.9897881559459114
0.9897869165381536
0.9897798418908107
0.9897803744649749
0.9897778520377787
0.9897780594581436
0.9897818969692207
0.9897825916353459
0.98977710805539
0.9897731028789769
0.9897769080169992
0.9897740708906473
0.9897826004808234
0.9897790243789655
0.989778111469798
0.9897774599303171
0.9897785199998019
0.989775751147347
0.9897717607030685
0.9897654897361735
0.9897597462220998
0.9897605288620577
0.989758762832165
0.9897672911446006
0.9897662741515698
0.9897618820816927
0.9897509362287368
0.9897520592312788
0.9897489480748429
0.9897397930070356
0.9897333179805785
0.9897312849791792
0.9897278676102099
0.9897311077927841
0.9897276170794499
0.9897240972473605
0.9897191782862179
0.9897207728783175
0.9897227911556467
0.9897289476396675
0.9897328776183997
0.9897382722014607
0.9897402030112012
0.9897389984413212
0.9897387031438591
0.98973469994483
0.9897367300052733
0.9897326308052664
0.9897239336056405
0.989719083096202
0.9897202372515821
0.9897159703726409
0.9897063132799215
0.9897037911142986
0.9897039215048165
0.9897027467746715
0.9897005246630641
0.9896958483720438
0.9896966031821619
0.9896935968257096
0.989694956729013
0.9896852587808923
0.9896789084982142
0.9896783670082435
0.9896796950635148
0.9896809987208727
0.9896825562521173
0.9896825029538123
0.9896778347929813
0.9896760729560756
0.989681891884817
0.9896774675377733
0.9896715174193511
0.9896663811869967
0.9896697404222095
0.9896757903710874
0.9896743385102453
0.9896775462724335
0.9896790862697513
0.98967034290878
0.9896720455544155
0.9896696118115118
0.9896791136623714
0.9896774181489291
0.9896775478475379
0.9896771812732592
0.989685231082041
0.9896878756601468
0.9896878091299081
0.9896854197339073
0.9896872631761012
0.9896907662964683
0.9896862121824621
0.989685699823937
0.9896862969254913
0.9896807449770508
0.9896831215626012
0.9896882435177276
0.9896954249339797
0.9897009959904447
0.9896999880340581
0.9896989654093582
0.9896985317683558
0.9896951667769617
0.9896962899059972
0.989694464185897
0.9896947181403937
0.9896928512082525
0.9896936732283091
0.9896924977939859
0.9896916626658656
0.9896876925283311
0.9896900509031148
0.9896847910561865
0.9896806317710113
0.9896845561647818
0.9896898768401925
0.9896856137397474
0.9896902861287327
0.9896879787916918
0.9896834184172608
0.9896952881197327
0.9896943197072697
0.9896900852917354
0.9896938231517144
0.9896901237453165
0.9896961748477389
0.9896965024006206
0.989698248152652
0.9896947104990121
0.9896935889678307
0.9896926507796278
0.989682293635133
0.9896785513815064
0.9896759285692522
0.9896773401174072
0.989680940477685
0.9896809755095703
0.9896816160083853
0.9896889022375197
0.989683547766205
0.9896804819310885
0.9896788550582811
0.9896795842542847
0.989683153819003
0.9896758592260734
0.9896767165197154
0.9896753379967446
0.9896743062299458
0.9896747528851146
0.9896732786860023
0.9896740564612452
0.9896656776608354
0.9896730067004854
0.9896699785406571
0.9896694112112088
0.989675049833237
0.989678567010217
0.9896742292675526
0.9896741034817971
0.9896753908258781
0.9896780600155781
0.9896782435023231
0.9896753946790624
0.9896759032017234
0.9896795556748026
0.9896747950745174
0.9896716520082757
0.9896662358236252
0.9896626180242031
0.9896632811541234
0.9896600587322062
0.9896570024842928
0.9896583265132751
0.9896639547331354
0.9896649550876395
0.9896661928570877
0.9896759553705229
0.9896756301068482
0.9896712323174719
0.9896727429387893
0.9896763293809568
0.9896724332203797
0.9896616501345009
0.9896647071381076
0.989666838469127
0.9896662055905172
0.9896660177689189
0.9896692354477592
0.9896693059542783
0.9896708523562454
0.9896717172799351
0.989670564580687
0.9896693819353604
0.9896660730630537
0.9896673097674825
0.9896700562930338
0.989670855521731
0.989662547476684
0.9896638249220533
0.9896629111236578
0.9896623629088878
0.9896648431195071
0.9896629589506051
0.9896655968756548
0.9896726988771564
