0.961067007398678
0.9759444128359124
0.9764845622895824
0.977889416136856
0.9789126431214001
0.9793171559161401
0.9793065406141326
0.9806094006220116
0.9798182531010049
0.9804735816799023
0.9801031308367345
0.9804223336734139
0.9798298137672583
0.9799281810022211
0.9800808567630416
0.9796669494479135
0.9798484084404984
0.9801534630950044
0.980769655734821
0.9811909868781008
0.981236492496991
0.9809993078311666
0.9810890666244008
0.9808430322184646
0.9805857048427042
0.9807948414890498
0.9808633388640111
0.9806598326731566
0.9808354032019124
0.9809202300187765
0.9808735586086469
0.980808254777567
0.9805321162467381
0.9802837776329589
0.9805803967628393
0.9805236769549404
0.980417193019264
0.9803228188877418
0.9803637458443809
0.9805955957592061
0.9808196612106531
0.9811330292347333
0.9813325561053275
0.9812574319744441
0.9809704638209863
0.9806974088242478
0.9807171906114811
0.9806191303500256
0.9805058233061391
0.9802519774661631
0.9802674756019247
0.9802666688291096
0.9803891699047823
0.9802178372283475
0.9799656361933606
0.9798265614065791
0.9798380385551115
0.979898304974731
0.9798729529189895
0.9800601494522598
0.9798679067428346
0.9799740058089387
0.9801462520375143
0.9802206755907836
0.9800365643281697
0.9800102891984508
0.9801598685694
0.9802075285981677
0.9801051392313455
0.9801240144477933
0.9801717412365714
0.9801490510743033
0.9801008254802451
0.9801806872137465
0.9801507832250904
0.9801511901221874
0.9801334481055717
0.9802135374947123
0.9802756541493969
0.9803789297226858
0.9802158358151876
0.9802148238139831
0.9802914447300829
0.9802448283764313
0.9801668462125096
0.9801602560108048
0.9801674008809376
0.9802228677650795
0.9802321703144503
0.980270492959369
0.9802847562906688
0.9802846755389776
0.980236956501787
0.9801199323689437
0.9801473899010155
0.9801618425932045
0.9800078453313369
0.9799516995651106
0.9800095014134681
0.9801165739602985
0.9801173890658649
0.980087443867055
0.9800646103240461
0.9799773832508244
0.9797864199205654
0.9797384553238279
0.9795992503391625
0.9796344686338645
0.9796680509095322
0.9797598411880379
0.9797382676297448
0.9797389466670955
0.9797105922787449
0.979782632361082
0.9796045850588009
0.9796594716742364
0.9796386822646774
0.97960845402217
0.9795454850951327
0.979632834151993
0.9796607355851856
0.9797140749955294
0.9797205622802311
0.979628535746407
0.979597819927568
0.9796008179569533
0.9796700399118874
0.9796430672115323
0.9796716549478943
0.9796216193052724
0.9795977337444253
0.9796463087209287
0.9796509719317608
0.9797479296706156
0.979744976263331
0.9797905726314269
0.9797857822545099
0.9797149315031497
0.97966233319727
0.9796972673761979
0.9797355408067537
0.9797197032759958
0.979684473663582
0.9797228896331481
0.9797146596898961
0.979649888513556
0.9796649765193433
0.979616923340558
0.9795921858162199
0.9795562330611042
0.9795464273767244
0.9794851765434373
0.9794386550367135
0.97948510263217
0.9795224889834717
0.979547191184498
0.9794845374346793
0.9794470124295119
0.9794556350482181
0.9794840532902969
0.9793854968641662
0.9792440544324572
0.9793026354785231
0.979388756063894
0.9793680540625173
0.9792447178294336
0.9792678992931668
0.9792894332899037
0.9793667893800593
0.9794080142900101
0.9794327864992427
0.9794528560521572
0.9794400277340167
0.979408431789754
0.9794135710149319
0.9793943051830558
0.979418963976506
0.9793443861181346
0.9793708440704306
0.9793966476119536
0.9794043935171458
0.9793523470927894
0.9793319050732183
0.9792829964533389
0.9792571164978154
0.9792451152028753
0.9792073965423054
0.9791532493588895
0.9791607926564878
0.9791818854824865
0.9791994755062916
0.9791913345563588
0.9791742720085646
0.9791612650815865
0.9791358721868896
0.9791839791336704
0.9791715990557885
0.9791671145878247
0.9792069505135811
0.979186479161624
0.9791337190844909
0.9791052387337394
0.9790185666072114
0.9789841171780933
0.9790153727075622
0.9790635012759346
0.9790201275446734
0.9789960669302
0.9789780285718321
0.9789598435743015
0.9790206928116362
0.979024545823147
0.9789956003335943
0.9789678617273054
0.9790022372035587
0.9789589429180687
0.9790274352246262
0.9789858035780986
0.9790433998880823
0.979052875142876
0.979076224189962
0.9791005087623589
0.9791099855342333
0.9790993138744843
0.9790916298012885
0.9790957417560695
0.9790524067898027
0.9791048331229302
0.9790936184169003
0.9790977329123686
0.9790703734748947
0.979111209924541
0.9790950633785375
0.979168637003985
0.9791302334313897
0.979117020282774
0.9790641678243147
0.9790870637841729
0.9790749849780747
0.9790514488925423
0.9790420076221137
0.9789879913959237
0.9790214624893192
0.9790386971171559
0.979047416057839
0.9790408727092449
0.9790242534259089
0.9790449811681478
0.9790486449465607
0.9790638223742223
0.979100222276663
0.9790967482528617
0.9790855960058662
0.9790813615657594
0.9790626642345244
0.9790970415541804
0.979129900540892
0.9791415100424586
0.9791155938397337
0.9791106071223268
0.9790671538218966
0.9790472294252595
0.9790222403629607
0.9790084368568986
0.9790281689328124
0.9789879301021189
0.9789307186384518
0.9789317902600173
0.9789607864605354
0.9789277786388679
0.9789540031514334
0.978988086492635
0.9789669457865875
0.9789205747859439
0.9789304485365653
0.9789151090480728
0.9788990735817031
0.978903772721279
0.9789195621993392
0.9789156028702732
0.9789045636591489
0.9789375516303728
0.9789575369126705
0.9789556711526941
0.9789294632188544
0.9789002226684093
0.9788871026760182
0.9788861816314391
0.9789302323947358
0.9789383232575347
0.9788952815499427
0.9788989243954822
0.9789335122400814
0.9789545732544583
0.9789592972656799
0.9789923530213764
0.9789998959935484
0.9789830174386627
0.978965206786202
0.9789377181187597
0.9789370721781893
0.9789133058337915
0.9788969775069354
0.9788705050340375
0.9788804897649634
0.9788949961863811
0.9788996671947174
0.9789102130824493
0.9788985741429527
0.9788598659494828
0.9788381856890632
0.9787836822980653
0.9787797132032521
0.9788022846309075
0.9788044412602714
0.9787806744845834
0.9787683386352802
0.9788054914284189
0.9788115427131838
0.9787640508118257
0.9787893428217628
0.9787896050963086
0.9787995725712255
0.9788505569857815
0.9788940484008818
0.9788657846145318
0.9788797255861416
0.9789066511820901
0.9789348037321085
0.9789514324708766
0.9789516292889823
0.9789454979711696
0.9789110322032523
0.9789218578832563
0.9789238390667213
0.9789113834030029
0.9789177416779695
0.9789155903454387
0.9788934146689697
0.9788976680027578
0.9788934678828087
0.9788987871921516
0.9788838936999379
0.9789149395192938
0.9789445709869178
0.9789766087579137
0.978967519382585
0.9789525713433436
0.9789261159026913
0.9789230057538414
0.9789252633112233
0.9789477148555672
0.9789392197061719
0.9789358057528513
0.9789403916070768
0.9789530558520745
0.978960571426308
0.978985758486979
0.9789733319974011
0.9789571230881768
0.9789283735656721
0.9789674640474956
0.9789727298176114
0.9789813444776965
0.9789740766338437
0.9789890228001966
0.9790094909156885
0.9790224483951597
0.9790429300796286
0.9790266336882997
0.9790033051661601
0.979042803058146
0.9790502425634525
0.9790721335758245
0.9791019049072539
0.9790946310756101
0.9790857758565578
0.979080022021782
0.9790801168659214
0.9790908598748643
0.979078451498613
0.9790941391461617
0.9791030775367744
0.9791138847462659
0.9791251840727009
0.979113800606319
0.9791146593269477
0.9791103703486844
0.9791206951580017
0.9790744160539705
0.9790558837013384
0.9790772968838263
0.9790736611882263
0.9790671185999985
0.9790307591570185
0.9790180789125511
0.9790070594021426
0.9790010820870235
0.9789742392218358
0.9789801708132051
0.9789639252373875
0.9789629546273971
0.9789343173710173
0.9789354532870163
0.9789069136553911
0.9789117559475344
0.9788959570505275
0.978891312120226
0.9789092002266079
0.9788912637883801
0.9789244150547334
0.9789277667468127
0.9789061906874287
0.9788962189453989
0.9789087736342846
0.9789123048619239
0.9789041190461101
0.9789032853450333
0.9788664794621412
0.9788677162955551
0.9788450476219609
0.978850960400375
0.9788432640760228
0.9788555815011025
0.97887176250375
0.9788942985074722
0.9789336653894191
0.9789202769738702
0.9789300811740203
0.9789381306176446
0.9789490735493434
0.9789381183411173
0.9789100621599627
0.9789271963389956
0.9789231671802788
0.9789229650666238
0.9788951163185671
0.9789016552947672
0.978922637810443
0.978930303503108
0.9789209597736258
0.9789423816231291
0.9789512380791106
0.9789457665437262
0.9789405676309901
0.9789549784881719
0.9789623542469864
0.9789339524605623
0.9789374915940571
0.9789543574297904
0.978949540925998
0.9789607650800644
0.9789723904321923
0.9789454444781482
0.9789453020379575
0.9789734800068506
0.9789792188828861
0.9789837018743142
0.9790000833052037
0.9790063505232258
0.9790301878617184
0.9790414253965453
0.9790214537963728
0.9790078508119656
0.9790091952751352
0.9790063203754121
0.9790117230935227
0.9789969625185803
0.9790176932622909
0.9790151216388316
0.9790253285762067
0.9790242759364526
0.9790138948470368
0.9790092774965047
0.9789965805062448
0.9789960694682731
0.9790086593735283
0.9789995350374692
0.978997710462816
0.9789949252212732
0.9790035835112493
0.9790106844260107
0.9790132659124053
0.9790236419368294
0.979065668868821
0.9790865449805604
0.9790659742374173
0.9790709867042828
0.9790820561006958
0.9790784531667427
0.9790820402455219
0.9790780984150583
0.9790621961158826
0.9790652663917876
0.9790795846243099
0.9790847013178504
0.9790828487373345
0.9790878399544883
0.9791012583844695
0.979099299744765
0.9791076438401288
0.979104281286277
0.9791107707210127
0.9791385990442067
0.9791413894896702
0.9791472152292602
0.9791610535037167
0.9791772039849531
0.9791805837473293
0.9791879812947764
0.9791958246550654
0.979186455525397
0.9791894834476639
0.9791914321628672
0.9791781307706949
0.9791818293154532
0.9791729697611438
0.9791878363124717
0.979201003634739
0.9792223135490269
0.9792123297658178
0.9792203402231742
0.9792377604117845
0.9792255306252785
0.9792204906193165
0.9792144644796309
0.9792114827019386
0.9791904424084138
0.9792033629093517
0.9792037529569197
0.9792039750063871
0.9792111489096665
0.9791976051231275
0.9791881474434754
0.9792133318920658
0.9791925592405027
0.9791998445067543
0.9792175558880218
0.9791991854113189
0.9792118201948584
0.9792298340707409
0.9792296087826124
0.9792407061980518
0.9792548005203358
0.9792805134852325
0.9792689258752303
0.9792704378014613
0.9792504796033246
0.9792517358202878
0.9792387615105164
0.9792332025323636
0.9792304922079598
0.9792195118919842
0.9792005193158294
0.9792072878408199
0.9792146560807655
0.979235365512983
0.9792312088482358
0.9792423525871763
0.9792266741512561
0.9792290041021324
0.9792278020875246
0.979219527626539
0.9792271470553016
0.9792348144510123
0.9792375308874129
0.97923789346053
0.9792335862904201
0.9792373133163611
0.9792544098770707
0.9792570927192887
0.9792790601787397
0.9793014759070843
0.979301664493923
0.9793086679089786
0.9793107815464668
0.9793112578161328
0.9793166791441029
0.979321878213342
0.9793021402867784
0.9793247972476995
0.9792950672547136
0.9793137282202791
0.979304621158684
0.9793206270128788
0.9793232605030672
0.9793137694672807
0.9793382436891602
0.9793353753704647
0.9793377709454685
0.9793301693256546
0.979329716840059
0.9793297264457107
0.979317100284183
0.9793216261532759
0.9793291437634867
0.9793159168109495
0.9793212258783491
0.9793291617404144
0.9793377304438643
0.9793575782005826
0.9793537275552773
0.9793421042532683
0.9793655353680596
0.9793568547343378
0.9793541793776679
0.9793452666430662
0.9793618870474772
0.9793650501679476
0.9793561079467442
0.9793735322887478
0.9793871707073758
0.9793961249307978
0.9793819385790141
0.9794142183725638
0.9794009199311733
0.9793917764883261
0.9793921596057498
0.9793672864933943
0.9793808604770713
0.9793894426405823
0.9794020605400087
0.9793945889047371
0.9793864059625684
0.9793829382511563
0.9793885018420676
0.9793890200170569
0.9793778773004812
0.9794005409454607
0.9794197509485228
0.9793989381015737
0.9794014793020613
0.9793976602837656
0.9793892030348568
0.9793806694563901
0.9793770805748149
0.9793784300728605
0.9793889115036789
0.9793763669684749
0.9793827422328198
0.979395061248818
0.9793878908686175
0.9794026420453494
0.979386630419972
0.9793947713594675
0.9793934720387102
0.9793680126674277
0.97936545958325
0.9793657443037491
0.9793812322052521
0.9793889137530979
0.9793719870742355
0.9793520211405472
0.9793574297832767
0.9793576016458057
0.979355945810514
0.9793672145120413
0.9793600072762761
0.979351999284379
0.9793742833205986
0.9793697084947869
0.9793504649522852
0.9793575496593826
0.9793654601980496
0.9793747709878207
0.979375822945424
0.9793903759738909
0.9793885208613508
0.9793780433056143
0.9793906335702476
0.9794057133212816
0.9794058979784207
0.9793945375290836
0.9793984995376948
0.97940306372976
0.9794092812130075
0.9794195940666913
0.979413745928939
0.9794141549844494
0.9794166438622027
0.9794042909112236
0.9794081993104289
0.9794046539811512
0.9794116763268353
0.97943448635915
0.9794345024347928
0.9794293883195797
0.9794311882518886
0.9794358327212982
0.979423608971021
0.9794316050220702
0.9794400325387026
0.979429517313885
0.9794340539004014
0.979448023861562
0.9794307744618134
0.9794221937721406
0.979426528159153
0.9794415470099109
0.9794420986245492
0.979450855046037
0.979440939434179
0.9794463827252249
0.9794542686093003
0.979448860074287
0.979452418019772
0.9794647285593251
0.9794554267234499
0.9794464863900699
0.9794554561124782
0.9794544962249797
0.9794572578979204
0.9794551578163457
0.9794251715570174
0.9794288276974152
0.9794129597501935
0.9793958813195979
0.9793969304482009
0.9794106889411578
0.9794064025536575
0.9794119692839978
0.9794248803696063
0.9794234954656897
0.9794290652805484
0.9794289756055797
0.9794380145488935
0.9794444157893716
0.9794309375968453
0.9794335393188243
0.9794193442436397
0.9794149934069536
0.9794178868966897
0.9794219265996664
0.979419576012728
0.9794206714008734
0.9794097389314345
0.9794096566768097
0.9794015497223066
0.9794001932848879
0.9793971082068391
0.9793934353674076
0.9793889592480969
0.9793929973765919
0.9793879581633634
0.9793855672539091
0.9793949337664831
0.9794015278317861
0.9794260625082141
0.9794184806588511
0.9794176086235532
0.979445320617177
0.9794414500809622
0.9794418627128373
0.979440890356573
0.9794479044178749
0.9794406135521798
0.9794334012173784
0.9794342686459983
0.9794428386822366
0.9794325249839932
0.9794432122999265
0.9794284372862142
0.9794220646863694
0.9794302682018552
0.9794347358833756
0.9794477105140442
0.9794471195882087
0.979457952783799
0.9794521801388397
0.9794437041620145
0.9794617707874751
0.9794498540203331
0.9794408634745843
0.979447703045596
0.9794433603628774
0.9794320118468821
0.9794243600495555
0.9794219024033493
0.9794265673950003
0.9794328575416159
0.9794416156410487
0.9794353601182809
0.9794303138241081
0.9794338620469465
0.9794428598780709
0.9794427843761254
0.979444257521472
0.979434896080337
0.9794371931935674
0.9794370621527219
0.9794425057728626
0.9794427810211604
0.9794588042306014
0.9794496381814983
0.9794577497152649
0.9794677400720541
0.9794614500363186
0.9794636244640534
0.9794468422425378
0.9794429710015471
0.9794431060195629
0.9794410435190892
0.9794375722727484
0.9794432432454938
0.9794507208464507
0.9794435973649754
0.9794449193729363
0.9794405260293649
0.9794521608829813
0.9794612604285998
0.9794753469497104
0.9794585285733827
0.9794629419856833
0.979447872810003
0.9794514135739844
0.9794568233803821
0.9794621923084577
0.9794731532245867
0.9794651401048073
0.9794563466193772
0.9794515348421887
0.9794566733555865
0.9794557252361705
0.9794509945431786
0.97943580658495
0.979440859165109
0.9794379117212314
0.9794487017625071
0.9794416906089439
0.9794313040405751
0.9794083675795568
0.9794104250103709
0.9794033784934053
0.9794140797144523
0.979409322679901
0.9794120984368938
0.9794007752657095
0.9793982734903824
0.9794000892496845
0.9793948622972413
0.9793850870350373
0.9793846450281257
0.9793773557816877
0.9793844761597205
0.9793904609793674
0.9793770396839244
0.9793750157937818
0.9793726718005507
0.9793615652241778
0.9793492309598794
0.9793546146591419
0.9793501512166289
0.9793318064467958
0.9793381411597518
0.9793410829880433
0.9793418118138248
0.9793343821882182
0.9793423145697018
0.9793450546664222
0.9793387114366479
0.9793510489680312
0.9793660834294015
0.9793605606699775
0.9793624129389112
0.979363163959424
0.9793465225088444
0.9793370875801541
0.9793361084692553
0.9793489356407463
0.9793576343515422
0.9793578694292437
0.979357959721068
0.9793511972361026
0.9793441014280588
0.9793404270240084
0.9793410622620745
0.9793492481842381
0.979352992321842
0.9793495342617371
0.9793526620107017
0.9793630673638499
0.9793759669557996
0.9793758471876282
0.979371401490007
0.9793744094935019
0.9793801030983319
0.9793861477538248
0.9793899840474954
0.9793946992223631
0.979390655913667
0.9793947058342175
0.9793937830655324
0.9793945297777191
0.9794160132143936
0.9794276523990203
0.9794347100137456
0.9794282764230116
0.9794261363546861
0.979437517625916
0.9794425619122676
0.9794418793434215
0.9794371351737486
0.9794422089553528
0.9794411101309104
0.979442493676413
0.9794335293865664
0.9794433927468018
0.9794377022280976
0.9794318304717838
0.9794378733869799
0.9794402269780625
0.9794393862075143
0.9794392603383755
0.9794407206375287
0.9794319682813591
0.9794280257913802
0.9794171323910013
0.9794205499878536
0.9794173805734603
0.9794010306184743
0.9794137745869845
0.9794168831778087
0.9794206573260371
0.9794255848219837
0.9794167314262249
0.9794178192181023
0.9794038738269005
0.9793867946787929
0.9793873429731323
0.9793773892262896
0.9793789691945464
0.9793936314795197
0.9793969007426732
0.9794037174010003
0.9793920307027436
0.979393117183245
0.9793873049837566
0.9793979277859663
0.9794038168577104
0.9794006448104828
0.979404558776981
0.9793896913401903
0.9793892792859907
0.979382719602332
0.9793799086034018
0.9793630809615458
0.9793551907978283
0.9793652988005016
0.9793616530060238
0.9793478603603678
0.9793567279960309
0.9793526754553626
0.9793498751901033
0.9793497427560671
0.979343597064986
0.979338760089856
0.9793447408222499
0.9793369939925187
0.979345100328066
0.979349102402103
0.979348664004394
0.9793476728011283
0.979339617889086
0.9793323730473141
0.9793351363805303
0.979334899495807
0.9793311207369599
0.9793337379479498
0.9793419205107992
0.9793454244460985
0.9793428142418403
0.9793565133185268
0.9793563789602604
0.9793483596932788
0.9793570261447953
0.9793554434117977
0.9793576682146276
0.979361521142159
0.9793595670907719
0.979359796119875
0.9793593467421347
0.9793553586538161
0.97936807912234
0.9793628338437981
0.979364477617017
0.9793691099718594
0.979376584830585
0.9793772297465071
0.9793636554498032
0.9793525771211533
0.9793674132114849
0.9793736145133696
0.9793564687699087
0.9793590558459403
0.9793513897275286
0.9793503208053335
0.9793522219956944
0.9793391385302573
0.9793370841084252
0.979338524120244
