0.9726471863583642
0.9804730221562589
0.9850904037177727
0.985715845325595
0.9856872169374719
0.9867208756028615
0.9862829865445077
0.9867728392482045
0.9866080147034432
0.987264470245718
0.9870083733946222
0.9867517087869192
0.9869292077641626
0.9868426297080322
0.9874429393655805
0.9874132971581149
0.9875101347279699
0.9875954254300151
0.9875025406583482
0.9875533935166887
0.9874577397849932
0.9871561945382065
0.9875472793923644
0.9877717633961506
0.987908893941366
0.9881008522846275
0.9879558584815185
0.987835577819752
0.9878642148648273
0.9880403038902142
0.9879970984601499
0.9880440058823515
0.987938055207376
0.9880224643548238
0.9881056139502156
0.9881567808361433
0.9880599102408217
0.9880827284746362
0.9881694858333495
0.9882953000186157
0.9884980415207641
0.9885110239875683
0.9885470284277965
0.9885400079953283
0.9884998632663357
0.988438714142985
0.9883860840805823
0.9884960310280878
0.9884295563732862
0.9884226629835428
0.9884173370933456
0.9883165239888855
0.9882448368882246
0.9881695691935982
0.9881231586758139
0.988104025593722
0.9880835746752386
0.9881236971390764
0.988128309415512
0.9882136602655087
0.9880654436954633
0.9879980321191237
0.9880534582625152
0.988015071304423
0.9879545492955053
0.9878962282945452
0.9879849859649431
0.9880157304369086
0.9879219598493466
0.9878486667964856
0.9878318701630018
0.9878891867274822
0.9879134992647745
0.9879326674498959
0.9878921453685879
0.9879616269295199
0.9879989781674062
0.988029981316466
0.988060025448357
0.9880783419085669
0.9879990159795652
0.9879542708768828
0.9879495044136329
0.9879472084830769
0.9879030713851794
0.9878891130397388
0.9879018012480975
0.9878795889306036
0.9878253245802731
0.9878020364078338
0.9878038824466484
0.987797942495113
0.9877890558839182
0.9878283728258341
0.9878283019963676
0.9878011038199535
0.9877312072290656
0.9877569499153952
0.9878033974335095
0.9877892026401245
0.9877706835953941
0.9877717102467755
0.9877025105222941
0.9876580527377036
0.9875593906918029
0.9875548510361777
0.9875204394705114
0.9875501220382821
0.9875957171336935
0.9875623723170087
0.9875557795454921
0.9875530966445025
0.9875127328162777
0.987492516179949
0.9874485670313318
0.9874544505426323
0.9874834981504117
0.9875038950232334
0.9874761592586419
0.9875106046576955
0.9875438054342339
0.987557427293636
0.987567324133946
0.9875452581561499
0.9875453554327351
0.9874830138888026
0.9875027925317973
0.9874956264760175
0.987480513079251
0.9874229112178403
0.9874359276885757
0.9874598432397705
0.9874940441158077
0.9874983062589948
0.9875030352435661
0.9874630104579741
0.9874143838901774
0.9874328060489954
0.9874088268298308
0.9874527179163463
0.9874866104817408
0.9875231852229338
0.9875395137055825
0.9875634363002788
0.9875927397124652
0.9875725710681023
0.9875832600854826
0.9875489741496035
0.987534763934629
0.987537002982337
0.987525479814549
0.9874975205543094
0.9875016261661071
0.9875503274336743
0.9875315203106704
0.9875757600875437
0.9875646862698021
0.9875391952271795
0.987508284376159
0.9875161891797204
0.9874894894703279
0.9874424516700052
0.9874532408969662
0.9874817789878253
0.9874499734388318
0.9874130746472076
0.9874495204299895
0.9874578876533637
0.9874734769070341
0.9875027882065873
0.9874882024530693
0.987519220470984
0.9874567915601815
0.9874612647499786
0.9874732522566148
0.9874568317335981
0.98747863215047
0.9874218874019179
0.9874206573389346
0.9874166773354298
0.9874116469637892
0.9873829833366583
0.9873775116939761
0.9873960037311659
0.9873866080903236
0.9873946068210225
0.9873751809769534
0.9873497009550789
0.9873696998701447
0.9873859413241869
0.9874050020101051
0.9873907554761051
0.987419231370845
0.9874370389374653
0.9874286801622135
0.9874564092693886
0.9874236677358176
0.9874121173474288
0.9874437136318917
0.9874531823223089
0.987438575071797
0.9874158959997966
0.9873990514442481
0.9874002043253863
0.9874046700947171
0.9874427809608292
0.9874375811825608
0.9874289553356742
0.9874113865595762
0.9874153588836387
0.9874088333588821
0.9874115032515632
0.9874255904380123
0.9874308773080764
0.987447101843645
0.9874160740021493
0.9874739748157324
0.9874699698216165
0.987465726086064
0.9874804856002176
0.9874822812461768
0.9875018876766941
0.9875338415548085
0.987524028961337
0.9875290341559664
0.9875048926604321
0.987474583620498
0.9874789273481143
0.9874566198656324
0.9874364853766219
0.9874334708072904
0.9874711387331461
0.9874594380173056
0.98748140040602
0.9874914127234821
0.9874812639497107
0.9874729637146561
0.9874904326351374
0.9874893665377239
0.9875073072288931
0.9875127641407462
0.9874749234415947
0.9874782020990034
0.9874814961319545
0.9874944063630319
0.9875135782220167
0.9875101715652614
0.9875400438672718
0.9875319594486747
0.9875391558457708
0.9875662882417388
0.9875494044948632
0.9875396212650643
0.9875385406831599
0.987536838308058
0.9875591172226494
0.9875584413996876
0.9875742786309939
0.9875537676192664
0.9875818257848511
0.9875709592132907
0.9875690291225339
0.9875597723877402
0.987546543214996
0.9875414078717164
0.9875280909427426
0.9875172345791184
0.9875143371706543
0.9875192056675584
0.9875371438410767
0.9875345540339147
0.9875332745181533
0.987532912411612
0.9875271661019485
0.9875187977486131
0.9875103313970566
0.9874923179732813
0.9874810476478605
0.9874929118642258
0.9874709971547163
0.9874766208104432
0.9874783237544323
0.98747305132069
0.9874859430346757
0.9874737121257389
0.9874714625679157
0.987473776632405
0.9874752784374021
0.9874770730153952
0.9874836891998001
0.9874810652853299
0.9874818564647468
0.9874950330663977
0.9875046080654915
0.9875045540420081
0.987503009729583
0.987491378074375
0.9874718743596018
0.9874593351899709
0.9874454077439051
0.9874429729774211
0.9874256690329277
0.9874370194760783
0.9874435654967704
0.9874439189040388
0.9874554612100022
0.9874828730020418
0.9874807940556914
0.9874894396108198
0.987498066079811
0.9875051275109841
0.9874915956761154
0.9874726623381058
0.9874879184388188
0.9874933595317363
0.9874942077905394
0.9874934026840959
0.987524709333386
0.987534013958131
0.9875225405116758
0.9875337453555414
0.9875282707739921
0.9875197301378922
0.9875396793526403
0.9875489084214991
0.9875412152691554
0.9875393020458525
0.9875403583408073
0.9875508695995423
0.9875575764399313
0.9875684479476923
0.9875813491318445
0.9875781041280441
0.987579696011336
0.9875758386086058
0.9875637898563274
0.9875562202966033
0.9875633198105633
0.987560014883066
0.987548742852976
0.9875398091988274
0.9875478154732441
0.9875417144963148
0.987565837315913
0.9875622494051138
0.9875717579481742
0.9875759317293245
0.9875849623351336
0.9875885178587974
0.9875957558732933
0.9875952619744283
0.9876033138234482
0.9875901510584071
0.9875937001754657
0.9875933348717929
0.9876075296938195
0.9876067769724286
0.9876174413852787
0.9876164185000248
0.9876285468815524
0.9876308040809241
0.9876384369775043
0.9876415554337346
0.9876528673098323
0.9876456817666289
0.9876446274283406
0.9876501584587647
0.9876417416546158
0.987657416832234
0.9876261708635007
0.9875968161115654
0.9876147200755879
0.9876306314790115
0.9876134834595103
0.9876228280440509
0.9876061695971796
0.9876026029602907
0.9876005466906064
0.9876111850444355
0.9876008988806364
0.9875961033783549
0.9876009023836398
0.9875898034929913
0.9875955173696314
0.9875858695458889
0.9875993099667589
0.9876059488024318
0.9875971223708951
0.9875830307270057
0.9875700590546288
0.9875811745201978
0.9875923669018729
0.9875962778669751
0.9876114438691854
0.9876104960470153
0.9876084813845191
0.9875992314064753
0.9875985816505526
0.9875941795397855
0.9875956836494033
0.9875939097858375
0.987586908388434
0.9875810667873699
0.9875816341367135
0.9875675825945784
0.9875735044680658
0.9875635451714107
0.9875733903828575
0.987571980005547
0.9875781952131176
0.9875872225116042
0.9875832233287306
0.987573011689614
0.9875829410431246
0.9875844479281192
0.9875908166403166
0.9875851527721576
0.9875808613238575
0.98757387374758
0.9875764316712624
0.9875788567222304
0.987580873556681
0.9875680547409242
0.9875671144118229
0.9875730429669292
0.9875701291829715
0.9875889228011576
0.9875800796546588
0.9875876983490498
0.9875893676947372
0.9875891512054011
0.9875925645908313
0.987577556391872
0.9875721188571499
0.9875652106395055
0.9875620970054726
0.9875496712409503
0.9875595801717482
0.9875622416937355
0.987562712407659
0.9875640908990857
0.9875681122037957
0.9875613817038584
0.987552878300083
0.9875480780228818
0.9875456930820364
0.9875425973084233
0.9875346717604858
0.9875410909059926
0.9875527064843298
0.987544155301747
0.9875385975656639
0.9875381184949021
0.9875433901334176
0.9875408828492789
0.9875555712614186
0.9875566135096644
0.9875591308327927
0.9875609398729763
0.98755378043549
0.987555788888726
0.9875649560566572
0.9875547509744206
0.9875469365073611
0.9875438582052535
0.9875401434511004
0.9875249477537419
0.9875191344083761
0.9875126863377692
0.9875061936754733
0.987518463300777
0.9875177242709262
0.987517263316742
0.9875102535505066
0.9875003861017182
0.9874966155468183
0.9874973294745442
0.9874917147917021
0.9874834398722863
0.9874716010733003
0.9874820156955312
0.9874743074792354
0.9874727692362935
0.9874748831898791
0.9874914645009535
0.9874980320647904
0.9874930452766285
0.987492028957084
0.9874845550106511
0.9874685538481476
0.9874678191912797
0.9874619205487779
0.9874512907227534
0.9874481352001371
0.9874466878678213
0.9874452184318715
0.9874392571063856
0.9874337763878495
0.9874425213053759
0.9874361064367361
0.9874364072246046
0.9874321950120927
0.9874376361484405
0.987448345794353
0.9874444091877602
0.987452191011316
0.987449965393302
0.9874383452059387
0.9874390277117145
0.9874640897841026
0.9874835755585681
0.9874802775722685
0.987474529037078
0.9874675641539972
0.9874751316839437
0.9874828597626816
0.9874690998933348
0.9874758568052265
0.9874567372861334
0.9874744180903473
0.9874668306410221
0.9874787742028152
0.9874846476009629
0.9874849134928403
0.9874754260575439
0.9874783349484556
0.9874649165024482
0.9874634840711115
0.9874639758330229
0.9874669675972911
0.9874691765692512
0.9874673552852811
0.9874622791877883
0.9874603027830123
0.9874664306089355
0.9874712425551296
0.9874853041258969
0.9874790854234671
0.9874757206273538
0.9874942798572816
0.9874964750497002
0.9874943102058186
0.9874927396736153
0.9874939093690515
0.987491125876797
0.9874924635531672
0.9874995211959781
0.9874895479706902
0.9874836130908111
0.9874732902343852
0.9874794445715118
0.9874818727495749
0.9874737045491921
0.9874724901175589
0.9874751936055085
0.9874819441435327
0.987489128495467
0.9875012186452655
0.9875117747210183
0.9875074188730548
0.9875051036115521
0.9875069695722748
0.9875171525271996
0.9875261915936339
0.9875319556477986
0.987529919799983
0.9875212888965762
0.9875098353474201
0.9875059081836922
0.987518171081136
0.9875203962995893
0.9875300544464226
0.9875477367733062
0.9875553598864573
0.9875586450910151
0.9875744036236963
0.987585826226023
0.9875831724910098
0.9875869927875702
0.9875842952174273
0.9875856392281989
0.98758064960474
0.9875836622357591
0.9875712649411356
0.98758151446462
0.9875699654434394
0.9875669173841322
0.9875698367631142
0.9875722342363279
0.9875667231759049
0.987561382147033
0.9875634344823548
0.9875625372252842
0.9875546565221309
0.9875552617265785
0.9875550493193574
0.987553605512545
0.987548847557996
0.9875499223443428
0.9875514522425473
0.9875428529813708
0.9875386084475481
0.9875451375094051
0.9875592023772314
0.9875520515034001
0.9875512865518314
0.9875513405607047
0.9875539239265017
0.987557245880497
0.9875492375469868
0.9875487664230287
0.9875432642515873
0.9875508629417309
0.9875545421482618
0.987577118494618
0.9875679404668191
0.9875693852373946
0.9875650804831377
0.9875675032470546
0.9875674618945656
0.9875646439246202
0.9875759764197466
0.9875771180162615
0.9875803964155095
0.9875794911355268
0.987578268862914
0.9875758198002408
0.9875647267420405
0.9875720833022027
0.9875730615787028
0.9875710848377837
0.9875777383690125
0.9875747523592384
0.9875777126693873
0.9875832394488173
0.9875797609415433
0.987583819181429
0.9876009231113855
0.9875906348694741
0.9875826726309329
0.9875946405509936
0.9875931696816238
0.987607473643665
0.9876081070772471
0.9876071239552306
0.9876095187041739
0.9876010451907217
0.9875939300023628
0.9875963792621457
0.987604284757625
0.9876042000050218
0.9875898857264188
0.9875849970572962
0.9875924044585914
0.9875930738579409
0.9875981273676869
0.9876029414012828
0.9875953017094489
0.987585553881528
0.9875914742292428
0.9875833786596305
0.9875800071748708
0.9875814769117095
0.9875939563812527
0.9876015393175678
0.987599513652714
0.987600996058807
0.9875974852646312
0.9875870372049285
0.9875906122646498
0.987602153509407
0.987601893837662
0.987594241947731
0.9875977138121551
0.9875979526685548
0.9876106878831813
0.9876171656009763
0.9876236000807402
0.9876285841667558
0.9876280970515031
0.9876212265278208
0.9876264070407679
0.9876135871323116
0.9876152294503053
0.9876237008566598
0.9876209015234105
0.9876096232292841
0.9876015235614611
0.9876055792939243
0.9876113747366317
0.9876001841734492
0.9876006791833075
0.9875979017633927
0.9875888988942919
0.9875937158911463
0.987596119647392
0.9875969179699458
0.9875993692825967
0.9876153074029368
0.9876205469306871
0.9876249800164744
0.9876217645447204
0.987626024655957
0.9876294245408619
0.9876242340295285
0.9876146323454542
0.9876117781698713
0.9876148070260009
0.9876172709142323
0.9876209888010994
0.9876158092361581
0.9876122089604763
0.9876138137153311
0.987608431551109
0.9876109090787412
0.9876042235714672
0.9875971597465857
0.9875917839140816
0.9875952595743016
0.9875869186912135
0.9875863825012148
0.9875919865439202
0.9875901360541236
0.9875912472981953
0.9875852194620702
0.9875830871094718
0.9875868742343229
0.9875923390049487
0.9875928157548404
0.9875846517024323
0.9875783624938351
0.9875833697088341
0.9875846870118277
0.9875807928132728
0.9875836650603349
0.9875775191611027
0.9875771982687518
0.9875788583595746
0.987582325142777
0.987581918229915
0.9875812845289696
0.987579305344089
0.9875744211784198
0.9875672159555111
0.9875568537178973
0.9875626515694386
0.987563423241344
0.9875693511443241
0.9875648889670245
0.9875606791906698
0.987568602141529
0.9875659384893086
0.9875751043555995
0.9875789153842695
0.9875800663690352
0.9875704290131847
0.9875688129854067
0.9875771456202007
0.9875746007843328
0.9875674344717735
0.9875746078242778
0.9875660882069851
0.9875624962582132
0.9875629061229706
0.9875615167431099
0.987562883818498
0.9875622502170166
0.9875630464831682
0.9875627306093745
0.9875663951935766
0.9875729525018229
0.9875791750251863
0.9875688948125999
0.9875691862488105
0.9875611163315517
0.98755715831842
0.9875533343466562
0.9875530393091233
0.9875592997107153
0.9875676281748482
0.9875723146738357
0.9875757244419031
0.9875711622464631
0.9875758360882295
0.9875784372229812
0.9875801775650038
0.9875880214979231
0.9875840198914722
0.9875859774405209
0.9875811260328051
0.9875828096472306
0.9875808297268209
0.9875883871719644
0.9875880562403343
0.9875920335576047
0.987593240555977
0.9875873689642655
0.9875808337368055
0.9875844044356707
0.9875874617250366
0.9875866919889903
0.9875811646715423
0.987583806320715
0.9875839712577696
0.9875920292892862
0.987590512405469
0.9875896064904665
0.9875863234752743
0.9875859104039371
0.9875821067623525
0.9875817063234302
0.9875732571734082
0.9875742202549471
0.9875690778990115
0.9875721186633784
0.987575120989876
0.9875742750032933
0.9875800674597028
0.9875823752857967
0.9875774316208977
0.9875801111640635
0.987572877845006
0.9875759111743388
0.9875754235294687
0.9875634436290861
0.9875654815968768
0.987565498730635
0.9875717763233353
0.9875627594444372
0.987556759307254
0.9875360278080862
0.9875400089390509
0.9875388928907327
0.9875431777930719
0.9875423790899621
0.9875484995657773
0.9875447035463022
0.9875414850135416
0.9875444999982587
0.9875505571699742
0.9875484076518414
0.9875406026675039
0.9875358553048595
0.9875324552860484
0.9875366836855002
0.9875338786999035
0.9875344921956228
0.9875340601263101
0.9875279169148351
0.9875266546716273
0.9875306527936223
0.9875310201109627
0.9875218607367915
0.9875279501191989
0.9875232706419098
0.9875320974264339
0.9875296932632243
0.9875299356653721
0.9875332900608715
0.9875276558713222
0.9875312761465493
0.9875363369894339
0.9875412132583219
0.9875395807021982
0.9875468875155065
0.9875423758375442
0.9875428437950351
0.9875342969286133
0.9875335638984654
0.9875388646463253
0.9875366743879116
0.9875316227590653
0.9875263348181711
0.9875244565863308
0.9875248721746267
0.9875234118968504
0.9875334672421024
0.9875302841231064
0.9875302272240674
0.9875305396609491
0.987530988651092
0.9875319064857763
0.9875347056206202
0.9875338248934177
0.9875341810282228
0.9875349776044341
0.9875329658911968
0.987537631296233
0.9875364046006365
0.9875286312380336
0.9875280813383358
0.987532129855791
0.9875358529658632
0.9875416058872817
0.9875457218341572
0.9875448227143719
0.9875432009446882
0.9875414558630135
0.9875442879890312
0.9875514597138042
0.9875576452546293
0.987558653246879
0.9875627477805693
0.9875652390755237
0.9875670304924482
0.9875639418941913
0.9875703378718262
0.9875701177097965
0.9875725787708985
0.9875755584579555
0.9875819752921272
0.9875807185895056
0.9875802921602992
0.9875890990883797
0.9875816407761712
0.9875759329882909
0.9875807356514246
0.9875750314556415
0.9875792524454015
0.9875725672569968
0.9875732920500545
0.9875710203089221
0.9875701265385337
0.9875655577529002
0.9875607748374489
0.9875605660527818
0.9875586117082877
0.9875534633940459
0.9875509968772233
0.9875493448836297
0.9875576229814407
0.9875593015553763
0.9875621570522901
0.9875641673697922
0.9875626859597092
0.987563457971602
0.9875657477522303
0.9875708900233727
0.9875713511567892
0.9875696949707827
0.9875767006382568
0.9875716931354376
0.9875788970772752
0.9875866944007661
0.987581846984117
0.9875788223395805
0.9875745836886153
0.9875740435141602
0.9875759855141198
0.9875745227007928
0.9875778855265882
0.9875819623938877
0.987577077323825
0.987574229820636
0.9875786982450722
0.987585268207701
0.987591365663606
0.9875918605636718
0.9875961711485719
0.98760168499069
0.9875984136124184
0.9875919982224007
0.9875807060842228
0.9875780411201658
0.9875767656834468
0.9875772744165459
0.987580315656695
0.9875757375583037
0.9875778977272832
0.9875752515540647
0.9875733070864823
0.9875789873368772
0.9875788234493109
0.987575639420997
0.9875797754756934
0.9875834544602304
0.9875836034493254
0.9875856314588765
0.9875806454108781
0.9875838025719748
0.9875869913550337
0.9875915709789561
0.9875973844321315
0.9875938299991323
0.9875982772697175
0.9875957794555918
0.9875952487172258
0.9875987091465089
0.9875987401307853
0.987596171274917
0.9875995948772142
0.9876058743375574
0.9876033180556264
0.9876071940951748
0.9876069227677181
0.987607386666931
0.9876103978355139
0.9876032767157988
0.9876049062604818
0.9876055088527803
