0.9597044504778126
0.9752112287516238
0.9772368664832112
0.9792332318805653
0.9793183079464104
0.9801518530169403
0.9800089677071209
0.9816293428391605
0.9811876831879364
0.9817692107457828
0.9816236809730973
0.9819765985983039
0.9825647546344115
0.9825491778908101
0.9826606498373969
0.9828733101255946
0.983040768478883
0.9831045268495383
0.9830655532574519
0.9829067672032169
0.9827264571086579
0.9827184667590417
0.9830373804029588
0.9831598838138786
0.9829686327740836
0.9832346393375813
0.9830416473431282
0.9830136896123347
0.9830069193598746
0.9831894410211396
0.9832528747625265
0.9833440487455012
0.9831210791006372
0.9832025376962107
0.9835094028367213
0.9833602142919069
0.9833648854215564
0.9834815065750326
0.9835286007135673
0.9836595389731452
0.9837450119483497
0.9836888601242509
0.983905764093336
0.9838523227243983
0.9837732533067867
0.9834550470391847
0.9834725355891955
0.9835993306554819
0.9835434804902574
0.9834334390339601
0.9835846653044282
0.98348403094007
0.9834076348594565
0.9832797699408073
0.9832511396841501
0.9831642298468207
0.9831132545025383
0.9831128506422924
0.9831035887600255
0.9833568580778353
0.9833241835555943
0.9832875162068095
0.9833197681409735
0.9835054340136778
0.9833745406181537
0.9834483645768812
0.9835220497295313
0.9836170665479231
0.9835894833270319
0.9835328203063329
0.9835086006055053
0.9835218048373513
0.9835782277581909
0.9835753902573194
0.9836425952729071
0.9836071113137638
0.9836693246168349
0.9836379472024976
0.9837308187884095
0.983730175384021
0.9837126389701721
0.9836783319343713
0.9837708874398892
0.9838530759696706
0.9838714506521583
0.9838754858253199
0.9839145161302467
0.9839759588210458
0.9839443658715767
0.9838955207026717
0.9839811245113796
0.9839265069968834
0.9839233015243051
0.9839822849738455
0.9839304500652175
0.9840032304636048
0.9838404679643424
0.9838254844991625
0.9838464545323122
0.983923645825907
0.9839142337410748
0.9838957627066008
0.9838902880975046
0.9839085759468453
0.9838252373415315
0.9838165883600231
0.9837246425151087
0.9837487647042386
0.983805907807864
0.9837926020206885
0.9838257822349735
0.9837965984870622
0.9837912016156057
0.9837856128992759
0.9837000455174909
0.9836508572203443
0.9836630154173093
0.9836935831164658
0.9837108070693763
0.9837887156713289
0.9838273943846743
0.9838519542460643
0.983852221941157
0.9838078967487186
0.9838030900245639
0.9837857734395343
0.9837894722776106
0.9838007931461297
0.9838349254426041
0.9837891535898958
0.9837744397344895
0.9837596756708419
0.9837485574085552
0.9837838064671801
0.9837279153260803
0.9837719798854099
0.9837688324264289
0.983768795873947
0.9837833444425055
0.9838788143567851
0.9838865640383223
0.9838953804215947
0.9839489239060375
0.9839577031551191
0.9839524674760146
0.9839194581075775
0.9839541058655302
0.9839188498856498
0.983904534451957
0.9839016499369238
0.9839555833376185
0.9839411276600106
0.9839291578906737
0.983975817705774
0.983985062958253
0.9839807819265611
0.9839208993475931
0.9839009928515858
0.9838565698248245
0.983832833084223
0.9838097034445459
0.9837960436992551
0.9838412769442202
0.9838907151476909
0.9838821511344811
0.9838136337288926
0.9838594362252702
0.9838496099086897
0.9839230436078336
0.983919422131402
0.9838764020083979
0.9839230668070212
0.9838545205825986
0.9838751109268207
0.9839123168581394
0.9839116971882065
0.9839997739248854
0.9839297728269705
0.9839029239305563
0.983908909654309
0.9838448785058125
0.9838200337427506
0.983794142225043
0.983787671662101
0.9837790463569355
0.9837719578413674
0.9837967160189673
0.9837927036432227
0.9838247642068569
0.9838301970763944
0.98386466291653
0.9838817888905509
0.9839042198301632
0.9838822221372034
0.983878760191348
0.9838923042494457
0.9839405369480478
0.9839718918671204
0.9839743915749999
0.9839549821638837
0.9839540347245795
0.9839288066453115
0.9838831637368192
0.9838700827062465
0.9838795909066955
0.983908390456823
0.9838764146727114
0.983923490251385
0.9838988414592451
0.9838699310034901
0.9838921156834738
0.9839069346609145
0.983922094400956
0.9839159395904166
0.9839713989036808
0.9839641992490185
0.9840139162634635
0.9840133158584642
0.9840460554057782
0.9840518309109287
0.9840783951121951
0.9841117063210184
0.9841199811526347
0.9841287088520061
0.9841151585761417
0.9840953081110704
0.9840900800229619
0.9840922915869185
0.9840812572648214
0.9840791699520455
0.984103728413648
0.9841313137608216
0.9841242110727231
0.9841619899867613
0.984145997860195
0.9841353992901001
0.9841283715507857
0.9840907829335349
0.9841173211671185
0.9841132952323713
0.984086727412572
0.9840665978025154
0.9840803224389997
0.9840923141212907
0.9840868312651218
0.9840484934621125
0.984030600993368
0.984050910576913
0.9840542814219595
0.9840850836457897
0.9841080441540829
0.9840941933752371
0.9840834259899367
0.9840918284371624
0.9840950969482147
0.9841183478434664
0.9840879931509094
0.9840881423092032
0.9840464367881837
0.9840894982128238
0.9840739592884821
0.9840612509264559
0.9840527745342993
0.984061805652789
0.9840878306504621
0.984113792854076
0.9841027247364632
0.9841010118641639
0.9840864126025807
0.9840507355756037
0.984039345181175
0.9840301404861062
0.984036114848001
0.9840076599770411
0.9840001245057088
0.9839759999601217
0.9839569389889687
0.9839344218573804
0.9839436309653119
0.9839306119237312
0.9839223996481105
0.9839455527623422
0.9839237377373641
0.9839381895280527
0.9839375639410249
0.9839187600494745
0.9839250319800925
0.9839196061113361
0.9838974930716532
0.9839019876417908
0.9838865477778789
0.9838790746141353
0.983883209396365
0.9839133825947648
0.983912140544133
0.9839044235313299
0.9839243584267353
0.9839063819711653
0.9839069304213305
0.9838684044560181
0.9838563951995208
0.9838366582341719
0.983822902682202
0.9838300979513561
0.9838490217051902
0.9838665108316708
0.9838461163513519
0.983842112192677
0.9838127404837708
0.9838160690882112
0.9838130122066816
0.9838152680636959
0.9837963238265341
0.9838153474574669
0.9838260932128267
0.9838328329807076
0.9838385961426516
0.9838514079546694
0.9838464965849864
0.9838390415791176
0.9838445913905651
0.9838322864724396
0.9838464117389127
0.9838485439223625
0.9838523181431291
0.9838469768713842
0.9838419705074821
0.9838351589734208
0.9838680199921491
0.9838583909688045
0.9838589593888386
0.9838689007092474
0.9838523393328239
0.9838669980280467
0.9838828868357519
0.9839150258276901
0.9839184355619287
0.9838989795222035
0.9838969693815632
0.9838891539746324
0.9838904542334217
0.9839137875098036
0.9838903465882131
0.9839207748080319
0.9839268697522892
0.9839146960776374
0.9839236515096158
0.9839401785955951
0.983918439909561
0.983946042765559
0.9839282116548136
0.9839108950008342
0.9838890216783136
0.9839081596365619
0.9838944478234068
0.9838928001387596
0.9838775881621286
0.9838898590416046
0.9838846496449345
0.9838727175919213
0.9838795212656712
0.9839093382745487
0.9839203938948641
0.9839150820792518
0.983905213784507
0.9839213546074788
0.9839370615037488
0.9839534166123534
0.9839541762958812
0.9839598086422933
0.983959303904605
0.983977583230719
0.9839993814607595
0.9840041075560071
0.9840057832746583
0.9839933341732197
0.9840031046198507
0.984003251710683
0.9840010943780898
0.9840011316798402
0.9840065567354955
0.984018314700482
0.9840344588261629
0.9840317115421314
0.9840181296241592
0.9840281322386494
0.9840267558111616
0.9840489373381418
0.984087359123467
0.9840724365865499
0.9840668117135464
0.9840817661367448
0.9840962255280955
0.9840793050825201
0.9840591181395374
0.9840426280797663
0.9840306359101291
0.9840339265017997
0.984026514831262
0.9840363177883692
0.9840312456335658
0.9840119787600924
0.9840070390535223
0.984025994721405
0.9840087004676079
0.9840170709642622
0.9840206423196615
0.9840157835265599
0.9840113879686274
0.984012812122304
0.9840194293835841
0.984023190679208
0.9840236722851831
0.9840205760722825
0.9840360876887609
0.984042809836601
0.9840361889590793
0.9840288213964677
0.9840186959920777
0.9840086350399635
0.9839986306982882
0.9840160403149047
0.9840210693631575
0.9840260667804642
0.9840363222589177
0.9840326089781619
0.984044054637716
0.9840351400812835
0.9840227154868335
0.9840131811078722
0.983992766151606
0.9839954398088633
0.9839845426884047
0.9839940768785043
0.9839877247289556
0.9839775339680278
0.9839537957844925
0.9839678086006179
0.9839742551697312
0.9839765376383199
0.9839602165259573
0.9839574406329934
0.9839550077583391
0.983976500276229
0.983963706771516
0.9839581754179931
0.983952847860712
0.9839463927291262
0.9839495898970537
0.98397897883615
0.9839809645755762
0.9839897340554162
0.9839776552969072
0.9839938267073797
0.9840050327849664
0.9840201384957742
0.9840301656461828
0.9840363806475334
0.9840475133979887
0.9840266459889114
0.9840471957407058
0.9840424256030824
0.9840427513126966
0.9840260525657026
0.9840366016613651
0.9840389987495158
0.9840355378150093
0.9840279125679285
0.9840334664422404
0.9840315427427664
0.9840307548213086
0.9840334941662936
0.9840430537082677
0.9840478180033048
0.984025318241599
0.9840104108277637
0.984008830299927
0.9839902319929958
0.9839992103014008
0.9840050182224609
0.9840163760137182
0.9840362959457147
0.9840535202384496
0.9840529384718113
0.9840637609046525
0.984068020705476
0.9840624297927295
0.9840589299524614
0.9840560815837243
0.9840547559558663
0.9840503284821462
0.9840446998986585
0.9840511316111257
0.9840578803264878
0.984063601432157
0.9840579413814317
0.9840599221077032
0.9840541262031629
0.9840616435883855
0.9840446695358845
0.9840505998574905
0.9840514533569094
0.9840598821426884
0.9840675561366277
0.9840697532909731
0.9840775057690727
0.984069806839936
0.9840695179210993
0.9840724952882646
0.9840860837209289
0.9840926855294867
0.9841003683195142
0.9841019618211568
0.9840759680935928
0.98409050656782
0.9840979006087524
0.9840923909959752
0.98409019529969
0.9840769010060203
0.9840847491931425
0.9840808459996704
0.9841020126396498
0.9841055462706746
0.9841052807133879
0.984093398243164
0.9840917351207387
0.9840874289278987
0.984085632604872
0.9840808682229856
0.9840716924635822
0.9840612668679178
0.9840544692843975
0.9840486941228813
0.9840544199182545
0.9840488914999123
0.9840478724198368
0.9840639036598481
0.9840645514602484
0.9840437222197819
0.9840567070074654
0.9840495824158177
0.984046284890313
0.9840430900019788
0.9840298125807894
0.9840347301763156
0.9840424758840894
0.9840302526677891
0.9840179723038278
0.9840130785716779
0.9839994792597573
0.984006745708029
0.9840112205233067
0.984007975262444
0.9840014915851106
0.9840049393768155
0.9840072369044846
0.9840028879350357
0.9840034393813785
0.9840061850252723
0.9840042894770185
0.9840005522855115
0.9840041193624152
0.9839825087881581
0.9839718431807769
0.9839760114578713
0.9839661374093417
0.9839466939948626
0.9839418722412341
0.9839266172829129
0.983924414318415
0.9839274529988955
0.9839375410256467
0.9839437076091618
0.9839516948092115
0.9839524854084835
0.9839563672929048
0.9839646020535323
0.9839714203397041
0.9839758688329716
0.9839662416165544
0.983986254371123
0.9839798370371257
0.98397510371156
0.9839611367765024
0.9839687092026056
0.9839523758929662
0.98395476921003
0.9839648295480937
0.9839685648101153
0.9839681653815523
0.9839687921006636
0.9839806617002541
0.9839807349599581
0.9839720692096984
0.983983861973963
0.9839791844689431
0.9839738314857153
0.9839705659034484
0.9839885261469177
0.983985456749375
0.9839959676447969
0.9840022311800206
0.9840034519963075
0.9839926272573861
0.9839860978941163
0.9839855865310658
0.9839808625219663
0.9839867952052214
0.9839926062702139
0.9839885649007509
0.9839971350055924
0.9839989436452183
0.9839984034519013
0.9840058248318472
0.9840176986195242
0.9840100340313863
0.9839923587875242
0.983995003383559
0.9839950810485084
0.9839865267886924
0.9839900018935371
0.9839981214749092
0.9839904214965373
0.9839857936115943
0.9839804128409619
0.9839795217739846
0.9839932931789226
0.9839984080705673
0.9840014936800083
0.9840004079508512
0.9839920165156132
0.9839828885184806
0.9839892106026229
0.9839900869968747
0.9839944408809933
0.9839958285697672
0.9839988219926412
0.9840115878247018
0.9840116840143279
0.9840291414907932
0.9840374683104417
0.9840345859924302
0.9840442757179175
0.9840336431734329
0.9840272544058026
0.9840247567354736
0.9840272892608432
0.9840227719839747
0.9840273507619175
0.9840358952322572
0.984039161598289
0.9840248736045689
0.9840274548195098
0.9840303694975777
0.9840310607726479
0.9840287925599197
0.9840252087813509
0.9840256096757358
0.98402668225266
0.9840330603869445
0.984038684780456
0.9840328448394059
0.9840346351188801
0.9840355385845002
0.9840328976155593
0.9840196100425943
0.9840249970401721
0.9840250036994939
0.98402142723408
0.9840299233296287
0.984042549678931
0.9840387296852412
0.9840330546942003
0.9840323025139287
0.9840341888410428
0.9840441722720001
0.9840476305204395
0.9840444158859761
0.984041023328821
0.9840510856079249
0.9840318440127043
0.9840398254056923
0.9840223355022719
0.9840167866280091
0.9840169914780406
0.9840174177152926
0.984009517024449
0.9840185029596734
0.9840256994017761
0.9840271724213852
0.9840253254395126
0.9840337463217205
0.9840397805413654
0.984042247152425
0.9840465379493879
0.9840400953997559
0.9840422687008792
0.9840469065068743
0.9840533184522404
0.9840483689256561
0.9840537531443432
0.9840530522987806
0.9840441852105207
0.9840535796061631
0.9840503337042461
0.9840454643289775
0.9840620060124383
0.9840585568060306
0.98404625036812
0.9840447294345618
0.9840434452385556
0.9840488640320406
0.9840464923718696
0.984036376854881
0.9840424466554631
0.9840380071926811
0.9840409407565608
0.9840349569701943
0.9840477877711191
0.9840461941665072
0.9840413845254594
0.9840537665680071
0.9840609353186431
0.9840556650454615
0.9840504691430008
0.9840579965987912
0.9840576476390506
0.9840633527436873
0.9840657143115095
0.984061619256633
0.9840577125613188
0.9840691071063183
0.9840694470306426
0.9840759759575498
0.9840864885576647
0.9840795190829027
0.9840719091561931
0.9840791049489795
0.9840753869834864
0.98407172348532
0.9840713310453639
0.9840683332077749
0.984076659375888
0.9840797780477606
0.9840844233816689
0.984094412158054
0.9840998815499625
0.9841038756885091
0.9841008237178646
0.9840982478692049
0.9841044093210445
0.9841036249379688
0.9841079605648668
0.9841119366530856
0.9841161576095783
0.9840997758967862
0.9841024789882218
0.9841054222630663
0.9841137493960469
0.9841110454258053
0.9841181169312789
0.9841163042242851
0.9841141534227718
0.9841147828831192
0.9841183445943165
0.9841341826574005
0.9841232678578855
0.9841282722864535
0.9841255621037244
0.9841210403313853
0.9841156498541144
0.9841085769606545
0.984108004976448
0.9841123541955009
0.9841004376845751
0.984100712845716
0.9841010595565521
0.9840997185825013
0.984104103819958
0.9840996772265941
0.9841048426854077
0.9840971373027921
0.9840845580630592
0.984085156189371
0.9840888728108181
0.9840891748614384
0.9840870102216219
0.9840861626374696
0.9840885808851475
0.9840933382487019
0.9840902657052509
0.9840878324874349
0.9840849809824018
0.984079966621706
0.9840788901884485
0.9840803780176265
0.9840807579057523
0.9840760400887067
0.9840780397285908
0.9840743795164621
0.9840825299442533
0.9840831686466089
0.9840913300420777
0.9840812981534274
0.9840818109658208
0.984078425719209
0.9840847643792946
0.984074413893362
0.9840821772888821
0.9840826513573716
0.9840929804630865
0.9840934015201286
0.9840938202069541
0.9840820833463528
0.9840959954031778
0.9841003267180352
0.9841090349693656
0.9841159399854746
0.9841139379542668
0.9841065068828172
0.9841007179283812
0.984098583309155
0.9841002821626561
0.9840981227856292
0.9840889170683046
0.9840951688577539
0.9840833686463317
0.9840808911245901
0.9840809325709953
0.9840758257198685
0.9840669604588386
0.984058138717126
0.9840558948364919
0.9840732524708561
0.9840775489101636
0.9840811053294313
0.9840722549023223
0.9840678364360161
0.9840689311461229
0.9840760027138523
0.9840722441814282
0.9840743582933233
0.9840684834402584
0.9840619523301306
0.9840591160604012
0.9840530311102214
0.9840535451028126
0.9840565274555335
0.9840584859825654
0.9840585989773226
0.9840642431478273
0.9840635855780415
0.9840515985776844
0.9840584940289892
0.984058022189434
0.9840517751674683
0.9840608958468682
0.984060527593901
0.984065981991464
0.9840625752333736
0.9840678391323697
0.9840731674359954
0.9840767757226788
0.9840784574693568
0.9840844417463036
0.9840837513742701
0.9840899988824482
0.984082830245817
0.9840922489770726
0.9840889166655055
0.9840878796552488
0.984092463349896
0.9840898907048214
0.9840873167227137
0.9840832603738108
0.984089938982819
0.9840870075298942
0.9840918384561558
0.9840963082455162
0.9840929389227612
0.9840927503361945
0.9841101723647538
0.9841127723913232
0.9841120489583094
0.9841137589520369
0.9841143741407529
0.9841170982177508
0.9841187289046914
0.9841173976937598
0.9841149718449095
0.9841146988213866
0.9841258625578689
0.9841275975037194
0.9841263938998621
0.9841319272630539
0.9841371562476626
0.9841337761925003
0.9841287800462017
0.9841325815322085
0.9841368033740598
0.9841399069264565
0.9841420003499942
0.984136644680654
0.9841384625245333
0.9841342672265507
0.9841347287689436
0.9841371770929676
0.9841304694864678
0.9841292057147937
0.9841275196736723
0.9841306838985051
0.9841264050981217
0.9841299188567798
0.9841318348862229
0.9841258967056706
0.9841263951333972
0.9841126350111798
0.984109393690844
0.9841094866618487
0.9841028542568381
0.9841086334259819
0.9841157265417448
0.9841172993087852
0.9841177022207117
0.984120935263754
0.9841293224457316
0.9841294560888656
0.9841220871589719
0.9841214505609468
0.9841179098360893
0.9841263985129197
0.9841305672733951
0.9841263266295411
0.9841303824380381
0.9841257502900034
0.9841259697046664
0.984128326000053
0.9841286207500464
0.9841312497205237
0.9841231963075138
0.9841273674856039
0.9841218470752632
0.984126162198554
0.9841215611518173
0.984118265791085
0.9841055026712573
0.984102256786418
0.9841098066889935
0.9841213743632057
0.9841198114400015
0.9841299082298505
0.9841309436129373
0.9841267275342795
0.9841252549547591
0.9841308416174646
0.9841351693917825
0.9841387744940281
0.9841426066512382
0.984140890848635
0.9841452290917541
0.9841464740083659
0.9841511071672154
0.9841484704751734
0.9841522166683244
0.9841555037098189
0.9841519463063833
0.9841529854600779
0.9841483499985202
0.9841447418593727
0.9841477858995871
0.9841573966705842
0.9841658358123888
0.9841648388179708
0.9841521779056227
0.9841575433800948
0.9841607200343264
0.9841552446935885
0.9841548070619375
0.9841582982418802
0.9841606738091191
0.9841574231886409
0.9841574812697313
0.984162049820717
0.9841640973074743
0.9841705869671069
0.984172070480956
0.9841774038830937
0.9841781572183554
0.9841622360091072
0.9841600340611271
0.9841589420719888
0.9841658558688207
0.9841617617058105
0.9841602327866692
0.9841568613506039
0.9841568985706147
0.9841555760020515
0.9841487038051566
0.9841522122258115
0.9841566077929568
