0.9648609549693302
0.9750839618019318
0.9785850526628731
0.9823367823897025
0.9828579186371256
0.9839260609547069
0.983019644226749
0.9841631440904064
0.9842925620243473
0.9849858755617513
0.9843403757326558
0.9842033493443328
0.9842604979944931
0.9843756750775793
0.9843350753569582
0.9849977002052493
0.9853528623150807
0.985008655013303
0.9853531669472432
0.9860338445070882
0.986025520924637
0.9860370145947376
0.9864291922399823
0.9862650353341044
0.9863689658625682
0.9865959867689633
0.9863813242761313
0.9864444575676315
0.9866941224578811
0.9867982038613607
0.9869087303793044
0.9869016654321349
0.9867205028137906
0.9869789711038519
0.9871726816555939
0.9872735481510818
0.9872158084174485
0.9872465542387591
0.9873178485271273
0.9873009586173239
0.9874334252318057
0.9875446537328708
0.9875865935924091
0.9875251529917949
0.9874399608983341
0.9873126678120439
0.9873077500646509
0.9873562215635928
0.987249237120533
0.987201990737246
0.9873222598989405
0.9872261684753038
0.9871493044923256
0.987086431307441
0.9869538372526584
0.9869271782376786
0.9870458168505702
0.9870333500974406
0.9870756219587264
0.9871774102726153
0.9870473289617423
0.9871025175529925
0.9871110702772178
0.987122053576106
0.9869394246294438
0.9869091521597533
0.9869903437718885
0.9870094677914747
0.9870322804274491
0.9868815313820573
0.9868652432209024
0.9869266218486137
0.9869043494406351
0.9869540067145317
0.9869484345125924
0.9869515839665889
0.9869909589687036
0.9870136225513436
0.9871539950419724
0.9872156179839155
0.9872049799717952
0.9871547072478758
0.9872202330339087
0.9872059095934993
0.9871554569358716
0.9871931791489614
0.9872069286926475
0.9871888377878973
0.987141464485092
0.9871589992209018
0.9872026873653259
0.9871676271161861
0.987169279644571
0.9871567288245031
0.9871643070065609
0.9871100643336888
0.9870344759935704
0.9870499711421094
0.9870670858735536
0.9870944559034712
0.9870556878224954
0.9870628490633447
0.9870161943313034
0.9869565335170101
0.9869385241071683
0.9869138554943399
0.9869483924209056
0.9869436657571208
0.9869234210701279
0.9869569834005966
0.9869963927062639
0.9869712614615005
0.9869167119131178
0.9868538248853091
0.9868144101207474
0.9867789101546447
0.9867856540981461
0.9868072205782845
0.9867317877299863
0.9867617757141751
0.986795471042536
0.9868227813174186
0.9868191543563196
0.9868172946463756
0.9868195023816579
0.9867843472044527
0.986826512837247
0.9868695719549552
0.9868967358544793
0.9869057136232411
0.9869033631478277
0.9869572626561649
0.9869410262372753
0.9869688227943735
0.9869348171958756
0.9869981299777754
0.9869873929979306
0.987015410560793
0.9870285890739355
0.9871100970837717
0.9871366011562953
0.9871179798535934
0.9871269276154484
0.9871007451469429
0.9870929769517074
0.9870974216349774
0.9870852967746921
0.9870582638759289
0.9870739870724398
0.9870932701944396
0.9870455933769703
0.9870271055813207
0.9870418778759307
0.9870835926993607
0.9870809890799015
0.9871132471155026
0.9871247912583732
0.9870690454065383
0.9870926718163775
0.9871112193510051
0.9870854832536871
0.9870301498219736
0.9870549264173487
0.9870821875766036
0.9870926340605294
0.9870158539389035
0.9870290563513968
0.9870255664648474
0.9870905381255852
0.9870979801136065
0.9870845389070315
0.9871476597039428
0.9871328791462185
0.9871491671939633
0.9871676423307211
0.9871389825992612
0.9871587778524111
0.9871186180743847
0.9870881880054772
0.9871113267038669
0.9870802870164359
0.9870484089793856
0.9870762905092697
0.9870522429306646
0.9870820339390304
0.9870752865901307
0.9870776042835713
0.987075199690137
0.9870720018817684
0.987097849514193
0.9870879879542169
0.9871000739779152
0.9870931958667786
0.9871308423879911
0.9870834584125927
0.9871138246602632
0.9871046683201404
0.9871116328203846
0.9871367411434815
0.9870951202504047
0.9870768545675667
0.9870241977821842
0.9869918915002495
0.9869953068745237
0.9870156570984779
0.9870491336155509
0.9870418008001677
0.9870677566488208
0.9870477164012458
0.9870209093227045
0.9870010042555759
0.9870040113479347
0.9870061743587434
0.9869857721504597
0.9870146794328365
0.9870040339587343
0.987034365775302
0.98698947749135
0.9869934476926747
0.9870179601065059
0.9870260860354532
0.9870546620717089
0.9870714677327138
0.9870815865262551
0.9870788441909552
0.987065484687818
0.9870665946340561
0.9870785772559277
0.9870435327614953
0.9870455161055882
0.9870338567703276
0.98703011848569
0.9870050857062973
0.987035242996281
0.9870131228462997
0.9870093603147722
0.9870203251206557
0.9870214036052346
0.9870330828346828
0.987017865791442
0.9869873900416548
0.9869818208220105
0.9869547888859084
0.9869362158110792
0.986951634994291
0.9869576467538518
0.9869511358325752
0.9869255790669459
0.9868791594403116
0.9868810441921784
0.9868865129160991
0.9868801270069221
0.986882111034543
0.9868941617428288
0.9869074926232971
0.9869614813504703
0.986952089767575
0.9869779733042351
0.9869952457836021
0.9870242470867752
0.9870127335951582
0.9870004084603664
0.9869870839101911
0.9869552283425264
0.986966874355709
0.9869811507343367
0.9869937015316522
0.986993108446951
0.98697461881478
0.986964429940928
0.9869836869903763
0.9869988565244717
0.9870026365519674
0.9870119220423283
0.9869979002954414
0.9869902816606388
0.9869970031898735
0.9869920696626572
0.9869993982287865
0.9870042995397945
0.9870096968743947
0.9870184604257151
0.987033937679214
0.9870378779582939
0.9870275163566408
0.9870117482409031
0.9870015755693436
0.9869472779431743
0.9869315899377069
0.9869268821269453
0.9869186534651567
0.986938059391372
0.9869429897573373
0.9869526353417677
0.9869211277115862
0.9869280807826369
0.9869575286902486
0.9869781702406268
0.9869728167436304
0.9869539156586857
0.9869422096499012
0.9869401683537636
0.9869377219991282
0.9869524802027465
0.9869681976313542
0.9869666160138421
0.9869798612917313
0.9869863368296052
0.986973815745722
0.9869792860690996
0.9869943825808714
0.9869776475294824
0.9869710925769941
0.9869820073372799
0.9869858913501639
0.9870072707318353
0.9869870712352049
0.987010154132992
0.9870030678113154
0.98698912943479
0.9870363311239468
0.9870438434167234
0.9870527798677876
0.9870881571554053
0.9870931075552669
0.987080371126286
0.9870915686513384
0.9870812564763051
0.9870836564407007
0.9870635268563333
0.9870640813295158
0.9870925616933315
0.9870622413948308
0.9870631891321948
0.9870763749334406
0.9870737376884702
0.9870752943335025
0.9870722226898403
0.9870604985196595
0.9870244361872909
0.9870239384706899
0.9870459034463607
0.9870277426306457
0.9870317617602289
0.9870478030808122
0.9870483970219412
0.9870553155090444
0.9870726729767816
0.9870581995670357
0.9870639916515779
0.9870814186737877
0.9870614079168571
0.987040269155303
0.9870416713494805
0.9870421957573616
0.9870473291621571
0.9870497854658162
0.9870460966848085
0.9870389417283078
0.9870310263165167
0.9870230659912305
0.9870462693542638
0.9870695707818538
0.9870545126115701
0.9870605175064568
0.9870653796494145
0.9870711018569853
0.9870611905286465
0.9870621348791072
0.9870695743662499
0.9870613413966308
0.9870679542300226
0.9870617702440321
0.9870401548365496
0.9870251419055343
0.9870045312670592
0.9870120234512945
0.9870099509669601
0.9870069371382775
0.987022984995758
0.9870381233084713
0.9870423431109019
0.9870325879826984
0.9870317540251938
0.9870188784176666
0.9870275106200704
0.9870271958794538
0.9870417699762003
0.9870311079283143
0.987027677480045
0.9870311992593952
0.9870358359740711
0.9870296717289133
0.9870324522895491
0.9870215806894569
0.9870276779375952
0.9870209848356993
0.9870257275017734
0.9870281839747517
0.987044052325467
0.9870471170600654
0.9870240642502509
0.9870207256345771
0.9870174257576232
0.987007230815823
0.9870152580088197
0.9870341736474558
0.9870230753978653
0.9870094569557167
0.9870154450193506
0.9870255922908167
0.9870363779026993
0.9870373293663166
0.9870286160192804
0.9870453276661058
0.9870393056141322
0.9870294550499636
0.9870086038203986
0.9870038621465292
0.9870145669145833
0.9870161003836966
0.9870349655078111
0.9870447866367003
0.9870399033560292
0.9870413937524606
0.9870409066033227
0.9870497510999836
0.9870521457024725
0.9870443175018575
0.9870487625668707
0.9870368643491406
0.9870524424142675
0.9870480383437842
0.9870327084994722
0.9870366782419517
0.987041769458759
0.987019708204715
0.9870338556705861
0.9870350615466184
0.9870324629729604
0.9870317579806497
0.9870405796490003
0.9870354463095167
0.9870337381459063
0.9870393655873022
0.9870521189907797
0.9870519737543707
0.987048125722655
0.9870433573857426
0.987053168335637
0.9870579214004574
0.9870555521248523
0.9870340425468603
0.9870297199153213
0.9870359754746688
0.9870467937345906
0.9870477791751201
0.9870296306926154
0.9870277375642594
0.9870164797182167
0.9870228470622435
0.9870098554458244
0.9870021144935088
0.9869973695801117
0.9869978883274678
0.9869915956299529
0.9869894215764038
0.9869877985316917
0.9869797877801401
0.9869696736704948
0.9869660449301418
0.9869819079146765
0.98697475966056
0.986979200377686
0.9869770951922308
0.9869883756022927
0.9869844117759868
0.986985051762809
0.9869773794308835
0.9869789674241716
0.9869909503694767
0.9869878870593016
0.986989404296622
0.9869938576282153
0.9869891810046616
0.9869801869604985
0.9869729594424915
0.9869760791433863
0.9869855626073855
0.9869857810847821
0.9869900830987054
0.9869807224226116
0.9869841105786407
0.9869808884694415
0.9869842845501007
0.986994913077829
0.9869929987069574
0.9869854760445925
0.9869812700630526
0.9869740150454629
0.9869738801337753
0.9869763895571694
0.9869751820776319
0.986994441781159
0.9869901291710087
0.9870078619027942
0.9869944907015117
0.9869924270906576
0.9869784720618572
0.9869947367535545
0.9869945618570022
0.9869975016483398
0.9870018177597542
0.986993861151882
0.9869980855551076
0.9870139486618404
0.9870220960333274
0.9870153976315634
0.9870245560479645
0.9870352355111868
0.9870265873737496
0.9870356587440042
0.987036478964144
0.987034691201397
0.9870253885732064
0.9870197211670934
0.9870308214065799
0.9870174786415662
0.9870097014021509
0.9870063706999896
0.9870105832898419
0.9870005678790548
0.9870017900592688
0.9870066730190475
0.9870076229404089
0.9870070830554821
0.9870178108611023
0.9870306571423322
0.987018583168521
0.9870353535943467
0.987032209634863
0.9870283320387702
0.9870326122813705
0.9870274831571518
0.9870253474414868
0.9870423762124562
0.9870387126974842
0.9870307916280988
0.9870216030680463
0.9870179257279935
0.9870285441242399
0.9870385637777617
0.987037100802998
0.9870423361743536
0.9870256382238705
0.9870329996913519
0.9870435345718636
0.9870523102176737
0.9870556073090341
0.9870563720985995
0.9870519489275809
0.9870614710650832
0.9870717072775124
0.9870805653672641
0.9870998698820532
0.9870972314009074
0.9871008177199789
0.9870987387785668
0.9871089773520906
0.9871173844101224
0.9871144714313899
0.9871144085655159
0.9871205722629466
0.9871218428087216
0.987125061297941
0.9871228492725899
0.9871146540327533
0.9871155037108819
0.9871158494342039
0.9871197412168968
0.987120431907161
0.9871170110229767
0.9871188565732931
0.9871161061168828
0.9871091081103402
0.98710720681276
0.9871006033557389
0.9870959505271183
0.9870936995708272
0.9870983295843428
0.987099870422211
0.9870972982927279
0.9870915436307242
0.9870810296851761
0.9870885758402864
0.9870837230243033
0.987085877420758
0.9870801576279956
0.9870876848818888
0.9870819386402655
0.9870892129338332
0.9870914545620381
0.9870929734188739
0.987096923157572
0.9870869158319114
0.9870796461928852
0.9870682808172722
0.9870685087556955
0.9870605481518474
0.9870641044846961
0.9870579064807459
0.9870587221152803
0.9870554225261854
0.9870558239072107
0.9870570369714324
0.9870445554000398
0.9870417041669673
0.9870374129388606
0.9870290872330646
0.9870246162826073
0.9870204507601531
0.9870190566970977
0.9870148481781545
0.9870085056499878
0.9870111553208923
0.9870153611768295
0.9870243436139511
0.987031310032246
0.9870283740947133
0.9870275689470733
0.9870205950865067
0.9870319246488641
0.9870288528163387
0.9870343123504964
0.9870374801945925
0.9870354192519333
0.9870367075330574
0.9870509994907537
0.9870519364969246
0.9870532052431416
0.9870520357896333
0.9870504440459129
0.9870499129189171
0.9870472254712769
0.9870451866966298
0.9870435776069938
0.987045688839988
0.9870478839864477
0.9870451232962237
0.9870502001530516
0.9870444584099719
0.9870369779074049
0.9870335904598077
0.9870513820563905
0.987049319344381
0.987057385180874
0.9870616577647269
0.98705378391739
0.9870461922818382
0.9870400496845978
0.9870459266237874
0.9870366175584729
0.9870360367688527
0.9870411975556527
0.9870452071715825
0.987048786003884
0.9870466975056318
0.9870451420579027
0.9870406265678582
0.9870539381190241
0.9870616202574279
0.987061568930192
0.9870453995408506
0.9870418692569045
0.9870435515936312
0.9870446408415421
0.9870421330895596
0.9870514496789267
0.9870509903898437
0.9870376967607734
0.9870283067620566
0.987029779944156
0.9870262909553932
0.9870242641772514
0.9870298043329789
0.9870335460381228
0.9870284264078054
0.9870278626393313
0.987023298408993
0.9870215147430652
0.9870206911538189
0.9870250736926854
0.9870340854372764
0.9870319286745901
0.987038064764667
0.9870343381014011
0.9870362826679957
0.9870391233273534
0.9870491520319591
0.9870489627196531
0.9870557364765128
0.9870540140871975
0.9870546272128351
0.9870638570330935
0.9870633147027311
0.9870615342255329
0.9870689991332793
0.9870720724192457
0.9870732840981842
0.9870696736695341
0.9870648225415467
0.9870630346166389
0.9870672951959465
0.9870623574528847
0.9870659020125486
0.9870550977563908
0.9870519175418941
0.9870533334939061
0.9870505623977247
0.987049429617667
0.9870481800800718
0.9870615313597104
0.9870599755148034
0.9870664749359039
0.9870662838057105
0.9870633657917335
0.987062362255055
0.9870614275794362
0.9870728907777753
0.9870694881446215
0.9870640964385667
0.9870746339549948
0.9870850608413415
0.987087432707891
0.9871051156517134
0.9870981631446855
0.9870977900988608
0.9871018144636764
0.9871006793707215
0.987103272520883
0.98710018976857
0.9870918078288946
0.9870966228193965
0.9870929419126814
0.9870819504327444
0.9870914323676832
0.9870898389704821
0.9870981083796813
0.9871075794665366
0.9871083693260473
0.9871158776490119
0.9871241331198514
0.9871262337914749
0.9871296189688574
0.9871371554690238
0.987132838018539
0.9871330310825842
0.9871305422131357
0.9871352706279027
0.9871279043966816
0.987128315567791
0.9871310588876856
0.9871291353396134
0.9871284158743341
0.9871315221831695
0.9871278523814998
0.9871176641682913
0.9871235621712406
0.9871254514796332
0.9871247218219573
0.9871263251271082
0.9871305528017629
0.9871312606802142
0.987133206984334
0.9871188324295439
0.9871203345048573
0.987110649644164
0.9871148911044172
0.987122019712377
0.9871287393084079
0.9871340570303265
0.9871280852546823
0.9871233250465942
0.9871297919120987
0.9871272577386008
0.9871193921092251
0.9871276289570498
0.9871251878501891
0.987132809785361
0.9871260616657611
0.9871267575341361
0.9871283654487168
0.9871326366068397
0.9871322558165417
0.9871317673517646
0.9871353461477828
0.9871315622070101
0.9871299875642874
0.9871291951213841
0.9871193004649903
0.9871162442823141
0.9871154446401035
0.9871162666442919
0.987117045756522
0.9871176741133928
0.987115870860935
0.9871164442860596
0.9871013686393133
0.9870904289433566
0.9870912297793291
0.9871035465588572
0.9870922237205597
0.9870890524681393
0.9870835118695014
0.9870784882055993
0.987083498662759
0.9870766935873815
0.9870821405700784
0.987082449376718
0.9870777266619863
0.9870788682742253
0.9870852086022873
0.987085511640332
0.9870852428300793
0.9870878305332008
0.9870946715377388
0.9870983976154981
0.9871014857119036
0.9870938973304677
0.987091880800806
0.98708453559565
0.987088180755998
0.9870830361523418
0.9870880652717228
0.9870900625380773
0.9870953278398662
0.9870968828959175
0.9870879111796967
0.9870885984880478
0.9870894310359275
0.9870918069073567
0.9870933177914535
0.9870826886525641
0.9870700507293306
0.987076514184401
0.9870757350140709
0.9870729809536346
0.9870754766919517
0.9870720317462729
0.987072816986716
0.9870743567798514
0.9870726302136541
0.9870657010199511
0.9870687956382149
0.9870754306250092
0.9870718883861669
0.9870639811814733
0.9870588806318104
0.9870633041495046
0.9870606097277148
0.9870614597454008
0.9870591364597973
0.9870637520616276
0.9870629796039474
0.9870666723571796
0.987056474626005
0.9870545835170909
0.9870488811934645
0.9870525438563812
0.9870547580240442
0.9870578284092235
0.9870530523968153
0.9870502197564293
0.9870448126387179
0.987049736675006
0.9870446792579699
0.9870516134467305
0.9870501515281225
0.9870467204754633
0.9870508772734854
0.9870576464443452
0.9870563396828617
0.987055926792697
0.9870551492475255
0.9870505094646083
0.9870429819312254
0.9870366314758842
0.9870369685303528
0.9870319708534361
0.9870190221572899
0.9870199046683389
0.9870141247903456
0.9870188178226287
0.9870222971476016
0.9870319373270159
0.9870301795021802
0.9870328035223573
0.9870261905671223
0.9870263307784498
0.9870316230459785
0.9870331774889317
0.9870347652957507
0.9870368311494844
0.987035024538936
0.9870385575496736
0.9870381971369665
0.9870326445546234
0.9870262597516195
0.9870317801790622
0.9870379931956768
0.9870405862342517
0.9870372379419096
0.9870339127732732
0.9870395761837999
0.9870385083410305
0.9870422285986157
0.9870478962536129
0.9870537564989368
0.9870594011981499
0.9870540524407289
0.9870552517211604
0.9870577341173478
0.9870648174193734
0.9870675343315498
0.9870704626643951
0.9870705791358082
0.9870686939079971
0.9870567416454039
0.9870534681112481
0.9870463970656448
0.987053793896339
0.9870550523421431
0.9870607708236826
0.9870726073440661
0.9870689692274852
0.9870637153859287
0.9870638619227335
0.987070451532905
0.9870773314946439
0.9870804448682812
0.9870895332380186
0.9870900166954688
0.9870937778294832
0.987093905977466
0.9870959479436836
0.9870878873347857
0.9870830060091269
0.9870868129403261
0.9870810623657648
0.9870808399851559
0.9870783655377762
0.9870790418794354
0.9870753583527072
0.9870751823703654
0.9870798346429838
0.9870844971231902
0.9870803350793719
0.9870823921494707
0.9870862740984273
0.9870927785059138
0.9870981995346076
0.9870948197203896
0.9870853371064771
0.9870795322395725
0.9870812314098616
0.9870871047731712
0.9870876951170001
0.9870859528300686
0.9870929263512261
0.9870920248407736
0.9871004514690875
0.9870980826370578
0.9871078268323041
0.9871023755996075
0.9871001529874539
0.9870988002349073
0.9871068436991723
0.9871091832330566
0.98710623074483
0.9871132060103516
0.9871166169937111
0.9871203884990799
0.9871238885485496
0.9871229337993283
0.9871255520372842
0.9871172438021151
0.9871199408802718
0.9871189255689143
0.987112281968997
0.9871126016274508
0.9871121791056847
0.987117002968978
0.9871154722350262
0.9871138692029392
0.9871131889499929
0.9871178305902696
0.9871120309833323
0.9871072905749635
0.9871130193230815
0.987120505653893
