0.9539130924446045
0.9779697220804329
0.9825521172043772
0.9839406403830778
0.9855864077138656
0.985599908149768
0.9853396585566775
0.9867929930439088
0.9866773383873763
0.9873018363246587
0.9872163656562157
0.9868080923890051
0.9863726930882776
0.9862222724191974
0.9862317553482444
0.9860732642136718
0.9860631718884791
0.9865388697322524
0.9861474988507909
0.9859176957262533
0.985709101125718
0.9856439391067641
0.9857661095994301
0.9857629394756213
0.9857887563010718
0.9862316522643847
0.9862537756780306
0.986253486238588
0.9864206982116082
0.986223210452684
0.9863501920286379
0.9862000769475752
0.9862006779031797
0.9861625063866517
0.9859624094236674
0.9859981777009058
0.9859489273530823
0.9860198187810257
0.986170347249376
0.9859658668885601
0.9859359134028196
0.9858272267894834
0.9856846651552928
0.9855897402099457
0.985631190721591
0.9857180953402226
0.9858361415684919
0.985897898808493
0.9858530728861277
0.9857921654665445
0.9856961168880265
0.9856699983052697
0.9854871941166258
0.9854771475659865
0.9853913291077285
0.9854270494687255
0.985282483150188
0.9851675257162822
0.9852010915365522
0.9851768666264794
0.9851491419433034
0.9851260435279472
0.9852209585661853
0.9852239676349156
0.9852578267389672
0.9851856420911178
0.9852074680907087
0.9851879435734314
0.9851774164883014
0.9851349850485094
0.9850690600593145
0.9850564796304603
0.9850511250004339
0.9851019723995523
0.9850746528859099
0.985110051703116
0.985153809167392
0.9851626845983152
0.9851906308224859
0.9851306383144409
0.9850268652113237
0.9851014190026064
0.9850457019427106
0.9850473575522505
0.9850927975143304
0.9851033079332269
0.9851616371627364
0.985181163628889
0.9851428522778167
0.9850933842580354
0.9851445676596547
0.985143039633918
0.9851318649573328
0.9851325285188839
0.9851482974365893
0.9850869795393393
0.9849867046104133
0.9850099048044405
0.9850057846914535
0.9851006621253874
0.9850752070131468
0.9851327203575317
0.9851603541131245
0.9851352085789075
0.9850792275471336
0.9850635004811603
0.9850278481459561
0.9850015261394804
0.9850963452721812
0.9850721591235061
0.9850744840890971
0.9851209728643787
0.985123148046911
0.9851733217314954
0.9851626933079417
0.9852273132398311
0.9852517575595577
0.9852080337249015
0.9851872752840307
0.9852250983780722
0.9852771236401435
0.9852764255261968
0.9853104720718093
0.9852800435877469
0.9852862749427969
0.9852333949506202
0.9852606783462536
0.9852585950960717
0.9853021999075859
0.9853112801905881
0.9853632156032281
0.9853388104573938
0.9853171567085928
0.9852709382410089
0.9851541476900513
0.9851113208284332
0.9850878479460814
0.9850743809006939
0.9850947425491351
0.9851108994068514
0.9851919351544961
0.9852214331397513
0.9852026217092442
0.9852713648361058
0.9852833960695923
0.9853525406943302
0.9854035740111532
0.985329633734055
0.9853269653774827
0.9853224907974226
0.9853047035668514
0.9852833792201398
0.985259594321344
0.9852679342438513
0.9852392723071124
0.9852890704862296
0.9852869646694441
0.9853165462205902
0.9853305359019258
0.9853329485484487
0.9853197909762181
0.985319735944265
0.9853142970182227
0.9853222333385598
0.9853187049080406
0.9852948220959576
0.9853216754760151
0.9852909852744751
0.9853192661407191
0.9853211131048384
0.9852838348296774
0.985286334861542
0.9852251862273163
0.9852494366432876
0.9852050564774453
0.9852513337373497
0.9852660975326691
0.9852424689203544
0.9852238418056336
0.9852364821991358
0.9852068915523495
0.9852163751827305
0.9852057620668232
0.9852379142639267
0.9852449404344967
0.985249374411642
0.9852406920614047
0.985194710795783
0.9852232548252339
0.9852221500850807
0.9852347553331277
0.9852024011690921
0.9852222589935613
0.9852256085919463
0.9852273968414678
0.9852423614749518
0.985224297963816
0.9852090392200965
0.9852257886024101
0.9852583680680468
0.9852483595064806
0.9852496760792769
0.985221406636603
0.9852064432288941
0.9852089999710265
0.9852149405020435
0.9852041587332709
0.9851839844478595
0.9851622168226992
0.98514420473549
0.9851949450210545
0.985170624492279
0.9851696481327997
0.985191540283166
0.9852072220064737
0.9852270398768042
0.985282206473006
0.9853017581371881
0.9852841396874056
0.9853186229706402
0.9853447867763033
0.9853503109033026
0.9853805506822941
0.9853917379187225
0.985430310722291
0.9854502118597787
0.9853911692302502
0.9853807081668103
0.9853641680825803
0.9853541772272617
0.9853396699544928
0.9853331676907146
0.9853276685262877
0.9853835976136147
0.9853951655346851
0.9854093030901756
0.9853885256034959
0.9853970528588911
0.9854370846071828
0.9854343395239139
0.9854440410959766
0.985444907130722
0.985479889853927
0.9855099078517721
0.9855338926773738
0.985524207212597
0.9855122290731984
0.9855699689708863
0.9855999309903547
0.9855908835861202
0.9856380491292346
0.9856131533595243
0.9855787984029597
0.9855785823377562
0.9855862054143731
0.9855760037815178
0.9855825926694249
0.9855364131102448
0.985529726747472
0.9855187976350659
0.9855448916999532
0.9855541171495723
0.9855365843059598
0.9855582008235716
0.9855388237837376
0.9855428949197487
0.9855074600229817
0.9855088469581973
0.985525106777099
0.9855254624670956
0.9855054733530042
0.9854898038291885
0.985458432859497
0.9854698713339309
0.9854782084021046
0.9854989141599545
0.9854974699296017
0.9854821049377385
0.9854689301944236
0.9854601515471941
0.9854392565451976
0.9854329169837958
0.9854129997424332
0.9854391907018233
0.9854540550949379
0.9854536075885098
0.9854527218480323
0.9854718714607646
0.9854915935169768
0.9855147820212733
0.9854961231315136
0.9854825511885201
0.9855060455351151
0.985517184105645
0.9855261804063711
0.9855355595902966
0.985505602791391
0.9854791229391893
0.9854910513780427
0.9854840580524987
0.9854741413109424
0.985469111305886
0.9854576179316948
0.9854532488193194
0.9854566431828823
0.9854630324853246
0.98545776323947
0.9854548245355319
0.9854476895582344
0.9854487042311705
0.9854567320131306
0.9854460937822023
0.9854354077716994
0.985436719840336
0.9854506043677125
0.9854426746683832
0.9854492168125208
0.9854525285091086
0.9854196765937844
0.9854079921353207
0.985394529501959
0.9853821323984298
0.9853830299025353
0.985373279884001
0.9853853370160727
0.9853807503500484
0.9853731162999776
0.9853515405924048
0.9853607959788909
0.9853542076432532
0.9853523589049502
0.9853634182189982
0.9853706284425847
0.9853477398604764
0.9853427295149414
0.9853321916071708
0.9853129336780302
0.9853143347078321
0.9853138945901196
0.9852960727350473
0.9852843536525117
0.9852870839492572
0.9852913158663573
0.9852778905948634
0.9852558142557808
0.9852523289114996
0.9852376259644235
0.9852518108054877
0.9852644546083885
0.9852814734013066
0.985271571775034
0.9852766537992301
0.9852580644320478
0.9852628272592242
0.9852567187762685
0.9852774589316575
0.985280745688491
0.9852863092006469
0.9852816020135221
0.9853051157138452
0.9853164559483799
0.9853248828478277
0.9853082519509544
0.9853180965532224
0.9853291889988646
0.9853270668971585
0.9853445798708605
0.9853429031860038
0.9853628608529104
0.9853714421139438
0.9853427901679347
0.9853341296781438
0.9853400942983302
0.985341385273156
0.9853371295827293
0.9853365408069497
0.9853342869572278
0.9853202491761585
0.9853087697849209
0.9852986661753331
0.9852959386047736
0.9852918833197745
0.9852670153684552
0.9852598899134257
0.9852480483497226
0.9852531037639776
0.9852641982580049
0.9852649526500187
0.9852869190294475
0.9852702630113492
0.9852471150348429
0.985251708087516
0.9852539193680768
0.9852491794267705
0.9852478065326873
0.9852633813931253
0.9852414964154395
0.9852400727788168
0.9852378310540661
0.9852495916328385
0.9852297844197575
0.9852376582976384
0.9852492045705079
0.9852509855899363
0.9852299740537885
0.9852227550101277
0.985221927219765
0.9852287554292516
0.9852413356929505
0.9852466640217185
0.985247013557137
0.9852492346712252
0.9852490528024358
0.9852461278038419
0.9852233483971614
0.9852122980014396
0.9851995051645764
0.9852026523448577
0.985187734758878
0.9851817723717019
0.9851746053665402
0.9851604892779713
0.9851575395421108
0.9851596919764068
0.9851555767272425
0.985161323226065
0.9851703454431772
0.9851762628575029
0.9851643267595918
0.9851583607051301
0.9851504005803026
0.9851385827117914
0.9851213759321799
0.9851256392287967
0.9851117306237211
0.9851127006795322
0.985120014577345
0.9851122101106782
0.9851164198340877
0.9851290978111921
0.985119483055159
0.9851227674100181
0.9851197159600348
0.9851240095068028
0.9851578929515366
0.985169121471352
0.9851495571812646
0.9851425505303611
0.9851491546965842
0.9851714231043203
0.9851766655128508
0.9851765546333943
0.9851627707479337
0.9851686453914353
0.9851621340897064
0.9851675619228746
0.9851761390526719
0.9851682413042622
0.9851657273436751
0.9851592011985799
0.9851604089485153
0.9851738831754678
0.9851647076515552
0.9851701314594499
0.9851587655102529
0.98514834162839
0.9851283284944563
0.9851234657170391
0.9851240283553657
0.9851353392630011
0.9851466600930703
0.9851469144673097
0.9851350858394834
0.9851288114721802
0.9851057310606354
0.9850814125869225
0.9850910395387387
0.98508059080272
0.9850742264372526
0.9850822132703614
0.9850855630296614
0.9850823880393241
0.9850862003262342
0.985088037435373
0.9851108300391095
0.9851276022969286
0.985124580045638
0.9851189963166703
0.9851196720531135
0.9850956709205708
0.9850922767777601
0.9850797235144272
0.9850710218243073
0.985050280550621
0.9850649988285887
0.9850570116415561
0.9850603684196934
0.9850590899171652
0.9850537700981377
0.9850467958038079
0.9850425143265507
0.9850379545815153
0.9850534291922058
0.9850579828886802
0.9850613290627847
0.9850620012544047
0.9850547738720343
0.9850595735378715
0.9850700651660826
0.9850893977779095
0.9851079593474839
0.9851007393454357
0.9850682403356519
0.9850639991236178
0.9850695853581904
0.9850628185301136
0.9850551825306376
0.9850607518983666
0.9850268962033846
0.9850389403134108
0.9850348380055963
0.9850493692619846
0.9850645711258206
0.9850621606909123
0.9850600366002848
0.9850634221743271
0.9850541379317257
0.9850541818069088
0.9850668659653182
0.9850694886494472
0.9850581005097193
0.9850568758947017
0.985056421746554
0.9850566347349536
0.9850514961669025
0.9850425945579265
0.9850466920699195
0.9850401095303472
0.9850345343350996
0.9850377403016531
0.9850466178076479
0.9850520339146468
0.9850544545515464
0.9850564384922632
0.9850476353703773
0.9850367651451124
0.9850457383742798
0.9850469498139247
0.9850538824291545
0.9850678983449942
0.9850768654732877
0.985087726832147
0.9850807779268358
0.9850738567740894
0.9850781078365227
0.9850908498570883
0.9850781807522376
0.9850797780513703
0.9850815797628715
0.9850753530338373
0.9850737447174459
0.9850597865467788
0.9850400518550007
0.9850445140963437
0.985040843296813
0.9850478722338446
0.9850354821757557
0.9850285078404455
0.9850222279757853
0.9850254919544907
0.9850384987841471
0.9850573010344588
0.9850598887753297
0.9850723850121326
0.9850726444102293
0.9850850428095403
0.9851055941755371
0.9851053064542897
0.9851106814503997
0.9851081350874319
0.9851104867797174
0.9851020348476099
0.9851083681625497
0.9850815220948422
0.9850824442865749
0.9850726355322248
0.9850852061842259
0.9850904999293371
0.9850840749844434
0.9850846059917342
0.9850737982186222
0.9850799037662082
0.9850691537334834
0.9850686376703033
0.9850729173592757
0.9850609933367277
0.9850554506467887
0.9850493998755159
0.9850491726381357
0.9850476418019263
0.9850486904069838
0.985049405987133
0.9850409559415677
0.9850494737071662
0.9850391304552462
0.9850445224767882
0.9850410321669837
0.985061713758976
0.9850556641228557
0.9850676549986883
0.9850837200815684
0.9850870959426106
0.9850858976351141
0.9850849185510453
0.9851079774483218
0.9850914039279473
0.9850966354023925
0.9850956078486711
0.9850995597723784
0.9850937973459629
0.9850988490119817
0.9851094416700648
0.9850968877667379
0.9851038581343211
0.9850893906873225
0.9850855316066922
0.9850839024104017
0.9850742423321508
0.9850800191227921
0.9850822655804214
0.9850856762884936
0.9850885836059832
0.985095287209942
0.985099728621055
0.9850983590183195
0.985094523268274
0.9850942985180987
0.9851057754888703
0.9851041731297397
0.9851056144063953
0.9851128756253936
0.9851230620697551
0.9851282181995028
0.9851266146499297
0.9851190846691584
0.9851058732863419
0.985098687571848
0.9851037573256497
0.9851028947249009
0.9850989816349867
0.9851011996908429
0.9850882686343091
0.9850869107770243
0.985087050284182
0.9850905895294128
0.9850870469287402
0.9850886219602788
0.985082069034967
0.9850672728671159
0.9850664418123619
0.9850504538802909
0.9850396130509792
0.9850414572016601
0.9850511831971319
0.985052425676112
0.9850496733120194
0.9850526923721887
0.9850484260161865
0.9850512285007441
0.9850447510428633
0.9850491335158086
0.9850489369274921
0.9850446280550501
0.9850432526248376
0.9850365513037377
0.9850364097378134
0.985050052783149
0.9850463474098174
0.9850618436952915
0.9850675827364204
0.9850644041103721
0.9850723243032736
0.9850724481422312
0.9850755894886764
0.9850777371041738
0.9850765223666115
0.9850758378919358
0.985069870194825
0.9850732620868712
0.9850705648037181
0.9850663204859018
0.9850787717542762
0.9850763539402398
0.9850634063528971
0.9850545257083193
0.985052303659831
0.9850525340118274
0.9850511010859541
0.9850518280058292
0.9850610350134751
0.9850488700598744
0.9850413037744339
0.9850474238835774
0.9850553172576202
0.9850560323490487
0.9850563972594465
0.9850535861267047
0.9850521114456665
0.9850573274810307
0.9850657048588175
0.9850680122180531
0.9850709050066513
0.9850513242378298
0.9850418562886737
0.9850309043161207
0.9850259857254875
0.9850081314322602
0.9850044909694482
0.9850141778361571
0.9849994738071313
0.9850040270692701
0.9850047043708053
0.98500064862345
0.9850047196007289
0.985006922699035
0.9850067985428713
0.9850203626294335
0.9850186874751401
0.9850261588002067
0.9850328413615562
0.9850299432939377
0.9850203808457154
0.9850247410414419
0.9850285709530091
0.9850337101320374
0.9850347836729196
0.9850262391951843
0.9850233666966061
0.9850295470849673
0.9850361189262639
0.9850416380992209
0.9850359070958395
0.985032328845548
0.9850371367658781
0.9850470249636238
0.9850518556643784
0.9850515278677069
0.985050809494634
0.9850485273445496
0.9850413768786233
0.9850480255910371
0.9850378579011543
0.9850369102715762
0.9850448018190755
0.9850389978479841
0.9850344936134031
0.9850419068895087
0.9850569261351318
0.9850608472993382
0.985063635831309
0.9850676292096233
0.9850604924633232
0.985058315519683
0.9850540407656748
0.9850527715909672
0.9850646613496931
0.9850746151601586
0.9850837757548385
0.9850843248115781
0.9850829428219554
0.9850836682685084
0.9850758031991421
0.9850676780186556
0.9850715728811874
0.985065259710676
0.9850630305409509
0.985065088830782
0.985062293909265
0.985065519626677
0.9850727139625269
0.9850731225617299
0.9850779140797326
0.9850652708873134
0.9850616040913376
0.9850619953652432
0.9850679456127645
0.9850706764095953
0.9850709525660296
0.9850637658318709
0.9850677370983225
0.9850649489461587
0.985061872872653
0.9850587950008673
0.9850445087696813
0.9850415741059828
0.985043298431494
0.9850485199677522
0.9850469547251501
0.9850560278636347
0.9850693848172244
0.9850740210105734
0.9850788909719405
0.9850844072127581
0.9850884958707031
0.9850925808812598
0.9850860669928083
0.9850957553934646
0.9850964402384669
0.9851025694286675
0.9850973619742207
0.9850983646512034
0.9850947295239776
0.9850983910506795
0.985092608816564
0.9850899908631391
0.9850897913809267
0.9850984767963444
0.9851080074471866
0.985105734167653
0.9851042015554679
0.9851099468941326
0.9850999622466564
0.9851065095679944
0.9851063041945077
0.9850964183956324
0.9850948898521477
0.9850960214246345
0.9850951353028513
0.985090669661354
0.9850878012966319
0.9850696863131078
0.9850647282341148
0.9850691738584615
0.9850732303871557
0.9850736561531982
0.9850771860591192
0.9850752444055645
0.9850839582547593
0.9850914615202391
0.9850958430273598
0.9850898645168109
0.985078545236021
0.9850683955311217
0.9850643607795684
0.9850573347598037
0.9850651434632565
0.9850655387888133
0.9850742570421034
0.9850773854876832
0.9850784031570182
0.9850774123650804
0.9850737029971329
0.9850657898819472
0.9850712502562071
0.985056388969232
0.9850536414447487
0.9850477982020508
0.9850412371902488
0.9850478836800902
0.9850483296240516
0.9850499686979494
0.9850520310679178
0.9850526680659333
0.985055506293633
0.9850578238017573
0.9850514760448904
0.9850498574989008
0.9850501103241693
0.9850503125433506
0.9850483172174254
0.9850371660022823
0.9850370959196991
0.9850372537705254
0.9850417731249606
0.9850430854383974
0.9850431473400774
0.985041838304191
0.985050869403232
0.9850519913026323
0.9850563914338883
0.9850540964861645
0.9850593825429992
0.9850665721016235
0.985069024334285
0.9850681008885688
0.9850630480409949
0.9850631854393579
0.9850642527038117
0.9850634386425061
0.9850596652546204
0.9850583442835843
0.985068100392971
0.9850721822877575
0.98507667453622
0.9850765286615406
0.9850723403908926
0.9850709082012108
0.9850722897882157
0.9850696394099826
0.9850767659098926
0.9850745569465099
0.9850791713824377
0.985079153975128
0.9850801980086177
0.9850839828994437
0.985087579476054
0.9850924619609189
0.985094310653641
0.9850991193220849
0.9850968505731491
0.9851044246880437
0.9851049451469545
0.9851194025449517
0.9851151440618766
0.9851119025389586
0.9851028173112444
0.9850936946100882
0.9850915638461537
0.9850917960122494
0.9850892507046994
0.9850913264675212
0.9850924912766484
0.985088915303865
0.9850885002387892
0.985090091879137
0.9850869631727674
0.9850841053976026
0.9850919328527856
0.9850910203231863
0.9850980921249198
0.98509803228809
0.9850950760007889
0.9850941467164014
0.9850906633705403
0.9850914025556066
0.9850832835816743
0.9850878019431787
0.9850929086092036
0.9850953400228333
0.9850829677667954
0.9850875301415154
0.9850818294836654
0.9850864848001348
0.9850962917764443
0.9850938784996546
0.98509492190068
0.9850873927228553
0.9850890454757814
0.9850950700520599
0.9850943779287901
0.9850896489606393
0.9850953624352917
0.985092214072253
0.9850875452256859
0.9850884324788192
0.98509256290783
0.985095030812766
0.9850977971595367
0.9851039692256017
0.9851158890156625
0.9851040653608908
0.9851035870949554
0.9850940519957299
0.9850917526592203
0.9850890040214209
0.9850829645278205
0.9850835725135734
0.9850872795627449
0.985088771530454
0.9850920873860658
0.9850873915803988
0.9851033265016965
0.9851013744199258
0.9850975651606719
0.9851020090072694
0.9851037788277832
0.9851008721097739
0.9850965737170493
0.9850990495446859
0.9851019390220318
0.9850979123410639
0.9851008990260275
0.9851029842323767
0.9850973262026131
0.9850994199336458
0.9850999334347053
0.9850930414459914
0.9850988133213063
0.9850911686437971
0.9850824879503164
0.9850834166827509
0.9850895278607198
0.9850812839139192
0.9850794855467013
0.9850734499835789
0.9850661575953766
0.9850723227780499
0.9850725649153624
0.9850707026111628
0.9850700933124567
