0.9691721659966895
0.9826288664834392
0.9859032471501368
0.9873126349980321
0.9867994358557972
0.9880066833609646
0.9879819112621074
0.9886480392570235
0.9889461016385483
0.989283176464599
0.9889723893673865
0.9885612892069379
0.988982725512478
0.9888097095364837
0.9887257859237235
0.9889763262513355
0.9892047744938339
0.9892419675144071
0.9891552966941216
0.9891914425737597
0.9889091245780509
0.9889976113570594
0.9895453725755493
0.9896237247254175
0.9896765171373261
0.9899921378550031
0.989834388646867
0.9899349013878911
0.989843526044343
0.9898708022013647
0.989868853538898
0.9898563351398999
0.9897423438194064
0.9898682854232055
0.9898713710140403
0.9899158705836546
0.9899905303218883
0.9898824432868236
0.9899217740853812
0.9898712362532874
0.9900737191550425
0.99016013981536
0.9902005740122296
0.9901884723052518
0.9901003160457025
0.9900285402639247
0.9900910874334315
0.9900997943926052
0.99001395950805
0.9899015476363763
0.9900265931019869
0.9899014409168094
0.9899344491044595
0.9899614380393501
0.9898708477969946
0.9899227179643966
0.9899906938172631
0.9899978722652499
0.9899608826380847
0.9899919054970686
0.9899789022561213
0.9899867621574386
0.9900546273611885
0.9900857222774498
0.9900246486877886
0.9900195291833849
0.9900941861447408
0.9901375132712135
0.9901091023246136
0.9900245184721483
0.9901023162886139
0.9901048325767988
0.9901222433180759
0.9901195687668177
0.990128933125089
0.9901086997563808
0.9901302803818091
0.9902014429741501
0.9901625517452148
0.9900733196076613
0.9900241806155785
0.9900324098640787
0.9900868234950744
0.9901111416309814
0.9901790499716978
0.9902074930278348
0.9902518914113303
0.9902415792873388
0.9901425262920666
0.9901470263486616
0.9901624884628114
0.9900807486453375
0.9900746137534293
0.9900813713787755
0.9900571834622806
0.9900681145385766
0.9900099387117196
0.9900273731569599
0.9900509805350488
0.9900224780203091
0.9900128056160786
0.9900616743563634
0.9900478925887569
0.9900740073484209
0.9900216688604516
0.9899815438437529
0.9899743006179479
0.9900700438686798
0.9901090251690022
0.9901547753076044
0.9902083740320797
0.9902620023586866
0.9902426949214562
0.990225073353981
0.9902032894133427
0.9901934154067196
0.990169725976969
0.9901856806914522
0.9902167862189409
0.9902624353390428
0.9902582452479503
0.9902771381446405
0.9902458456580303
0.9902200655285216
0.9902419783543096
0.990245665361055
0.9902112489509293
0.9902270576180765
0.9902006059895464
0.9901800774266644
0.9901869246553391
0.9901655166141514
0.9902152446500595
0.9902091924808591
0.9902197353076998
0.9902003958250668
0.9901573857842426
0.9901854885881249
0.9901669734838765
0.9901818252478811
0.9901619306716687
0.9902128000277948
0.9902066192878265
0.9902297220818628
0.9902411161789292
0.990266123401884
0.9902619620991233
0.9902644226409694
0.9902562090123966
0.9902496695212893
0.9902388335201016
0.9901987475739151
0.9901917875931526
0.9902134319617419
0.990190390667789
0.990194425594621
0.9902206989060108
0.9901928148347416
0.9901631968244475
0.9901547225847404
0.9901714756897195
0.9901376576065105
0.9901522177876375
0.9901721952759845
0.9901501531867788
0.9901072409672184
0.9901275263746842
0.9901558938194659
0.9901696111862643
0.9901729275553834
0.9901635732267291
0.9901831388723854
0.9901679548846406
0.9901732056926862
0.9901770729218667
0.9901755781849356
0.9902010273385375
0.9901889076568842
0.9902012072860619
0.9901920751000215
0.9901871349568527
0.9901556206134005
0.9901182061959755
0.9901121530493505
0.9901056481061508
0.9900770952969615
0.9900736231925069
0.990037189431496
0.9900445848394777
0.9900565732752225
0.9900916376180942
0.9900946787206525
0.9900759652944724
0.990073420274114
0.9900958005287133
0.9900935215931852
0.9900954179846218
0.9901000333186657
0.9901232230161423
0.9901061285519744
0.9900750528632165
0.9900797777319688
0.9900850142727237
0.9900430008919776
0.9900671369188004
0.9901153077516617
0.9901134595098244
0.9901006320676086
0.9901216135165606
0.9900943406972436
0.9900843340733227
0.9900714779973471
0.9901009252299255
0.9901106509768629
0.9901496098856163
0.9901472408482467
0.9901867378554179
0.9901857673204356
0.9901936418615025
0.9901726813412434
0.9901786246264814
0.9901894318980593
0.9901995315227868
0.9902062269937733
0.9901944673045083
0.9901679205670163
0.9901430849116422
0.9901252616126531
0.9901150612688163
0.9901170640454164
0.990159488149323
0.9901655920998023
0.9901654050861408
0.9901802381163837
0.9902063259589783
0.9902281659627946
0.9902063490630398
0.9901934488365349
0.9902020137680198
0.990194157570687
0.9901901023395969
0.9901790968064175
0.990174422124915
0.9901989860866408
0.9902016968690076
0.9901965904675176
0.9902118081553553
0.9902240664939591
0.9902448184915376
0.9902523862224843
0.990266844163489
0.9902728823498005
0.9902521214922345
0.9902528310687866
0.990268096868337
0.9902677061304797
0.9902366262144392
0.9902458838021164
0.9902357436951655
0.9902332680024961
0.9902236553454637
0.9902282854528658
0.9902357749911265
0.9902284817705156
0.9902302961386463
0.9902388192774843
0.990228262530336
0.9902324793769358
0.990221920113408
0.9902142450580512
0.9902378410399306
0.9902479620637102
0.9902402620320102
0.9902349240914704
0.9902463494708179
0.9902474714753008
0.9902335751294673
0.9902063461355677
0.9902143329701768
0.990212460563278
0.9902133810434776
0.9902340976747689
0.9902134814228457
0.990221621669598
0.9902178021013178
0.9902164713741277
0.9902203813118517
0.9901978868059655
0.9901832984044167
0.9902024710215735
0.9901958297288088
0.9901994989459542
0.9902175352962451
0.9902458003190995
0.9902581889441365
0.990262031567795
0.9902512325671939
0.9902608157785736
0.990262147753679
0.9902406820967714
0.9902386176356045
0.9902356521915794
0.9902322789999318
0.9902294569845365
0.9902437374165728
0.9902575199633251
0.9902742462451889
0.9902441241087343
0.990236064616692
0.990239522848429
0.9902500811396404
0.990245564642726
0.9902445093626756
0.9902570002984571
0.9902589058560574
0.9902398238096214
0.9902372819651172
0.9902481470970319
0.9902542100640752
0.9902501978083462
0.9902578095409074
0.9902760479783929
0.9902621381282536
0.9902815475694279
0.9902727434926589
0.9902887972548025
0.9902993041791149
0.9902935689344461
0.990318398077161
0.9903220028655251
0.9903240266088348
0.9903395978645252
0.9903455954196466
0.9903714474626281
0.9903784241217184
0.9903921128022529
0.9904009454554369
0.9904043847421752
0.9904139866409634
0.9904017158835138
0.9903884300593323
0.9904091002217862
0.9903911889799824
0.9904067373053574
0.9903906905181833
0.9903831123701027
0.9903752530079685
0.990379783520849
0.990377370233895
0.9903783245511182
0.9903705939670536
0.9903573735355994
0.9903471928694181
0.9903492936177729
0.9903417174842395
0.990346645734244
0.9903553647881712
0.9903611037699963
0.9903602708364301
0.9903747249817924
0.9903712223184565
0.9903975917242882
0.990401207872066
0.9904010107922541
0.9904032618657342
0.9903995072896133
0.9904043439835059
0.9903900911428186
0.990387057073717
0.990393251459335
0.9903825654649171
0.9903785500474178
0.9904095311576032
0.9903975203650097
0.9904107857035415
0.9904048435297572
0.9903949790643711
0.9903949311500234
0.9903928247111661
0.9903801385391908
0.9903809787791487
0.9903811154586163
0.9903775271707155
0.9903699310752841
0.9903513385209989
0.9903527785918328
0.9903644773725169
0.9903600725515185
0.9903669328304688
0.9903561766943945
0.9903443365807987
0.9903612773132525
0.9903603514058376
0.9903573306670385
0.9903585365916797
0.9903631251236337
0.9903511156221565
0.9903455994656356
0.9903448289790726
0.9903565011591463
0.9903448549895957
0.9903430331058003
0.9903377767652642
0.9903316533901341
0.9903195983958017
0.9903317672477454
0.9903286043126143
0.990324979880151
0.9903225030717744
0.9903416111753368
0.9903478178995456
0.9903492649061486
0.9903365399121621
0.990343575203887
0.9903422172688613
0.9903402672452124
0.9903493326887679
0.9903406161790794
0.9903318550233216
0.9903370641187206
0.9903270725620223
0.9903301972436406
0.9903278410142149
0.9903102294631274
0.9903102798100908
0.9903066311524047
0.9903061695875252
0.9902876093300188
0.9902979823407614
0.9903043804907451
0.9902974822063374
0.9903125151213857
0.9902928936582859
0.9902806712937069
0.9902747258617843
0.9902669058148282
0.9902439751532479
0.9902510737016837
0.9902522457678221
0.9902448346240961
0.9902477586996118
0.9902405124018105
0.9902398453183381
0.9902466834178473
0.9902361048112299
0.9902399888651723
0.990242340778796
0.9902451287652994
0.9902441869517019
0.9902541679204284
0.9902512380753706
0.9902575223875445
0.9902563253583903
0.9902647139743497
0.990262530018267
0.9902793868890164
0.9902808814703706
0.9902820241311717
0.9902781205768154
0.990271829803365
0.990269348435761
0.9902728145395464
0.9902852076540211
0.990288012357615
0.9902885424689928
0.9902829895319806
0.9902887432718189
0.9902811641009039
0.9902929120622794
0.9902803730368143
0.9902752702396467
0.9902812933704488
0.9902895594827105
0.990295655813659
0.9902942259316878
0.9902811886021835
0.9902816916389199
0.990285077936118
0.9902897791344891
0.9902884444033059
0.9902890244034472
0.9902822879285564
0.9902692129267722
0.9902764292097367
0.9902920678685412
0.9902898871097018
0.9902902637032859
0.9902979887382494
0.9902963708942922
0.9902836224502087
0.9902799950791553
0.9902746586595463
0.9902763079116688
0.9902758373101831
0.9902696808158737
0.9902756026483501
0.9902728742185914
0.9902648470119441
0.9902726708726312
0.9902786693684201
0.990290189462768
0.990292440496931
0.9902909964670744
0.990296525949744
0.990302215856823
0.9903136063991403
0.9903184507309732
0.9903146977860766
0.9903108790741232
0.9903153036321746
0.9903221186225394
0.9903154214359968
0.9903229047575758
0.990323461279407
0.9903330801654616
0.9903356369107724
0.990321942591597
0.9903253108517036
0.9903229765634496
0.9903461583796159
0.9903367893068473
0.9903466393078783
0.9903547488467251
0.9903521317268702
0.9903450535538804
0.9903398734163399
0.9903455466323762
0.9903423747303564
0.9903360567082363
0.9903242906634633
0.9903194251849509
0.990312903744408
0.99029666075526
0.9902974854489788
0.990302080312105
0.9903067431074332
0.9903194180586905
0.9903203066995838
0.9903197969069776
0.9903245278579182
0.9903216598139707
0.9903173613088777
0.9903145276387183
0.9903140684248516
0.9903148017780549
0.9903084145426502
0.9903086189225274
0.9903093988439002
0.9903073897825462
0.99030630253794
0.9903090523032249
0.9903071198485285
0.9902979595834711
0.99030219528382
0.9903033114728975
0.9903079411369032
0.9903026489488954
0.9903017571264019
0.9902970952093905
0.9902964070009034
0.9903052816038345
0.9903078711879125
0.9903041053437835
0.9903056208515445
0.9903110321231112
0.9903135471714836
0.990302384126655
0.9903076150382483
0.9903008839609458
0.9902988939258902
0.9902974188334314
0.990298661771623
0.9903059577651847
0.9903106749450531
0.9903094879173084
0.9903131873944024
0.9903187808785938
0.9903179954833228
0.9903179899781305
0.990315381931409
0.9903215827515854
0.9903272870537078
0.9903312993841723
0.9903320973438073
0.9903379268806071
0.9903387386774523
0.9903433197360755
0.9903500789356162
0.9903498967058215
0.9903487596376493
0.9903462953440264
0.9903514942506673
0.9903524003523445
0.9903532553439757
0.9903582405704091
0.9903569543807896
0.9903533854664841
0.9903552335332361
0.9903612769242478
0.9903643915088879
0.9903647814056548
0.9903712079176156
0.990382223801836
0.9903866540780288
0.990385632537557
0.9903903638137959
0.9903957978075307
0.9903876825046083
0.990388693177502
0.9903807566328013
0.9903890112871723
0.9903864173405224
0.9903926085018749
0.9903806406519019
0.9903927358438308
0.9903858360694318
0.9903926379541973
0.99039078130571
0.9904011668564665
0.990398306561333
0.9903957549978346
0.9904099708051827
0.990404539438244
0.9904045527551681
0.9904049955760017
0.9904121556832447
0.9904137220093389
0.9904120985216938
0.9904151112479475
0.9904140455664316
0.9904175344071319
0.9904220611519867
0.9904205395541139
0.9904271958355292
0.9904324611932708
0.9904356414113012
0.9904391123949801
0.9904522111344468
0.9904551921343407
0.9904549897680232
0.9904618478426008
0.9904632805175284
0.9904705381381197
0.9904700899071438
0.9904644829123714
0.9904725971032029
0.9904737619928345
0.9904725040942389
0.9904804820509643
0.990475270394733
0.9904867519059234
0.9904850282336878
0.9904942119954684
0.9904982168211752
0.9905041324457661
0.9905080672268777
0.9905112343682467
0.9905046258776757
0.9905064114540327
0.990504192738759
0.9905018558846521
0.9905051130619795
0.9904983860240993
0.9905068929009012
0.9904983695960909
0.9904934850841909
0.9904916103305083
0.9904913629979263
0.9904873951073414
0.9904972947624526
0.9905052561405188
0.9905048136821609
0.9905009541046618
0.9905109686637064
0.9905137660035711
0.9905159373681633
0.9905151959484064
0.9905164022754205
0.9905174124769719
0.9905152915141974
0.9905099553761947
0.9905129191884849
0.990512756397942
0.9905084218187755
0.990501931332185
0.9904962879705383
0.9904926035748363
0.9904987268299145
0.9904927003796645
0.990491839177917
0.9904866404298809
0.9904865546849595
0.990477454127423
0.9904806661238124
0.9904755716116816
0.9904656148161602
0.9904688549165517
0.9904715225047961
0.9904792206139685
0.9904809468094953
0.9904870925633986
0.9904793906259048
0.9904802034495759
0.9904811999949398
0.9904724479824092
0.9904717537993347
0.9904663686076933
0.9904594438582895
0.9904530290799151
0.9904537918397938
0.9904556470036258
0.9904609834898828
0.9904619011568716
0.9904556455813648
0.9904558408173753
0.9904560527660394
0.9904582998215984
0.9904555882147871
0.990462536815678
0.9904629890974261
0.9904516815934535
0.9904521409627723
0.9904451046138295
0.9904504575361666
0.9904547076877721
0.9904525780344337
0.9904511812959977
0.990454476342805
0.9904633450925208
0.9904655080724023
0.9904606170917791
0.9904662405222584
0.9904683434770266
0.9904707640406225
0.990470694966856
0.9904765299391459
0.9904719625169779
0.99047481661315
0.9904757415013855
0.9904751831540948
0.9904746654723198
0.9904717090230137
0.9904724078442515
0.9904648234986068
0.9904661504119371
0.9904671376047182
0.9904661164539567
0.9904700179004539
0.990462772949308
0.9904596040782376
0.9904622812920485
0.9904652906341762
0.9904639983268461
0.9904665632252982
0.9904712626136222
0.9904611200703576
0.9904556797700764
0.9904527090224534
0.9904551223732927
0.9904463111252516
0.9904493951819595
0.990447982790345
0.9904386149859393
0.9904441797919254
0.9904460600590663
0.990449091199074
0.9904422261989462
0.9904477281569716
0.9904493166132128
0.9904482836345537
0.9904473924203442
0.9904465444447503
0.9904406915431794
0.9904495550427621
0.9904515004018205
0.9904540116453245
0.9904511615065866
0.9904532972917129
0.9904624639730032
0.9904632162240496
0.990466756503941
0.9904593720599392
0.9904573913638025
0.9904611479444573
0.9904630751228992
0.990457551051331
0.9904609996299204
0.9904666111582174
0.9904653605733147
0.9904659999439739
0.990469259475419
0.9904713306244382
0.9904715942803073
0.9904771246221704
0.990476005560369
0.9904718005249987
0.990466139275602
0.9904613996668322
0.990455444174488
0.9904628689435012
0.9904657898484992
0.9904583549211508
0.9904587513896586
0.9904558224430162
0.9904603543858763
0.9904534528120885
0.9904554676792932
0.9904512311751512
0.9904499130764428
0.9904480272134749
0.9904482452874047
0.9904465997282741
0.9904500545238797
0.9904489659199411
0.9904499487541477
0.990447971440386
0.9904508456557851
0.9904585833887036
0.990460615976826
0.9904601246255957
0.990459462896799
0.9904599361303595
0.9904599755616852
0.9904651764887819
0.9904616885631622
0.9904598430636474
0.9904632992381044
0.9904621459939106
0.9904583064884946
0.9904536667219681
0.9904512789739675
0.9904523965520536
0.990460662742089
0.9904637892090101
0.9904650669066669
0.9904733884171428
0.9904714943296811
0.9904691541998437
0.9904716475817364
0.9904709530850815
0.9904723096855301
0.9904708541831149
0.9904676053983567
0.9904631192671999
0.990463356747858
0.9904575063740543
0.9904581129000896
0.9904594437186381
0.9904605808866636
0.9904602598264285
0.9904637176563147
0.9904591718869024
0.9904555693767675
0.9904621073183344
0.9904571402576723
0.9904507158292782
0.9904478245006687
0.9904443418008946
0.9904447024877915
0.9904347944052736
0.9904343959650518
0.9904361116670475
0.9904303579805779
0.9904258238183868
0.9904296753813361
0.9904205657010529
0.9904200349938433
0.9904170132328842
0.9904203659575834
0.9904120957904387
0.990410264073494
0.9904080761563324
0.990405567596472
0.9903997371731315
0.9904003059058255
0.9904045478209275
0.990401791494375
0.9903989834820922
0.9904013066692335
0.990406286605538
0.9904036852316185
0.990413098858303
0.9904152919121537
0.9904062373276439
0.9904104913397829
0.9904122592293755
0.9904105124779504
0.990418012042794
0.9904172395094311
0.9904126818585999
0.9904096523015081
0.9904085879736014
0.9904133689636918
0.9904125091906105
0.9904160774870515
0.9904121212231408
0.9904100022504452
0.9904088290654843
0.9904052379488689
0.9904042893517542
0.99039981058626
0.9903971048128951
0.990398875665322
0.9904063414599616
0.9904060469851245
0.9904081756222448
0.9904106860721686
0.9904005719603437
0.9904034152549989
0.9904108405605241
0.9904072898766341
0.9904073377201841
0.9904074992636698
0.9904053675633119
0.9904007059121214
0.9903989580294194
0.9903972208978232
0.9903927382485573
0.9904025551469583
0.9903940898976843
0.9903974665094581
0.9903994938039353
0.9903981079637325
0.9904021446175695
0.9904053774871852
0.9904024992371687
0.9903992653394289
0.9904012027332644
0.9904020102740951
0.9903990919634427
0.9904007836676313
0.9903946280953432
0.9903981591035903
0.9904001198809222
0.9904031518024113
0.9903979341814506
0.990391231927443
0.9903942105511089
0.990397443797411
0.9903906770195554
0.9903896967618997
0.9903848525792188
0.990385581597105
0.9903898465139159
0.9903889008056879
0.9903909248384757
0.9903834226322579
0.9903777679798887
0.9903847608149317
0.9903891909444952
0.9903971353289193
0.9903991183619164
0.9903970793558151
0.9903930660694993
0.9903956885355739
0.9903995543082255
0.9904047143304606
0.9904052778356516
0.9904060033745066
0.9904184080906916
0.990418509814372
0.9904159392356622
0.9904129088075709
0.9904121923779576
0.9904147519490516
0.9904094984086877
0.9904072524457437
0.9904090403321949
0.9904142184308178
0.9904192203632932
0.99042105541734
0.9904289409679349
0.9904259947920055
0.9904178027007849
0.9904245332283826
0.9904278666474916
0.9904272516423495
0.9904260537907421
0.990428769325501
0.9904355526711073
0.9904359997085395
0.990429393986383
0.9904281574185126
0.9904287652415957
0.9904260325948775
0.9904220887280011
0.990425543332013
0.990427395597201
0.9904255051499891
0.9904254279562652
0.9904245520629851
0.9904242909814999
0.9904232888355623
0.9904173662188366
0.9904185880621583
0.990422469683804
0.9904172725425205
0.9904179808132985
0.9904164345400319
0.9904158447150357
