0.9665605020512485
0.9727175510009947
0.9730959316697173
0.9754003960172869
0.976079798545577
0.9785311118666482
0.9785824046531701
0.9798037258522703
0.9794336931023783
0.9796642636289048
0.9800134986185445
0.9807869916610585
0.9807253887393838
0.9801061094677689
0.9804841359882519
0.9802155753006633
0.9803438155597914
0.9804195788765286
0.9804044155378573
0.9802033234936454
0.9802341640081269
0.9801359337857023
0.980409509595932
0.9803429953214141
0.9803046936288436
0.980569987150365
0.9807414369058466
0.9808366216559852
0.9808193969741951
0.9808528341821291
0.9807515369926347
0.980832413917735
0.9806707178005474
0.9808161295988405
0.9809124853392766
0.9809129905263456
0.9808197013232413
0.9808888181960496
0.9810751900074736
0.9812858125582941
0.9814051330671127
0.9814619998242533
0.9815393317749256
0.981521559907737
0.9814183518047441
0.9813017651352136
0.9812753086653337
0.9812675444412843
0.9811539322739774
0.9810920715625011
0.9811497616758449
0.9812068009205268
0.9812200892594496
0.9810992238933602
0.9810760435697335
0.9811090119480143
0.9811312286183961
0.9811200710864852
0.981013052812375
0.9811031615172772
0.9809705313489269
0.9809303441802683
0.9809913903104127
0.9810845559681699
0.9810345885206984
0.9810181778524549
0.9809931062518771
0.9809820869692685
0.9809326863237787
0.9809510994362411
0.9810162758819235
0.9810429485248404
0.9809411436120443
0.9808523755276339
0.9808067582425489
0.9807014138557577
0.9807381167666377
0.9807682559964014
0.9808466481700742
0.9808770176109385
0.9807952322272158
0.9808237880954299
0.9807896781844581
0.9807910107719491
0.9809182501060306
0.9809495341758554
0.9810051250300938
0.9810192319241829
0.9809532433395732
0.9809841169185036
0.9809887580717468
0.9809547712833621
0.9809262028689707
0.9808793071078722
0.9808867362510847
0.9807979642889973
0.9807102534958461
0.9806993525107361
0.9807537745953923
0.9808405817160138
0.9807597545409859
0.9808012814763021
0.9808330563911144
0.9808103412549797
0.9806677771308389
0.9806215154480049
0.980566331751204
0.9805421356556808
0.9805625487928596
0.9805903962249249
0.980535032463564
0.9805587670238314
0.9805293947617661
0.9805301893110547
0.9804091830555899
0.9804650014498948
0.9804761913706321
0.9805492310490309
0.9805405155751383
0.98060123741634
0.9806291224751857
0.9807238206175684
0.9806927796426522
0.9806416474843194
0.9806371724460121
0.9805988972708666
0.9805709012588635
0.9806136744005314
0.9806951396402117
0.9806661913500951
0.9806935130141896
0.9806945367361314
0.9807433053999257
0.9808040147093736
0.9807479100058674
0.9807946307070396
0.9807774999800238
0.9807359022300365
0.9807242135112252
0.9808069048290992
0.9808067990875923
0.98082267288313
0.9808092017017319
0.9808820656448333
0.9808725697925056
0.9808617909832431
0.9808859785861981
0.9808679360234607
0.9808343036273528
0.9808209188541002
0.9808168846420303
0.9807947589624708
0.9807693919838062
0.9808061620775357
0.9807753611902683
0.9807698891661601
0.9807195898700626
0.9806782667785372
0.9806878449003944
0.9807176885763615
0.9807030626436618
0.9806742133819493
0.9807014814626271
0.9807652419231218
0.9807454832220204
0.9806876306785787
0.980701770360546
0.9806949395908784
0.9807624445103802
0.9807866281171066
0.9808123548719324
0.9808611712867822
0.9807940448792158
0.9808105572764354
0.9807895454257585
0.9807893868049082
0.9808487537655474
0.9808019005474752
0.9807594924911605
0.9807595737920618
0.9807407308576727
0.9807247071900175
0.9806972455023528
0.9807007805389518
0.980670301283194
0.9806617788064593
0.9806329569270943
0.9806117900477963
0.9806498483884816
0.9806220264792763
0.980632045605802
0.9806665517422056
0.9807132389472235
0.9807061716922398
0.980693348878261
0.9806826166686988
0.980662605434677
0.9806701362839225
0.9807037651212244
0.9806963358457357
0.980655127380111
0.9806075743024291
0.9805791031161712
0.9805592149590572
0.9805810478107504
0.9806317584436348
0.9806189906671968
0.9806062011362628
0.9805991357283484
0.9805509199511493
0.980588980451507
0.9805904832945246
0.980589018485681
0.9805789290528105
0.9806181495055695
0.9806211418683972
0.9806909494396979
0.9806784989183059
0.9806876931214645
0.9807041376752503
0.9807162653390522
0.9807395717468266
0.9807538022258387
0.9807657386132623
0.9807964380743878
0.9807990073226387
0.9807462874846745
0.9807374530560898
0.9806913170769154
0.980689284788133
0.9807069601421434
0.9807013891636447
0.9806922620582831
0.9807514619302111
0.9807345119141038
0.9807380053391582
0.9807005919537958
0.980732837037802
0.9807647099048104
0.9807210695139952
0.9807200653873432
0.9807096537611671
0.9807336946837801
0.980756435070355
0.9807584141545157
0.9807344951290622
0.9807320621584421
0.9807784009268375
0.9807775271346386
0.9807907592983278
0.9807944716475
0.9807737913256681
0.980749658734297
0.9807463690602882
0.9807558902159521
0.9807788619516924
0.9807612328183062
0.9807786243004092
0.9807764652702967
0.9807500979117163
0.980750310020499
0.9807272384217612
0.9807088926679569
0.9807127398529919
0.980727279751686
0.9807099491751443
0.9806728096664222
0.9806719007446775
0.9806997724347619
0.9806879226504017
0.9806897037373817
0.9806940832072412
0.9806850663948061
0.9806792967480094
0.9806832349399126
0.9806924448122154
0.980685089631293
0.9806818264325994
0.9806991790243862
0.9807030212774301
0.9807268997417401
0.9807245279577375
0.9807083358657811
0.9807397882855832
0.9807469075714393
0.9807424275168981
0.980751860832563
0.9807408793165252
0.9807342341245496
0.9807569153236338
0.9807410268961394
0.9807349714284236
0.9807495721128562
0.9807760633516982
0.9807853278572574
0.9807727223423709
0.9807703574355116
0.980765305990538
0.9807517785383901
0.9807181815442837
0.9807084897120544
0.9806842285060525
0.9806959705203875
0.9806912604611133
0.980697894155805
0.9807237564512995
0.9806936059056874
0.9807069628031753
0.9806811144313283
0.980670793063147
0.9806677378755704
0.9806287901115177
0.9806256286035798
0.9806512957939233
0.9806596866754299
0.980640711169053
0.9806313215585936
0.9806386795275258
0.980615712985536
0.980590968960428
0.9806051612770458
0.9806065697411376
0.9806340419735765
0.9806493247471162
0.980672007406677
0.9806648225048308
0.9806652967107604
0.9806778202928688
0.980672320175483
0.980676150290267
0.9806564043145041
0.9806737285545025
0.9806523459756297
0.9806751955182913
0.9806862016091741
0.9806870501282425
0.9806829324109086
0.9806790844842633
0.9806672857978921
0.9806626177436417
0.9806521262642911
0.9806774087709852
0.9806750303393483
0.9806929457864647
0.9806934476910993
0.9807306124542001
0.980748431505813
0.9807463248083178
0.9807463415696989
0.9807419569512531
0.9807450398221956
0.9807442673788147
0.9807351581685941
0.9807541680428716
0.9807444515387405
0.9807533335485346
0.9807441798202069
0.9807502100981553
0.9807672325999532
0.9807718130688838
0.98075496001215
0.9807812122693521
0.9807886015759538
0.9807879766724149
0.980755973379025
0.9807500876170869
0.9807438013344825
0.9807557064471432
0.9807686863096735
0.9807760599395006
0.980758728261643
0.9807821012123085
0.9807958450440774
0.9807844545547579
0.9807987706174017
0.980786825707154
0.9807810579703429
0.9807650481267068
0.9807545799303
0.9807693698487535
0.9807892757151073
0.9807861839680271
0.9807845474850849
0.9807775700014955
0.9807670508980434
0.9807824303645359
0.980791286922206
0.9807934662605026
0.9808217016202899
0.980806725272732
0.9808065710147281
0.9808126728840593
0.9808052993834724
0.9808153011925046
0.9807977956404533
0.9807945799575031
0.9807653754615251
0.9807493755824959
0.9807457570524916
0.9807556178089112
0.9807580876537456
0.9807650666693212
0.9807510527655923
0.9807481901406923
0.9807395279238453
0.9807342974879139
0.9807397567960545
0.9807340129155034
0.9807317133118167
0.980730657623569
0.9807466841283876
0.9807335483893328
0.9807321283784093
0.9807304399105835
0.9807236647914688
0.9807381647559621
0.9807095906650891
0.9806996339634082
0.9806713635858703
0.9806705010297072
0.9806545136841887
0.980656339761469
0.9806629667249349
0.9806393346695874
0.9806423889744496
0.9806469630477208
0.980668580780434
0.9806701419563894
0.980659477044617
0.9806712043881018
0.9806681294503614
0.9806637433872423
0.9806271846422906
0.9806295540916442
0.9806204795421802
0.9806153757008458
0.9806055884130067
0.9806209006243672
0.9806272624610916
0.9806335118215159
0.9806176462853917
0.9806157193059867
0.9806213150071464
0.9806424087059595
0.980656979307538
0.98067244961334
0.9806765898480729
0.9806697651216028
0.9806872266795587
0.9807193695758865
0.9807407263182931
0.9807444702993147
0.9807262501684921
0.9807382888380152
0.9807282257420161
0.9807561156756059
0.9807601741465477
0.9807731254768053
0.9807833642566929
0.9807738876718465
0.9807936781852565
0.9808121058817886
0.9808146241825841
0.9808298894985543
0.9808304307199948
0.9808222877813464
0.9808252007752778
0.9808154210328485
0.980813900331077
0.9808187523758286
0.9808245711203448
0.9808224685739975
0.9808222391826534
0.9808283048283236
0.9808009672135858
0.9808065225704568
0.9808127686041807
0.9807915892479004
0.9807867159979515
0.9807891977133889
0.9807886573089633
0.9807959518783825
0.9808058123122039
0.9808117628479452
0.9808370987098969
0.9808550190171467
0.9808413782065116
0.9808439029581929
0.9808233474713965
0.9808080578607917
0.9808137813082262
0.9808164065291529
0.9808048058057439
0.980794910939939
0.980797047872625
0.9807905112421887
0.9808072992202783
0.9808086155550525
0.9808163726615907
0.9808203691320596
0.980819996517582
0.9808247511355792
0.9808251753518143
0.9808379713455478
0.9808408648880657
0.9808474104393882
0.9808312542217362
0.9808322709198707
0.9808243863284419
0.9808326244632659
0.9808354434861415
0.9808356464247537
0.9808405050810405
0.9808364552448915
0.9808447286800694
0.9808476394348965
0.9808348791138718
0.9808411802304307
0.9808385122748988
0.980856682659841
0.9808420366576863
0.9808453349420378
0.9808649581524622
0.9808612296423904
0.9808589738000691
0.9808626147045566
0.9808652001042144
0.9808518067068213
0.9808576568449062
0.9808516444853504
0.9808467355114471
0.9808348494465472
0.9808305207398156
0.9808355119675384
0.9808321158213676
0.9808299666885092
0.9808322493572915
0.9808345267869195
0.9808209139273526
0.9808337030700249
0.980840057880251
0.9808405525953106
0.9808454157242154
0.9808488302631133
0.9808573027208051
0.9808673203911518
0.9808646958976778
0.9808439012462483
0.980850404538599
0.9808535624911687
0.9808603587499604
0.9808613125312362
0.9808377063401108
0.9808339247460064
0.9808393052361742
0.98085338517232
0.9808382518976886
0.9808403555118146
0.9808347068751948
0.9808301945400574
0.9808296376608574
0.9808369254087149
0.980833378571446
0.9808339720382377
0.9808524300843185
0.9808552824283939
0.9808482090665183
0.9808463665421051
0.9808369914738799
0.9808362402237137
0.98083669499274
0.9808488779310969
0.9808528102616915
0.9808615121797192
0.9808639354119999
0.9808608480593136
0.9808672907991314
0.9808694872475755
0.9808584881657051
0.9808509529275367
0.9808482582312257
0.9808504483676408
0.9808521315898526
0.98084550523301
0.9808563388699895
0.9808484015047206
0.9808581336752358
0.9808690969164353
0.9808597466680234
0.9808614306252497
0.9808507019799486
0.9808644206905354
0.9808517643579945
0.9808481422025414
0.9808483749814553
0.9808402720346613
0.9808432408395823
0.980856357528032
0.9808733709471497
0.9808692918148828
0.9808748903991062
0.9808824521746147
0.9808863995191273
0.9808967982037013
0.9808946077831765
0.9809008552740696
0.9808899277058359
0.9809021120224257
0.9809025690813129
0.9809052014478375
0.980920200674508
0.9809241225073099
0.9809267496487636
0.9809209477305239
0.9809354287230595
0.9809323650289317
0.980927831994588
0.9809240103519482
0.9809157218599696
0.9809186089346474
0.980915579233821
0.9809224093947736
0.9809035706545867
0.9808986115618099
0.9808945223661323
0.9808972574662878
0.9809046447794125
0.9808897544562523
0.9809098781008094
0.9809034040910667
0.9808992629422213
0.9808945871093754
0.9808848599997323
0.9808811406944018
0.9808797608765042
0.9808765802821462
0.9808731389041139
0.9808869437791741
0.9808915891487907
0.9808923811012286
0.9808909835839477
0.9808809044222576
0.9809031267435028
0.9808923539898409
0.9808898056432959
0.9808882920938686
0.9808803102488043
0.9808835422206704
0.9808786768503546
0.9808784470389268
0.980874695138293
0.9808744064846144
0.9808708483180769
0.9808692808205939
0.9808687818919032
0.9808690762765346
0.9808692387977536
0.9808673966856669
0.9808632654117911
0.9808730261400342
0.9808578792894532
0.9808457442256219
0.9808485776943666
0.9808491013599815
0.9808567379229566
0.9808480868595464
0.9808522829449277
0.9808495205703966
0.9808466179839513
0.9808517605959097
0.9808755513067274
0.9808766723090565
0.9808624571585031
0.9808708887384242
0.9808723971275289
0.9808880763778923
0.9808940684459319
0.9808961055047934
0.980909986786446
0.980912461783113
0.9808948599273052
0.980899848599667
0.9808970502791526
0.9808976152081023
0.9808886710332517
0.9808911353852984
0.9808732271017913
0.980863215604066
0.9808663580282069
0.9808588885018967
0.9808569943596056
0.9808652235930214
0.9808591309433833
0.9808512581370536
0.9808547310451768
0.9808428811094911
0.9808441521337987
0.9808524915675485
0.9808543580069768
0.9808709038523612
0.9808782821987071
0.98087582283386
0.9808830752278338
0.9808889322806874
0.9808865794101594
0.9808897553312047
0.9808876107150862
0.9808733673323949
0.9808726940417949
0.9808752719546515
0.9808775831191923
0.9808801721540815
0.9808790724886007
0.9808642007261651
0.9808668823346817
0.9808588254757828
0.9808591786027051
0.9808590292056346
0.9808625940392205
0.9808616561600262
0.9808613079742848
0.9808608449845226
0.9808471987327536
0.9808518390460103
0.9808489429127459
0.9808493210479059
0.9808627264645089
0.9808494670154005
0.9808534213399327
0.9808608467831886
0.9808598446836657
0.9808539671972697
0.9808514425995649
0.9808444051870264
0.9808462127950296
0.9808479555589532
0.9808357151798527
0.9808302864579306
0.9808358449553124
0.9808431021890073
0.9808454842311896
0.9808352143218229
0.980831624313284
0.980824485949646
0.98082232744253
0.9808311772494424
0.980820459342213
0.9808310475374582
0.9808274929946224
0.980826677104111
0.9808350989173975
0.9808273769180518
0.9808315385871699
0.9808374283011859
0.9808364983501405
0.9808279267431105
0.9808203099910161
0.9808270680129586
0.9808281118772635
0.9808244469004959
0.9808313678572955
0.9808252509347342
0.9808136313685013
0.9808077992851283
0.980802534589084
0.9808104602428944
0.9808034304327976
0.9808017605032108
0.9807944739360069
0.9807903638416455
0.9807939442982023
0.9807902760623336
0.9807796780768052
0.9807805001894953
0.9807752049056189
0.9807682030456595
0.9807681889046891
0.980776971731534
0.9807852369045265
0.9807898441862927
0.9807989040333847
0.980798207061621
0.9807969516809646
0.9808042514764692
0.9807993164891676
0.980800177386447
0.9808039389880754
0.9808033337371069
0.9808097299487448
0.9808214803402734
0.9808320120387788
0.9808328462674963
0.9808330858088088
0.9808302414515789
0.980837185933969
0.9808340945026781
0.9808360413182937
0.9808289714223289
0.9808310328539888
0.9808280236750777
0.9808275319695633
0.9808306145491666
0.980831261857139
0.9808228805681211
0.9808249224981068
0.9808093328905085
0.9808176176047291
0.9808040838069008
0.9808070071571708
0.9808023191174343
0.9808039619636434
0.980802697921225
0.9808075861559162
0.9807929765731392
0.9808013710926752
0.9808040206862805
0.9808167693333573
0.9808373889536223
0.9808444146956208
0.9808383375739828
0.9808352015340067
0.9808324424886337
0.9808417838962209
0.9808486881469866
0.9808392170035796
0.9808418544619555
0.9808404182629963
0.980838961591234
0.9808291029206164
0.9808230745079644
0.980811453160502
0.9808030183157215
0.9808008551138111
0.980815122552759
0.9808187506794677
0.9808179510817472
0.9808036684714816
0.9808016808459586
0.9808036971637334
0.9808106678817543
0.9808022105582865
0.9807889416769101
0.9807852786491646
0.980777897093712
0.9807771408554471
0.9807694077599103
0.9807756286320956
0.9807810297306646
0.9807808104922714
0.9807755404325713
0.9807812736010615
0.9807758862191769
0.9807681588863398
0.9807741314055577
0.9807686725204834
0.9807676656069497
0.9807714347410478
0.9807646941660848
0.9807746662667759
0.98076873229709
0.9807759151609179
0.9807842850357107
0.9807785315142765
0.9807810310127854
0.980781257286122
0.9807630838848279
0.9807551293978991
0.9807519190072875
0.9807537823745603
0.9807585407380517
0.9807585561270141
0.9807519461082091
0.9807513986813144
0.9807457990180708
0.9807408281037887
0.9807342218774967
0.9807339414118097
0.9807493379624861
0.9807555323493967
0.9807525246065601
0.9807579928725717
0.9807626633383549
0.9807646160714635
0.9807595946463705
0.9807561766239331
0.9807613798528846
0.9807653199185915
0.9807694861065634
0.9807699266236968
0.9807640283054957
0.9807563640014186
0.980762269899263
0.98076610729768
0.980776390775351
0.9807792506557642
0.980779164741475
0.9807658230133599
0.9807684289006602
0.9807721370586595
0.9807785483700097
0.9807809210597962
0.9807744292244357
0.9807772373403978
0.9807767670257005
0.9807804780121365
0.9807705784904416
0.9807778025243319
0.9807615883924473
0.9807554085466021
0.9807634942182347
0.9807636100431323
0.9807582729997545
0.9807569504446509
0.9807522776689612
0.9807441003558766
0.9807432693659299
0.9807389865454729
0.9807426166689984
0.9807431846945966
0.9807310526405325
0.9807371423606934
0.9807330711189278
0.9807374962232231
0.9807392994485082
0.980734072088712
0.9807305774401426
0.9807188447479099
0.980717241337536
0.9807178123897692
0.980713038959203
0.980711561848739
0.9807150770798144
0.9807211084271708
0.9807238602318487
0.9807252538592564
0.9807160583136154
0.9807134728973737
0.9807225315472404
0.9807260925990007
0.9807175560271437
0.9807245643692732
0.9807110781433107
0.9807100211284072
0.980708043204436
0.9807087543126716
0.9806959108515781
0.9806867239636772
0.9806886646060612
0.9806965217453715
0.9807013517358742
0.9807007091098738
0.9807002321744114
0.9806938679744797
0.9806944310256221
0.9806982026137335
0.9807070282421206
0.9807158621326447
0.9807146828155737
0.9807138519739519
0.9807211279557899
0.9807183094587238
0.9807135602342373
0.9807133801246826
0.9807195800955669
0.9807365094277865
0.9807280492634157
0.9807228849906497
0.9807212049571715
0.9807261699103341
0.9807342308019082
0.9807419056162398
0.9807490652466276
0.9807548990149331
0.980750667883311
0.9807505538570497
0.9807524548074695
0.9807465996719416
0.9807455599407742
0.9807565170919161
0.9807570133180908
0.9807618195239818
0.980757445591
0.9807564292210449
0.9807464763442418
0.9807449690554173
0.9807522641346158
0.9807549241354968
0.9807523582481239
0.9807436923160859
0.9807328687366715
0.9807359509927928
0.9807363738023429
0.9807319704921367
0.9807340134213682
0.9807245558422409
0.9807244490452798
0.9807331660733413
0.980733629351297
0.9807432899118889
0.9807431158187571
