0.9580622232903588
0.9767945391265606
0.9782505177727361
0.9786391564585223
0.9806104988623398
0.9818094945221706
0.9815609459670075
0.9825347815738937
0.9817534566610123
0.9820595717525542
0.9817229075995252
0.9818719990283686
0.9822764540656892
0.98244096283573
0.9821664826054362
0.9828769876278313
0.9827706146120242
0.9825694689299197
0.9825285779881754
0.9824847921548296
0.9824259464961703
0.9823904683114436
0.9823058449198925
0.9821413516115919
0.9820055887249104
0.9823747656430349
0.9824461692291101
0.9825218616241741
0.9826334156752238
0.9825246347684268
0.982664143121207
0.982694337631295
0.9823052759351759
0.982380116143014
0.9822939639319852
0.9824102944521109
0.982600853101915
0.9825555726422137
0.9826283267538138
0.9825401561903487
0.9828759631497391
0.9830668679790384
0.9831259780527358
0.9832186173272555
0.983255331202874
0.9830862088270983
0.9830828973842659
0.9831043212529766
0.9830752728205016
0.9829360597553064
0.9830823361775466
0.9831780147110533
0.983142266173799
0.9831780618962194
0.9831231768668162
0.9831212443053721
0.9831083024526706
0.983011378492556
0.9829615384159729
0.9829995095513097
0.9831585622178436
0.9831742111169776
0.9831116602437326
0.9831435373965083
0.9831158453816594
0.9831494149158829
0.9831614652822277
0.9832886704664136
0.9833644375720336
0.9833411328058486
0.9834339459553024
0.9832703337073272
0.983358046782882
0.9831999578188859
0.9832875828482945
0.9831669345419631
0.9833007543233994
0.9833215386934184
0.9833843946867717
0.9831787577440257
0.9831446895671365
0.9831202045214255
0.9832487933204538
0.9831820034566642
0.9832693826585832
0.9832791467269062
0.9833013694882095
0.9832665130729188
0.9832314258638871
0.983179436868546
0.9833145010851572
0.9832701108487867
0.9833307896287302
0.9833521369147158
0.9832468442783324
0.9832142443908504
0.9831630387067205
0.9832219373384503
0.9832159262532134
0.9831935945349463
0.9832588620940289
0.9833555274172444
0.983431669680348
0.9834445550509967
0.9834489298026827
0.9833953848119114
0.9833804070235099
0.9834108224768384
0.9834415222690063
0.9834797005370084
0.9834681021986551
0.9834375788871689
0.9834771983117997
0.9834788865696104
0.9834797999159838
0.9834432128806068
0.9834515430497962
0.9835276963071121
0.9835806787074594
0.9836883769983947
0.9836763290230096
0.9837357223096208
0.9837145270159171
0.9837194539408755
0.9837516135207319
0.983721788450719
0.9837805991056283
0.9838309439415833
0.9839603649191062
0.9839015198073213
0.9839109278911836
0.9839174220807938
0.9839499504165886
0.9839590439762714
0.9838912287896558
0.9839390057280684
0.9839293053586688
0.9839349206020473
0.9839948761634164
0.9840135473557599
0.9839912169469046
0.9840089998284404
0.9840353300246567
0.9840530483339307
0.9840240745888175
0.9840518597217056
0.98406730104409
0.9841081871502383
0.9840620439247927
0.9840073727400244
0.9840418462280892
0.9840008945720556
0.9839716671935576
0.9839716910927493
0.9839771550222597
0.9840000342994939
0.9839450228084403
0.9838998260317134
0.9838710897767301
0.983877099073386
0.9838162469502955
0.9838360357280133
0.983812171761741
0.9838369381465207
0.983831369986513
0.9837166092983332
0.9837767443613832
0.9837293532415053
0.9837385111025077
0.9837533251096082
0.9837588979723764
0.9837921900719413
0.9837330637118679
0.9837516352452469
0.9837443967289254
0.9837161701023542
0.9837390146132609
0.9837183245177736
0.983670579599098
0.9836796343141216
0.9836248716422812
0.9836326748429242
0.9836419065269104
0.9836040546329602
0.9835974107260452
0.9835723505350052
0.9835665810902736
0.9835594968388185
0.9836025186450427
0.9836120542687191
0.9835878984325755
0.9836587005935691
0.983657443972599
0.9836334911494684
0.9836844293079839
0.9836371756663466
0.9836711223502057
0.9836622946508732
0.9836490625942519
0.9836385051687848
0.9835933383743967
0.9835841314210434
0.9835858177828505
0.9835925858516996
0.9836040213584781
0.9835782721844762
0.983598745531199
0.9836015501261681
0.9835912811943335
0.9835667865073071
0.9836187327566381
0.9836218531664652
0.9836521548441584
0.9836456833101395
0.9836985416180942
0.9837372381634505
0.9837764984658437
0.9837687778179476
0.983762876513341
0.9837527863318862
0.9837680955343023
0.9838087625170803
0.9837982262776651
0.9838170179186304
0.9838207299340237
0.9838105334092923
0.9838270589850507
0.98381937443743
0.9838354473188183
0.9838583614758787
0.9838371745215223
0.983806069487584
0.9838115309420636
0.9838600847868091
0.9838466962504405
0.98383967344866
0.9837979907001448
0.9838138857920539
0.9838268841465675
0.9838213625807828
0.9838292984084004
0.9838643749894622
0.9838711223955736
0.9838819971310736
0.9839048710605212
0.9838663395781048
0.9838595308800667
0.9838877617522425
0.9839025383693922
0.9839114213363999
0.9839119676292194
0.9839148875612918
0.9838960128127545
0.9839326591072078
0.9839349831274736
0.9839247883154015
0.9839127857132368
0.9839258688464184
0.9839158991865306
0.9838934026144549
0.983911311023565
0.9839196866537039
0.9839172120732073
0.9839213142059257
0.9839388385243661
0.9839196016074572
0.9839024000492977
0.9838981663761327
0.9839118960317891
0.9838824428087145
0.9839161451983268
0.9839142250995716
0.9838906205847628
0.9839098458268156
0.9839005789340866
0.9838914193777124
0.983898715740139
0.9838763172204604
0.9838617168828163
0.9838977759271164
0.9839073102502902
0.9839044299490763
0.9839027594900053
0.9839196609680448
0.9839213229896735
0.983915651446455
0.9839301952325639
0.9839281841056112
0.9838838681897848
0.9838996585729131
0.9838876176412504
0.9838883784661622
0.9839135358651155
0.9839221331953598
0.983931862972255
0.9839251447436621
0.9839414393598939
0.9839308523552472
0.9839380770471212
0.9839300847436742
0.9839203190134672
0.983913525247191
0.9839122112319296
0.9839025994098997
0.9839158179573895
0.9839187894689264
0.9839175863424013
0.9838893093069019
0.9838604146775535
0.9838503228327733
0.9838337760554305
0.983807818176863
0.9838157004764642
0.9838487771180159
0.9838749637834956
0.983858900136139
0.9838396525889394
0.9838308042158047
0.9838261806432864
0.9838354925291821
0.9838225150631023
0.9838100517199849
0.9838199848323114
0.9838170570360913
0.9838269913775289
0.9838079285850146
0.9838053003423667
0.9838164566026671
0.9838230372204673
0.9838008307312802
0.9837836400148844
0.983752446878874
0.9837489747897797
0.9837709746151542
0.9837596803634535
0.9837736499327076
0.9838131465800015
0.9838223684268522
0.9838173074964677
0.9838216294722303
0.9838200336523452
0.9838421394492068
0.9838060809258831
0.9838230300480058
0.9838068346441668
0.9837812954356786
0.9837768874442815
0.9837881602247236
0.9837771441749421
0.9837736350785979
0.9837888209308807
0.9838041667368707
0.9837867629402637
0.9837845821764969
0.9837494320567151
0.9837527248119471
0.9837534319550353
0.9837588234147593
0.9837507947280196
0.9837853475128657
0.983777812164147
0.9838064763376699
0.9838064713918314
0.983807280527935
0.983783768410545
0.9837893121995996
0.9837848743285006
0.983803378846441
0.9838110241812648
0.9838359950321754
0.9838446055257942
0.9838410540518946
0.9838773139286126
0.9838888950563605
0.9838960132321556
0.9838874543199941
0.9838841792093294
0.9838813671637578
0.9838714475337296
0.9838698486229234
0.9838524230967557
0.9838356919719233
0.983837989564745
0.9838603253539395
0.9838297608143833
0.9838479353600372
0.983841431011666
0.983854738609992
0.9838771611715225
0.983861527604625
0.9838663881265083
0.9838725307214712
0.9838621682671345
0.9838436969824873
0.9838148265967178
0.983828834015941
0.9838174584378515
0.9838486308851814
0.9838556136729513
0.9838601561664392
0.9838369906706915
0.9838375413759839
0.983847735470581
0.9838581418930308
0.9838371273297001
0.9838380539503022
0.9838532418954298
0.9838338880963784
0.9838110827091817
0.9838256646907632
0.983842356027449
0.9838480440559981
0.9838523827460134
0.9838785461950583
0.983855209875905
0.9838675559672119
0.9838522746102417
0.9838524174524444
0.983854897122191
0.9838567952039334
0.9838568250734555
0.9838641672376438
0.9838928260156816
0.9839115044309793
0.9839117305284334
0.9839223783166632
0.9839426701605974
0.9839338452863043
0.9839079195537495
0.983903358852589
0.9838996962508155
0.983892835433464
0.9838847539414912
0.9838872234563106
0.983885134322873
0.9838755076375834
0.9838626258638743
0.9838592814261667
0.9838574302145058
0.9838574303961194
0.9838575212179902
0.9838680307035136
0.9838627384965972
0.9838861236710678
0.9838998004203982
0.9838947382048575
0.9838964838583322
0.9838943223445912
0.9839067016802123
0.9839420286556942
0.9839433785966186
0.9839615337779367
0.9839545283404184
0.9839769182133178
0.9839771482005527
0.9839961249244642
0.9840016278540014
0.9840090073785648
0.9840190366554897
0.983995061864834
0.9839883106921734
0.9840032856958746
0.9840067853801835
0.9840129605170673
0.9840217156154512
0.9839953004636424
0.9839864675170097
0.9839745497392257
0.9839903551606264
0.9839919569454234
0.9839995976615543
0.9840042480754347
0.9840162805292881
0.984010561225745
0.9839911934901876
0.9839957549293208
0.9839888786546594
0.9839721235323637
0.9839684399399579
0.9839686267957338
0.98397838641369
0.983988392173462
0.9840085614636758
0.9840046052068988
0.9840155534438678
0.9840162538989333
0.9840237676459703
0.984042909469654
0.9840349740982814
0.9840417964341945
0.9840563698826106
0.9840582085700601
0.9840571602078493
0.9840559327555951
0.9840388239166041
0.9840303177372537
0.9840375324925619
0.9840441472738716
0.9840348033155302
0.9840547873624061
0.9840479221393353
0.9840516457255245
0.984055715646318
0.9840795332183695
0.9840881283928865
0.9840991721589017
0.984071085846921
0.9840705587869045
0.9840647749385273
0.9840716846089029
0.9840884182276802
0.984097308232138
0.9841147546458752
0.9840952043730296
0.9841061436080254
0.9840918277356184
0.984098011765334
0.9841136389822631
0.9841058375691144
0.9841071476011829
0.9840851568887321
0.9840861129182128
0.9840812920250449
0.984065116034131
0.9840586789040031
0.9840755582241546
0.9840750301445268
0.9840641621943605
0.9840549464137568
0.9840406760516696
0.9840347102044557
0.9840388591525678
0.9840388638104863
0.9840439367281999
0.9840314928292828
0.9840125670599368
0.9840204377423576
0.9840221002019046
0.9840144929692978
0.9840103822544265
0.9839943573699937
0.9840019843964868
0.9839941013128418
0.9839951034308608
0.9840054819837876
0.9840110895373811
0.984001390636643
0.9839931199520534
0.9839995713919666
0.9840000786833707
0.9839968031091822
0.984007534888949
0.9840091258860997
0.9839976723056783
0.9839838035707923
0.9840022856299298
0.9839928618371674
0.984005304860011
0.9839963762744692
0.9840043306308897
0.98400376650654
0.9840011522329207
0.98397800325554
0.9839621325679672
0.9839749165831208
0.9839770056480934
0.9839582438357323
0.9839678639632441
0.9839585867623036
0.9839438059507631
0.9839470660610545
0.9839517730714498
0.9839586212529309
0.9839731542613704
0.9839723074415324
0.9839622370925534
0.98397698607355
0.9839849404169297
0.9839720105963033
0.9839653093637741
0.9839525324725693
0.9839468248828976
0.9839212981557742
0.9839240487369237
0.9839194181625494
0.9839014877272205
0.9838940345421099
0.9839185202844583
0.9839244507557676
0.983931397468683
0.9839346939415492
0.9839472321869498
0.983946564012831
0.9839368053560285
0.9839430288258108
0.9839318189671487
0.9839351927278023
0.9839329982851248
0.9839405753262807
0.9839303932712515
0.9839327416933704
0.983940910657174
0.9839422027030097
0.9839407449210347
0.983926445034709
0.9839357393507329
0.9839337628906166
0.9839329414186859
0.9839365745195626
0.9839309089772204
0.9839388776948469
0.9839306222273965
0.9839277534301895
0.9839165783251875
0.9839188540219319
0.9839213278750161
0.9839232507902753
0.9839395232550194
0.9839309971256571
0.9839283728111446
0.9839281918449208
0.9839213223046867
0.983913672373944
0.9838985817118145
0.9838936140546188
0.9838989654232391
0.9839079885329706
0.9839117594116563
0.9839154173126223
0.9839044205305794
0.9839181589185667
0.9838966460329457
0.9838969580751395
0.9838942233997313
0.9838962878705164
0.983891264156748
0.9838764967784084
0.9838807486469096
0.9838800143706309
0.9838899169737102
0.9839093920170074
0.9839167712791591
0.9839255150680873
0.9839228760141019
0.9839126781240113
0.9839087068296049
0.9839223382433051
0.9839259130391318
0.9839241517618308
0.9839274651286678
0.9839362436531358
0.9839342290197028
0.9839494539434643
0.9839548390123232
0.9839430153664876
0.9839417710345474
0.9839332175145329
0.9839291875681163
0.9839383866561375
0.9839383940198956
0.983945829802034
0.9839504507220648
0.983940073659495
0.9839389919231007
0.9839297764840147
0.9839176234100888
0.9839154167960051
0.9839118908751683
0.983913275976362
0.9839207547325138
0.9839324161084023
0.9839300643988451
0.9839234837796813
0.9839255862401864
0.9839193962590546
0.9839161876421779
0.983914421512712
0.9839147000953157
0.9839246230039066
0.9839237310145595
0.9839275537847121
0.9839383584984733
0.9839336775741218
0.9839421155475478
0.9839387690326216
0.9839373527835623
0.9839363317307815
0.9839354709370468
0.9839391350334346
0.9839390171900808
0.9839477940866909
0.9839462164643042
0.9839414813131893
0.9839416303830137
0.9839392902272163
0.9839203004691196
0.9839191300109665
0.9839099045157629
0.9839047915170447
0.9839034639358056
0.9838941371567053
0.9838982575807053
0.9838928532108666
0.9838882400978949
0.9838821613161053
0.9838902400266846
0.9839015947527464
0.9838888812582824
0.9838750810202427
0.9838711640425021
0.9838848816982974
0.9838958251757892
0.9838863007944985
0.9838924169034201
0.9838935196822968
0.9838944681644736
0.9839060527823673
0.9839018974980629
0.9839083748442671
0.9839069578345212
0.9839042197770006
0.9839117473949155
0.983903859297824
0.9838951872863735
0.9838836308328159
0.9838760746252484
0.9838765087059845
0.9838806407940685
0.9838810715350398
0.9838934142374509
0.9838991951357663
0.9838988789808628
0.9838932205054888
0.9838995605634848
0.9839022430221536
0.9839007046374539
0.9838779550643864
0.9838759182442517
0.9838608085791141
0.9838655274042538
0.9838626220875266
0.9838593000451691
0.9838614078779637
0.9838577314532114
0.9838678860742615
0.983859611752261
0.9838518560591323
0.98385199089819
0.9838491537866351
0.9838604394942101
0.9838519086896464
0.983835898520365
0.9838322068823521
0.983847529345492
0.9838489697712455
0.9838489891403834
0.9838464141533244
0.9838592784227865
0.9838763738505509
0.9838758930218081
0.9838843081155177
0.9838860789303061
0.9838863615298148
0.9838752941544102
0.9838632575514653
0.9838721780745089
0.983868000969176
0.9838670186428862
0.9838567157044971
0.9838511897267079
0.983850276946409
0.983840160668192
0.9838415975803195
0.9838480954737276
0.9838495225284629
0.9838447525249037
0.9838449594008546
0.9838413545792828
0.9838492144786067
0.9838452538831157
0.9838440288988368
0.983843175966472
0.9838379802284698
0.9838277298453455
0.9838380064127981
0.9838397243590684
0.9838286316310454
0.9838409457696354
0.983849871002713
0.9838494879994629
0.9838567715848503
0.9838527289439017
0.9838533475174965
0.9838368062004819
0.983833558977872
0.9838205930039928
0.9838242761489837
0.9838173351016701
0.9838157421625949
0.9838201532569812
0.9838286005424542
0.9838344080722636
0.9838364371683569
0.9838270776159805
0.9838281064505833
0.9838113713790427
0.9838188665089915
0.9838103672956187
0.9838180542745371
0.9838197560910513
0.9838268350786115
0.9838302939935796
0.9838366844618336
0.9838357300049644
0.9838540616542998
0.983854115042266
0.983854607526003
0.9838659418087262
0.9838816710133454
0.983881858118942
0.9838744119656803
0.9838704541510989
0.9838816685263837
0.9838874073602861
0.9838913504396394
0.9838973092687536
0.9838973017293448
0.9838850800782315
0.9838920276322245
0.983889423323758
0.9838833785456584
0.9838768299081061
0.9838779709954012
0.9838820257564412
0.9838931759488765
0.9838947459210481
0.9838834409210061
0.9838989589023502
0.983906731890912
0.9839030326739442
0.9838931695382441
0.9839039449594345
0.9838922597318449
0.9838816740910102
0.9838683041180504
0.9838618550826163
0.9838610681303993
0.9838657872585288
0.9838686981564712
0.9838733029365382
0.9838712303592477
0.9838744048372604
0.9838605644797948
0.9838647981978476
0.983857835868122
0.9838550561538373
0.9838531310306265
0.9838516040124697
0.9838499385452372
0.983850498997071
0.9838470517007788
0.9838503009565156
0.9838507552403857
0.9838537096281811
0.983859572463591
0.9838520627177292
0.9838492010155921
0.9838440200978381
0.9838509934569724
0.9838473946176322
0.9838418965445218
0.9838359798633828
0.9838363696650977
0.9838333756468118
0.9838251336217874
0.9838223056699176
0.9838116317292349
0.9838250410994698
0.9838280508779209
0.9838331804875013
0.9838354121832704
0.9838359458076805
0.9838417161427976
0.9838404445247177
0.983846778721628
0.9838509518986149
0.9838532204297966
0.9838555581111558
0.9838547822101134
0.9838477909648824
0.9838518531512015
0.9838540724618401
0.9838614381834656
0.9838664090857321
0.9838645440754356
0.9838655607393553
0.9838538151884992
0.9838582082263345
0.9838637248274169
0.9838604196224603
0.9838626042058639
0.9838635796170199
0.983863834802813
0.9838629719190993
0.9838676688990992
0.9838607552446049
0.9838691195363556
0.9838637610498462
0.9838525523145633
0.9838501613610624
0.9838516399021142
0.9838536098938018
0.9838582299306214
0.9838557313869355
0.9838505585408454
0.9838532030656991
0.9838435144362476
0.983847083934624
0.983848255649035
0.9838405418047808
0.983839807809977
0.9838419563749403
0.9838402101999996
0.9838315716789537
0.9838221852483828
0.9838250782323376
0.983824852442772
0.9838197397191102
0.9838269427684032
0.9838325671363863
0.983829039157784
0.9838247541741483
0.9838314533000021
0.9838443999225533
0.9838406653926921
0.9838380135668456
0.9838425273058908
0.9838319318201029
0.9838277695238149
0.983818780813527
0.9838239032111329
0.9838224900730499
0.983831392434792
0.983808017535736
0.9838198246477596
0.9838159337920719
0.9838187171800795
0.9838126733640618
0.9838171735325635
0.9838191519621508
0.9838262208733183
0.9838263834179843
0.9838219992555789
0.9838178231584926
0.9838230459308388
0.9838230180048577
0.9838149108167614
0.9838226347824958
0.9838230616863413
0.9838179088180924
0.9838172546899171
0.9838154536162994
0.9838120618344134
0.9838124498773351
0.9838117912115464
0.9838033983249443
0.9838022583962923
0.9837993523187598
0.9838051118059075
0.9838208019179074
0.9838261067938722
0.9838221827510073
0.983820456576518
0.9838113991142269
0.9838130023683141
0.983812346145586
0.983805976516977
0.9838045392743802
0.9838061537190294
0.983807385870211
0.9838110921344038
0.9838023795239383
0.9838003888287978
0.9837946933423081
0.9837951013927722
0.9838021960434237
0.9838081171376123
0.9838167979687812
0.9838146210105092
0.983806772651185
0.983806037630493
0.9838078866933646
0.9838132154046587
0.9838083838675522
0.9838034906386434
0.9838063760323599
0.9838122681264673
0.9838104092487903
0.983803840303647
0.9838038914240855
