0.9640328129182948
0.9760856621800481
0.9786529287538163
0.978093590425102
0.9790866466805696
0.9802532803558177
0.9791601987106914
0.9805367299975917
0.9808576469864462
0.9816786206973986
0.982422778952055
0.9829504698577617
0.9827152500846918
0.9817834962612958
0.9818614869318313
0.9816535215022173
0.981706448672309
0.9817210025865347
0.981746237625069
0.9819744264964756
0.9816482808140984
0.9814540938543895
0.981591533706545
0.9815773098952734
0.9816836984450443
0.9817101042499865
0.9819687133993414
0.9820505337927086
0.9821330900484865
0.9823180995936244
0.9825003035433546
0.9826650021687249
0.9823360186644365
0.9823412490793666
0.9823913554992236
0.9825350921406524
0.9824358050450945
0.9826445747402816
0.9827955129170534
0.9828140835620222
0.9829214428425053
0.9828409251218946
0.9830637795879928
0.983058372887995
0.9830858645636892
0.9830258683192642
0.9829709154275041
0.9830790588551488
0.9828438837779634
0.9827148144025051
0.9827836335875204
0.9827393318714922
0.982709234871603
0.9824979035082619
0.9826123223926411
0.9826139612550513
0.9825044396138215
0.9825229504763973
0.982564477870089
0.982626246447454
0.9824600409590928
0.982435501760975
0.9824695013434951
0.9825537813606922
0.9826201368647396
0.982636629041944
0.982705195269724
0.9827367567627531
0.9826422224434622
0.9825860023973413
0.9825924872053522
0.9824052044220783
0.9824631935050303
0.9824459205751461
0.9824388283560157
0.982410703997623
0.982427209782221
0.9824464803914207
0.9826143952480755
0.9826284007854331
0.9826068379430504
0.9825589801623669
0.9825147047493007
0.9824582617496584
0.9825056146187805
0.9824233195368506
0.9824305707307813
0.9824203511635333
0.982362454639255
0.982345253377085
0.9823452078722238
0.9823700606753064
0.9823518201372923
0.9824392188480825
0.9824627154842417
0.9824048678285732
0.9823217787138164
0.9823517972971748
0.9823491368717374
0.9824007382379739
0.9823130990243552
0.9823299450315153
0.9823017659586943
0.9823078702718147
0.9821749824854359
0.9821968688996988
0.9820706665684465
0.9820359447596645
0.9820795250292312
0.9820757598069948
0.9820442640491386
0.9820949358808423
0.9820255301376225
0.9820364515961733
0.9819940537666382
0.9821160529645389
0.9821618236380343
0.9821900205918299
0.9820939409800288
0.9820958868815481
0.9820927554423967
0.9821374556967692
0.9821920947017354
0.9822064769061248
0.9821751472110881
0.9821428864542233
0.9822268510369947
0.9821822424972673
0.9821583040164632
0.98218974881588
0.9822268526580269
0.9822477102605166
0.9822447763593734
0.9822272292821895
0.9821594901981351
0.9822208853963187
0.9821830975786948
0.982164899536047
0.9821790075559006
0.9822493458631599
0.9822851803708322
0.9822814067556487
0.9822143207226015
0.9822395132988688
0.9822128346969391
0.9822589863993249
0.9823054233820581
0.9823214327822903
0.9822978139729347
0.9822944866346393
0.9823111411222726
0.982327397336977
0.9823217958811278
0.9823795745437949
0.9823714825249622
0.982363950637267
0.9823100386230603
0.9822778331354525
0.982289598777059
0.982282513612928
0.9822874784459603
0.9822390609034664
0.982279391532983
0.9823519778231015
0.9823815647791652
0.9823259572603493
0.9823896618213541
0.9823176153895706
0.9823340476892408
0.9823601891172311
0.9823245536576843
0.9823981046564723
0.9822967269379891
0.9822843751454262
0.9822351724196539
0.9822472058546847
0.9822797235717877
0.9822267441762675
0.9821607436951347
0.9821090158904535
0.9821087462285457
0.9821433465838073
0.9821290872575674
0.9821348325209699
0.9821534921386781
0.9821729948298471
0.9821799375466024
0.9822128500230355
0.982266415367474
0.9822912611009825
0.9822996338292015
0.9822871166141796
0.982310651003165
0.9822691238156432
0.9822742823922608
0.9822683409929007
0.9822776452134563
0.9822729315434389
0.9822861538165799
0.9822638418726255
0.982221208626322
0.9821983758091999
0.9821590744485312
0.9821479261090285
0.9821690437588517
0.9821808712035692
0.9821745277889622
0.982188085520235
0.9821586019361386
0.9821300045724441
0.982185353593872
0.9821757863015483
0.9821205431729321
0.9821348151054912
0.9821327334075606
0.9821332151104181
0.9822061874822849
0.9822205221250169
0.9822549356509528
0.9823024905172971
0.9823375644144623
0.9823310169848651
0.9823449044254908
0.9823238278325691
0.9823096153516229
0.9823119329971054
0.98228614822317
0.9822843064987757
0.9822462548800711
0.9822437102712108
0.9822699831261033
0.9822762084193527
0.9822661911592901
0.9822897576229038
0.982291364003499
0.9822822041021522
0.9822526058332672
0.9822513435026815
0.9822950055582537
0.9822864140913011
0.9822771273726069
0.9822622289799986
0.9822682712961995
0.9822764113091923
0.9822761277505868
0.9822692676984096
0.9822565474468188
0.982286554932434
0.9823044524136442
0.982357702124399
0.9823493051682181
0.9823401543336482
0.9823388694883298
0.9823197365130492
0.9823002536452907
0.982313032801532
0.98232587683816
0.9823348179051666
0.9823002027446064
0.9823097096221762
0.9822964819032837
0.9822750955184343
0.9822690127333714
0.9822661935163518
0.9822865855839394
0.982308134701596
0.9823086871802449
0.9823369784254349
0.9823249861996236
0.9823036761800502
0.9823142039394698
0.9822984668438971
0.98227204300837
0.9822594671645545
0.9822399005076705
0.9822468528538472
0.9822531528425263
0.982259854630448
0.9822548732183995
0.9822584405176559
0.9822355434175037
0.982213512878671
0.98220796324738
0.9822343574267668
0.9822413160064166
0.9822483989907352
0.9822782412406537
0.9823169738961846
0.9822980810314452
0.9823091212034069
0.9822980853013688
0.9823077826576823
0.9823029568246342
0.982315446693377
0.9823095823104504
0.9823054531408312
0.9823317550507542
0.9823212283582344
0.9823117086491683
0.9823033678376478
0.9822838453989295
0.9822439346332502
0.9822202539363699
0.9822365708825983
0.9822697989027561
0.9822889243534219
0.9823010804049039
0.9823142877567392
0.9823041582139656
0.982280701471313
0.9822749751003674
0.982246091443046
0.9822302226473455
0.9822331729865759
0.982252653847548
0.9822410162819015
0.9822546765521275
0.9822669673614607
0.9822698529708633
0.9822564246814743
0.9822475228527483
0.9822451772683326
0.9822374220415706
0.9822507122070848
0.9822653384614592
0.9822606960012955
0.9822650347777504
0.9822627858063993
0.9822643489293909
0.9822604378987225
0.9822356990398539
0.9822263517436373
0.9822064355045937
0.9822131663263179
0.982198039229419
0.9821843446217675
0.9821750750046908
0.9821796187304295
0.9821797318370097
0.982151017405155
0.9821426153176608
0.9821708761183676
0.9821761788737093
0.9822016503082075
0.982196112004951
0.9821994437015935
0.9822131602272511
0.982217032771029
0.9822156069731791
0.9822353104784914
0.9822282181888558
0.9822371532936559
0.9822353411391351
0.9822420698691383
0.9822357949086927
0.9822348983488784
0.9822259036643842
0.9822282346515836
0.9822354544737736
0.9822232767247056
0.9822237824612386
0.9822270123538073
0.9822507589442879
0.9822648653731935
0.9822610765651905
0.9822853521866777
0.9823091045569409
0.9823259569739631
0.9823372273270903
0.9823278165262808
0.9823047394426807
0.9823263949454188
0.9823383652200942
0.9823329567959354
0.9823333875203932
0.9823315935885272
0.982341938354949
0.9823444955062315
0.9823368403628665
0.982335679840752
0.9823622853976332
0.9823795817085238
0.9823767978132966
0.9823689082256671
0.9823620997674205
0.9823628816550641
0.9823526602633197
0.982348244302133
0.9823633715892723
0.9823663771872122
0.9823676631442312
0.9823894034530216
0.9824157978796152
0.982420090599487
0.9824199626888649
0.9824143370622451
0.9823825376130993
0.9823756046117127
0.9823564039441282
0.9823636983996479
0.9823649452485653
0.9823535696889067
0.9823475445613569
0.9823561197745388
0.9823519324765264
0.9823607178356933
0.9823657941473241
0.9823579840494635
0.9823535324653239
0.9823487259461771
0.9823595838565201
0.9823586926583759
0.9823623143489358
0.9823524940676142
0.9823679128998886
0.9823643447770726
0.9823423760767573
0.9823292052419454
0.9823081282698437
0.9823152691959073
0.9823125048032432
0.9823148663534135
0.9823078109584357
0.9823000514558317
0.982312411810545
0.9823317793450059
0.9823394751045555
0.9823592219094873
0.9823595098300133
0.9823586813443975
0.9823349800091029
0.9823099028025575
0.9822920614907672
0.9822859118724023
0.9822688177085495
0.9822598771755728
0.9822492980208127
0.9822679856932364
0.9822777890923914
0.9822694383032329
0.982245129121534
0.98224954154473
0.9822350211237901
0.9822524357938605
0.9822646313636784
0.9822768621700024
0.9822738783551752
0.9822750418393759
0.9822679049502393
0.982289836811325
0.9823031742993392
0.9823055592567922
0.9822849534546564
0.9822859597015677
0.982253976708566
0.9822677836200333
0.9822720696808859
0.9822869739259893
0.9822971432932224
0.9822677059977547
0.9822780512659762
0.9822803723528624
0.9822640666761967
0.9822830584268908
0.9822864429383119
0.9822917675884184
0.9822751167769965
0.9822764663750158
0.9822793462987081
0.9822851961671804
0.982293663969719
0.9822879465353052
0.9822992199141524
0.9822935639650197
0.9822545723213814
0.9822626058360137
0.9822666911688913
0.9822629132509685
0.982261014528135
0.9822760541975951
0.9822785792133353
0.9822802304700654
0.9822844992776901
0.9822801846972189
0.9823108952714227
0.9823233932950466
0.9823182570083417
0.9823303834702992
0.9823209910169618
0.9822998118649356
0.9822963990387608
0.9823055462212612
0.9822911564781371
0.9822750994573352
0.9822807213734276
0.9822795478888396
0.9822801782284354
0.9822745867693794
0.9822810640516066
0.9822765034065938
0.9822829312924644
0.9822768945887275
0.9822948003391655
0.9823163857045828
0.9823251510200511
0.9823294776160812
0.9823230264614458
0.9823129968917915
0.9823482503125762
0.9823705785075706
0.9823775726629013
0.982371856060057
0.9823816222323726
0.9823873923853115
0.9823892533626176
0.9823941372766132
0.9823774920930622
0.982390604015486
0.9823842232562295
0.9823956783061579
0.9823690360415624
0.9823747150628233
0.9823787287431424
0.9823765322755422
0.9823638364124748
0.9823646418842767
0.9823616718616426
0.9823599206345459
0.9823537568628771
0.9823591894744714
0.9823631079667599
0.9823684178691259
0.9823733646291858
0.9823649546531485
0.9823602008751325
0.9823457418911816
0.9823537529001043
0.9823490307520132
0.9823520262448401
0.9823603486410589
0.9823574277252098
0.9823700336231723
0.982369098556403
0.9823683555663668
0.982361540345963
0.9823574220035162
0.9823684958236724
0.9823516194083726
0.9823597826024613
0.9823384965471165
0.9823473277650534
0.9823462044857029
0.9823359903390095
0.9823210619915957
0.9823294011082897
0.9823390561024532
0.9823502181373834
0.9823518331468087
0.982360677789703
0.9823520483054292
0.9823610486825718
0.9823519536974717
0.9823512079995861
0.9823457214565935
0.9823612297005084
0.9823553134883005
0.9823488232574732
0.9823377752162763
0.9823324795866415
0.9823345482895642
0.9823443305778222
0.9823648104008681
0.9823667944279457
0.9823783259552219
0.9823730376454338
0.9823711320340772
0.9823785542716592
0.9823802710782442
0.9823644579201648
0.9823653194306423
0.9823557255290911
0.9823467913332061
0.9823523009460172
0.9823506713193342
0.9823618166165963
0.9823435853155846
0.9823460375472837
0.9823530566900254
0.9823485901504012
0.9823442981186312
0.9823372226620517
0.9823365072525699
0.9823182460331958
0.9823183448523245
0.9823209386424231
0.9823104628165
0.9823153717949279
0.9823031694853235
0.9823007908607262
0.9823029858324139
0.982310154802373
0.9823107923078792
0.9822926872583274
0.9822964484836028
0.9822958302497264
0.9822892481586177
0.9822829304689973
0.9822807947326252
0.9822872491644858
0.9822917446530479
0.982306465329122
0.9822973427307898
0.9823054068473119
0.9822964894088428
0.9823231151457866
0.9823261930944813
0.9823158326677394
0.98232661812524
0.9823247346834991
0.9823309598513165
0.9823450530728587
0.9823459795186068
0.982332135376617
0.9823205162616632
0.9823155649378574
0.9823249287266239
0.9823262222241942
0.9823202283763321
0.9823325173779579
0.982338062776388
0.9823297472276721
0.9823285280413054
0.9823194696935653
0.9823316413315958
0.9823374003071913
0.9823327800220749
0.9823440585890311
0.9823708337357538
0.9823643341232294
0.9823718129232413
0.9823832575465209
0.9823788722776764
0.9823889531264235
0.9823771136921976
0.982370667551154
0.9823684676519232
0.9823634136646552
0.9823659808047398
0.9823657331434685
0.9823886273183835
0.9823753996930858
0.982358429564672
0.9823433140024244
0.9823535078290151
0.9823439603109403
0.982337915763141
0.9823334495921441
0.982323107171645
0.9823152010042463
0.9823328935410345
0.9823279563010875
0.9823095848073936
0.9823124738036392
0.9823218188887286
0.982324479603505
0.9823236626459663
0.9823265680318769
0.9823246108002102
0.982322543409441
0.9823255989679556
0.9823299382973398
0.982327474409594
0.9823056420005738
0.9823038235508651
0.9823038669567834
0.9823098644556784
0.9823143675654731
0.9823174108143159
0.9823226916434692
0.9823280941682783
0.9823110552160554
0.9823144074077003
0.982310738655261
0.982314559721791
0.9823111071337801
0.9823119648764841
0.982301772397908
0.9823067396833234
0.9823171216762606
0.9823235113971166
0.9823265672812075
0.9823320746292118
0.9823398813880191
0.9823261599417005
0.9823375936815493
0.9823475950469923
0.9823500586602419
0.9823513406512836
0.9823588661184361
0.9823634268730169
0.9823652778839121
0.9823633783045796
0.9823635321034715
0.982372797918611
0.9823659614450609
0.9823661259684615
0.982359180003089
0.982350389649625
0.9823479671181831
0.9823459656746877
0.9823397287656561
0.982344634264339
0.9823365903483982
0.9823338605759625
0.9823338662321656
0.9823154663915639
0.9823130543013915
0.9823082120534639
0.9823097159353914
0.9822986299919976
0.9822937518984498
0.9822932558295969
0.9822896899012091
0.9822886689853174
0.982287094485299
0.9822847224840568
0.9822950866791285
0.9822860333034639
0.9822915503173973
0.9822933593936358
0.9822818130562485
0.9822861897601334
0.9822880920765685
0.9822898771876672
0.9822831782353065
0.9822804379739974
0.9822748577215366
0.9822684418665418
0.982262031066623
0.9822650958566066
0.9822636474185289
0.9822630072423189
0.9822652526260331
0.9822550274570373
0.9822626242886734
0.9822695042602457
0.9822578022810129
0.9822631470085362
0.982265739549593
0.9822580070512525
0.9822672934423758
0.9822655566548654
0.9822796719476156
0.9822725993507375
0.9822750239752942
0.982266431851522
0.9822607426440156
0.9822606511358474
0.9822693043641013
0.9822717826688563
0.9822788230603645
0.9822720947205531
0.9822673347178997
0.9822675049206363
0.9822719025236297
0.9822764588908965
0.9822675145515019
0.9822715036972389
0.9822809309355579
0.9822815408521492
0.9822804502647098
0.9822755314941134
0.9822654722444658
0.9822689042129901
0.9822657074430757
0.9822555267114869
0.9822542311196244
0.982252262283194
0.9822458533008466
0.9822516749614841
0.9822491856203045
0.9822473427211954
0.9822393503663358
0.9822352302884343
0.9822330127637611
0.9822386661116828
0.9822434224199391
0.9822423356238645
0.9822378402168709
0.9822406103112
0.9822411678510707
0.9822409923931061
0.9822323985733296
0.9822224704081421
0.9822216767193571
0.9822239049568223
0.9822226915027394
0.9822125978096278
0.9822178358613985
0.9822240779999267
0.9822264295787021
0.9822306578445001
0.9822297605962098
0.9822234865408327
0.9822170267752657
0.9822096650237271
0.9822172960418705
0.9822130356869432
0.9822129121650979
0.9822146002363622
0.9822145929734292
0.9822023285427092
0.9822001506761193
0.9821912964489997
0.9821999095096662
0.982193954533408
0.982200389156495
0.9822171106212639
0.982212796792583
0.9821981091623988
0.9822031986336419
0.982201134954331
0.9822089725645747
0.982203114087978
0.9822034103093612
0.9821978935868314
0.9821875359490109
0.982194631674716
0.9821895240369989
0.9821859392474674
0.9821651916516998
0.9821617802494755
0.9821537714719963
0.9821614260053045
0.9821604711260814
0.9821639499932181
0.982167377645745
0.9821686630099586
0.9821783040429269
0.9821912806155774
0.9821838945007966
0.9821772196135109
0.9821777211022357
0.9821786044866521
0.9821717402167949
0.9821655993245367
0.9821678883017586
0.9821616544324989
0.9821577725583029
0.982153355064445
0.9821538197845476
0.9821555812497759
0.9821454479664885
0.9821520256209472
0.9821456382209676
0.9821434158484355
0.9821354114132326
0.9821345754781777
0.9821459040751768
0.9821457592961053
0.982154938080879
0.9821550784110353
0.9821597634229332
0.9821590212138976
0.9821572811540095
0.9821485786123816
0.9821450506941545
0.9821404427450741
0.9821411596883947
0.9821386268139841
0.9821283437010014
0.9821212301581014
0.9821193038335478
0.982116173390447
0.9821135507072962
0.9821065070090935
0.9821045646932267
0.9821115991670462
0.9821241943414348
0.9821230032754859
0.982120548685578
0.9821196442650777
0.9821146004139006
0.9821123613471239
0.9821054739566594
0.9821024573722572
0.9821089230851072
0.9821047310519361
0.9821090211686042
0.9821112873329249
0.9821079739001695
0.9821198027515771
0.9821299027955309
0.982134706434135
0.9821488548580596
0.982155144207685
0.9821542024961056
0.9821501526943825
0.9821568972854225
0.9821626526495632
0.9821650965772711
0.9821607677533578
0.982166228178627
0.9821648610852269
0.9821749111274702
0.9821655989325841
0.982166453418251
0.9821605587039695
0.9821553585510621
0.9821512017009966
0.9821712907703865
0.9821736466636118
0.9821731287477741
0.9821606523718723
0.9821521879800044
0.9821480029001526
0.9821507871630782
0.9821451927313635
0.9821375962539152
0.9821351384460526
0.9821373695217108
0.9821438343600253
0.9821521556806365
0.9821502584576373
0.982150526701421
0.9821542888202707
0.9821524545788075
0.9821558619390677
0.9821519180264041
0.9821527496636152
0.9821559406987127
0.9821531452405755
0.9821666110977526
0.9821626036042468
0.9821625167907654
0.9821547829077915
0.9821456712685789
0.9821494321632382
0.9821538321434876
0.9821521179960542
0.9821560014413958
0.9821488360513935
0.9821441633677447
0.9821301008804608
0.9821316201266296
0.9821217888840245
0.9821215275060244
0.9821249317200299
0.9821355774850397
0.9821346145543752
0.982131289840101
0.9821428593218116
0.9821364420004605
0.982135063999052
0.9821421271870895
0.9821500151640398
0.9821508609541114
0.9821511479730971
0.9821503681350489
0.9821521131558719
0.9821506077232317
0.982146720977941
0.9821439039870284
0.982140624203036
0.9821467323983161
0.98214283783349
0.982141623435324
0.9821430102812907
0.9821447788053372
0.9821487321213743
0.9821507824702913
0.9821628423488098
0.9821635965842469
0.9821622044640842
0.9821709666398419
0.9821744141571744
0.9821660092045142
0.9821633963572368
0.9821614316207957
0.9821675668364317
0.9821629323880683
0.9821637825827974
0.9821687819155169
0.9821595846684157
0.9821640013156252
0.982162546046589
0.9821675592927279
0.9821620827346931
0.9821575461497822
0.9821502946673913
0.9821537507091509
0.9821598326623251
0.9821497061610365
0.9821407851181567
0.9821380577441943
0.9821419581910595
0.9821446326536228
0.9821442892426275
0.9821469537164248
0.9821429298541967
