0.5300034143674903
0.646199771889666
0.6531696213899282
0.6728739531609854
0.6825474662342043
0.6805596070688016
0.6808343741844158
0.7100490060018076
0.705609456838219
0.7200342389872642
0.7180846844641648
0.722409361788296
0.732854677521464
0.7240580593077801
0.7275904472942128
0.7344090011553817
0.7332762726364264
0.7336643595037657
0.7301107379514721
0.7310279838353088
0.7398835209139748
0.7398262103890709
0.7443081482680711
0.7434852042248864
0.7447064034372342
0.7465582074670818
0.7510031545099277
0.7558942666850692
0.7531527278625144
0.7532024811172632
0.7503717111799836
0.748958953827297
0.7468187346242469
0.7476921728930984
0.7496065292591105
0.7510320250548137
0.7501584458021908
0.7514288594902232
0.7574975553569016
0.7562305776568187
0.758532060894626
0.7560528259537472
0.757907585491253
0.7588483591935636
0.759054373563383
0.7601545630653508
0.7556897874624197
0.7564774876099936
0.7522499205754751
0.7503055411550892
0.7530537693666365
0.755419371483174
0.7570215095987032
0.7571729926684829
0.7584948380451997
0.7599959387607382
0.7615616266002486
0.7632038639261727
0.7625112745647978
0.7610685278833008
0.7587285826495072
0.7599973572887874
0.7584024309613681
0.7574865794681753
0.7587715397119842
0.7587811570141534
0.757780548801272
0.7590928783331844
0.7621800658217351
0.762439308779344
0.7650715660153912
0.7638958258013915
0.7630629396646552
0.7610439479948119
0.760694853657719
0.7606121379566845
0.7599725775321395
0.7606544193057482
0.7608452728937307
0.7590054929119928
0.7586369492676277
0.7581839382580808
0.7583116067316599
0.757678447127303
0.7589091066958201
0.758217903873711
0.7582304759843173
0.7585757035183305
0.7597514168129205
0.7595817830829849
0.7616700914839832
0.7632523877234421
0.763573386429512
0.7635697400600903
0.7637298993403062
0.7645557728142418
0.765584251081564
0.7646431000971919
0.7642884679421074
0.7660639450627376
0.7651687319242761
0.7662755677614335
0.7662120571458035
0.7661731662853734
0.7657648327636295
0.7649355887986081
0.7648418539438452
0.7653496139128673
0.7657267413382018
0.764207742094469
0.764938152272951
0.7644103037908895
0.7644169713565248
0.7645701334740074
0.7638820531406981
0.765284294035001
0.765213755520896
0.7658346318218368
0.7654855042531752
0.7659560840085599
0.7657791953809693
0.7680766279606931
0.7675351215769176
0.7673437296029274
0.7660901543750445
0.7675033191786558
0.7670326123969384
0.7679091895513567
0.7671917497527831
0.7675829616602267
0.7674159878526114
0.7670074853145442
0.7671735887988411
0.7666990297719956
0.765616464816172
0.764552984058825
0.7653599733011344
0.7641187320268136
0.7641821419084579
0.7632450218144512
0.7627569007853073
0.7637278458794089
0.762855274894194
0.7633366262680751
0.763181564756632
0.7631288449105208
0.7635096868374346
0.7635737169103589
0.7652970571781019
0.7647695218930708
0.7623132935106546
0.7629137515415058
0.7616188257015499
0.7618230375685363
0.7613496197775196
0.7612482242622652
0.7610650528540707
0.761474381208425
0.7618573939663645
0.7623891685169386
0.762065360044722
0.7614342308052844
0.7617313364051941
0.7600479740745288
0.7606464506320937
0.7608052100354373
0.7606491721994525
0.7604148559310272
0.7611411708179502
0.760323333008075
0.7617990016991238
0.7618440054733582
0.7623828582739522
0.7636598126398108
0.7633257655625315
0.7633598848525296
0.7637643204606496
0.7642205731754695
0.7650586522273712
0.7660342977415258
0.7661625529015329
0.7660293136471388
0.7667159455392728
0.7657871408491163
0.7651907789397042
0.7651884118132323
0.7660247340684618
0.7659663336394518
0.765007718129616
0.763184072440794
0.7630019107815281
0.7625467387320085
0.7624991861737633
0.7629891522319855
0.7634617033984626
0.7636738244589024
0.7646737777646181
0.7639157683919203
0.7636549333974063
0.7634035739694416
0.763388796666613
0.7644980709557492
0.76396999960988
0.7648394967953878
0.76504496562068
0.7648940315873335
0.7643480522227177
0.7651215297910138
0.7651765940536762
0.7655338483521967
0.765726603261892
0.765309800704868
0.7652446523695372
0.7665365222674918
0.766381108353077
0.7665905171594546
0.7672606526853184
0.7672345448463185
0.7673556840786917
0.7662782277396574
0.7663434055839076
0.766059359101277
0.7659010120429909
0.7659154597279927
0.7660460160389687
0.7658760907120731
0.7658358751248148
0.7650775773346208
0.7644808276110592
0.763514230641762
0.7629084789145132
0.7625674324233873
0.7624588637843831
0.7623100912697947
0.7621836389707433
0.7628684893381855
0.7627650795778136
0.7625711181637689
0.7626925835395966
0.763511287952968
0.7642415654023761
0.7647988170275104
0.7648536269432726
0.7647297480429195
0.7650734547048195
0.7649639357017852
0.7654621601927819
0.7655039350713633
0.7662045076427136
0.7659912290779617
0.7659517822345636
0.7663787745241395
0.7667064945762805
0.7665022428851356
0.7668179144435984
0.7656992072811548
0.7659514618963281
0.7657890842134342
0.7660346720713475
0.7653783161148731
0.7653638101035363
0.7646451494646086
0.7638515512069118
0.7638487701699308
0.7643057991369391
0.7641159780366743
0.7641612365548152
0.7642591930078384
0.764433991881683
0.7646297176845598
0.7646948373383758
0.7649216875007128
0.7650981366892576
0.7646629356237172
0.7649269069934648
0.7648429952703563
0.7643595633173758
0.76325822066245
0.7633178695811806
0.7628200545703215
0.7628604185151481
0.7629207733171081
0.7634099715796409
0.7627726755800808
0.7634146060908242
0.7637696123946698
0.7640556235696953
0.7642263651551602
0.7645552892277944
0.7642913727043189
0.7643544222017638
0.7639521675258167
0.764163943965829
0.7643358343456294
0.7646002402974847
0.7641516225038821
0.7643094145672046
0.7651582818704197
0.7658385163651464
0.7661472200121571
0.7670832654590803
0.7664037004091816
0.7661524645215427
0.7661605969203423
0.7665715420666441
0.7660478933770911
0.7662603394429752
0.7655121405416635
0.765295918455294
0.7650685626882178
0.7650813025738419
0.7654014670746708
0.7657721821857517
0.7660027515758095
0.7661783184625789
0.7663018227386
0.7662548598943538
0.7661370296532807
0.7659908060081747
0.7657117203823627
0.7656598749565162
0.7659665646602144
0.7663275177821165
0.7664939623078033
0.7660263415718394
0.7661659024089216
0.7667324131447308
0.7668242646208869
0.7667249525954217
0.7666668899446342
0.7664190529460656
0.7661740847730617
0.766570259298694
0.7670338842845889
0.767059801057227
0.7667253175623672
0.7663423056537357
0.7664096632228231
0.7659536390908525
0.7657364203740019
0.765388940653081
0.7653400539998864
0.7652881735321345
0.7657069274107728
0.7652180401561742
0.7645765832614871
0.7644567955113523
0.7641547441842331
0.7635952491438996
0.7631822508519954
0.7627551745511645
0.7631625863560304
0.7634311005315336
0.7634479909832736
0.7641144003842731
0.7640949179408236
0.764023894511602
0.7643037202098992
0.7642864894995179
0.7650253459709018
0.7645347532430875
0.7643424295458006
0.7642459015214169
0.7646518611133429
0.764443582875652
0.7643965641255036
0.7646255106871598
0.7646296875546166
0.7653608281877271
0.7657614215129098
0.7661677080030864
0.7664908437447323
0.766825170780851
0.7669626563770303
0.7670585346612385
0.7667499571582901
0.7670172001848492
0.7667727669135446
0.7667662033827192
0.7668223998397558
0.766641686505707
0.7665749190178434
0.7668193055024611
0.7665078268696044
0.7662482354435295
0.7663222194745132
0.7664447512809198
0.7663346043686421
0.765930575258271
0.766160201195107
0.7664604606154094
0.7665057985246161
0.7663836772445543
0.7664685558348258
0.7664548511989647
0.7663469698614827
0.7665821212971183
0.7668092881696326
0.7668348725375755
0.7666794831619469
0.767266493201457
0.7673137576206649
0.7675017745344634
0.7674892334352954
0.7674328325134943
0.7675493054712829
0.7674345569967539
0.7673429190794246
0.7670205294162634
0.7669968633157851
0.7674910036808472
0.7673909547017779
0.7671781995665804
0.7673784027048197
0.767152045377994
0.7661916380995681
0.7661915105170647
0.7659663185723649
0.7660332385167065
0.7659746369563459
0.7658785766488004
0.7656216827840212
0.765650679278266
0.7658557457665042
0.7656628743959486
0.7658502190847781
0.76600667597256
0.7660713897255194
0.7659443617309183
0.765821403682287
0.7656618085334171
0.7654350248779853
0.7653939861172623
0.7653581285421339
0.7656801925391299
0.7658607793572456
0.7656623949607809
0.7660949811795842
0.7664279750297538
0.7666483444266398
0.7665763983658883
0.7666524869178628
0.7665035365668037
0.7658936805398315
0.7659135526747569
0.7659162420562003
0.7653643792473213
0.7653635392526653
0.765410889039754
0.7652657883100736
0.7651912346865785
0.7650674679341913
0.7652534402788964
0.7653288609468293
0.7651972492629511
0.7653947491279394
0.7658379630485052
0.7659488823856596
0.7654714512518319
0.7654219189449075
0.7652816348563767
0.7657447047063176
0.7661659352271843
0.7661235083599752
0.765783688231061
0.7657766838455465
0.7661972017723612
0.7662333841594586
0.7665019954305247
0.7664521113322703
0.7661702952280106
0.766337041621522
0.7659943010098128
0.7666308890986856
0.7667318362522417
0.7667507470184183
0.7666352010477655
0.7666986829480783
0.7667819723224759
0.7669731260858316
0.7668405412466334
0.7667653930182105
0.7670592270624427
0.7668640692825731
0.7670974261165646
0.7669631389495782
0.7670101355050735
0.7668740091520502
0.7670591207437404
0.7674722738337838
0.7677711124961892
0.7678088321867286
0.7679372018081116
0.767992963222805
0.7676792181584227
0.767314314172082
0.7676706184072117
0.7674697546308863
0.7672642356963485
0.7668715463048241
0.7666801296190524
0.766526308567103
0.7665719196832977
0.7664089391861753
0.7663635440821732
0.7657770380662942
0.7656548688697081
0.7657447864654532
0.7657714352755522
0.7654464472936992
0.7655809207240253
0.7656589001591838
0.7654401268346661
0.7653141553866558
0.7650989817992644
0.7649637228063477
0.7649193824146294
0.7649483734174511
0.7642578638886358
0.7643054512235881
0.7642265070309638
0.7641514845164584
0.7640143657675383
0.7638090813192897
0.7640231044581608
0.7638404821120508
0.7637390047706585
0.7637097165910482
0.7638343948212436
0.7640808853813882
0.7640356769744681
0.7643449349060034
0.7640390511583707
0.7642308347399641
0.764680629562561
0.7648103004587342
0.7648191286943966
0.7644104633132744
0.764423303532612
0.7642109826414659
0.7644198712127699
0.7643180179041282
0.7645453468378017
0.7643628798677634
0.7641673162816774
0.7638221785680009
0.7639378781719801
0.7641963381847052
0.7641076963252967
0.7641106518596021
0.7641251336511125
0.7637765466269798
0.7636598218933934
0.763431098707515
0.7636525968994388
0.7636798663861474
0.7636916823208162
0.7637623723626141
0.7636537744125427
0.7633810333805084
0.7635111766327284
0.7636886404159772
0.7638158463010156
0.7638794298207869
0.7640564501063223
0.7643165970379305
0.7644635491189665
0.7637358167930555
0.7639749725153829
0.7641747585484343
0.7639915156556756
0.7642383914415045
0.7642326548171323
0.7642917927942892
0.7643733380711517
0.7646372149801666
0.764789785620336
0.7647013248108471
0.7647244460719274
0.764919475817592
0.7652482300400215
0.765368845703415
0.7654276154384767
0.7655004614900502
0.7659411191326259
0.7661082111387738
0.7661345181141687
0.7660060349156025
0.7658535714707561
0.7657101022558206
0.7657210202902326
0.7656572686828715
0.7656756774057732
0.7659077394817995
0.7658387765011152
0.7657013724696612
0.7655166912174266
0.7654405053346693
0.7655858766578495
0.765578325903714
0.7655927102764952
0.765608431318022
0.7653058503276208
0.76524605592383
0.7650603659817931
0.7647996137822674
0.7648688187791042
0.7647053173682001
0.7645629985420307
0.7643759123839203
0.7644933631632017
0.7646585484374978
0.7647263566716117
0.7646442776598477
0.7645315087458218
0.7644236941837272
0.7644743860937391
0.7644509741574539
0.7644875428252194
0.7643969502158479
0.7641183436859087
0.7641460381666995
0.7642429380893531
0.7640951020839672
0.7639149446568931
0.764047448191177
0.7638845197928593
0.7639552895300558
0.7635283006992613
0.7634024956780916
0.7634815683611702
0.7634542124066973
0.7635338587807496
0.7635873299020342
0.7635417584988079
0.7634342330874254
0.7634114757010412
0.7634779468123585
0.7632699620432783
0.7633397069498464
0.7632524686135541
0.7632076795725803
0.7633993036931955
0.7635846111142188
0.7638091884148737
0.7636853813716505
0.7635388188460727
0.7637574959502503
0.7635269465158563
0.7636227933855523
0.7636236235484921
0.7636161137461673
0.7636842397047929
0.7635823138691383
0.7638063673852447
0.7640007156814619
0.7640058953930208
0.764204168824962
0.7643724288506167
0.7642353320186865
0.7642220696087967
0.7643705905111384
0.7642309331421012
0.7643449614248816
0.764075764385695
0.7641991997156222
0.7640338039053651
0.7640338561576625
0.7641898481027997
0.7645006440453314
0.7647929457652818
0.7647675478275184
0.7649764642394994
0.7648757594080084
0.7647731245833699
0.764999541624609
0.7651599569720708
0.7653713752931832
0.7654458801237669
0.7656716479350759
0.7657250261394936
0.7656657916819616
0.7657492930077294
0.7658718464864125
0.765776934601575
0.7658610862509401
0.7660766283612405
0.7659137048886654
0.7659631115010677
0.7658818373023862
0.7659325959842419
0.7661395480755159
0.7660842582274451
0.7661444369361639
0.7660917981188456
0.7660238915969468
0.7662837119716883
0.7660979472473172
0.7663272370000975
0.7664418223452867
0.7662385698450462
0.7658430524454872
0.7658061317226934
0.7655514658844201
0.7657171262061373
0.7658455882378452
0.76576540617834
0.7656810541410931
0.7659038402287643
0.7656745223414475
0.7659336182601142
0.7657772018097162
0.7659683437012245
0.7658329361420985
0.7658182436579299
0.7656346123128868
0.7654341091575332
0.7653128634778249
0.7654178472623095
0.7655477520815973
0.7657627527213714
0.7660314334865101
0.7660733333038451
0.766182923862824
0.7663363022850581
0.7663730222808394
0.7664761363459374
0.7663781362852338
0.7661537493502308
0.7662360914200285
0.7662467116483045
0.7664514576090762
0.7663607171847436
0.7664676523022901
0.7666445411875918
0.7664857658230283
0.76629704314269
0.7660512706384569
0.766102031308924
0.7664192150576142
0.7664035087601097
0.7665783365724722
0.7665003958445715
0.7663859542482312
0.7663794568127794
0.7664522366323285
0.7662759999355833
0.766307025479742
0.7664652993435893
0.7664894908005941
0.7666336195431585
0.7665282469661419
0.7666802160806507
0.7668295052106219
0.7669521325095358
0.7670847848602913
0.7669843991550259
0.7669418072082487
0.7670101120330537
0.767120926579059
0.7671447968485419
0.7671358802773773
0.7671459570315773
0.7671977943090318
0.7671023889165863
0.766974868004665
0.7668371768781709
0.7667912852414681
0.7669378639577227
0.7669446300052669
0.7671164211583144
0.7672137996870748
0.7670899045802456
0.7672491142738699
0.767359117106996
0.7672523648326611
0.7672387864879863
0.7674130158031482
0.7673191668979233
0.7672052257048975
0.7673435593391688
0.7672910315666739
0.7670485534382215
0.7668419780125517
0.7669065795432269
0.7669749461034995
0.7669582798201606
0.7671337313151337
0.7672794819997666
0.7670680516109851
0.7668404095099103
0.7667858511852395
0.7670362528399569
0.7670040230782551
0.7672750419281383
0.7675841342405035
0.7675495792958494
0.7674709822079359
0.7676056367680569
0.7674142262300868
0.7673715369322773
0.7673680781621198
0.7672006776981918
0.7670332641722527
0.7671370738355704
0.7670571769815916
0.7669921466786684
0.7669673604662172
0.7666779418753538
0.7665895460664606
0.7664913925490567
0.7665336941181725
0.7665787634468854
0.7667571651888414
0.766607302453611
0.7665562564806725
0.766659838657675
0.7668332655981059
0.76678598213912
0.7667851455940924
0.7667134293068043
0.7667644156703893
0.7668851253050212
0.766821063617917
0.7670546525869154
0.7669199965856457
0.76706746687144
0.766949981702873
0.7668946246930641
0.7669082256805541
0.766771718662032
0.7667909827448535
0.7666778403026491
0.7668470209882318
0.7671314992001369
0.7672229267768227
0.767426869915214
0.7673764694319076
0.7673971011890627
0.767464348967277
0.7675939286304806
0.7674875193746588
0.7674448452015268
0.7673760960628037
0.7672791499805626
0.7672843470100975
0.7674496557281439
0.7676489134427081
0.7676930802335679
0.7674519645232287
0.7673287524112187
0.7672862232526962
0.7671730158835143
0.7671803114486502
0.7673140277455588
0.7673851172697245
0.7673820785307267
0.7675142732325071
0.7675066346314927
0.7675261817816579
0.7678678302459165
0.7680340101069006
0.7682215913405509
0.7680903564374902
0.7679240596125655
0.7679362681053539
0.7679087809084977
0.7680791538447665
0.7680367844874708
0.7679142770916304
0.7677270165192964
0.7677672249225224
0.7676940429015787
0.7676257053328482
0.7676649458901136
0.7676533374590013
0.767725730787582
0.7679421593474365
0.7677531015932958
0.7677751658510337
0.7676873446091654
0.767668418285235
0.7676369433258282
0.7676730992906048
0.7678062090198013
0.7677976501531445
0.7678706599544022
0.7679360954413665
0.7680885750751287
0.7680515736250153
0.7680501708007554
0.7680719786698387
0.7680724965797245
0.7677455401219989
0.7676039890027101
0.7675729211891857
0.7675474422453902
0.7678692285420251
0.7679523810374335
0.7679850863167922
0.768110655435566
0.7681042201712416
0.7681313087163013
0.7680759058286459
0.768160452386817
0.7680966857915459
0.7681506669957109
0.7680698864564438
0.7681965843948912
0.7679432516676832
0.7679602985058418
0.7679738572728501
0.7680573712115704
0.7682199847650653
0.7682334650526573
0.7680708567027453
0.768076359321789
0.7680335351451163
0.7682593885173528
0.7681927652453274
0.7682596442449501
0.7681595707354215
0.768116026043052
0.768123006553104
0.7680952501368903
0.7682130734825944
0.7681400753821019
0.7681921776008611
0.7681895666634743
0.7680762376961544
0.7680572730040717
0.7681173194048999
0.7681448409888187
0.7679234941672345
0.7679591978548074
0.7679217402631324
0.767910229950908
0.767846343981274
0.7677408705037203
0.7676897525302852
0.7676243905758103
0.7678375063750122
0.7678704628953436
0.7678521592212132
0.7678807302820329
0.7678198443210692
0.767894340493391
0.7677475881800934
0.7675973720472667
0.7675639066684528
0.767544222104247
0.7675499458739735
0.7675796230201393
0.7675919859880386
0.767726490161299
0.767673188668929
0.7676934237164668
0.7676284993046035
0.7673850646231734
0.7673135802635797
0.7671806928960736
0.7671493907542181
0.7670651682120561
0.7670863929049211
0.7669148940930082
0.7670772266216455
0.7671221982176665
0.7672589333671144
0.7671968262392448
0.767313371903509
0.7674522679709797
0.7674427550722128
0.7673747037953077
0.7672776572668064
0.7672140587684468
0.7671512647759534
0.7674094507861086
0.7674616373987592
0.767416953073607
0.7674603074164618
0.7675477712573704
0.7674640096832256
0.7674925022740553
0.7676913521280746
0.7677344108397759
0.7677034507098399
0.7677357601674857
0.7676074018979208
0.7675193131796489
0.7674252238819952
0.7676137587113466
0.7675587078608977
0.7677495949060736
0.7678047114901485
0.7677736515528022
0.7678108866341016
0.7678876878613644
0.767815178389624
0.7677413717176692
0.7676993782304096
