0.6013276474520726
0.5910284569156892
0.5842203663238137
0.6202255677135285
0.6426445953761012
0.6574899708506508
0.6524431547050742
0.6682570073144322
0.6657873493830929
0.6757547271982479
0.6837758674239376
0.7031605405109641
0.7090660222639189
0.7148888687127551
0.7121829254363212
0.7128409345053793
0.7065580676464267
0.7056587523550769
0.7035353524773558
0.7079451180416203
0.713532763915127
0.7168384214667834
0.7255636405928295
0.7307247187280179
0.7313876351363321
0.7310077762503917
0.7348137046037523
0.7430226242898739
0.7431765091712416
0.7437493751054429
0.7382586936605154
0.7382033244514691
0.7334032187092752
0.7310935929836551
0.7322166539112462
0.7314711934272339
0.7326928577796404
0.7364483889902033
0.739062676792577
0.7397053518026052
0.7405928766801422
0.7375522167512777
0.7395045067011404
0.7410705446246896
0.7393680711279996
0.7400331649092668
0.7413168945472443
0.7390631177251874
0.7355278982589526
0.7343940870746185
0.7362860469864372
0.7371530363461863
0.7391086799324267
0.7385101396800684
0.7390211628248734
0.7428302152335143
0.7451682001616701
0.7471951420271561
0.7485282396543474
0.7498433491384643
0.747674230350998
0.7480426396229687
0.7486720916226247
0.748373150193202
0.7497284850101027
0.748703267826783
0.7449011278240243
0.7470903863264972
0.7492181145800426
0.7484816588011226
0.7482694990023153
0.7454846867329903
0.7439653358229847
0.7431876422033389
0.7412454474500617
0.7427409157623656
0.7435500042952617
0.7453739195085572
0.7443342631057399
0.74321103849294
0.7421373860635895
0.7418069115171457
0.7418093024107757
0.7433583563583285
0.7442370044131712
0.7448251961792276
0.745872007415837
0.7442501474172551
0.7449765969102525
0.745662574174161
0.7455335365570227
0.746251606669739
0.74610442545413
0.7455334736544166
0.7461920432505251
0.746401662052945
0.7462113099146526
0.746384696692265
0.7444799006950843
0.7441711459193433
0.7441477026203142
0.7453579565229301
0.7466892934277433
0.746803011962337
0.7464954617585239
0.7476567374490604
0.7484415342533804
0.7486593009482263
0.7475366006152286
0.7464717084883109
0.7448779238640986
0.7436473623254328
0.7435281094308522
0.7438397605911732
0.7425874551147594
0.7434639153488741
0.7438642250131602
0.7437848402121826
0.7428645031751818
0.7420513246737095
0.7420916874309071
0.7429426559426299
0.7441248657665874
0.7438299169275018
0.7448870279118914
0.744475596665119
0.7451608369195414
0.7451219031855562
0.7447067753813128
0.7442031277080908
0.7445705916349873
0.7441357928975408
0.744484993492677
0.7442012792056444
0.7435505478141395
0.7436653370421334
0.7437277999405076
0.7441730486749739
0.7446542789907269
0.7446421809796617
0.7449397391423849
0.7444852419896723
0.7441884540632543
0.7452590771531002
0.745675398551947
0.7451560940227632
0.7448863431026657
0.7449065342921688
0.7456201602612113
0.7452843440213311
0.7440814250967537
0.7447599492992176
0.7437798945544942
0.7441880980889888
0.7443835588312133
0.7449116526996362
0.7448383452428609
0.7439043622554733
0.7442943807206702
0.7448507453262647
0.7447090721534088
0.7445089518902738
0.7439392869700426
0.7434357137304939
0.7450576594446358
0.7456983173578966
0.7453626200849193
0.7454675083228541
0.7465462085684298
0.7465358557812586
0.7471025371941531
0.747550950904403
0.7479596526750101
0.7483654416131007
0.7481483406328816
0.7478070275818557
0.7475060713398761
0.7478684939704604
0.748857289198228
0.7504860104629564
0.7507948060223409
0.7511801406891048
0.7520993717139302
0.7518894372952599
0.7516894009550511
0.7515737792545153
0.7516216836058028
0.7520357507446112
0.7517948304084336
0.7517037897711697
0.7516774179125644
0.7519826449165412
0.7525803667534761
0.753143290385648
0.7531838797862035
0.7530314244343008
0.7527139548349974
0.7529805698041746
0.7525428104175809
0.7525526380657395
0.7524043048389097
0.7524579212320979
0.7521637235603124
0.751787889466649
0.7523513031844126
0.7520145231546589
0.7512887632943241
0.751458768242917
0.7514141776032659
0.751243327010587
0.7506391605576553
0.7496961586734304
0.7495457353922498
0.7502867536115524
0.7502656352771471
0.7505953560400418
0.7509144588010314
0.7514986668370829
0.7513674524423672
0.7512859851788732
0.7515162029725567
0.7503911443740943
0.750793471170633
0.750493787106919
0.75039690773037
0.7509179581950616
0.7509898800989898
0.7504487137210449
0.7501965806513287
0.7488979842248862
0.7482508278272069
0.747797569033985
0.7484784397787599
0.7486423455974636
0.7490641637018854
0.7493477206030158
0.7489272767306608
0.7489389859326165
0.7492884551354104
0.7489968953485601
0.7488458611640936
0.7493409643963428
0.7491539387911909
0.7488155247719285
0.7491286292857419
0.7489568851286109
0.748561917044773
0.7479602011921445
0.7489660954095082
0.749187212441125
0.7490841238844946
0.7492997810202371
0.7495455091551485
0.7494153385005861
0.7493663881803462
0.7484552457313838
0.7484515253124604
0.7488822113692205
0.7485316948267611
0.7479825463937815
0.7480922860464914
0.7479866280968118
0.7471548932530941
0.7470759768456269
0.7477226060137392
0.7481409790658478
0.7476063888970256
0.7475957926257609
0.7476018059671425
0.7476523908433211
0.7478714276223348
0.7480109963340033
0.7486301803833305
0.7479051575133584
0.7477505246435462
0.7476342488706667
0.7476995110540892
0.7467240382754722
0.7460790775323035
0.7456847517985581
0.7457707281550978
0.7455406984297169
0.7457626342611637
0.7458109834128259
0.7460808967795398
0.7462138024379713
0.7457344295900609
0.7460098525130326
0.7464395249569535
0.7464142676198677
0.7468844051262957
0.747173663061621
0.7478310109618671
0.7481337958164153
0.7481475470828518
0.7477851828243997
0.7475887702756115
0.7481334054514776
0.74915436512149
0.7494247193229708
0.7495434644595169
0.7496264937601484
0.7491138362734212
0.7488438609671749
0.7487038955017496
0.7488404624255257
0.7487110384623071
0.7494069822270798
0.7493086050603092
0.7492120133044964
0.7495332662367641
0.7490430892265252
0.7489284203993548
0.7491193297277419
0.7491715314511947
0.7492291850577191
0.7489479040834977
0.7486791165678013
0.7482567194672838
0.748492944604167
0.7484820683720609
0.7483016182232328
0.7483618193488344
0.7482573591102533
0.7477588279213485
0.7477698275874757
0.7478886708100935
0.7481663435761949
0.747996205112665
0.7479533128028146
0.7480199199198228
0.7472611542273876
0.7474655824880062
0.7479631974300024
0.7481331322307279
0.7477643770492303
0.7480503955697569
0.7477724002537797
0.7478319562419505
0.7475630896945654
0.747480100247293
0.7472294686190439
0.746992492015497
0.7470848820817763
0.7468798897113162
0.7472364699879186
0.7472320359974179
0.7469814239604352
0.7473153910848694
0.7472132806523889
0.7468796767741528
0.7469620851720892
0.7465330021849617
0.7469675125011462
0.7471239498546332
0.7466687766188199
0.746661240730109
0.7467906586452018
0.7462147139279031
0.7466521588714656
0.7461957838686774
0.7461183002273342
0.7461514713568282
0.7460842979077716
0.7457978343528661
0.7457904152256798
0.7461337801885553
0.7462360117561382
0.7467511633784198
0.7470152360653836
0.7471143263453737
0.7471171965992232
0.7475647194302326
0.7472391575332743
0.7469767420247099
0.747075368798783
0.7476139751093374
0.7477496601104503
0.7480676789098105
0.7480863961644144
0.7479720186366358
0.7484250991015011
0.748440953861567
0.7482948366657423
0.7480887467320766
0.7478395086744233
0.7477224933379214
0.7476141357154698
0.74727036708241
0.7471427154508483
0.7470984130709453
0.746917800954316
0.7468625121323034
0.7465872771037396
0.7463728745313992
0.7459497574897592
0.7460551669390444
0.7467340666897444
0.747133403017251
0.7473072414710245
0.7475973916283877
0.7480076070739056
0.7488773641409306
0.7491788503353485
0.7489676665794027
0.748727721983611
0.7484522724851812
0.7479667791171078
0.7474781755981856
0.7472264894988592
0.7474349469584625
0.7472565727323095
0.7474963688567315
0.7477390844742039
0.7479984823677825
0.7475030950254716
0.7476425572429698
0.7473996590216975
0.746779916960592
0.7468023227927957
0.7466962841657566
0.7465372895830373
0.7465806835029201
0.7466837027677728
0.7468769199593337
0.7465442654940686
0.7463389678061417
0.7467831282426496
0.7469043008178278
0.7468586525890193
0.7468320443701794
0.7464793918374364
0.7467128600847597
0.7466795302090742
0.7469565407037593
0.746965856736109
0.7467500081102587
0.7471495250466114
0.7471522809632505
0.747356731048274
0.7471689031671366
0.7475735285170323
0.74724383446282
0.7471576169635623
0.7472522189581923
0.7475868943489236
0.7472107701991973
0.7476084844456333
0.7476170683724681
0.7477812894165584
0.747784524578884
0.7478091897897348
0.7477460210574107
0.7479269059870362
0.7480626691928115
0.7484203958741197
0.7488469978389456
0.7491533664088165
0.7489667933662051
0.7490315163549607
0.7487626345456772
0.7491722338491565
0.749554664961804
0.7492293681974371
0.7489673151187789
0.7488157465345607
0.7488203682105404
0.749008055934194
0.7493701576704042
0.749273307033548
0.749193921722329
0.7494666161056921
0.7492564174048779
0.7494521890663816
0.7494045462734945
0.7492227225035188
0.7492589606099745
0.7490740232503865
0.7489732079394941
0.7491890482913882
0.7491008232263966
0.749340879878442
0.7495537454701284
0.7491303824720292
0.7489300645104832
0.7489560759704333
0.7487899629972786
0.7487213498485714
0.7489235166104415
0.7493929980306441
0.7501977754857118
0.7503702549880864
0.7503718480035216
0.7503818566684298
0.750634967611502
0.7506737449368578
0.7510814524958384
0.7508012287488368
0.7507747889799614
0.7507920449795872
0.7504164123135215
0.750318005211421
0.7499918896653109
0.7499207813710608
0.7499986830242371
0.7496111615020662
0.7499207296580622
0.7499913071489259
0.7502231835279093
0.7500462734108791
0.7500086334127833
0.7497618178549293
0.749038193548824
0.7486561897789276
0.7482720556988309
0.748024576385977
0.7477701460623285
0.7479296988463727
0.7477132524977884
0.7479046372052592
0.7482159076958246
0.7484137351289281
0.7482627380939305
0.7479725601986539
0.7480951467452532
0.748119649556035
0.7485255962346508
0.748673546601608
0.7486480218960115
0.748545435840935
0.7484988436975694
0.7488324855454691
0.7486386810972827
0.7486447106127135
0.748956358640519
0.7489276321652091
0.7490783924336456
0.7489418257850798
0.7488258392679845
0.7489130731169296
0.7489818002537361
0.7491052937408823
0.7494485458304259
0.7497890763995907
0.7496858307387072
0.7499164108564983
0.7500208664266733
0.7505751775781324
0.7503832775344714
0.7505056056532815
0.7504584103832592
0.7501730429249286
0.7504430349320714
0.7502805054500981
0.7501556257402009
0.7500225367366473
0.7499293453254975
0.7498217841432806
0.7500323248543452
0.7499211286825102
0.7501610406316185
0.7503682316840083
0.7504576614929663
0.7503024946452183
0.7500686614937763
0.7501476226350897
0.750255789975724
0.7497942934253694
0.7502334760894883
0.7502171514241248
0.7500405744068525
0.7497571265665198
0.7498021645593868
0.7499753919589051
0.7499535100956681
0.7504119208579862
0.750332876198371
0.7506467473640671
0.7506462556327287
0.7504242506868835
0.7505569577561798
0.7505461004081818
0.750226235396615
0.7503210011958787
0.7503046028264608
0.750245922770914
0.7503984067012098
0.7504516952352388
0.7502574554730308
0.7501870208639166
0.7503777979727897
0.7506239690755672
0.7507255552931724
0.7506920349706171
0.7507636617029069
0.7506784866579478
0.7509403097312977
0.7509196566628625
0.7511431521521392
0.7511701100046656
0.7508667414730229
0.7507246279308071
0.750594274608744
0.7505455277223386
0.7504205884921343
0.7501337787435709
0.7499072516178777
0.7494895576744935
0.7493170067744739
0.7493122893123931
0.7490545990465061
0.7490987169199569
0.7490397799244124
0.749140284560513
0.7491146012451925
0.749219301093862
0.7493224149339653
0.7491456069503536
0.7492165995636849
0.7489421361919074
0.7489458825831853
0.7488023204290417
0.7490104807424133
0.7491815155290041
0.7491743555273386
0.7493528045108804
0.7488438716901783
0.7492259399615592
0.7493379931043602
0.7492921169285254
0.7494487029699205
0.7495717481896504
0.7495310113784323
0.7496588622222269
0.7495843067832494
0.7495966026359024
0.7495951373486476
0.7494756064395162
0.7495219899287121
0.7497552689386238
0.7496617836123629
0.7497266587998453
0.7496043518961815
0.7498007853360241
0.74978564310498
0.749943378796638
0.7494057002051853
0.7494743845563102
0.7496722171880577
0.7499683231847816
0.7498525332212855
0.7498838185976152
0.7499516333022012
0.7498996624826644
0.7500045097934672
0.7502258016174387
0.7502864664437221
0.7504575715692848
0.7503901561765703
0.7502445785550272
0.7501840319116885
0.7503123911833971
0.7502266438012235
0.7503534313750968
0.7502113939208618
0.750337453809135
0.7502749281416358
0.7502483542252201
0.7503123516853806
0.7505474269469279
0.7509327443527709
0.750941420104517
0.7508729571837393
0.7509970949365211
0.7509212685780832
0.7510187086687674
0.751217946150261
0.7513743783762418
0.7514432101236748
0.7514644886379204
0.7517048306870011
0.7516963672157331
0.7520195011508465
0.7520172661622185
0.7520982643827673
0.7519484403886877
0.7520268199576264
0.7519103556568228
0.7518485322128362
0.7517626099614285
0.7516678671634867
0.7517943724084697
0.7519842593958331
0.7520441390482071
0.751970570152625
0.7521331228012189
0.752248072288606
0.7523215460030883
0.7526135841017227
0.752673686312767
0.7526798060429597
0.752356386945581
0.7523542613750928
0.7522069393272739
0.7524614613599584
0.7525872153195031
0.7524332345290897
0.7522924974934952
0.7523124440408184
0.751990540700215
0.7519921398044722
0.7519241687506568
0.7520561761961196
0.7519331826860122
0.7519021247396194
0.7518786986623969
0.7517823948549972
0.7514201427410596
0.7517349468320731
0.7515897430490913
0.7515576554326905
0.7515772440158808
0.7516878244667118
0.7516810520277228
0.7518195088376937
0.751961516782292
0.7520216265776277
0.7521839332596317
0.751922887039506
0.7517632184251591
0.7517569904035613
0.7518017676287668
0.7518387313678193
0.7518674847474004
0.7520389250871417
0.7518773902334909
0.7516629698643856
0.7513220889457026
0.7512249642930652
0.7511546086891733
0.7511576576316812
0.7511427911688127
0.7511002841149728
0.7510737482036967
0.7512584854304742
0.7515828941778916
0.7517087004769152
0.7515499448463482
0.7517291948514867
0.7517534036948388
0.7518864736734387
0.7517327713741117
0.7518782193293934
0.7522048517665426
0.7522001414225451
0.7523823793740954
0.7524300768435129
0.7524379831451974
0.752453138352535
0.752550057148504
0.7524913415682241
0.7521854000766757
0.7523060939692428
0.7522603091321534
0.7521241139326004
0.7519989783140433
0.7521807487372442
0.7522855845155786
0.7523936017224159
0.752529516407411
0.7526874112520854
0.7528317732155866
0.7529829111029094
0.7529915939903994
0.7530792246920364
0.7531389260416428
0.7530573367648757
0.7530921033796047
0.7530841607243085
0.7530212957634547
0.7530243683043256
0.7532694331101843
0.753097293172924
0.7530089555869873
0.7530640435305941
0.7529611810725193
0.7529622127310439
0.7528986066220248
0.752886630237138
0.7528119231257535
0.7526455351622501
0.7526899709956931
0.7528011541013788
0.7524601389784661
0.752553416700571
0.7525605412765065
0.7525199617784056
0.7525383673391635
0.7525551315287238
0.7525087928918167
0.7523259400820493
0.7521677105566369
0.7522672026492279
0.7522834076820134
0.7522900345945073
0.7520819164163972
0.752160525545089
0.7521030801414961
0.7521655178625394
0.752126823540411
0.7519288901545278
0.7519630290621879
0.7522304931793091
0.7522347797542654
0.7524090404597009
0.7524411101603213
0.7526209249030456
0.7525823694537083
0.7524893830728712
0.7523643736106888
0.7522980832845009
0.7522678439678827
0.752313218786267
0.7522607296615788
0.7522396218321663
0.7522143217598057
0.7523480475100969
0.7523695866049508
0.7524994136697553
0.7525556344986772
0.7525728381817366
0.7525233066021226
0.7525721017011998
0.7525229408047283
0.752533020249013
0.7527114747623069
0.7528349321900881
0.7526098965986561
0.7525419514561801
0.7525254398832487
0.7526153258630801
0.7525360889831205
0.7527224140239931
0.7527078130841881
0.7527081830479381
0.7527404302068728
0.752783847176511
0.7528192162597965
0.7527759477669355
0.7527250374476583
0.7528010843948896
0.7529188891856413
0.7529705237300064
0.7530510769060673
0.753139027084943
0.7531640588881262
0.7531767297214437
0.7531708319542487
0.7530346887410891
0.75282796430147
0.7528467538646987
0.7528811822378806
0.7530604368953393
0.7529664907813189
0.7529396385867846
0.7528831618105658
0.7529881893039203
0.7528621353772605
0.7526361702772104
0.7526047951117554
0.7523976801699358
0.7524530047892978
0.7522665890847579
0.7524318681525288
0.7523756357049909
0.7523084793156952
0.7521982745239897
0.7522492224790499
0.7521199099341028
0.7522393745983128
0.7522527680497321
0.7522506562674425
0.7524909703040971
0.752443642078042
0.7523681579312931
0.7524301388687109
0.7525295946088233
0.752566880671758
0.7526304974132058
0.7524628115891091
0.7523930818304918
0.752502781559387
0.7524283956998203
0.7522457841425659
0.7522373405665689
0.7521541305224003
0.7522152834354396
0.7523740040917883
0.752293125163518
0.7522868342570972
0.7522959910349785
0.752259250631056
0.7523431102629352
0.7524842714578134
0.7523988243254671
0.752298401946682
0.752321925535946
0.7522156345193227
0.7520784560050096
0.7518756440543284
0.7519743797082052
0.7518999076786277
0.7519349368006365
0.7521868804811425
0.7522223236639201
0.7521217127250558
0.7519544922461382
0.7520045650974406
0.7519400855227277
0.7519536707463936
0.7518309725635157
0.7516979181275001
0.751580385814823
0.7512502282093533
0.7509578890300237
0.7508176880457519
0.7508535571645579
0.7510380383184122
0.7509623469563051
0.7508405874442295
0.750739823081428
0.750764128187106
0.7507146526405094
0.7506410580038319
0.7507550470992336
0.7507142988699873
0.7507594330984981
0.7507178249042383
0.7507024359237313
0.7507147248381154
0.7505768212965737
0.7505965546253069
0.7506323779060589
0.7508121091037813
0.7508371452220332
0.750861835594268
0.7508707558462736
0.7507426382651616
0.7506175615204023
0.7506414895340692
0.7507243885419649
0.7508339471738182
0.7508307263358714
0.750711956679664
0.7507684194305627
0.7508710867475745
0.7508375630442461
0.7506159936308516
0.7506665893960917
0.7506386405406681
0.7507193735285951
0.7506302334586094
0.7505830971768795
0.750691597017387
0.7505061742712584
0.7504773767912533
0.7503780329444516
0.7504260958775522
0.7503965464356563
0.7504480915951707
0.7504062491204062
0.7505362797916959
0.7504310768060238
0.7503896675311348
0.7504465969274384
0.7503331706030019
0.750480309578101
0.7504805265427107
0.7506469961894989
0.7503924597090124
0.7503717582684474
0.7504031627661074
0.7504840928735759
0.7505395774594814
0.7505209838079162
0.7503762125507452
0.7502877139643928
0.750194974188475
0.750298041127917
0.7502733430939296
0.7503456377478732
0.7504693082268338
0.7505936132018569
0.750720874330677
0.7506996439922793
0.7506638993465053
0.7508338712462626
0.7507547916181745
0.7506896437367815
0.7507431399455892
