0.5765514514942565
0.5924737412409811
0.6424857395232643
0.6866906280513021
0.7016988112092084
0.7198751313715003
0.7307524458189635
0.7287842204197594
0.7475612266041094
0.7540417138022626
0.7632340056047092
0.7589689278523637
0.7612081858795884
0.771446448663821
0.7590044268770518
0.7660862915626218
0.7643670062029627
0.7650032816136414
0.7609869776255304
0.7654661643808399
0.770828422536755
0.7728739505272906
0.7729185562598369
0.778271922226229
0.7814372298083516
0.7840607342097358
0.7889385593718743
0.7910394342999282
0.7903676345178765
0.7918378021353173
0.7861487078555784
0.7873477985121373
0.7864230015837567
0.7895472589505801
0.7928809749992554
0.7901710479802394
0.7902072893043516
0.7924337861582096
0.7982979326609633
0.797365853758066
0.7985583844007375
0.8012875882753246
0.803062652449661
0.8044578674203229
0.8055684026151615
0.8046773463223966
0.804404692088847
0.8051914750169527
0.8044682142164266
0.8057182358783974
0.8078643204450442
0.8063084615135329
0.8026125160343957
0.8027446555649332
0.8030564959896421
0.8050335637615493
0.8045276370855493
0.8022612387502857
0.8039153106813031
0.8039122820526252
0.8021089471542102
0.7998528435312023
0.8001429880477192
0.79749443083175
0.7944492510347331
0.7919785521341605
0.790474850813087
0.789698188661706
0.7926619270718396
0.7922424850840707
0.7944488188706927
0.7919625660171966
0.7912765120660009
0.7903124622366423
0.7893136955958208
0.7897657028472466
0.7874793278290867
0.7861478601868518
0.7851323792704504
0.784954339571741
0.783697365748566
0.7845049700634912
0.7870507365048408
0.7870862496024282
0.7862272450773671
0.7864167464577674
0.7874181949492762
0.7868482708032293
0.7860295054226215
0.7855792386014089
0.7865745920373278
0.7863307717722166
0.7863088367348028
0.7860524287679602
0.7879989466985541
0.7882454944224779
0.7878977404820255
0.7884022464096178
0.7873168198802798
0.7871456412536952
0.7866236016387829
0.7877705919317227
0.7874917148854205
0.7877980484372856
0.7884664639622109
0.789453991088297
0.7897880221316882
0.7891050961301139
0.7878444960541484
0.7871682382332442
0.7858555702853592
0.7852394914673781
0.7848973900026928
0.7856325002307245
0.7845813048668917
0.7846982959431423
0.7858658912942101
0.7857592660714962
0.7856085269409628
0.7846338268510508
0.7848958956043506
0.7862168658444835
0.7852958579339349
0.7843713525372387
0.7851938011544902
0.7858200369633802
0.787047870742357
0.786707543973042
0.7857463008966521
0.7859417554539779
0.7857629569128061
0.7854384964468117
0.7847364495855714
0.7845611427366161
0.7836275264435278
0.7827928091548676
0.7819720318249187
0.7824119858899382
0.7825470745043703
0.7826086449470135
0.7824364587756236
0.7816540236163295
0.7820375276769633
0.782666486041093
0.7816461111999429
0.7817109938858025
0.7812791503269021
0.7816924357108441
0.7831600918344551
0.7828936092552139
0.7820519889518333
0.78320982395209
0.7834368013503118
0.7843120724904922
0.7845339228719411
0.7850910793001561
0.7846935962602699
0.7841273181444234
0.7840825026232795
0.7849171242545601
0.7859671353515911
0.7850253460168478
0.784309870090744
0.7831852230268985
0.783207849173329
0.7833161243709965
0.7830841217313226
0.7831027888610131
0.7836683074650312
0.7843055713449547
0.7851842376106712
0.7850311794801842
0.785635544819104
0.7856443042377202
0.7848560022173944
0.7849020947757227
0.784632248388906
0.7847343825672456
0.7862963363223658
0.7870656190454078
0.7878188680394667
0.788421679785856
0.7892591406374255
0.7891861029822802
0.7890750275241055
0.7888970244425899
0.7888248033179289
0.7883375054035308
0.7884204827405917
0.7882934943225811
0.7883680103428581
0.7885804326756258
0.7887671078392203
0.7894195859855974
0.789711012428624
0.7891960965543631
0.7894518195381195
0.78979746530464
0.7897579394884122
0.7895555657793071
0.7893490358641221
0.7900245334421813
0.7899423713474157
0.7896642292069024
0.789981697219549
0.7898396580209485
0.7898524538500615
0.7900043755597239
0.7901321690033589
0.7900503431644824
0.7898825662599706
0.7893612491343412
0.789300326817238
0.7897295060859132
0.789455306031694
0.7895954706621795
0.789729560565921
0.7901974505715504
0.7902953373103573
0.7902116827382896
0.7909938103207604
0.790471672431209
0.7905642905501737
0.7906323872546664
0.7907700607079013
0.7904927434349884
0.7905039664890282
0.7906673736408929
0.7902327535385235
0.7900005802885975
0.789720231860757
0.7898486925337173
0.7894168652933107
0.7899004744155838
0.7899451180202969
0.7903581169013256
0.790149662308105
0.7905608099243027
0.7915311085342073
0.7914667151843284
0.7915312400327912
0.7923276981828458
0.792234502598242
0.7924641895730105
0.7928157055648313
0.7928087701957556
0.7928578020762097
0.7925338110591351
0.792793746884002
0.7923724442256339
0.7931176865939771
0.7937744823638737
0.7934769800316709
0.7933905814173764
0.7934621216963939
0.7927499720492264
0.7926262509338003
0.7926710250793167
0.792476964420847
0.7918382794940723
0.7919187406855496
0.7916911948870071
0.7909656447418353
0.7907263373002392
0.7911041631133037
0.7906022089839585
0.7905954319156
0.790445812461528
0.7901138980288107
0.7898960856845311
0.7904729246959759
0.7908966074430016
0.7914022362695972
0.7913590465130353
0.7917912781266191
0.791980111632334
0.7916442530032743
0.790704824316057
0.7906849442311782
0.7905376248859802
0.7912085042550697
0.7905206292108246
0.7908579330245734
0.7906493188867026
0.7907483938932024
0.7911613767681851
0.7909083262239882
0.7907349560977505
0.7913174895927138
0.7911670986735037
0.7913116243853066
0.7918110987172631
0.7917517357606925
0.7917628923773183
0.7915185396248337
0.7919525599988411
0.7917394637157584
0.792138950527634
0.7925712141346908
0.7927168243318291
0.7929120809831647
0.7930432254200499
0.7928039036685395
0.7931015012397337
0.7932907853916132
0.7931521379367165
0.7934263473734412
0.7936081823554781
0.7935564422661443
0.7934350681910104
0.7936011487500444
0.7935724115777238
0.7936458082928458
0.793693556516515
0.7939370433595083
0.7933598487951796
0.7933655159410545
0.7933399210623209
0.7932637207518886
0.7934122197201664
0.793111470813773
0.7934250227706556
0.7932863049909021
0.7934667498454948
0.7931793952985656
0.7929925774920332
0.7932995535287576
0.7932894877869793
0.7931522278543451
0.7931453446402439
0.7931939647260018
0.7935536781809055
0.793672881831945
0.7942243768889038
0.7943867120052849
0.794453909926107
0.7944175319477298
0.7943232308951228
0.794594864602025
0.7946914198329389
0.7948079380125036
0.7945413112068751
0.7943685307792172
0.7941911751085136
0.7936030276759998
0.7934196950030986
0.7932230830658368
0.7922892164070735
0.7916628353321206
0.7917681211600445
0.7915833233937597
0.7920235074700923
0.7917873704428914
0.7923095465672352
0.7927468953943037
0.7923945586811303
0.7927046061867703
0.7927519881423384
0.7924430350309487
0.7925591796253629
0.7925128430923187
0.7922252814625945
0.7921516579092803
0.7924256633450375
0.7921900629485148
0.7919211911310361
0.7922024517433928
0.7921374809781171
0.7919780781222643
0.7918489555040968
0.7920237466788567
0.7922028934981588
0.7924447710187925
0.7924669979794292
0.7924773420901753
0.7924389780793992
0.7923011233950743
0.7925034139015465
0.792654143017667
0.7924981468541084
0.7925462269619938
0.7924782129110682
0.7925471874416566
0.7924892925562609
0.7922688209938903
0.7925888774080985
0.7924629672164143
0.7920823055863594
0.7914941046338752
0.7918591414848795
0.7914512079655027
0.7914810593934902
0.7916825092306549
0.7921944665018471
0.7922356881703451
0.7921655862819321
0.7926150015673523
0.7927840887015383
0.793066579091567
0.7931866181038507
0.793520038211574
0.7937009714240669
0.7936911396611277
0.7940397781712873
0.7942984184110855
0.7940595859020767
0.7937614590583187
0.7938466245809057
0.7935104712013482
0.7932925171957429
0.7936906848240691
0.7938147410525693
0.7939332733079865
0.7940564371734737
0.794285456424769
0.7940679479507824
0.7940470274238837
0.7937499988549507
0.7935650372513754
0.7935237913543514
0.7935571988813168
0.7934003925166698
0.793551793152504
0.7938058400634733
0.7940522643700365
0.7938904171025607
0.7939700356864307
0.7941157075329438
0.7940923891330034
0.7940461152250652
0.7939757293440542
0.793902112825515
0.7939379797317181
0.7941389559606581
0.7941650095389092
0.7942755511940579
0.7943117194576992
0.794554842741163
0.7940542073404702
0.794246447309324
0.794202017616786
0.7943912963590917
0.7942645096659028
0.7941894649044506
0.7943144690549943
0.7944029981008508
0.7938284606807715
0.7937516215619916
0.7937621537189203
0.7939493205017049
0.7936171298598709
0.793791751194826
0.7934249038006829
0.7935667966048946
0.7937923734763066
0.7942144640025484
0.7944496675120618
0.7945508912432296
0.7945368961073039
0.7947110844181072
0.7947920751174905
0.7951660009405872
0.7950003647633291
0.7949058321771296
0.7946933260000766
0.7944444786734745
0.794471021423622
0.7943341277318179
0.7945001690036017
0.7945420946694095
0.7945956805067895
0.7949724665468312
0.7952150423698892
0.7952614241881878
0.795236620607132
0.7954376846462043
0.795860523908239
0.7959054741680556
0.7960845278426024
0.7961698670456933
0.7961825351419136
0.796237304730251
0.7963632345605703
0.7963028738040717
0.7965533872027727
0.7965555145924067
0.7964890278161427
0.7967483394405049
0.7967704024818482
0.796836918435436
0.7969898935609144
0.7972874957779863
0.7974271290914217
0.7974432531980586
0.7973822194463169
0.7973851736748846
0.7974815728799379
0.797324150063143
0.7968992966499814
0.7969423307176088
0.7969264001972767
0.7967562098448632
0.7964891671220312
0.7963204360956764
0.7963947956491954
0.7961607984177737
0.7960035854334685
0.7959355039835264
0.7962280607732234
0.7962319332392664
0.7961587209214602
0.7960356780131661
0.7956147726321423
0.7955009544844582
0.7952937942757464
0.7952972178004207
0.7951807808312137
0.795329097556637
0.7951857437279456
0.7952220141864049
0.7956444401393994
0.7958963842623563
0.7957773333449486
0.7957634073983919
0.7957375126776287
0.7954183156463305
0.7953770742911077
0.7952427657860922
0.7952743487898638
0.7950047489291864
0.7948019466501547
0.7948810223057431
0.7948459874027103
0.7948688438362811
0.7951384700921972
0.7951438106129806
0.7951069375074797
0.7951500775754033
0.7949829919714104
0.7947355227110753
0.7946364496856188
0.7947006965555731
0.7949154132329397
0.7952404095222333
0.7949798423456088
0.7950444425919165
0.795231436882497
0.7958464645352455
0.7959059460575117
0.7960759903403142
0.7960340816431989
0.7956142761106696
0.7957357053414399
0.7958677637855298
0.7958554579572915
0.795836546652144
0.7956734629043584
0.7957946165099896
0.7956407434564455
0.7957239936920112
0.7956601852838486
0.7958610155680678
0.7961246939789578
0.7961401775951634
0.7960632965176337
0.7959078998584018
0.7957976352995502
0.7956575041530701
0.7957223022339075
0.7957780754983521
0.7957090133137266
0.7955615880391398
0.7954250245026872
0.7951306734993749
0.7950639409927824
0.795296030553725
0.7954871431646304
0.7957474089713427
0.7956235927193681
0.7956713475542532
0.7957220054843138
0.7957385560099005
0.7957544933263309
0.7959186555074751
0.7958707341884114
0.7959082513942499
0.7959540520622962
0.7959882036035143
0.7959693123936286
0.7956223312989577
0.7957785377323325
0.7959595546454945
0.7959929902309778
0.7962411694294967
0.7962204579412283
0.7960384110345143
0.7960109158820732
0.7959899744113368
0.7960425503146108
0.796230843427661
0.7963209190421997
0.7961239808386891
0.7961925947298257
0.7962132681667433
0.7959618103905767
0.7958755557316177
0.7960010947148441
0.7959760596130775
0.7960136768093298
0.796251629409628
0.7961706242114519
0.7962623982342947
0.796142702483102
0.7961964555338128
0.7962306925964207
0.7964248820111761
0.796613273814014
0.796449761887342
0.7964157891944709
0.7966067198663317
0.7963474456705384
0.7962311349020729
0.796231827388389
0.7961398248851058
0.7961440953752414
0.7961446550617125
0.795958771371275
0.7961882369706722
0.7960656895059015
0.7960310841588691
0.7959737932149582
0.7958723301834175
0.7959841773057869
0.7960188754942543
0.7958740784301112
0.7957563035786398
0.7959279929034648
0.7959887444419135
0.7957768347554227
0.7960162639350693
0.7959073351895157
0.796067716976527
0.7961393502164826
0.7960553994652586
0.7960415446498863
0.7962137383578455
0.7959937022300492
0.7961572706896871
0.7962396303054667
0.7962238426292544
0.7961963241287082
0.7961906323057186
0.7963654867311969
0.796308187321785
0.7963916556576025
0.7967436437591312
0.796991304435552
0.7969623408335306
0.7970543047629123
0.7969985112627151
0.7967906340206872
0.7970288724410767
0.7968224455185141
0.7967545585594081
0.7966018206581554
0.7967679075984417
0.7968025136823644
0.796884633055991
0.7970881337060584
0.7972071791960985
0.7975203609957173
0.7973996027178765
0.7974507972245555
0.7974561543787938
0.7973399205212244
0.7975657797950286
0.7975868319570465
0.7979318701899458
0.7979720914283294
0.7979868775134508
0.7980886835684282
0.798097321355243
0.7981201369356621
0.7984099757941686
0.7983877034139418
0.7985683362681717
0.7987039178699735
0.7987837975880019
0.7987946053063458
0.7988458864335168
0.7987407097539697
0.7989047631260033
0.7988525401691867
0.7989547038145831
0.7989527211214972
0.7990197439026264
0.798942389654992
0.7989377890115001
0.7989120438473357
0.798883707835209
0.7991788078541052
0.7991743073375068
0.7992849434564321
0.7990935794948496
0.7990512765708371
0.7991684708995257
0.7990809644591691
0.799064249255152
0.7990595202147815
0.799008635168919
0.7989195499379866
0.7989274120534748
0.7991148651755235
0.7992520686678802
0.7993043057968042
0.7994814777936914
0.7994707700229029
0.7994411644067196
0.79947740885718
0.7995589579820256
0.799680431573458
0.7998139799861136
0.7997293420963513
0.7997580103810628
0.7997932516122451
0.7996269512614719
0.799744578336999
0.7998405020742424
0.7997220314388399
0.79967016603216
0.799818057379226
0.7998995692444265
0.7998188910307609
0.7998862322845071
0.8000619921970537
0.7999852805120556
0.7999952406527953
0.800061970903
0.8002555239485319
0.8002570479390616
0.8003453807146865
0.8004311034693177
0.8006104765959373
0.8007083165772527
0.8008528941134193
0.8008105163446705
0.8007698173925165
0.8005155340115547
0.800356215132485
0.8005680357507429
0.800471766649962
0.800585199826146
0.8005619159958058
0.8007283178936191
0.8007853093796091
0.8008312160372598
0.8007866743081403
0.8008584455939928
0.8007225598309393
0.8009583562187642
0.8008706455407972
0.8007729363915784
0.800761881735247
0.8008048359301069
0.8007905595147452
0.8007991878796121
0.8009550666311023
0.8010029037393489
0.80113577082598
0.8011365136926009
0.8013956132290244
0.8015897738356171
0.8017992390181023
0.8019706622518405
0.8020246509162076
0.8018919528792673
0.8017420826525544
0.8019459277586132
0.8019673859569031
0.8017525324226358
0.8016644899862242
0.801758630044812
0.8016696771184906
0.8017164244519668
0.8017383379960153
0.8019163329731864
0.8018922355680591
0.8021860165409193
0.8020841397086629
0.8020760831327277
0.8020894089673523
0.8021944376942448
0.8022306078007706
0.802338783882673
0.8025793963042808
0.8026880298287923
0.8026663424558681
0.80266958328321
0.8028023876843032
0.8027711858760143
0.8028128224604086
0.8029032549769617
0.8027751423309661
0.8026516143739978
0.8025908551778129
0.80248693528706
0.8026080660113251
0.802488054522154
0.8024306004226104
0.8020771077187163
0.802162618358802
0.8021525615147429
0.8024005224365798
0.8024293662274143
0.8024327307918107
0.8026228722317527
0.8027307865854096
0.802676368102523
0.8027103767432745
0.8027114780267351
0.8026675533774742
0.8026448458225223
0.802720829834429
0.8026863375847211
0.8026222820772715
0.8026650670798683
0.802799547559246
0.8027578504829995
0.8026564230048341
0.80281560416084
0.8028895030391554
0.8029297101725894
0.8029554196161275
0.8031050913128881
0.8032700660151416
0.8034246329903774
0.8035007070872394
0.8035148304365455
0.8034581924793991
0.8035679617036566
0.8036528993879439
0.8035113240701387
0.8036832908206497
0.8036849558309982
0.8035764345664971
0.8034535251293027
0.8034119383430616
0.8036528130902308
0.8036235523284662
0.8037372738364853
0.8036507851880543
0.8037367694006385
0.8037694386741023
0.8038437263231408
0.8038115773412327
0.8039678445160804
0.8039240363500996
0.8039919045103142
0.804071122602202
0.8040418370302497
0.8040305375108711
0.80416050107821
0.8043288535455977
0.804395879608946
0.8042243240300697
0.804157515851863
0.8042139580923586
0.804353741384955
0.8043347548019956
0.8043003695292846
0.8041850058602983
0.8041021668607493
0.803966576241088
0.8042334277748698
0.8041760082851247
0.804222158256103
0.8043249926492612
0.8043394291910031
0.8043144756124219
0.8042753009078714
0.8042006181080393
0.8041995375720087
0.8042834397328067
0.8042200910865935
0.8041091878845678
0.8041090073457903
0.8040817105681453
0.8040844046470071
0.8042015871720348
0.8041710779602669
0.8040301931980357
0.804044352850555
0.8041363377183746
0.8040684055421284
0.8040866180681184
0.803991710408604
0.8038159300374292
0.803881255314514
0.8040170358873722
0.8039377150434766
0.8039976414230396
0.8039499890674465
0.803919886584183
0.8040204816653156
0.8040627836178303
0.8041819338382353
0.804282802939069
0.8042239674211349
0.8042047605378769
0.8040742338736631
0.8039586008152
0.8039054892838048
0.8038998134437948
0.8040324291605396
0.8040293264456366
0.8038379603080811
0.8037038210723334
0.8036670427025201
0.803804382316996
0.803701964066333
0.8037204974249887
0.8036154378209388
0.8035893582174608
0.8036076325905449
0.8037003543691409
0.803576001363962
0.8036035671860505
0.8036380754915242
0.8036968112279964
0.8036107403656545
0.8036164389340849
0.8035561818949453
0.8035637599692632
0.803489783640841
0.8035957071611524
0.8035224804397815
0.8036809696007813
0.8036271014437247
0.8035144594171597
0.8033140292452303
0.8033620048527851
0.8034233924343911
0.803479694719406
0.8034850698970042
0.8034856347982837
0.8034313896749267
0.8035407094489949
0.8034462811001044
0.8033396647570756
0.8033684776811009
0.8034013930004836
0.8034140748899343
0.8034242974544531
0.8032188196456381
0.8033228450166594
0.8032893339126903
0.8031380215741695
0.8028252968603545
0.8027196955876336
0.8026570317306883
0.8026238762594742
0.8025284923075843
0.8024242928496755
0.8024698540926037
0.8023729011965934
0.8024422679803676
0.8025614694138951
0.8024647019872467
0.8023538815413362
0.8023460727360515
0.8025474793805201
0.8026127607070279
0.8024384878703013
0.802478430970359
0.8025354233570606
0.8026162295627791
0.8026310488756425
0.8026346012464839
0.8026805368434742
0.8026435730305748
0.8025906890479828
0.8026588313716755
0.8026569597731406
0.8027581229479659
0.8027093665442189
0.8025403441076643
0.8025015006675579
0.8025585873298415
0.8026058063160864
0.8024662901299752
0.8024955526898606
0.8024480403082694
0.8025693196640518
0.8026289435932227
0.8027106773776083
0.8026568428847609
0.8026031024847124
0.8025649676136843
0.8025199441692933
0.8025072291725187
