0.5511732338804918
0.6841608465467258
0.7116915233205998
0.7214174199961888
0.7156917682506225
0.7243401222452304
0.734782611244213
0.7399605946328239
0.748616668929082
0.7561987805111832
0.769066324906276
0.7743348019278458
0.774840248994657
0.7667500861735074
0.7605766751278698
0.7580398694859414
0.7565539274873677
0.7593987759400851
0.7583403285966018
0.765088024432313
0.7791609204963045
0.7807351957095561
0.7854422939116559
0.7877133541449376
0.7812714928407966
0.7814836627488996
0.7931428070203133
0.8015969118963293
0.8049751882665421
0.807078030723712
0.8004888317544292
0.8014741508498795
0.797646386076045
0.7968019447073303
0.7962454356012969
0.7926008124135525
0.7935539302796168
0.7953112036235557
0.798620886161804
0.7988164595592427
0.7966807474704638
0.7948983805181682
0.7938849509739337
0.7951793094715169
0.7956717885936018
0.7977675877082661
0.7958279191562933
0.7961264798413407
0.7910738186231607
0.7898161407561658
0.7943922790774554
0.795672569643462
0.7955204873517113
0.7943262827814704
0.7954735594733598
0.795377583163912
0.7977216784862817
0.796611856054025
0.7959099134349987
0.7963541625918803
0.794314972383625
0.7942706453507347
0.7931364105170207
0.7935069048201857
0.7936395606872441
0.7927508947232932
0.7891600017437148
0.7884147973143505
0.7858478778514786
0.7861073502875552
0.7892778486807881
0.7876291938268024
0.7857808457157913
0.7874274818872288
0.7870605664979139
0.7875968028577353
0.7877152852316075
0.7881874310079263
0.787238222525245
0.7860306159784893
0.7847517923898097
0.7836773723334459
0.7836487360733753
0.7846514874559247
0.7841810110797436
0.7833796359876085
0.7839018068566082
0.7839055723438267
0.785499709484691
0.787301349273277
0.7908393991502124
0.7913927876983936
0.7908792819318478
0.7901867325759907
0.790789073297041
0.7907467915504767
0.7901347444081975
0.7888802902588048
0.7870569266581391
0.7850368675840373
0.7847888612963578
0.7839230124155869
0.783525628036018
0.7849559730936391
0.78614036788516
0.7867638884761717
0.7874990953866886
0.7873339487027237
0.7860446260173525
0.785695811181665
0.7843179599903847
0.7824815926007325
0.7850106926002617
0.7850917925003609
0.7838939126478268
0.7841703708326351
0.7842012660327399
0.7828075977732162
0.7828731868492248
0.783307380178897
0.7846455569585277
0.7872097008376039
0.7876175106178437
0.787460630229074
0.7871601870904569
0.7870537771312002
0.7881069975479115
0.7892572779866803
0.7906302153261809
0.7911354704141597
0.790942106343681
0.7893471084070995
0.7884155832601002
0.7879961703153522
0.7873878825420325
0.7873152581368937
0.7875474169130581
0.786938174713127
0.7876993406700071
0.7875817875363346
0.7869436892358581
0.7864843002743354
0.7868998003203379
0.7876545802793993
0.7874973850481556
0.7873610717604812
0.7872059927191158
0.7877630980692139
0.7877524027870502
0.7870518494214951
0.7856697909332386
0.7859494732233681
0.7846818352989668
0.7851963826722925
0.7860233890093956
0.7863636848122455
0.7865697912779135
0.78421690854287
0.784250134620642
0.7840755513106924
0.7835947181783276
0.7833521779891472
0.7826887747692385
0.782098256270077
0.7828528033587052
0.7827459051224338
0.7833998764306769
0.7834073499943306
0.7839491179082408
0.7832964257069266
0.7836148790894316
0.7844614482539288
0.7845827612208487
0.7847104439072746
0.784027855681556
0.7847875104911669
0.7846648083418485
0.7841053547582109
0.7853823972614701
0.786026803857367
0.7861304279982251
0.7861317224308437
0.7865804823219176
0.7855087593478673
0.7845265094561927
0.7843102521569767
0.7844146955946786
0.7844635336295162
0.7834035361341318
0.7823641739110729
0.7825416818788734
0.7827694797410554
0.7828427183699457
0.7830072582892533
0.7828202357247726
0.7828298017319435
0.7836927867273933
0.783701961008076
0.7841437200791987
0.7844511038221395
0.7839854317241582
0.78461705970029
0.7835881421187524
0.7843025704587744
0.7847241247456204
0.7844882852457818
0.7847709941276705
0.7854397181342061
0.7848328297140242
0.7851377418793477
0.7858360244421493
0.786025086429677
0.7861362542997702
0.7865880988360474
0.7858705643495584
0.7862861688888104
0.7871390646741391
0.7876910975380887
0.7879153595364907
0.7876452803766956
0.7868209007838368
0.7867974053443338
0.7866665371210072
0.7865166206447263
0.7867808265170212
0.7866129102753175
0.7861685695560582
0.7856724449387603
0.7856266230281275
0.7846896343966165
0.7840495394606656
0.7835907656921427
0.7829352058295718
0.783138556619594
0.7826742143569587
0.782080218285394
0.7821308030452232
0.7818598271588769
0.7821648773167909
0.7828412218838032
0.7830404249683645
0.7836178813109267
0.7839511609227032
0.7836513218702673
0.7838152701466824
0.7839139046914123
0.7842475649067246
0.7838751027818431
0.7846759820988662
0.7844041465786531
0.7847050607758793
0.7848883190145589
0.7852589339817325
0.7849935358379221
0.7851645012465336
0.784788900894533
0.7846911055559102
0.7851337335479953
0.7851422660294343
0.7850766981313491
0.7854690760289634
0.7851583110552818
0.7846753185420872
0.784821070933741
0.7853855981768826
0.7852807829030651
0.7853977703076851
0.7857875783043252
0.7852955087410921
0.7855321967012789
0.7856274879525114
0.7860937853107577
0.7865513820286856
0.7862613478516448
0.7860984100734357
0.7864942781459613
0.7860258728570402
0.7851633371223755
0.7850463098681919
0.7848295271835172
0.7849852027836152
0.7854717964615818
0.785414408785223
0.7845736238541764
0.7849500929668771
0.7854546490651082
0.7860474875853614
0.7861128957842263
0.7864525789242737
0.7860375901399685
0.7857066846084714
0.785629110744251
0.7856385344752078
0.7853285459005254
0.7858613608809839
0.7858435231669182
0.7856046307418236
0.7856783369811567
0.7864130065224021
0.7865029137551496
0.7868331727653801
0.7867913345290958
0.7875020007732108
0.7876742371265261
0.7878307093243478
0.787718054260745
0.7875703863706384
0.7871726038492128
0.7869366481331379
0.7865918989588652
0.787053026700224
0.7869232817264469
0.7869580353717642
0.7874377608845153
0.7873407947664964
0.7869582261517728
0.786536469324243
0.7859225050911763
0.7856846155756869
0.7861439272604905
0.7861716086698994
0.7857163758097978
0.7863762852992499
0.786320196266048
0.7863099734651745
0.7860093901870916
0.7860955117137551
0.7862324019319671
0.7862027853870986
0.7862505250891035
0.7863007664592537
0.7867239315871858
0.7871295500181924
0.787465438023684
0.7874738550603408
0.7869053039358749
0.786741068722081
0.7869782543427194
0.7873378553624256
0.7872927567312515
0.7868627413883573
0.7868559457690687
0.7873282740411235
0.7871909360768713
0.7864956554804622
0.7864024817385556
0.7864236664325565
0.7864113099110186
0.7860985115279407
0.7855971176873401
0.7856817061750364
0.7858646078972156
0.7853984593250328
0.7856995530455674
0.7856959921245916
0.7855940420200352
0.7858756123623759
0.7857184605189576
0.7852207068435145
0.7854045073782926
0.7850490833465271
0.7854414443816831
0.7856091440642347
0.7857300937612309
0.7854275111414802
0.7857822494391798
0.7858927707951933
0.7855054178631051
0.7858306557726824
0.785755231318677
0.7859424904862167
0.7855405703292397
0.7857753737025095
0.7850308860084639
0.7848844172974415
0.7848451117345666
0.784981022454398
0.7847017615265979
0.7847570471834201
0.7848816868740587
0.7846859416107629
0.7847850527158655
0.7850839356919733
0.7850657748421777
0.7851169421620429
0.7850674479015904
0.7848634504890181
0.7841947271991734
0.783991326873615
0.7839669681097722
0.7835922742957818
0.7835031000562557
0.7837330969825576
0.7838488577303477
0.7834337349539593
0.7832251036655252
0.783156450109284
0.783224720070989
0.7829414740751185
0.7832131265469058
0.7835970528872325
0.7838524879414871
0.7841092241476264
0.7841412946037037
0.7840541811967281
0.7838379172469868
0.7838725750969459
0.784037924150591
0.7840173357285116
0.7840516469944835
0.7844205488333169
0.7844281178180491
0.7844985294331125
0.7843660045221084
0.7845762318942001
0.7844055082308701
0.7843903817824114
0.7843989589267893
0.7846325856347729
0.7845953687159541
0.7845526622055138
0.7839744344771659
0.7838838020961808
0.7838434731697173
0.78378380159331
0.783581994146813
0.7839819016820897
0.784228189926138
0.7838992316011069
0.7838082859774606
0.7837442113707704
0.7835286446096967
0.7836800776529692
0.7835852657951482
0.7835931306109373
0.7835837256725917
0.7836755440475124
0.7840813823932122
0.7839114316436487
0.7839952021231716
0.7838075007084081
0.7840234629269939
0.7837911184338394
0.7832356735441158
0.7834720097653395
0.7836740957835604
0.7833027460104799
0.7833414000448653
0.7836415062065613
0.7835071795702003
0.7837855511725552
0.7836401724412687
0.7837026263403256
0.7837308784855405
0.7841094562795623
0.7839401171835253
0.7840407502223674
0.7840767021464357
0.7840716212321086
0.7841709481349095
0.7839295115919334
0.7843762148986324
0.7845924883207109
0.7841655869451154
0.7838428136526165
0.7836271998412951
0.7836856855489016
0.783507065882442
0.783517373696636
0.7833055928563512
0.7832839888171147
0.7835972514454893
0.783541638519054
0.7839115265062788
0.7841061608113693
0.784119155739409
0.7840952634060652
0.7841775351036536
0.7842332338956463
0.7844975321661658
0.7845465327519529
0.7847101532300987
0.7849371622510897
0.784815579955063
0.7849918592720322
0.7847061109178208
0.7846014225596162
0.7845787439805983
0.7847352767055427
0.7849253731405798
0.7850443347941067
0.7849950612632123
0.7851863492313783
0.7850166956635084
0.78519827820812
0.7850186225924382
0.7850390301154938
0.7846793106157101
0.7848574187969268
0.7844808805816094
0.7842057644336339
0.7840287242261885
0.7837660386071049
0.7835800775430289
0.783333835691365
0.7827734911476713
0.7828521714344054
0.7827990566098358
0.7828469798927127
0.782496775387969
0.782755892396559
0.7826764186613483
0.7822230251385038
0.7823187549468987
0.7822048581795704
0.7819220529585946
0.7816639735801268
0.7814036034493492
0.7808940003089783
0.7809273206913789
0.7813320372156927
0.7814376798800814
0.7812986655568499
0.7812523659232015
0.7816661443130078
0.7816074673852907
0.7819025788153865
0.7819629181783354
0.7819503164108265
0.7816371262343449
0.7817535999498962
0.7817381735477572
0.7817974156525692
0.7820335352884412
0.7822686268232512
0.7823781642849277
0.7822866270185725
0.7819656646823447
0.7816644962590271
0.7817955998010454
0.7818150547299906
0.7816013181038683
0.7819219411273219
0.7819360151343571
0.7819835082182939
0.7822249434440187
0.7823230511029114
0.7827412885833508
0.7825221107709629
0.7826360688351377
0.7826435761913662
0.7822081069712977
0.7821758743159953
0.7820777761376899
0.7819945080535329
0.7817279775760568
0.7819675446806119
0.7822430476029079
0.7819901622417478
0.7819980136291358
0.7822432961059309
0.7820054027741217
0.782010549472153
0.7820864268308112
0.7821233854850477
0.7823706321978151
0.7825676656543683
0.7824167191887187
0.7823634570946468
0.7824355861362895
0.78228384489311
0.7822054084404211
0.7824933618419421
0.7824397457249002
0.7825024855817714
0.7828020376447972
0.7827808877294559
0.782922697292862
0.7827308954054638
0.7829479149526682
0.7830060244451844
0.7829840507337066
0.7826575448761236
0.7825829986739664
0.7829167802445532
0.7828896275572977
0.7829484788564419
0.782913498178907
0.7830178828334355
0.7829902152191486
0.7827894355932455
0.7827698759412652
0.7829126336438716
0.7831345281969853
0.7830680656172371
0.7830036057991793
0.7829678800805362
0.7831364223604331
0.7833120395091105
0.7833716190673635
0.7832454808734944
0.7833198158812495
0.7832770903464303
0.7833363108027581
0.7832885996776283
0.7829579690812697
0.7830195996284571
0.7829150813899016
0.7828296828918616
0.7827414028078236
0.7824988673942816
0.7826334028904945
0.7825451413975905
0.7825526522760742
0.7825289726691006
0.782472860731117
0.7824354760587094
0.7822575491362579
0.7822736852568163
0.7821177480853521
0.781742960309019
0.7815808224645684
0.7816275509071199
0.7817389219661717
0.7814545946986644
0.7814762046190497
0.781287726273158
0.7813887356415246
0.781315476013794
0.7812126531181816
0.7811174559561845
0.7808490002150592
0.7809250950246159
0.7808867080733463
0.7808353181464723
0.7809893502055094
0.7811850442196122
0.7810493067226816
0.7810801285367754
0.7812169081195722
0.7811658628287272
0.7813811678969841
0.7814948517597814
0.7816668102315203
0.7818892097013744
0.7817339543266424
0.7815681072623691
0.7813600527320627
0.7810711987068206
0.7813499875057845
0.7811806750610656
0.7812009553482737
0.7813116676059709
0.7812986229138168
0.7811835579781842
0.7811525544979002
0.7810313540943643
0.7811669800863762
0.7811933095497173
0.7811970912530081
0.7813679057644729
0.781221581944564
0.7810863695196932
0.780947392434836
0.7810061830424349
0.7812494071231942
0.7811984650915014
0.7813117133302198
0.78156749669348
0.7818464606272235
0.7820083569009464
0.7817813837785341
0.7820547823580093
0.7818520172862174
0.7817912233564135
0.781881106971892
0.782011905014425
0.7823070832389997
0.7822948185095637
0.7821975294900395
0.7822936600997678
0.7823668925493649
0.782765627762627
0.7827845293391481
0.7828743041225265
0.7828233298852848
0.7827890712214296
0.7829062657683403
0.7828266550703643
0.7828748947606943
0.7827276804097982
0.7829828568027374
0.7829591906860126
0.7831290490708608
0.7831375108353664
0.7831300371985306
0.7833628687080885
0.7831656655082293
0.7834116500312359
0.7832474489825516
0.7832093057420613
0.7830979308292926
0.7832444966730284
0.7830238790857655
0.7830800302679293
0.783106952330157
0.7830630976775268
0.7832406155713434
0.7832870380293538
0.7829883450971878
0.7829267027814774
0.7830032249162631
0.7832032093776371
0.7831252432684156
0.7833038478385413
0.7832882167059741
0.7833228294479346
0.7831126930165245
0.7830489170037397
0.7832304985425057
0.7833358741116372
0.7833395251023568
0.7832137087282364
0.7832553050473778
0.7833031260325877
0.7833400586571008
0.7833472553933756
0.7835008911770941
0.7833388409889204
0.7831746998926065
0.7833463847221108
0.783373557691521
0.7832674532526077
0.7835150258427562
0.7836242124379525
0.7835901142888092
0.7837390674259098
0.7836787098873061
0.7837397712454514
0.7837626114681975
0.7836963119995506
0.7838389041093411
0.7840135020868007
0.7838125836244443
0.7839817415933588
0.7840607893235249
0.7839472149014707
0.7838655640354244
0.7839439150316597
0.7840330513468213
0.7838252902689533
0.7836592998168558
0.78370645898015
0.7839186918118572
0.784025860153235
0.7838461785675577
0.7838085824745912
0.7838036769520142
0.783795993059763
0.7837486507616249
0.7836960068964475
0.7833971646623125
0.7835303950363396
0.7837310436662501
0.7835776136258331
0.7836425685000041
0.7836546157403577
0.7837936955367216
0.7837952262697586
0.7837185652420461
0.783959710742357
0.7840687252131132
0.7839030453609294
0.7839413148687392
0.7840581528679018
0.7839114159243726
0.7838372948729064
0.7839077119054464
0.7839166734496955
0.7837956485428977
0.7839022674620756
0.7840051765889144
0.7839218205647638
0.7838206623610112
0.7837171540009363
0.7838354846314315
0.7838098477467856
0.7837414276021925
0.7836808218044276
0.7834558022366871
0.7834830121437478
0.7836298767314199
0.7837007106328981
0.7837920177025512
0.7839993349583959
0.7840141222803754
0.7841461173112761
0.7841048707207061
0.7842206147045635
0.784079211425673
0.7843603352935972
0.7843637428106958
0.7843760726009538
0.7841665686096683
0.7841174503620024
0.7840873319317166
0.7842524228619492
0.7841764597432782
0.7840857985398832
0.7839817200086052
0.7840396890022143
0.7841248707107864
0.7842705074120172
0.7844240903670756
0.7843714522634934
0.784353878191541
0.7845186592846498
0.7845364379888345
0.7845157782133622
0.7845503351375475
0.784658445985537
0.7848307639621338
0.784883556319478
0.7846961593956985
0.7846380909886332
0.7846472330118273
0.7847515955214184
0.784503067769492
0.7844149047539312
0.7845559629210553
0.7844312996937055
0.7844127525436602
0.7843445632586746
0.7842393424833077
0.784373166489875
0.7843790619397047
0.7844601335548214
0.7844163211174319
0.7843448256858639
0.7844840148466515
0.7846826879080862
0.7845540153368746
0.7847048394897574
0.7848335558961067
0.7849084400812006
0.7849146251291219
0.7851088460319827
0.7850993371291702
0.7850637230056878
0.7849920586076606
0.7849646090351114
0.7850169150873388
0.7848846446229589
0.7847263350297333
0.7847025398273155
0.7847405041955086
0.7848038932182204
0.7850537823144035
0.7851443929672545
0.7851493901916532
0.7852805344621109
0.7853507797714532
0.785445883334946
0.7853081158001277
0.785275592008084
0.7851557133665835
0.7851544402843769
0.7853393091927537
0.7852724186566107
0.7853229813572402
0.7850123452240679
0.7849791598182494
0.7848675333055755
0.7851594062818285
0.7852272796410731
0.7852733753095238
0.7852710668326484
0.785396068825826
0.7851217927760166
0.7850849342293728
0.7850400812272695
0.7850357011742889
0.7851219770228784
0.7853433945499895
0.7854282829475885
0.785492327221255
0.7854503408707968
0.7855423363227133
0.7857993458098687
0.7856809201165756
0.7857762836580295
0.7857898700389268
0.7857940385830054
0.7855749444806317
0.7855372979586036
0.785550535249934
0.7856130464932104
0.7856712305160357
0.7854967345218797
0.7855801233110827
0.7856327723561733
0.7855974174295229
0.7856140913344608
0.785599407207006
0.785569609313303
0.7856755820797463
0.7857988706553602
0.7857703053672981
0.7857933343842525
0.7855763710414444
0.7856912803563684
0.7855400149583331
0.7854969520014098
0.7857403127175268
0.7855778954916064
0.7853827247342151
0.7852509975396721
0.7853378667259442
0.7853819830532254
0.785435354844076
0.7855779196788398
0.7855672276961413
0.785518091496735
0.7855414412090395
0.7856134946176884
0.7855835832591456
0.785522810938717
0.7855564473077091
0.7853672754144464
0.7851698235138688
0.7852327826604814
0.7852428390049587
0.7852470882675867
0.7850313054235409
0.7849101924298486
0.7850029678092507
0.7852054548869628
0.784960205228782
0.7848501081714583
0.7847832477424366
0.7847803848090378
0.784779628920781
0.7848918940497059
0.7848916290131717
0.7849214153713824
0.7847928567249485
0.7848059278232886
0.7847528288509752
0.7846113257720069
0.7845655515101184
0.7845977391902178
0.784565745649723
0.7844294994130699
0.7845417489786889
0.7845774494879532
0.784649377218967
0.7847504332349464
0.784474253329458
0.7842567238541975
0.7839484675784527
0.783878907397561
0.7838283584445161
0.7837810472648458
0.7838504010461351
0.7838207667721705
0.7838457607596637
0.7837790939358815
0.7838130353905177
0.7837193033634338
0.7837456024881444
0.7837737033051964
0.7838609000417674
0.783697095669826
0.7835766135902783
0.7837246277190117
0.7835980175965198
0.7836651822181216
0.7836482705716894
0.7837017473809735
0.7836937562992741
0.7838062977361376
0.7838067320931373
0.7838514327002976
0.7838822058405528
0.7838065685327901
0.7835876820335718
0.7836249245733512
0.7835440206846512
0.7834902392250527
0.7835770733874293
0.783608423987092
0.7836278617065549
0.78379322547265
0.7838715000851428
0.7839202624352954
0.783949861575146
0.7841823161163289
0.7840340279309828
0.7840701063129484
0.783939575778232
