0.6210667599506668
0.6986434226249422
0.7298358166972104
0.7496795768430026
0.7541423900443351
0.7615250610190926
0.7622671601711422
0.7621139875971394
0.7725349937955331
0.7823246815021271
0.7965663525148164
0.7974478243785873
0.8008226488223886
0.7998294111284544
0.7948664142247839
0.8002984936900447
0.8006036033582614
0.8045924352566751
0.8095998654365142
0.8152958080058171
0.8198667875529102
0.8226029438987663
0.8220954420132527
0.8241835287044469
0.826017069814988
0.8270830102496701
0.8318128434265532
0.8343486087779641
0.8308783693554997
0.8316704603044928
0.8332464120653399
0.8318158828374648
0.8323492938210197
0.8290275394266974
0.8275803117618058
0.8265081946914801
0.826709206898531
0.8260194646015492
0.8283889317569518
0.8291956302531617
0.8298083433809166
0.8301752165131563
0.8279072717329671
0.8298458373144197
0.8318041201820492
0.8305724241949469
0.8298831951476132
0.828395197945119
0.8245552522683702
0.8238944042083722
0.826060953396798
0.827329099654135
0.8272843375259755
0.8261351898954861
0.8278916224078349
0.8268500464356741
0.8285483259929676
0.8294671904693752
0.8285396870743478
0.8303331874235502
0.8293494549789997
0.8281500109024523
0.8295793099040285
0.8282791717218078
0.8284537061659407
0.8286783409552088
0.8283259229099307
0.8291754529569861
0.8295906676861908
0.8289975375400344
0.8307645953562343
0.8293503701191831
0.8288311039858944
0.8276081806336949
0.8260588063839367
0.8278500463462508
0.8282165759807739
0.8285705576925833
0.8287123905705942
0.82853307056311
0.8281069101316353
0.8281123213048229
0.8289979454018915
0.8285702268961251
0.830362804323218
0.8309390905293259
0.8312980763795736
0.8298911351008649
0.832437985278094
0.8312547536088949
0.8310897624909644
0.8315460175062873
0.8308984842929358
0.8307465035213957
0.8321186041153694
0.8329378443622127
0.8345121784107918
0.834373141597181
0.83241100068911
0.8325939426604676
0.8326272240606561
0.8331546565353961
0.8336786580736112
0.8335044222421789
0.8347612453888787
0.8357281694089759
0.8355708100883439
0.8349972809913491
0.8349279299486593
0.8351085877705416
0.8357494313701423
0.8349961543202934
0.8349995239049641
0.8356282756086273
0.834579571932765
0.8346388799826583
0.8356333100475679
0.8363719413329922
0.8362379702140861
0.8363790760506971
0.8369856929095045
0.837730640159744
0.8383310145455193
0.839090145783712
0.8390436912289811
0.8393977708908545
0.8393336022147525
0.8392383535244133
0.8387588729547452
0.8384006213354005
0.8384195492854734
0.8371992019969546
0.8370155413925403
0.8363817860747625
0.8353650358951964
0.8347138443559373
0.8348827492870302
0.8345004719104834
0.8348645494376721
0.8349111434429866
0.8350870858758966
0.8349084968237319
0.8353552691444807
0.8358860998812689
0.8353629607581732
0.8350205349057608
0.8353301304041435
0.8355159184754107
0.8360036604181628
0.8367744848955877
0.8364846204862172
0.8367137868050174
0.8353126423868089
0.8361240109757316
0.8364777893444371
0.8366598941046096
0.8374536668811585
0.8377405581124377
0.8376646262537817
0.8380035061116152
0.8379334400700444
0.8377920309807152
0.8373513003186197
0.8361495166587954
0.8358365349136995
0.8358648975018828
0.8354721109410153
0.8356874116439896
0.8353346548013542
0.8347475191232528
0.8355633233858611
0.8358422277367368
0.8356418562720743
0.835451990468945
0.8353335837114836
0.8349308791400385
0.8347499446256093
0.8348510077176825
0.8354120721354799
0.835744955499973
0.8366986354822673
0.8377060113559018
0.8380092217371843
0.8379407419327594
0.8375059480293939
0.8378574608760474
0.8377094248347225
0.8378092407478962
0.8376007699026364
0.8370987939451924
0.8374572082370779
0.8370137137247784
0.8369738286529702
0.837193805549836
0.8375076630494572
0.8374773401767124
0.8369019987093737
0.8373829762587791
0.8372171436499253
0.8367465827661175
0.83614424492162
0.8361754618034845
0.8363725694176559
0.8357956180377915
0.8365062071293934
0.8362416649570635
0.8360528209911692
0.8361862825087101
0.8356279530212325
0.8356085226827752
0.8357186069286111
0.8357150613806829
0.8357783385720264
0.8364376964965943
0.8362938203284507
0.8358485165831598
0.8355166690373529
0.8356715033034188
0.8354559770050848
0.8348971279512792
0.8348434638591694
0.8343573342486561
0.8340711014056438
0.8341088381882634
0.8339336632841521
0.8338641021286665
0.8333370479692223
0.8333310546077827
0.8330039313607808
0.8326703906984674
0.8322041381284676
0.8323947677880068
0.8326007498284812
0.8330341500512698
0.8330941360432529
0.8333166808867539
0.8332613210820038
0.8334697632012001
0.8339768680191111
0.8339603905527041
0.8340789802434229
0.8342658932464956
0.8342805429817758
0.8340789842158248
0.8339139058121231
0.8340908542251173
0.8342135999107583
0.8343768504753968
0.8348438831132767
0.8348460364573437
0.8348532649665352
0.8348806005895473
0.8351344975653205
0.8351760741134697
0.8354839345206265
0.8354446886459871
0.8353599948970751
0.8356359955347002
0.8354681974038025
0.835605990460278
0.8357825005720653
0.8357788088068916
0.8357921451477006
0.8360852207678335
0.8363790540245604
0.8365115068037331
0.836381926595408
0.8363940848839081
0.8365897044818599
0.8366663980430397
0.8364992244909432
0.8368091270837493
0.8368498087014486
0.8364985318185155
0.8365457752603913
0.8365865464855425
0.836329723689181
0.8361108232394475
0.8358749555590831
0.835820924312285
0.8362276405341378
0.8360711433023205
0.8360958753758099
0.8362861494754698
0.8363682155203231
0.83684810868203
0.8367681406010115
0.8369276962315364
0.8372522557009792
0.8371885968091566
0.8376319081527391
0.8377983728662747
0.8378089485293725
0.837568569401154
0.8370845821741959
0.8372731377266197
0.8370973736141784
0.837346320645256
0.8374512084820023
0.8377556809191757
0.8377027673858322
0.837994010977415
0.8382771786605978
0.8386122003325682
0.8388500237341862
0.8384651906958013
0.838107402191224
0.838055308409769
0.8382861181075522
0.8383742711756917
0.8386560813693118
0.8390885352132867
0.8390701029413543
0.8391122823720408
0.8392623694710252
0.8392033964508694
0.8392151445834627
0.8390501140003495
0.8389839435693933
0.8389022320951949
0.8390261200116033
0.8389579301923251
0.8391022125861792
0.8392973963285684
0.8392425007384315
0.839583990907811
0.8396953770076899
0.8396121098262552
0.8394230530734761
0.8392785658250421
0.839185554944414
0.8390936606093078
0.8391126212266944
0.8392853639980222
0.8395606703545762
0.8393964523154344
0.8394144776128231
0.8392574537602873
0.8389257103795236
0.8387564060298304
0.8391518184841579
0.8395559230250587
0.8396500051152143
0.8395119745009462
0.8392588444013578
0.8391912381118443
0.8393875995002016
0.8393948600964626
0.8393663590314043
0.838992051831988
0.8389780229865333
0.8393571491844276
0.8392263449301697
0.8392369178855447
0.8395958613052636
0.839830667298234
0.8401146595222506
0.840167962904372
0.8397401036261062
0.8398587697902701
0.8397661552289964
0.839418415642488
0.8391770202359847
0.8389646043287251
0.8390971028056434
0.8390638893389402
0.8393553890469748
0.839226556565876
0.8392586470289864
0.839654521429465
0.8394354354005686
0.8393261092320661
0.8393310608285606
0.8394679195127259
0.8392065895778225
0.8392137490682808
0.8391964096541695
0.8392482350726744
0.8393908769642375
0.8395796201095514
0.8395045320082349
0.8393942560829072
0.8389527580449188
0.8391869304707105
0.8392274575872908
0.839418903615088
0.8393316659305624
0.8391728811020175
0.8389500871120936
0.8390872581677635
0.8389804888451065
0.8390195983853505
0.8388161305360228
0.8386081848260417
0.8387042232093869
0.8386758068446646
0.8387184642710193
0.8388414768937892
0.8387032500446574
0.8388300027341267
0.8389187859178231
0.8387153169451949
0.8388367758540828
0.8389909584013077
0.8390157224990307
0.839080904276307
0.839119571464876
0.8391280709683502
0.8387786762518686
0.8386946899573192
0.8388847694147634
0.8389857827994261
0.8388816758189858
0.8390647661329853
0.839164545022815
0.8390809163684483
0.8392743156375256
0.8392442801948943
0.8391473248763673
0.8393872315240313
0.8394226228328409
0.8391589939001676
0.8389199230238076
0.8391002299787569
0.8392609461045397
0.8392511634092307
0.8391354035106227
0.8392695757911943
0.8393843775008766
0.8392406675869531
0.8393122831292219
0.8392223408229793
0.8393649485729734
0.8393492057299926
0.8391484024209495
0.8390774847013303
0.8390969402684018
0.839455088334222
0.8394145742084312
0.8395493861689323
0.8393196133089131
0.839226238164419
0.838996295924361
0.8390511208870531
0.8392546810820252
0.839176807622197
0.8389282257939186
0.8389508678382144
0.8391889978728759
0.8392556668190518
0.8394114784232023
0.8393038254557953
0.8392248197324879
0.839283724762313
0.839264090097676
0.8393492447246912
0.8394285265090613
0.8396795833315694
0.8396244500239772
0.8394568125716401
0.8392446861148553
0.8395921889559084
0.8395215068738245
0.8394987993058383
0.8394056859951962
0.8393647625007846
0.8393965064590687
0.839478974003658
0.8394987109508638
0.8394581659027434
0.8393318544082321
0.8394493717473968
0.8395405633352463
0.8394479406476273
0.8393449238558529
0.8392936037073649
0.8392608037769838
0.8389839676545556
0.8393056480768878
0.8395978922759098
0.8398529807885157
0.8399259112516223
0.8402459456506878
0.840172530951263
0.8401013644257244
0.8399943799451555
0.83977808405674
0.8398572258786299
0.8398190410125718
0.8397167522465756
0.839676828504175
0.8399564680480154
0.840125994381905
0.8401164487925508
0.8400107055027003
0.840064853448744
0.8400576027530827
0.8399486136363823
0.8398303476596445
0.839659844566545
0.8396145384856578
0.8395183634684383
0.8395025699045789
0.8393909382666
0.8391521091690121
0.8389066033187388
0.8390128211255408
0.8389260632163653
0.8390873569077735
0.8387843565155955
0.8390885857259521
0.8390331737226302
0.838760498872275
0.8388118329048118
0.8385873038875489
0.838491101179782
0.838636123362399
0.838676332474093
0.8385720186236577
0.8386187800813129
0.8387583249762195
0.8390385572211871
0.8388635698606446
0.8387998619269574
0.8390525072503883
0.8389029850021702
0.8391857706129497
0.8392562668200034
0.8392176955551277
0.8391748447003409
0.8391151132731189
0.8391474624700697
0.8391699311569663
0.8390063892185144
0.8391163434593832
0.8390960010684871
0.8392086399162302
0.8390794629171238
0.8387656022504901
0.8387238236144715
0.8387861566333588
0.8386691717150231
0.8387161302319515
0.838767879212155
0.8388041380263718
0.8389456988676677
0.8390498572707932
0.8391117407374039
0.8391136530830062
0.8391895290326971
0.8392488289354315
0.8390822465366298
0.839141674336137
0.8390573773573375
0.8391363933747455
0.8392698592395829
0.8392435443442783
0.8392545987876099
0.8392213187633393
0.8393591857050219
0.8393794630032271
0.8394009926960998
0.8395596029369389
0.8395759586034517
0.8396882172502448
0.8397444729855652
0.83983522150963
0.8397606363480525
0.8399505577040042
0.8399615732272795
0.8399264665220112
0.8399110128534574
0.8400088877106712
0.839978459145193
0.8399893195131409
0.8402706364951545
0.8403292011951597
0.8405279268315258
0.8405209690460851
0.8405349777193707
0.8405895429644189
0.8406649045132564
0.8408793929093892
0.840989658595265
0.8410761376176875
0.8409781512699404
0.8410641057592435
0.8412397305321768
0.8411876732723553
0.8410999692826525
0.8410745547174098
0.8411151024392547
0.8411158424118135
0.8412363558114511
0.8410663823897573
0.8412299463693635
0.8412654003372815
0.8412853969812195
0.8412475263171719
0.8412104445694992
0.8412228987248939
0.8412081211965515
0.8411423440611602
0.8411252237919037
0.8411717216875556
0.8410788946896145
0.8409989390821428
0.8409044486267252
0.8410203642651582
0.8411244939404329
0.8410294440479429
0.840898966616204
0.8410308951276773
0.8409657282166286
0.8408806696917702
0.8410029596546021
0.8410926921886969
0.8411188987388611
0.8411992617825149
0.841229268855615
0.8413458103402632
0.8413321799542
0.8413331849170538
0.8412880587619913
0.8410421899695861
0.841147372945799
0.8409463377396869
0.8410556209589054
0.8410103152727985
0.841009802198524
0.8411227932032254
0.8411221504397753
0.8411742213949136
0.8412023091445795
0.8412142351209354
0.8412786601104845
0.8414424054898718
0.8414939548851901
0.8416410078474637
0.8418031272132753
0.8419244785594733
0.8417146480722841
0.8417376886125071
0.8417693491645643
0.84191378443364
0.8419373080751654
0.8418213397302233
0.8417865742542289
0.8416826447733767
0.8417433541379492
0.8416477120018907
0.8416736444478269
0.8417664097884389
0.8417265103858552
0.8418035824339383
0.8420054632219766
0.8420804758983983
0.8421261770032868
0.8420506564009881
0.8420330230612365
0.8420117221059679
0.8420717188539854
0.8420610167346386
0.8418352535395759
0.8418508268035474
0.8419867079354706
0.8420995848920062
0.8419871527661827
0.842094838334227
0.8422584511771998
0.8424096386572273
0.8424360297853067
0.8423223131814296
0.8424037172282607
0.8424376686945664
0.842465019688608
0.8423861546685621
0.8423129103288235
0.8423457684344334
0.8424073581794826
0.8424202404226288
0.842390013203426
0.8425684151282143
0.8426340569292831
0.8426780085180259
0.8426777067980376
0.8428472893661972
0.8428719464419516
0.8430034398361129
0.8429186916005195
0.8430367659729148
0.843146846226016
0.8430687195238765
0.8431161544466399
0.8429893289277395
0.8429324405568288
0.8429395694342809
0.8428375862780874
0.8428656571034738
0.8428484475593941
0.8428270408327757
0.8427963691275168
0.8427573162196239
0.8426277087487178
0.8425869011412899
0.8425578960649439
0.8424844512566759
0.8425269624193252
0.8425061349129103
0.8424067502886308
0.8424214037433481
0.8424461273571979
0.8426104238647066
0.8426777007621022
0.8425831446221715
0.8427589718129382
0.8428534821970768
0.8428122180959338
0.8428100171545188
0.8427350446058497
0.8427145501357711
0.8428233178608672
0.8429530291113356
0.8429075632747921
0.8429745000260052
0.8430189217319303
0.8430638392985447
0.8431160898218897
0.8429086821597866
0.8427969042131428
0.842668642927734
0.8425402793463344
0.8426353485585683
0.8426480899305951
0.8427727696779254
0.8427439602210477
0.8425600847164512
0.8424840594945435
0.8424530948853178
0.842514227826511
0.8425255192351389
0.8425245380600334
0.8424811837554469
0.8424964468063739
0.8426303560506041
0.8428304162732045
0.8429008001282478
0.8428467000944586
0.8428567199327116
0.8429770127460964
0.8430927455789485
0.8432957989749146
0.8432469551927622
0.8434882850199443
0.8434729599270121
0.8434378694455088
0.8434633048729865
0.8434927419097663
0.8434770925769833
0.8434286521209988
0.8433064801580619
0.8432920372533084
0.8433657634095224
0.8434414725300227
0.8434479426070155
0.8434669229926178
0.8434742496987301
0.8435648034711477
0.8437089888004154
0.843794312517821
0.8438172601460253
0.8439520865869814
0.8439589008508035
0.8439685571011031
0.8441247282534364
0.8440736043778259
0.8441287849441483
0.8441559010917334
0.8442865589311794
0.8442201534887216
0.8442599569225839
0.844462576687644
0.844433732707317
0.8444818555268613
0.8444623431304136
0.8445415873827881
0.844560987595245
0.8446520024085952
0.844523729751918
0.8444668985796216
0.844448193966501
0.8446336901193888
0.8447487243237581
0.8446000793894155
0.8445798702273113
0.8445343873877742
0.8445140242451917
0.844509420837844
0.8443752977561684
0.8442829799385425
0.8442589392117041
0.8443086618257565
0.8441980758321551
0.8441746983572177
0.8441554450720028
0.8441018325134291
0.8440709606832847
0.8439743268116126
0.8439340672999189
0.8438327178493166
0.8438637689917232
0.8438315569014682
0.8438483021096662
0.8439081863597444
0.8439632104934282
0.8439181395760331
0.8441033559399086
0.8440142805172071
0.8440373521021856
0.8440296505169095
0.8440538768699464
0.8439968192565281
0.8439699020133717
0.8439260104729922
0.8437387772443239
0.8438007834466381
0.8437977470837953
0.8437280970707142
0.8436754851609134
0.8437098241262581
0.8437659247966901
0.8437745298223017
0.843857642238516
0.8437189306566371
0.8437188501361306
0.843674521885723
0.8436324688261855
0.843554855511926
0.843639531664459
0.8438642039347073
0.84390228696642
0.8438283929543517
0.8438419403610316
0.8438150635881406
0.8437665476341676
0.8437005903738956
0.8436217642984625
0.8435840968787335
0.8436898427858655
0.8437306166252064
0.8437176109976223
0.8437123583896337
0.8436661228910801
0.8436392290100091
0.8437844700232588
0.8438276421207334
0.8437464270709151
0.8437776760011845
0.8438452276656022
0.8438427632066267
0.8438243471319946
0.8438426606243234
0.8439637128686771
0.84400318537964
0.843834927963153
0.8437215846221993
0.8437743140730095
0.8438254640217083
0.843738650982318
0.8437949496974262
0.8437606702075934
0.8436337287444977
0.8434723316151724
0.8432600843819787
0.8431940325603298
0.8432694070514674
0.8433122740097745
0.843323269150241
0.8431639289427452
0.8430729070666703
0.84284759245498
0.8428529550084333
0.8429839848122617
0.8429006124387695
0.8430427942306375
0.8431063302508925
0.8430702113423315
0.8431040491656895
0.8432640269735148
0.8432977137143053
0.8432892492037716
0.8431643390845359
0.8430742413730181
0.8430484067818143
0.8429592359283733
0.8428941940277175
0.8427211868991907
0.8427360262328046
0.8426436510445336
0.8426112066554305
0.842536045173359
0.8425299095147701
0.8424926120000914
0.8425551379956325
0.8425724758305859
0.8425567949416665
0.8427519011047486
0.8427545476333533
0.8427534357506689
0.8428109146399136
0.8428106564367618
0.8427612967089071
0.842725880855711
0.8429192591315603
0.8429224267024896
0.8430864625445154
0.8430451103760174
0.842966840871826
0.8429362165595656
0.8427716038318359
0.8426222642374951
0.8426124756482013
0.8425118561636674
0.8425088176031446
0.8424314093069675
0.8423985585823287
0.8422751654932576
0.8423856725156761
0.8423761972773279
0.8423195500219951
0.8423097521128411
0.8423137208211678
0.8424971741303309
0.8424878598811573
0.842597764241503
0.8426178254262913
0.8425923314809264
0.8424642490098061
0.842368494209179
0.8423786327790309
0.8423209649480918
0.8423280086039545
0.8423754745850852
0.8424337623590634
0.8424588168991188
0.8424512315303474
0.8425361865234224
0.8425309919018388
0.8423960254218147
0.842298621721455
0.8422208050855886
0.8422309050354164
0.8421704502475945
0.8421928293941466
0.842223595075715
0.8422847008280571
0.8422627844341307
0.8423558400079929
0.8423447141861767
0.842391383209931
0.8424617788064611
0.8424763094011737
0.8424334767973205
0.8423642510131295
0.8422951928987656
0.8423453287001793
0.8424016290489071
0.8425173026992573
0.842571544595708
0.8426115117022958
0.8426892881606047
0.8427552456399319
0.8427482234155977
0.8425929608358749
0.8425984314743951
0.8425706083091368
0.8426374870434884
0.8427266354952812
0.8427065861714483
0.8425799455680586
0.8426086973130207
0.8426339383756953
0.842665658513053
0.8427567296826001
0.8427428470070603
0.8427010628208691
0.8426867870099162
0.8426665467848355
0.8426215874017297
0.8426864650967466
0.8426337386259697
0.8426271589785531
0.8426445178921688
0.8426834385431877
0.8426228736310827
0.8426489255428756
0.8426947617410602
0.8425126521292875
0.8425050359976147
0.842540602632605
