0.5520975842225933
0.6416556692830088
0.6784433931897268
0.68481375849851
0.7030858304495725
0.7005645669357563
0.7052770409320159
0.7416358349809659
0.7551165163999011
0.7656697311739095
0.7552183796281045
0.758988660536262
0.7529309328995275
0.7461080391588334
0.7359073965150563
0.7339184410940105
0.7232589750433616
0.7237264542026083
0.7225600842342063
0.7219224932291117
0.725786739803304
0.7304088859135275
0.7331965412603305
0.7403783960038626
0.7424271465414807
0.747354045117211
0.7527470582609534
0.7595860383612497
0.7585635907485265
0.7609036296388021
0.7527133937127719
0.7511352812263652
0.7489015843878593
0.7481540593194906
0.7472145526592597
0.7450362096599881
0.7482900876440116
0.7498810282358991
0.7499820486424366
0.7486054755568001
0.7500965401273257
0.7480810908492967
0.7486374048866387
0.7538698458970468
0.7551598185996242
0.7573677167606739
0.7561489839840935
0.7553934103200068
0.752161746528219
0.7529697298071557
0.7578584304170807
0.7592490461881822
0.7583436357773267
0.7574401711300449
0.7591622791659106
0.7607475858929137
0.7645417244718383
0.7625361819044127
0.7633684912932424
0.7640433656263461
0.7620921868366972
0.7618030939922098
0.7645496714237299
0.7642055526484712
0.7653374826432108
0.7651042793496016
0.7633313625130513
0.763548577062029
0.7640410520620601
0.7641291237033139
0.7642791071036089
0.761802435212773
0.7608493201709908
0.761060793717997
0.7599700709169468
0.7595398619870806
0.758419062248935
0.7601325412863685
0.7585866789849517
0.7574524927143904
0.7573275226362953
0.7568387941380103
0.7596691233661471
0.7584780414013236
0.7588723331416276
0.7584845327653872
0.759920888952145
0.7593891008757996
0.7610924498233663
0.7628063521074362
0.764912720835259
0.7650979067685122
0.7661885031910313
0.7654839955084526
0.7669027763957812
0.7671900879995917
0.7670345202777511
0.7677020369343093
0.7670641061530312
0.7677485788615008
0.7674071781208676
0.7675555798905199
0.7671412496889229
0.7673104991803479
0.7673931414576842
0.7685194255715307
0.770577349251468
0.7706276325431151
0.7697098166536774
0.7690293807027649
0.7680244382170643
0.7674352477366192
0.7679741641719672
0.7679145154260273
0.7671894577990056
0.7671681045553351
0.7679264141135733
0.7688234299382196
0.768309034493561
0.7673031874149332
0.7667023598517883
0.7681126388551451
0.7686108962832219
0.7686498957029612
0.7691697202201752
0.7700538360269138
0.7709020847061192
0.7700812903994602
0.7697487328812042
0.7709203780014262
0.7711877876361045
0.7704133212748685
0.769465720857336
0.7695478036224697
0.7686483421536403
0.7678844099414263
0.7676302665816862
0.7685462313948312
0.7682231860861887
0.7681436079633576
0.7684347390061005
0.7685601685651332
0.7684043550396791
0.7692117548132847
0.7697100135867377
0.7683363313966435
0.768637292772091
0.7698247932060341
0.7701856888405436
0.7705594426983643
0.7694467961824929
0.7695230109167857
0.7684879135810663
0.7688771693124238
0.7696105097023221
0.7698503170897211
0.7704663650459931
0.7703356678401004
0.770471151190207
0.7716352673471919
0.7720835909005347
0.7714826328540374
0.7701097203581143
0.7692276234613639
0.7700734355042991
0.7704165542510784
0.7699412109856086
0.7702914823290438
0.7714273109023637
0.7710043970765114
0.771874210844816
0.772104677264643
0.7724092580124134
0.7721016608769424
0.7716161962155065
0.771252567193826
0.7714850699318423
0.7715102565763254
0.7721028274241755
0.7727595950450543
0.7731014330721117
0.7736302411165484
0.7738137777106987
0.7735855072244008
0.7745463192419091
0.7744660007419506
0.7739990309755587
0.7732877710038055
0.7727249579224355
0.772360951240761
0.7716522441083845
0.7703714970027662
0.7696425600211824
0.7702922178226514
0.7705926508859742
0.7711030694247287
0.7708756380176638
0.7707780525031505
0.7697408470856038
0.7700069592027735
0.769135170403992
0.7698856045187056
0.769488048778937
0.7701299200067201
0.7702695429588678
0.7699276714648277
0.7695939515934819
0.7703796826310757
0.7708268696724584
0.770522262548388
0.7696068809682639
0.7697201311931079
0.7691927678274547
0.7689690110127307
0.7689505335819955
0.7684702336011345
0.7683456557060124
0.7683840647458556
0.7679798414123766
0.7675147297341649
0.7678700042527805
0.7673930331931225
0.7674713290725541
0.7674221082440889
0.7677067355742229
0.7679059926842324
0.7680546912505666
0.7678395274622131
0.7674297029676393
0.7672314560623615
0.767166077051848
0.7668248639117645
0.7668061581250113
0.7678727831883189
0.768454024543961
0.7692985257719509
0.7697828008946069
0.7701076807957317
0.7702221664998259
0.7699115255364555
0.7702766376363781
0.7706266433892485
0.7703669697518419
0.7706349267850667
0.7704735682825103
0.7701199694059037
0.7703221473404449
0.7706032015361727
0.7705093394395075
0.7706313054059186
0.7712483296555802
0.7722467437512965
0.7723378550671153
0.7726360280437964
0.7727817319527008
0.7720967401581369
0.7722364097788116
0.7726579865773355
0.772169925575459
0.7715342898360044
0.7721277477946383
0.7718700410963837
0.7721804081365613
0.7723094115286618
0.772639930772236
0.7723141709035539
0.7728436764827192
0.7731096125759802
0.7733646269554624
0.7737322860064052
0.7739003292175824
0.7743696837338149
0.7748142995510315
0.7748503927800477
0.7749660932526559
0.7755162402735819
0.7751778464564484
0.7743386875412085
0.7739559295535698
0.7737642006117754
0.7744338191603379
0.773189174198906
0.7732171073752655
0.7731598903187924
0.7729813512228907
0.7732550787878002
0.7730115562497009
0.7728860021924153
0.7732792669221298
0.7735112078106482
0.7738358326131228
0.7743105298849722
0.7745169663516753
0.7749900340434813
0.7750023125345953
0.7756981694248741
0.7755683403230049
0.7763173071258647
0.7768666044036779
0.7769600825502646
0.7773389811409526
0.7775066897021641
0.7773323058073652
0.7771516049161883
0.7772096083773051
0.7768832168696105
0.7769826969770289
0.7774393901123298
0.7775578916048875
0.777845032325535
0.7775736522200388
0.7778742999330205
0.7775537845470513
0.7773745608821007
0.7776790350291771
0.7778325007846649
0.7778196448537269
0.7775889993187634
0.777408701533227
0.7772399586200349
0.7774106727723944
0.7775148028611073
0.77770303967084
0.7780142213329189
0.7781309437178279
0.7784240484216368
0.7788671620494898
0.7786436760883552
0.77814093248269
0.7780999931350855
0.7778771517527722
0.7781186369123048
0.7782549602109566
0.7792257274526891
0.7794623077671251
0.7793226863710617
0.7792628179218745
0.779181053266892
0.7793667962904783
0.7794338373258092
0.7792074787165956
0.7794916308508402
0.7791405530687894
0.7788941142702639
0.7788016348038133
0.7789202235849694
0.7789334836862977
0.778682444295343
0.7782156470542853
0.7781334631239134
0.7780585419512005
0.7787533604583962
0.7790297331216343
0.7799294289430047
0.7805030915609055
0.7806750107343774
0.7810594433671241
0.781243911366093
0.7809860324559955
0.7809800216939399
0.7808145160979838
0.7806963772014882
0.7800814565705955
0.7800658336156386
0.7803432005960244
0.7805789241906733
0.7804350047214791
0.7803831141471304
0.780265494942739
0.780213963015577
0.7805976575011835
0.7803668388988922
0.7810796798645349
0.7808957381215371
0.7812299416604619
0.7811633726017666
0.7814083566903904
0.7817835997049102
0.7817303422112576
0.7818742227511196
0.7815151020799351
0.7815442753793526
0.781525210576797
0.7816016628592528
0.781413978993253
0.781645229415254
0.781514809011515
0.7815835321421216
0.7810276849577645
0.7811024950877975
0.7807371012281535
0.780459690332632
0.7801892583073897
0.7798810831924347
0.7795890320197533
0.7797816454205532
0.7796366507077747
0.7798118606181985
0.7798889797982499
0.7801316980121026
0.7807652318296066
0.7805152067676852
0.7808202901032945
0.7812744504369943
0.7812004289562291
0.7811084585005681
0.7810265065768129
0.7810128354231045
0.7806756425573176
0.7807540308973082
0.780977558303741
0.7806728007086662
0.780734670945481
0.7810781582841085
0.7808717738334755
0.7803319634315864
0.7804543929208253
0.780191807227866
0.7800407164925294
0.7800561037507058
0.7799903215869983
0.7801066155137074
0.7802084022591911
0.7806610660003662
0.7803452312951911
0.780179889253347
0.7803305249144047
0.780603105362599
0.7804553035741559
0.780752982445638
0.7807687407655427
0.7802721640802099
0.7804757795246954
0.7805792695939884
0.7806354186292553
0.7808290231629198
0.7808807798537875
0.7817021337558222
0.7816189774866356
0.7816158198552476
0.7815637033983837
0.7818024600192708
0.7815136546148332
0.7811230721542625
0.7814192782800647
0.7815747892914717
0.7813896545970689
0.7811260184593097
0.781120468464494
0.7812637582332361
0.7812373820731794
0.7813886183093183
0.7811362801549605
0.7813567391316445
0.781303941684696
0.78181339048696
0.7821577254009707
0.7823979420418594
0.7820221503617597
0.7818595794154267
0.781669181310039
0.7819325333825727
0.7821337380614009
0.7817004151137891
0.781586598890046
0.7817162772436905
0.7817044398278393
0.7818241141573636
0.7819133339642407
0.7816601410798418
0.7817426734854016
0.7819733024073471
0.7815522941233111
0.7819050800739709
0.7820289665775548
0.7821100486178485
0.7821775060097562
0.7820753907106323
0.7821348004410631
0.7824700604925838
0.7825476249052932
0.7828133780704085
0.7827767376350255
0.7827473873684652
0.7828524120604335
0.7826022187075199
0.7825669606834671
0.7823972035658678
0.782726898742786
0.7828312725728733
0.7831499089205941
0.7831606298592754
0.783396094016737
0.7834298756723304
0.7836566368650075
0.783852279927245
0.7838412763595104
0.7837501674281508
0.7833744104345578
0.7833759147077682
0.7833846873972681
0.7834467673810159
0.7833273478623733
0.7835952359207234
0.7835574684857032
0.7833150454405298
0.7831551083628144
0.7831200548674294
0.7833397061267854
0.7829032712032238
0.782701442594974
0.7829315177944166
0.7825198677301876
0.7823341176913887
0.7821929819494327
0.781867664996274
0.7816811335120021
0.7820248408306194
0.7818554217823208
0.7821969513263747
0.7824105256740895
0.7825803074329102
0.7824037941159445
0.7823353459980402
0.7821797389725205
0.7819615356451333
0.7819689616068287
0.7820166782930071
0.7819320784692891
0.781842289932403
0.7816221472622917
0.781672847611225
0.7816927166355869
0.7816530752018285
0.7818802397236048
0.7820621099149583
0.7819222190513629
0.7822554958668589
0.7822301095986529
0.7824222949708513
0.7827835385882089
0.78288589506895
0.7831650820880369
0.7830864550393515
0.783141221303337
0.783369564288184
0.7832868819464827
0.7838679221186701
0.7835406743307948
0.7836260697300427
0.7833720669810285
0.7832900000868154
0.7834250087269519
0.783170261043649
0.7831372677854095
0.7831782377087774
0.7830652432585282
0.7832971816843671
0.7833951056911291
0.783317422014329
0.7836951420710766
0.7836553414049071
0.7839508886451144
0.783941740476648
0.7838071982715544
0.7838633195564868
0.7837262640736604
0.7835475218041834
0.7836611737367978
0.7835952580036933
0.7835144716389346
0.7834244470739399
0.7833713479186893
0.783163731844476
0.7830198549342005
0.7829126334856943
0.7829294721492804
0.7829587731867166
0.7828547140693958
0.78293435097464
0.7830072847244065
0.7831510763026193
0.7831398062430195
0.7832215669975399
0.7832844668737342
0.7832695476391969
0.7835447160089015
0.7835765601628033
0.7835299215408363
0.783400938702552
0.7834991111101842
0.7837988682565714
0.7837669940779067
0.7838564161019728
0.7837334953115952
0.7837786011798175
0.7839187632496329
0.7841016118892086
0.7842646375110888
0.7843026159390786
0.7842167330701779
0.7839718044668817
0.7839753414579195
0.7840432109087834
0.7838437961606222
0.7836744922914409
0.7836128871633771
0.7835662913574312
0.7834463698464452
0.7831068806596498
0.7832346123006949
0.7836035176849044
0.7837189324787545
0.7837220051424919
0.7836403165045105
0.7839049834100019
0.7838511935274814
0.7839372137720207
0.7840706707941448
0.7839641308010438
0.7837452689655746
0.7838042452910536
0.7837515770494411
0.7836194462444103
0.7834886323802701
0.7836274625675944
0.7835156312796151
0.7840909780822953
0.7844430721893637
0.7841463456634471
0.7841598971506222
0.7841789467408706
0.7840243589342928
0.7839550750057553
0.7839298125944918
0.7837648860810756
0.7839476426587939
0.7839388682063642
0.7839720562797308
0.7840939365419068
0.7842060204349028
0.7840629579174129
0.7839223398628198
0.7839850873342976
0.7841219117596847
0.7842645161925255
0.7841092765837508
0.7843546328596329
0.7844747904420046
0.7846901094638544
0.7845788529430837
0.784595169495586
0.7849372385634611
0.7850354371120833
0.7853668940986094
0.7855147491142809
0.7857206017877478
0.7857016736146618
0.7856947396513396
0.7856059905705723
0.7856667927022879
0.7856792902386904
0.7856377753829069
0.7856414143662812
0.7855853490658389
0.7858071997565986
0.7856790967004554
0.7856769967765674
0.7857490044524511
0.7860179445932423
0.7863543432485792
0.7863344196080945
0.78649712210101
0.7865630121258299
0.7862896021518422
0.7864923249058864
0.7866270742084781
0.7867579922744263
0.7868273948345745
0.7868407714752725
0.7869515982144052
0.7868185280967396
0.7868966947330442
0.7870287371223609
0.7869815766265007
0.7868827849871509
0.7869250947050199
0.7869594315183654
0.7866696933367718
0.7866382754150351
0.7865641091987198
0.7866522632666191
0.7865088391891315
0.7866151045899669
0.7864675634435643
0.7864656748012253
0.7865557229826157
0.7865887166832811
0.7865882814596507
0.7867880034382727
0.7869713437169783
0.7867967891607095
0.7868486126944917
0.786855869470419
0.7870387427876302
0.7871176312352121
0.7869945829559487
0.7869627644846368
0.7870345269705534
0.786675970962729
0.7866974486862524
0.7864065470230185
0.786480276075473
0.7864478947305193
0.7864981257303665
0.7864429948040269
0.7863950840317615
0.7863733932116923
0.7862887674296077
0.7864448471073311
0.7866013255718736
0.7866314406708041
0.7864533370469953
0.7867511645366283
0.7869863303452193
0.7870659970152158
0.7871524848768252
0.787124114354572
0.7870161838781626
0.7868969024092843
0.7868866705504322
0.7869323228791923
0.7868465146152275
0.7868489273315099
0.7869274794122406
0.7869131702527149
0.7868961335116537
0.7868821033809565
0.7868233400263086
0.7865815037570156
0.786548616388056
0.7865032901975579
0.7864683748684009
0.7862124832558971
0.786365316691214
0.7865495733786306
0.7864907714597655
0.7863487865234722
0.7864073006490583
0.7866182316401289
0.7866775093487277
0.7867724919831022
0.7870327399297069
0.7874229274217391
0.7875980632884239
0.7878239992673581
0.7877760675829922
0.7878293013164532
0.7878364848013742
0.7878741097317977
0.7877424726976658
0.7876843816983053
0.7878672682165373
0.7879237815546609
0.7879244754688566
0.7878515411537264
0.787886853054958
0.7879574136845683
0.7878967258766668
0.7879480704099742
0.7879242106939814
0.7881538850982135
0.788141975006298
0.7882080122221745
0.7882401168358818
0.7882472250039069
0.7882320907586651
0.788224702581176
0.7882240660747917
0.7881684596820167
0.7881187456809096
0.7883396479229973
0.7881983255367286
0.7882758763086373
0.7882349537375688
0.7884448880005762
0.7884782825952552
0.788568312242859
0.7886255529014469
0.7884272481255588
0.7883351924364969
0.788442246319761
0.788405157745388
0.7884402122190584
0.7886326040600771
0.7887301607854003
0.7888211693558725
0.7889050326536985
0.7888744348020988
0.7888776807608975
0.7889551083032766
0.7889242309930644
0.7888520762099278
0.7887871967332125
0.7889066022519818
0.7887959072960836
0.7887684796835729
0.7886170475856074
0.788628482946317
0.7884503504382339
0.7884072784376306
0.7884918381666972
0.7885682318198223
0.7887601857073224
0.7887320754615965
0.788913433777636
0.7891158959152937
0.7890807889575681
0.7891516601986283
0.7891587479338995
0.7890656546428563
0.7891079107828805
0.7891148257210827
0.7891399819412516
0.7891084558467011
0.7891121648557352
0.7892861386482378
0.7892625993952717
0.7892752912147704
0.7893617291247176
0.7893441447091413
0.7892502690348042
0.7894090539484478
0.7893678645207898
0.7894727526558905
0.7894612706642936
0.7894942261125139
0.7893186029129874
0.789328202642047
0.7893178753565215
0.7893220278261339
0.7891383330972006
0.7893820933228706
0.789270774138103
0.7891678579969164
0.7890420721558642
0.7890976131693336
0.7890150162346027
0.7889897196764767
0.7889125912888804
0.7887984833672328
0.7888415392780529
0.7886755870533113
0.7887413890512605
0.7888289105276152
0.789016358789014
0.7890093144618093
0.789077947902584
0.7890295379626585
0.788996677781091
0.7890999498059501
0.7891699480957621
0.7892237635906765
0.7890951825295184
0.7889850670440607
0.7889579677668302
0.788985025585977
0.7891154742578914
0.7889125825009112
0.7887279150574555
0.7886305662487259
0.7886385656348733
0.7884401510541542
0.7884903960086156
0.7883518648272778
0.7882905534827427
0.788207947549657
0.7883396019420227
0.7882653946038713
0.7882565434412042
0.7881137425696064
0.7881513053197138
0.7881596396086411
0.7880897061942796
0.7880840742805613
0.7881813273873655
0.7882093109634786
0.7882114527549215
0.7882233443847178
0.7882455419427563
0.788368756069385
0.7883657661416459
0.7883543418628639
0.7882754340014736
0.7880901111466997
0.7877900255763394
0.7876394921252414
0.7875684421668276
0.7875941376935147
0.7874698585482821
0.7873662281324775
0.7874169892068797
0.7875290658397793
0.7876285814053529
0.7874504628981704
0.7876382446688006
0.7876610659866823
0.7876997249352141
0.7876935569124808
0.7876045521539194
0.787600174195871
0.7875020098828291
0.7874833364097878
0.7876551844666528
0.7875853959570231
0.7873827768792969
0.7873265684416656
0.7874364874989168
0.7874487934499464
0.7874867965591086
0.7875502648253824
0.7875490631933846
0.7875457667216725
0.7875577786976872
0.7874664805911924
0.7874222681451398
0.7873592248172511
0.787421250011907
0.7873642007070039
0.7872295574518072
0.7871481927817723
0.7871062011552076
0.7870576494252899
0.7869640660208211
0.7870763636153386
0.7872313116419086
0.7873168403135388
0.7872248916811667
0.7872273189949881
0.7872298447178003
0.7873460933910997
0.7873937355032175
0.7873838558536822
0.7874514607577985
0.7874575387995127
0.787501176330596
0.7874269341531884
0.7873577721731095
0.7871905645587056
0.7872349462658172
0.7873608693512955
0.7873428336940199
0.7873911195906725
0.7871717619705729
0.7872060194645922
0.7871544601528991
0.7871684595537215
0.7869230337744084
0.7868369363828928
0.7868281792957083
0.7869669264653899
0.7869343639407606
0.786945316953902
0.7870204004563022
0.786930348772246
0.7870860257201882
0.7870765154105803
0.7871765198987865
0.7871609848380238
0.7872094376969001
0.7872410574994149
0.7874137688988267
0.787371423231476
0.7873842076229975
0.787469359889057
0.7874769446624227
0.7875419468539597
0.787647923784971
0.7877002309627452
0.7875915599356466
0.7876175071220517
0.7875785378323644
0.7878233437310292
0.7879392428731925
0.7878507242068524
0.787828507364126
0.7878545871778929
0.7878428084228798
0.7877219503989408
0.7876147863776611
0.7876876807010097
0.7876985839441144
0.7877301485168553
0.7877502750977148
0.7877464411311471
0.7876708996617795
0.7875403776034829
0.787375578399818
0.7872743078548454
0.7872004086328763
