0.5246482364253181
0.5655223630989137
0.6528014453599216
0.6703424507706608
0.6966099294948738
0.7187065254918412
0.7272614564582311
0.7495703813232434
0.7458070209338213
0.7577237561063451
0.7657057223732444
0.7729743319084176
0.7812656904851283
0.7844968329369074
0.7771110192316366
0.7798503834749615
0.7780357108730261
0.7747823819407544
0.7731048325485605
0.7770046311239744
0.7844286568170642
0.7827006364570662
0.7828989728749669
0.7814771464193196
0.7863281585335897
0.7863712634485334
0.7914766421278585
0.7975790775608071
0.7973563025643201
0.7990178821607119
0.8019239235134739
0.8040333126046145
0.8028916569254541
0.8031918487834869
0.8042395602460031
0.8054190584195491
0.8080999473781296
0.8075053449327984
0.8098552056969811
0.8099103012595229
0.8132282305473406
0.8121242497932162
0.8132628052081017
0.8142342311429523
0.813228001381352
0.8145645440376426
0.8142550784973546
0.8122748828723216
0.806295273607381
0.8084243752640843
0.8134845073548693
0.8138967917368355
0.8164835620305576
0.8174201057216756
0.819400723975516
0.8209866052632909
0.8234005348275711
0.8203414356937877
0.8196074123533514
0.8198144880758962
0.8183545058018282
0.8158331275247803
0.8155973680795542
0.8162595620237649
0.8164467260475952
0.8155413937991413
0.8152894544005548
0.8138639508615764
0.8150978651305123
0.8156059572318692
0.8168202476772694
0.8147246540409745
0.8148164493311358
0.8144400187499536
0.8154625034284777
0.8160218284013564
0.8160344112411602
0.8170896986491487
0.8164064619659632
0.8158789040020332
0.8136855572614413
0.8120171047582843
0.8116103246020159
0.8112146499086752
0.812722011958958
0.8119101522014022
0.8128191930022262
0.8121010533019833
0.8132298420806378
0.8128262249452285
0.8132923761812316
0.8131583839505119
0.8119347850900523
0.8112091174468952
0.8131124821102994
0.8128874845059295
0.8131578283022713
0.8122761530593462
0.8117746213338279
0.813049467347051
0.8143143012251748
0.8143430248531558
0.8142412185958983
0.8133623803979741
0.81376066570276
0.8134070205614659
0.8126305277616284
0.8126707401157105
0.8116600883620865
0.8107875652432294
0.8089927907876141
0.8086586364623211
0.8099534571524227
0.8097393629579364
0.8091534291066156
0.8092580999897435
0.8097258196538758
0.8092535968205415
0.8094862242819933
0.8098278336664795
0.8101470074118641
0.8121803752599813
0.8120142565430694
0.8116589827675601
0.8103179159919456
0.8099868920981044
0.8108033606082612
0.8115168238688246
0.8115378366502234
0.8112419251275774
0.8112594784430934
0.8111184607574453
0.8113639758389979
0.8110698932507331
0.8099549950744014
0.810161484760681
0.811172933830352
0.8107584680039458
0.8114225901470822
0.8109951925705556
0.8098254236037303
0.8102963051616989
0.8108326808811257
0.8116978153093904
0.811873832471071
0.8115248420998169
0.8116100915954024
0.8119980464278954
0.8127231020355918
0.812297331192154
0.811972452436469
0.812542787556582
0.811996206274074
0.8121262904142503
0.8120103649126145
0.8124677008223401
0.8124036502973265
0.8125965002622627
0.8124197832112586
0.8118541978965493
0.8117768274634939
0.8115494026426614
0.8114475658077671
0.8114623195926166
0.8112861059256095
0.8117310127910052
0.8113159581870448
0.8111074072015421
0.811478742499784
0.8114110823058134
0.8122154845941209
0.8123301738803742
0.812355333931273
0.8127411125013086
0.8129202371547373
0.8122752088754087
0.8117351742554179
0.8120503115215706
0.8126469271225383
0.8135925784288432
0.8139041591546342
0.814690728224074
0.8152427682672944
0.8154268374871004
0.814845809024494
0.8151302274053229
0.815663899916465
0.8157101168752593
0.8157492816025016
0.8155794328743895
0.8159327034057908
0.8155726821901743
0.8156416810945664
0.8157464644979163
0.8157395044962104
0.8158882483881583
0.8159263901670573
0.8154642535200372
0.8156604155560275
0.8157054775041455
0.8151268491226362
0.8152874784157148
0.8142459730903132
0.814317849756398
0.8147506562805357
0.8142010838643687
0.8134969002587839
0.813446162827061
0.8134696598742862
0.8141002756476433
0.814011629631888
0.8137957603122438
0.8142052072362043
0.8148577236586804
0.8148361899897014
0.8142610277450417
0.8143259390971935
0.814554654881967
0.8144127034329588
0.8141077285416886
0.8138124057865366
0.8133647826891186
0.8133736231395343
0.8127181619536463
0.812738569266808
0.8129561914796486
0.8129364240294157
0.8130008185435402
0.8126242854007495
0.8121055745365795
0.8116616415801465
0.8114864431244981
0.8111762134532996
0.8115405977243275
0.8119024483010666
0.8120730260606369
0.8117897855805455
0.8118074376953216
0.8115016597507556
0.8110625056389523
0.8104642001145895
0.8105808123113614
0.8106603598684945
0.8103737682708225
0.8107082251434302
0.8109698451475397
0.8114473899328679
0.8111725552706535
0.8112079095476573
0.8113114614558095
0.8114034423471685
0.8117346653680667
0.8119820774497611
0.8117025099196934
0.8121117535001324
0.8116757451291698
0.8116149168433389
0.8117398124143003
0.8117004676621109
0.8113640916974718
0.812022612545212
0.812115554851655
0.8124492928626985
0.81252406035093
0.8126935424349149
0.8127905716870187
0.8122702225046681
0.8122883131531339
0.8125520938997973
0.812608946247223
0.8120788532615618
0.8122986166689773
0.8124648730498509
0.8124767464737273
0.8123557935445185
0.8127331527451216
0.8123427723193494
0.8118521706254959
0.8118380850210256
0.8115850789358882
0.8118172858865687
0.8118947034923603
0.8119914872308078
0.8115525116019664
0.8116680080287728
0.8117446993489078
0.8120999011036097
0.8120920037283652
0.8125098061638986
0.8127661049920495
0.8130270156224495
0.813078916071843
0.8133806089113711
0.8134489848005376
0.8133222611385533
0.8135417962914769
0.8136301953402887
0.8139738915750234
0.8145946090164832
0.8148079799615348
0.8152463002232474
0.8151614003588014
0.8148773038596103
0.8148986055796963
0.8152741682558271
0.8149569586760381
0.8151983813237814
0.8146809186581668
0.8149228783385922
0.8147358611642448
0.8148388433532201
0.8150314497739833
0.8151209583224925
0.8151143783711754
0.8149700556844546
0.8148278573609432
0.8149999654829194
0.8150402836270119
0.8146567999919452
0.8149789468629763
0.8145787919910351
0.8143239800577805
0.8143855315718967
0.8147972647493096
0.8149975195289444
0.8155149844079547
0.8158047776092111
0.8159793318449114
0.8164349926350499
0.8167628431113015
0.8164382547959105
0.8160407410707194
0.8159874488473183
0.816707381517288
0.8169401694085282
0.8169240629257811
0.8173191476899483
0.8171817969561579
0.8173388056290809
0.8170631859151386
0.8170219142877297
0.8169843375632213
0.8169618268898681
0.8168693449021096
0.8170647189168153
0.8172043774298627
0.8176838062937455
0.8178220426126067
0.8177382813702747
0.817569148324127
0.8179568439303876
0.8179844898832448
0.8180449157884282
0.8181964873957974
0.8183026256858371
0.8180668357344474
0.8179898028920898
0.8179565918634734
0.817634478060062
0.8176992079078858
0.8171209169695441
0.8172661053225828
0.8172897996809764
0.8173341015269185
0.8172152606990176
0.8176417012603958
0.817936545463579
0.8180974495173011
0.8184062498346502
0.8178387386180643
0.8178365840764757
0.8178549622347318
0.817993122999376
0.8181056425998856
0.8179399323437854
0.8179404962479375
0.818006273311295
0.8180451363760206
0.8182916826551532
0.8182545784150904
0.8182087185162712
0.8178810203358936
0.8176982961107008
0.8175727622611488
0.8175909257602787
0.8175985038621544
0.817423534680599
0.8169921318916973
0.816745912400341
0.8166049927728527
0.8163578380979958
0.8162801259924246
0.8160793777468169
0.8162718706418999
0.8160606953050036
0.816031801139041
0.816210251239592
0.8163659029553934
0.8163140686534199
0.8160264459489238
0.816199966278118
0.816168506472066
0.8163280186644466
0.8162949256697187
0.8162090169619668
0.8161839816718844
0.8162663473481775
0.8163467574951263
0.8161936066314017
0.8163223343548526
0.816637385635561
0.8165343048534568
0.8165126048476047
0.816399278774013
0.8164364231226666
0.8162153898490991
0.8160122890803607
0.8159745278460047
0.8160753971935467
0.8161490648391817
0.8162012291934224
0.8159717939978416
0.815805749631255
0.8158811157120498
0.816139802840266
0.8161608262426865
0.8162534298169328
0.8166519948918414
0.8167180416945545
0.8162341385575282
0.8162930784496697
0.8160256706804331
0.8159690972369654
0.815850982218944
0.8156162939090676
0.8156266062722508
0.8155428670683262
0.8155028222124344
0.8153784672281159
0.8154585346290213
0.8154135551159307
0.8154608608618354
0.8154607326986424
0.8151701688622264
0.8152246433892495
0.8154360232581932
0.8151046153738056
0.8152220086943396
0.8153513209785372
0.81533209225458
0.8153577798412165
0.8150585127199531
0.8147949004021358
0.8148885982522025
0.8150172982132409
0.8151286898203106
0.8152443468957455
0.815661914191826
0.8153905128910423
0.8153628326563932
0.8150892524179111
0.8153648263841072
0.8154027184488349
0.815294733947269
0.8151479458448752
0.8150318267195275
0.8151141817802567
0.8150800344388183
0.8151823249418468
0.8150570588595798
0.8149625856644817
0.8153096358130543
0.8151729302875841
0.815466953026075
0.8155145806610237
0.8154320047791074
0.8154778061725723
0.815422095587563
0.8156075418997305
0.8160156654441914
0.8162187639376175
0.8162579373149424
0.816421024262877
0.8162299229427924
0.816234399030274
0.8161084838455117
0.8158575606458309
0.8154851588615314
0.8155469875693668
0.8152737565293771
0.8155776939193063
0.8155348745232782
0.8156112362192389
0.815608663335241
0.8153446095121895
0.8153331573336134
0.8153603239875773
0.8150947158705397
0.8150340842968609
0.8147867404637615
0.8146807056807809
0.8145341706068666
0.8143282282028643
0.8142127979365406
0.8141248758724553
0.8137894533448246
0.81372965704685
0.8136324712759164
0.8136422441906601
0.8135346886276097
0.8139940029731503
0.8139524384099881
0.8138889393586055
0.8139347111982886
0.8137839679436396
0.8137742707235155
0.8136589921161727
0.8138280499803374
0.8136502040924334
0.8136944581664165
0.8137717605659076
0.8140461595022073
0.813875800607541
0.8137028416244805
0.8137285469734629
0.8136436122438436
0.8139388957708148
0.8141548037468302
0.8143807986645757
0.8142204791630344
0.813977711974062
0.8140761722119517
0.8138693319143526
0.813730326885614
0.8139565306528699
0.8139337830814531
0.8143076449640201
0.813936243547153
0.8138389050448813
0.8136223928775719
0.8136622983068609
0.8134691432532738
0.8135549668246649
0.8134961542936071
0.8132325254051538
0.8131886944720345
0.8134429633031881
0.8136273095991903
0.8136364838218314
0.8136931418516523
0.813707936859171
0.813536088333246
0.8136416674371747
0.8134886082041958
0.8134465700197174
0.8132839045388426
0.8133410083766676
0.813343015021845
0.8134453184477676
0.8135481947761284
0.8136770711701576
0.8138757577693434
0.8140119205049134
0.8140636664881271
0.8139759267693147
0.8139995560650748
0.8143485580560287
0.8139872473574689
0.8140431305817193
0.813893526704505
0.8137909922345798
0.8138539459716844
0.8137351401176274
0.8136262085136919
0.8137698914904943
0.8140232421284597
0.8140329666666011
0.8141959455413019
0.8142686590113718
0.8144063158990942
0.8143943492778971
0.814496166488802
0.8143952132588274
0.8145108671181093
0.8144294011096571
0.8142004031408661
0.8143143573722482
0.8142714810357027
0.8143074180834124
0.8142375231922946
0.8141986574072931
0.8144101444797508
0.8145588542378508
0.8147785683727646
0.8148262221087014
0.8147449078698421
0.8147811062713519
0.8147964547008235
0.8149125678714615
0.8150932064650551
0.8152104329923316
0.8152418719876703
0.8150806912890928
0.8151248768155754
0.8151224584356639
0.8149366515615999
0.8150967283984585
0.8153359794840678
0.8154841503731414
0.8155804474445106
0.8156053978718106
0.8157985040173306
0.8158965191368238
0.8158964947535425
0.8158509599376391
0.8160033891613279
0.8157775834995096
0.8156386570797239
0.8156962936775098
0.8157328171311062
0.8156596081359002
0.8155908766813654
0.8156936200346352
0.8159368830756657
0.8158053622911182
0.8157729090268475
0.8155477256359399
0.8155310349280378
0.8153182063107893
0.8153703291604146
0.8153434219929392
0.8153635991973607
0.8152872887562412
0.8153726443767609
0.8150894264849855
0.8151037698885888
0.8152225108933779
0.8153547142659031
0.8153431442078748
0.8154914519334046
0.8153488881567663
0.8153306080809063
0.8153121295382267
0.8154073449673066
0.8155655152574026
0.815719611023762
0.8155852024559622
0.8156047758741204
0.8155752754598077
0.8154421752564728
0.8154222037750375
0.8154270232636592
0.8155900033785876
0.8155336138408797
0.8156769227555845
0.815880373744178
0.8158882758033867
0.816026656342245
0.815974281290238
0.8159267767559932
0.8156976097872644
0.8157535800568542
0.8156445545394686
0.8154903873509832
0.8152930652502041
0.8153610338826647
0.8151892746348628
0.815317843809478
0.8153959510233659
0.8156354549784095
0.8157096960424387
0.8156320406345219
0.8156738687245636
0.8155955607401113
0.8154510991942262
0.8155941438625819
0.8156975705678791
0.8158408268527263
0.815904844550603
0.8158787920425697
0.8159666302667605
0.8159580524263932
0.815987213261449
0.816293845470824
0.8164811393081132
0.8164698369733853
0.8164481190807185
0.816521522229582
0.8165952275999304
0.8165080411103036
0.816461887326536
0.8166473027402643
0.8166426898752134
0.8168974257567867
0.8167931324550368
0.8167966759582526
0.8170103556626805
0.8171659526527965
0.8173257206132039
0.8172548854776165
0.8172294282070395
0.8170078923418039
0.8170540614201129
0.8169160953766914
0.8172660460053925
0.8174436886708994
0.8173913653236373
0.8174002385196136
0.8173683649945837
0.817223970251072
0.8170763246767078
0.8172137568555082
0.8171834294153552
0.8170944869651978
0.8169412482571107
0.8168601318164929
0.8167714705971968
0.8167552626906526
0.8169546701856358
0.8170270769623053
0.8169903675607152
0.8169479561723775
0.8168569831503212
0.8170023354690917
0.817014871160112
0.8169631393117273
0.8169654502370989
0.8167005756413706
0.8165810035423072
0.816759931137408
0.8168073461542275
0.8167854810199211
0.8168600436962518
0.8170467412237081
0.8171462982395749
0.8171717880064983
0.8172772157200991
0.8171686926567303
0.8173101078897956
0.8174754561642028
0.8173505159964163
0.8173498982786863
0.8174212204226061
0.8174773243801758
0.8175583683803769
0.8176238257485672
0.8175603742541313
0.8175963696473045
0.8175779101229514
0.8177489077665178
0.8178627457439828
0.8179539404862278
0.8180377815190383
0.8180889158682322
0.8182649225328648
0.818292647251578
0.818215333111473
0.8181300322721884
0.8180903486098893
0.8181774921974146
0.8183541290015903
0.8184524039313322
0.8184533312468869
0.818553147505547
0.8185449630379152
0.8185440904707975
0.8184000602863178
0.8183912179394413
0.8183368088102884
0.8184557835824521
0.8186895573697495
0.8188799959351883
0.8188735931395856
0.8190221151008847
0.8191172721090494
0.8191711046757986
0.8193438955149658
0.8194784572382764
0.8194737249749031
0.8194040104103953
0.8195806935239065
0.819755744924382
0.8197401455797936
0.8197713433732218
0.8197763793326344
0.8197244982879318
0.8196762604268351
0.8197506877949137
0.8197552420829941
0.8196380934327661
0.819806542907413
0.8200464897852048
0.8201318194755516
0.8201166463413493
0.8201755207963766
0.820266363185505
0.820260617354995
0.8203105783821125
0.8202805435122177
0.8201665483284478
0.8202460525324884
0.8202736999808905
0.8201951216691475
0.8203430833118047
0.8203077530551374
0.8203791297830538
0.8202604376843226
0.8201784359637134
0.8200903091301099
0.8199195312861701
0.8199704455155026
0.8200965022706883
0.8202121542721938
0.8202595959480457
0.8202561552356371
0.8203079301753635
0.8205010299716387
0.8205874930977878
0.8204982476373082
0.8202715674135701
0.8201963638858761
0.8203106019449065
0.8203086715693721
0.8202264973717414
0.82024736030572
0.8202589186332345
0.8202982795166753
0.8201349493944614
0.8200968717890657
0.8201262444351093
0.8200574847070966
0.8200567731761054
0.8201146628594915
0.8200240243977747
0.8201055368004865
0.8201938604654273
0.8202276486605146
0.8201752391956689
0.8202367906373383
0.8204003228660022
0.8206017927558102
0.8205218971060303
0.8206053942295722
0.820716162813726
0.8208000140179472
0.8206848487146713
0.8207820495896986
0.8209873424918118
0.8209563698466222
0.8208686136600416
0.8208171856941054
0.8207655148994666
0.8206435852689399
0.8206445001854168
0.8207552823833968
0.8208127553592406
0.820822989712803
0.8209246310497393
0.8209729416372494
0.8209655854575219
0.8210727231589505
0.8212540754645934
0.8213583422121304
0.8212592151961501
0.8211616237364532
0.8210231253794733
0.8209916799574707
0.8210429904553136
0.8208557307490385
0.8207505545558209
0.8207315218571736
0.8208212120725412
0.8207334713976482
0.8208854806370478
0.8208738584561897
0.8209903120746539
0.8210168616933239
0.8210157713541119
0.8209930396439193
0.8209887352125529
0.8210041827311443
0.8209881539995367
0.8210072218410542
0.821039155278574
0.8210480588666088
0.8210014758374182
0.82094996497927
0.8209481825050627
0.8209814715390474
0.8208142044348007
0.8208568988320832
0.8207424646971806
0.8205743563858874
0.8204113379764306
0.8204099260403425
0.8203027173120724
0.8202114617243691
0.8203364159091683
0.820321880220791
0.8203128000737064
0.8203638366360786
0.820325692663854
0.8201433915430848
0.8200656503078094
0.8200056852867073
0.8201027730937305
0.820248408776969
0.8202233759511234
0.8201521935455925
0.8201461309609376
0.8202665275184201
0.8202223149982262
0.820104664288023
0.8203006157415554
0.8202281897424766
0.8201589412117755
0.8201835614461092
0.820056737308656
0.8200689792980248
0.8200069674553199
0.8199719920451978
0.819896175199344
0.8197623683209668
0.8199223208398561
0.8199802485915529
0.8199310939610883
0.8199159223120792
0.8200393022446091
0.8200756674270938
0.8200554671497421
0.8201091070330255
0.8199240476932116
0.8199057126663046
0.8195995027548945
0.819636307844454
0.8196571144097592
0.819741610473386
0.8196495727459261
0.8196349829468529
0.81961261932131
0.819544717310267
0.8196909642484738
0.819837821813876
0.8199384920976596
0.8199910128112796
0.8199832198679831
0.8198787349049728
0.8197604539036345
0.8195201906753282
0.8195224854772071
0.8194798634526395
0.8196709087785743
0.8197355090211466
0.8197246885744833
0.8197140671299351
0.8199047860050575
0.819996843002782
0.8198453221001046
0.8198144720373023
0.8198145962831199
0.8197199960246747
0.8196725318837711
0.8195527124353297
0.8194627141969578
0.819334808620726
0.8193206932730397
0.819211387312776
0.8192680025556753
0.8192191262397867
0.8192891501498268
0.8193941222280577
0.819384006319434
0.8193552410178463
0.8193984869468327
0.8194647325741405
0.8194778165836788
0.8194029527202834
0.8193436218349237
0.8193536912880672
0.8193383379107745
0.819328253673975
0.8192346055278318
0.8191786340007928
0.8193204444360479
0.8194156455154986
0.8194644127750947
0.8195530301527919
0.8195213696594765
0.8194860281870036
0.8195763402006068
0.8196103872998791
0.8196408286344141
0.8196758284158033
0.819689866165387
0.8196663178665934
0.8196438539968272
0.8196166778699974
0.8195918188283405
0.8196154351278169
0.819629631638544
