0.5697809966498545
0.612051483622631
0.6373795763858798
0.6380454358736272
0.659149220392759
0.6635358781114447
0.6563664689470776
0.6795847438619766
0.6824407845995969
0.6985459781710246
0.7017226678489799
0.7139656602678424
0.7060059509894042
0.710749150263017
0.7016407566441967
0.697232285231041
0.6907061482435328
0.6903697939842661
0.6925838875631632
0.6966686463073447
0.706684038610286
0.7103505928994129
0.7153643110532649
0.7204765392526868
0.7195613891969767
0.7187322003116573
0.728098028277451
0.733464164358768
0.7347516341375397
0.7383629063970693
0.7357148817318195
0.73853177474744
0.7331079679415452
0.7347357458708952
0.7341401399324484
0.7364210885719993
0.7370235111913852
0.738405048668071
0.7413298965478358
0.7420224327683757
0.7409934147785455
0.7409943724664221
0.7379337652072745
0.73993240535117
0.7406167476283907
0.7415206529862834
0.7398254044767953
0.740281999783186
0.738621810293949
0.7354511211692515
0.738959235630927
0.7418087738030943
0.7401449029642523
0.7405737240354324
0.7441153141533623
0.7488428644783274
0.7496650316745219
0.7486026404855491
0.7495081914235329
0.7524325298157774
0.7490840837673007
0.7496869211440953
0.7500990191705664
0.7482425398865661
0.7488260121615999
0.7466944839958295
0.7452052835441205
0.7470360645944014
0.7470969193333017
0.7473036248918684
0.748580336045538
0.7467445909013821
0.745420147739922
0.7463157654290646
0.7469189381532114
0.7459784608002339
0.7448973452052502
0.7474312216239266
0.7469979938487102
0.7450934762873728
0.7458322525099648
0.7461714518595219
0.7481043844224402
0.7484345182172649
0.7479646585326926
0.7474685168219354
0.7488634400132032
0.7468559835604811
0.7484065135208673
0.7487215211607818
0.7487442216423338
0.748973826470733
0.7500796698952311
0.7482487836735942
0.7473715466689442
0.7471014090104502
0.7464352854106013
0.7454187147814196
0.7443896127845986
0.7442706860469019
0.7433401747667345
0.7439949075267221
0.7447217861900249
0.7454510924618852
0.745848620836209
0.7470197790791517
0.748193992154141
0.747599862688938
0.746979396488813
0.747263086037454
0.7467100824206465
0.7455212329547705
0.7457223626595856
0.7454456033244038
0.7439177077145903
0.7441633185050658
0.744627615398056
0.7446242718600572
0.7450147585325549
0.7440884661091036
0.7446103431545112
0.7462251602682793
0.7469950749388323
0.7471768334546628
0.7461717657690273
0.7465102621655277
0.7472937938410237
0.7484879766140423
0.7483971430280257
0.747860201498583
0.7477013640034774
0.7475598194146597
0.7466963808584639
0.7465528974557052
0.7472868115792887
0.7469925384296563
0.7471682311230451
0.7469919334485919
0.7469605685057344
0.747359600189217
0.745947515642016
0.7462746859649471
0.7470056329670893
0.7480719653603688
0.7474628941576813
0.7468368186722765
0.7461882743579977
0.7464660172055588
0.7481150656718603
0.7483026195516527
0.7478634579551703
0.7480168653242146
0.7460998263317441
0.7462082457336373
0.7462370227065046
0.7456940678868593
0.7463332259588222
0.7460034559573014
0.74542368522213
0.7452583823979767
0.7451739732467703
0.7442772572549987
0.7441304365289517
0.742602840439861
0.744174730879565
0.7445872260020556
0.7446386853635467
0.7450048060997353
0.7452945450587362
0.7449797129479712
0.7461353445488633
0.7465708665260249
0.7467933634181049
0.74697901282798
0.7461368743929909
0.7460808149512184
0.7456344525742286
0.7457241519926855
0.7461905287882196
0.7476099616652047
0.747902950772216
0.7482290950554832
0.7491358083937428
0.7490556500983538
0.7488850966540714
0.7489840255299349
0.7497755003634904
0.7501486294752104
0.7498785219187005
0.7498976806492397
0.749812700016204
0.7498778438843292
0.7500148415928377
0.7498576808010986
0.7496374397637642
0.7495219233271961
0.749913248188606
0.749717034359279
0.7500890815519439
0.7500464626197466
0.7491317728350292
0.7492722375352577
0.7486507176460546
0.7493351142904909
0.7501511999881809
0.7501170887510874
0.7503601124179553
0.7507902199698152
0.7506560800544266
0.7514251544127913
0.7515296025448817
0.751439972595051
0.7519871541909786
0.752313951782298
0.7523874790310469
0.752562977769806
0.7528567444820464
0.7530863547370679
0.7531913177347674
0.7530333721307118
0.7526865911593902
0.7523842038248085
0.7528699720822175
0.7520551825813071
0.7517347611793693
0.751953683740804
0.7520521077030576
0.7519235208140419
0.7521774952081318
0.7512701775703217
0.7506628060196782
0.7508982944315677
0.7508052621885662
0.7508287336437935
0.7514969956411665
0.7514739835386677
0.7515179003501739
0.7518753323842139
0.7522873807785094
0.7520214124020613
0.7523581950983741
0.7530158717440824
0.7535123837081373
0.7533968612676494
0.7539925622103753
0.7543557991781832
0.7540964657727357
0.7538183802080657
0.753825070140948
0.7540511296289589
0.7546659530698446
0.7553964779115553
0.7555869880785108
0.7557960082636078
0.7560048572747465
0.7552455701139563
0.7549566601743931
0.7550620462826219
0.7544971385604831
0.7538539811942198
0.7539626014027377
0.7539598639086924
0.753664829334778
0.7530076502686586
0.7529725827456499
0.7529726961355905
0.7529923776159764
0.7528186833646332
0.752846701454215
0.7526365175292689
0.7529972362114324
0.7532765732193955
0.7534881101105929
0.7531307787808115
0.7531202864345745
0.7533408518192437
0.7534297072871775
0.7532297435381284
0.7527307568447753
0.752753317300918
0.753136039885695
0.7533185916471016
0.7537809591278123
0.7531029566772963
0.7529790319273589
0.7525657929102273
0.7527303044175958
0.7527277401306264
0.7527027333413085
0.7530084272409653
0.7533493507112706
0.7535118439834382
0.7535700042572178
0.7542077347497232
0.753890483684437
0.7538757885579697
0.7536747673253089
0.7544373488534935
0.7551348792699711
0.7553945631802897
0.7561426969948151
0.7563722422994411
0.7561652901340807
0.756311394315666
0.7567482226880142
0.756463027565524
0.7565711470511076
0.7565688290961625
0.7566810114743397
0.7561174903905382
0.7563058468198527
0.7564064148037943
0.7566637075390023
0.7567601894750322
0.7570354828929077
0.7566031500709877
0.7565381098137444
0.7564822491768426
0.7565483450959234
0.7564225934544468
0.755764879219118
0.7551943764952068
0.7554119869654597
0.755783893620661
0.7555973104227093
0.7553328677498515
0.7555409299682966
0.7554316533765164
0.755549473950201
0.7553081052696207
0.7551463236699135
0.7551733948585652
0.7551180808066371
0.7556600960677649
0.7559171708996035
0.7556251479981995
0.7556051965060979
0.7554139352405559
0.7556434366420482
0.7555135982035414
0.7557046451781976
0.7555519199341274
0.7556474914454461
0.7557990095285667
0.755965611865442
0.7558945829837626
0.7558444447371179
0.7554874483268533
0.755496616185424
0.755477366300482
0.7553682867727354
0.7558675011097133
0.7558955552261009
0.7561674590673196
0.7566158665657783
0.756682544239855
0.7566971957018048
0.7566798998167305
0.7565179398607358
0.7565106796967553
0.7561875299935823
0.7559429107857562
0.7561507644615567
0.7564743799250586
0.7564660017658279
0.7563324290817086
0.7566007186925645
0.7567109189699102
0.7570251041169621
0.7571245578874846
0.7574507049711525
0.7575561231713693
0.7577728922839335
0.7577207656258725
0.7577584340027257
0.7578266036998457
0.7582936923148537
0.7582364637835494
0.7583014472233656
0.7586784753174041
0.7581776948970027
0.7581304303017135
0.7584956109659046
0.7581453633142292
0.7579932440879376
0.7580988887692104
0.7579680758329268
0.7574245277633013
0.757197012280659
0.7571607333336018
0.7568184904850382
0.7567558891774311
0.7567947837997804
0.7568070837023732
0.7566395115954639
0.7561435848414173
0.756082051972904
0.7563213356957893
0.7562698109057902
0.75635219568811
0.7572521849303114
0.7571421291526638
0.7574308286452118
0.7576611458283922
0.7573942034137785
0.7566985132506866
0.755946365212495
0.7558422647544037
0.7560066953968901
0.7559174250382747
0.7564704991980363
0.7564735075275049
0.7563418212926554
0.7564769511443674
0.7563790291303908
0.7557882268361348
0.7556003076380384
0.7551830330020101
0.7550248135360683
0.7545926096889413
0.7543691784096094
0.7544271219727164
0.7545704682398227
0.7549989607833194
0.7547942237330879
0.7545411830166747
0.7548059056137583
0.7551959798567974
0.7551173982652047
0.755141537531408
0.7550003229323394
0.7550458616333537
0.7549111652801278
0.7548979759027726
0.7547189410158542
0.7549369659350099
0.7548804721074692
0.7554625854563622
0.7552774325574917
0.7549994312885568
0.7547816428690697
0.7552301965297443
0.7553609951955126
0.7550346628713857
0.754979114389513
0.7550828545682249
0.754850913030732
0.7548619866235673
0.7550444084025169
0.7551618815644878
0.7551447119433019
0.755216747987016
0.7552068489378142
0.7553997710651544
0.7554146334199908
0.7555150290386092
0.7556774488225491
0.7561630157337751
0.7558037936363012
0.7557519064917103
0.7557381964488513
0.7559570718218812
0.7559329557255738
0.7556934191669332
0.7556254215868615
0.7553298535149414
0.7553645501736275
0.75544457419443
0.7554966529712327
0.7554657536161977
0.7554132619524374
0.7558315322759909
0.7554668135204354
0.7558193242496459
0.7559703178574322
0.7559157222673579
0.7559416060869127
0.7559862851466205
0.7560667993086875
0.7559807960045921
0.7558081578870881
0.7557759341529421
0.7561075441101157
0.7558435754530165
0.7558501973650957
0.7558396514803484
0.7558679336091086
0.7557746560246907
0.7559433113908932
0.7559191849414542
0.7563360948384373
0.7566791240777836
0.756554498841958
0.7566367794559193
0.7566621290416911
0.7565462186952457
0.7566214145140001
0.7562448399113654
0.7564242373407818
0.7563445633303233
0.7562637306604071
0.7560773995052301
0.755773924856265
0.7556227002033254
0.7554875235179296
0.7552797583614991
0.7554604281137178
0.7552002391120766
0.7552730866985268
0.755147256668985
0.7549817953586009
0.7550545884131074
0.754922460533743
0.755005446118073
0.7548493968277209
0.7546059226764216
0.7543149139447729
0.7541949763532593
0.753779390201692
0.7535803825117795
0.7535140962225837
0.7533245459509806
0.7530753204154347
0.7530498543295963
0.7533437339076836
0.7532239574395905
0.7535183920941595
0.7534748346752016
0.7536692373862819
0.7535780756853024
0.7534501742241589
0.7536161999323095
0.7533825884847307
0.7533633620197489
0.753655853234464
0.7537298809879291
0.7540475107988113
0.753519256737051
0.7534880027137902
0.7532169865026289
0.7529849251216657
0.7529703320190907
0.7530943062399236
0.7530827564612349
0.7528401432060593
0.7525361993958064
0.7528191508744493
0.753095504666811
0.7530950469324916
0.7532355470997157
0.7531541594479133
0.7530583144262268
0.753233707238044
0.7530552530663924
0.7528896127209808
0.7528746849499997
0.7527918119098765
0.7529995692710163
0.7529439164205722
0.7528320459547982
0.7533346818477717
0.753467468696291
0.7536818631390853
0.7535122469542366
0.7534553647973803
0.7532485606690331
0.7533925866587478
0.7533019015887193
0.7535625997508084
0.7535611956373591
0.7534530195530559
0.7533811258176112
0.7536088622783472
0.7536904756205253
0.7538685709864824
0.7541432258431126
0.7543438124387578
0.7546544722979217
0.7546117389995685
0.7548791306224282
0.7550984688929071
0.7551099051951332
0.7550434548181849
0.7550670321913506
0.7550287239184927
0.7552411372005294
0.7551731774473764
0.7551459891447088
0.7551776142937086
0.7550974391985351
0.75502733937246
0.7550904091692023
0.7551948186829981
0.755333718699756
0.7553072801248314
0.7551976554607874
0.7552105413391282
0.7552608881323529
0.7554182430732831
0.7555391928277154
0.7555648955550209
0.7553776589160199
0.7553566484461487
0.7555513386771937
0.7553325755951128
0.7551312201412137
0.7551100230415135
0.7551651512611585
0.7550672314503631
0.7552572745615689
0.7553480165509622
0.7555638899222775
0.7557236872307331
0.7557928977854388
0.7558287352276785
0.7559287758689242
0.7559830514485607
0.7557764813391415
0.7557153014360809
0.7557601448868705
0.7554213712272186
0.7553619139614749
0.7553431160071219
0.7554844325111381
0.755368029580379
0.755379520519885
0.7552820777564203
0.7555284609339147
0.7554359895861962
0.7554781163002684
0.7552959369470799
0.7553776075439925
0.7554382196261936
0.7555912211491882
0.7555364142219679
0.7555848332994936
0.7559239191105689
0.7557894350630197
0.7557900639385294
0.7559334046331087
0.7558310567043373
0.7557457999339466
0.7556567064799548
0.7557258997831847
0.7559098902195468
0.7560433597348932
0.7558838758654962
0.755816404846824
0.7555815408176223
0.7556957245249304
0.7557023070905873
0.7557318936089574
0.7560743313216254
0.7565084275402462
0.756626059812308
0.7566889084871982
0.7568255300005935
0.7567604903261128
0.7566865465858535
0.7566214349691245
0.7566161454073148
0.7566403000179043
0.7564838168251924
0.756482493535285
0.7562688117087102
0.7564495102973244
0.7562582184051343
0.7562183065491891
0.7563334819481898
0.75661754606796
0.7567528056139831
0.7566688861405909
0.7566967540192244
0.7565077496152706
0.7564310575915323
0.7565467445687016
0.756532254661278
0.75684077160408
0.7568063444725147
0.7569982950780533
0.7570086974504185
0.7568340293513164
0.75691049318991
0.7570114362901283
0.7570419877958806
0.7571065116408657
0.7573215672428024
0.7574780668827014
0.7572674000881319
0.7570022273209059
0.7569764399195419
0.757018495505742
0.7570018809059258
0.7570567075851249
0.7569944033243016
0.7570377052504659
0.7571861604872946
0.7572547179175881
0.7574003099432155
0.757502277427811
0.7576603046711621
0.7575600690931009
0.7576476487131686
0.7575316098893781
0.7576185805825938
0.757454281416095
0.7573267768222556
0.7571708099881416
0.7572726540775525
0.7569284204328871
0.7571244653927943
0.7570038232761962
0.7570420505145778
0.7570156161799038
0.757097811065249
0.7570831300958626
0.7570407615931143
0.7568862200019617
0.7568226593717542
0.7568609810569449
0.7571253302771892
0.7573184189160326
0.7573510005758075
0.757489243598453
0.7576419030389089
0.7577378480078268
0.7578632827124633
0.7580192755047439
0.7577568833580165
0.757860011237426
0.7578124987012608
0.7577966709108709
0.7579602430028165
0.7581552857129547
0.7582338239105885
0.7581793557926061
0.7581030458804925
0.7580646255244232
0.7582408585586253
0.7583919772520772
0.7587198618871688
0.7586532518642218
0.7587397555606512
0.7585459365309984
0.7587067866068141
0.7588330586462226
0.7586645381715625
0.7585000421436136
0.7586298618496762
0.758722250938459
0.7585224635573601
0.758469251057539
0.7585674232591499
0.7587625805771775
0.7587520059451477
0.7587090984969892
0.7587485014117296
0.7587897413810707
0.7588812945753144
0.7590059479886507
0.7587226622145904
0.7585991022763179
0.7588274835978527
0.7587899449510384
0.7588698076050252
0.7589821319291814
0.7590419000020381
0.7590948822810051
0.7590355032239859
0.7592169458783501
0.7593865327838035
0.7595032368639029
0.7596055586181995
0.7595700733306562
0.7597485992408861
0.7596605379555957
0.7595786850986845
0.7595609634498052
0.7595458987012037
0.7594054171562359
0.759524661710345
0.7596363527027377
0.75958695966798
0.7597597181350145
0.7595909510726957
0.7596310243132639
0.7593188252354597
0.7594144345992718
0.7592811683060922
0.7592378597252218
0.7590635915473601
0.7588295831122869
0.7589103842335065
0.7587456208056119
0.7589223790193447
0.7588042243047509
0.7588492159884771
0.7588055524995616
0.7588771102302025
0.7588623338981424
0.7587990295354885
0.7587388672575616
0.7587164364862806
0.7585865976248408
0.7587698626340801
0.7586445352857003
0.7586176160855999
0.7586040445381067
0.7585879139524335
0.758502770847566
0.7585018495553778
0.7585127824762876
0.7586169234591524
0.7585653741698546
0.7585052842635281
0.7587549645497277
0.758861888215837
0.758935290500328
0.7593204061996933
0.7593996231268596
0.7593250705120363
0.7593691909490928
0.7593593405165617
0.759385798394676
0.759397938648606
0.759295939593937
0.7593495690669464
0.7592743578563396
0.7592082268525746
0.7593511686945655
0.7594138971398338
0.7594349378041719
0.7592765116093562
0.7593772673834783
0.7595257746029187
0.7597108060283256
0.7597749561983961
0.7595657888330565
0.7597424184071033
0.7598149820732796
0.7598774076805477
0.7596666228283294
0.7598567293077855
0.7598881302771572
0.7599621957834077
0.7599217466049215
0.7601195719764607
0.7601985054661851
0.7601196852776383
0.7599336065279868
0.7599421305287647
0.7599977180823487
0.7598630908649253
0.7598229205303825
0.7597839466996492
0.7597955582526276
0.759794184506676
0.7599307440318005
0.7598679054942935
0.7598347727468934
0.759850585301461
0.7599254088244964
0.7599368987681512
0.7598037915891805
0.7596973871667451
0.7596552215158813
0.7595795243508361
0.7596832401213864
0.7594616866287074
0.7593289871896627
0.7591252173779137
0.7590904647476453
0.7589660726035944
0.7589890618027397
0.7590384953495913
0.7590510502064133
0.7591157674075311
0.7593075243506613
0.7590893437614799
0.7591254894145242
0.759019977764768
0.7588852453893064
0.7589223062137261
0.7588643700480043
0.7589766267499546
0.7590131604926703
0.7590407454902286
0.7590579248650581
0.7590676107782305
0.758774046282211
0.7587986699639545
0.7588851866095582
0.7589988057172041
0.758928389247762
0.7589239199687853
0.7589194820126299
0.7589457332409623
0.7590861837639599
0.7591635380538081
0.7591161864236797
0.7592042320684897
0.7590596653171953
0.7590331989188349
0.7590186241563911
0.7591789298655243
0.7591940226451513
0.7591536597044475
0.7590867785202624
0.7590938670090134
0.7589954376971189
0.7589397390061571
0.758910133843442
0.7589894134084999
0.7591066804644498
0.7590463036318731
0.7590188981269714
0.7589485350748061
0.7589452231850451
0.7589874394924416
0.7589672192746282
0.759062313291774
0.7590655202730392
0.7590670170023398
0.7591389547474782
0.759071412032234
0.7589183236837552
0.758990042943177
0.7590949663730818
0.7590017193001044
0.7588419237640432
0.7587750032178278
0.7586160313532198
0.758568643441126
0.7583061872904625
0.7582819132237991
0.7582886529862504
0.7582564560398551
0.758140558843718
0.7580934209241527
0.7578803409159861
0.75791040263952
0.7579680488133672
0.7581364429257295
0.7581297767990781
0.758245033424298
0.7581209553405671
0.7582660331525003
0.7581678317931366
0.7580609070064944
0.7581166391280572
0.7579995610802885
0.7580091285113675
0.7580071238888932
0.757959345804782
0.7579255695122199
0.7579884102080036
0.7579026330032032
0.7578267886325218
0.7577611117056088
0.7576027719047054
0.7574759577611541
0.7573763534450167
0.7572323863594778
0.7573014804965713
0.7572820892310046
0.7572864303958434
0.757407998087674
0.7575557099401108
0.7575529867954675
0.7575149855480281
0.7575238347116052
0.7577407329811696
0.7576347329904486
0.7575588152307553
0.7576344618621348
0.7575952316827718
0.7574894287022808
0.7575240594253666
0.7576742432404409
0.7575033087174469
0.7574463343005758
0.7572088505688229
0.7571440875186589
0.7572459537507568
0.7572586285752426
0.7570878419495058
0.756967049779614
0.7568892918241493
0.756830332530111
0.7566768341448071
0.7567971684966616
0.756831759704567
0.7569177342989932
0.757057313567277
0.7571544655170143
0.7572159910340773
0.7572823898133377
0.7572993604873626
0.7571850339909352
0.7571161266622574
