0.6229045986912256
0.6881182733074901
0.7077387268749391
0.7481440481138317
0.7620227686115473
0.7550873173769135
0.770000788342656
0.7998223840289258
0.7889925372900709
0.7966042946767197
0.79595718199855
0.8093721368582928
0.8172523842711209
0.8068504488463601
0.8053532055490505
0.803771279233732
0.8005079450293259
0.8028713765219201
0.8021205002313313
0.8027600178499623
0.8115959104355817
0.8094966949287781
0.8145782226445883
0.8163676339054972
0.81699349217838
0.8187216628715199
0.8233006616103314
0.8264862346463581
0.8249603670230337
0.8224581224441495
0.8157516673329791
0.813099047966812
0.8088865286811535
0.8090671563458744
0.8116089513459503
0.8089920960851322
0.8080480858902251
0.8100312253830727
0.8154820616129903
0.8155841526220532
0.8145513013606885
0.8150524778480835
0.8158826840676675
0.8185657370737949
0.8193631026092537
0.8201424736380887
0.8190885054290222
0.8172065020623538
0.8139014263118375
0.8174286529730106
0.8203878168877226
0.8207722432215073
0.8212135175415277
0.820060207071146
0.8203185068112362
0.820712545795042
0.8210156777726925
0.821000129768919
0.8212605772120984
0.821030795165001
0.819234214154639
0.8202340264100629
0.8213561719925346
0.8206840685061324
0.8200397273683019
0.8200404351949184
0.817704019165826
0.8164396412522327
0.8178344295225731
0.8177501106412325
0.8165584377217264
0.8151632222038094
0.8155381969000597
0.8150831971548189
0.8150165585501961
0.8147392546920809
0.8134123893815414
0.8128970581353518
0.8119233189141783
0.809853192355098
0.8081745552980931
0.8104486052421662
0.8125561973554164
0.8125774954106855
0.8128477104518035
0.8125733181087182
0.8135911639173539
0.8132740232769131
0.8132710581977263
0.8134477696850049
0.8153581552986081
0.8156027619655494
0.8165079058412966
0.8169217292671818
0.8179156296394205
0.817859899731911
0.8169900636603659
0.8177076606293276
0.8163969873023238
0.8178152370176787
0.8168136607478578
0.8181255203498107
0.8189008965704492
0.8187943883440556
0.8194167963669613
0.8210271931098128
0.8210548951820243
0.8204716950017898
0.8184203775362981
0.8179178629331527
0.8173601868747421
0.8167680584645916
0.8171711270766379
0.8181730994516371
0.8183046624180638
0.819105674248762
0.8207518909389538
0.8214197538906803
0.8212431142399638
0.8214928153175513
0.8217857426181215
0.8231267453727019
0.8238836996310291
0.8228006271496904
0.8234246343623651
0.8238846376982704
0.824901561385853
0.8241949014975929
0.8240629617824047
0.8241398127197703
0.8236946052962
0.8230400828300072
0.8238327962290991
0.8243732433810025
0.8256356479252236
0.8261676993831955
0.8265831436393232
0.8265212026869566
0.8266585400229138
0.8258957064821772
0.8253669133477233
0.8267192263106069
0.8268047038008484
0.8264367428802678
0.8261133000502766
0.8265098168586509
0.8267485257319391
0.8272026297489752
0.8281878608339948
0.8276813164300296
0.8263970004292338
0.8258613086166676
0.8259463827021243
0.8258016082317913
0.825939413615287
0.8265005207041752
0.8272835936119426
0.8261992405560282
0.8254987692809646
0.8255391512895575
0.8252407266137446
0.8243671240173147
0.8226107068084768
0.8210374941788681
0.821264818455079
0.821594341019823
0.821163079540664
0.8215083532960876
0.822650720124442
0.822453537445625
0.8233908519641561
0.8240771952016289
0.8243315587116737
0.8251553941311639
0.82509892815188
0.8244305535744789
0.824057555090831
0.8239825680181041
0.8249255893083514
0.8258693690825584
0.8265051510089708
0.8267988453134725
0.8268582358637196
0.8267600529605569
0.8266447250810246
0.8269828466330311
0.8269375009198481
0.8262698787737159
0.8255971672925468
0.8251187882127142
0.8250440668802643
0.8251438726339448
0.8250710716801163
0.8258376026090001
0.8255634795356638
0.8256445927508097
0.8260565820121011
0.8259787745471605
0.8260491752855698
0.8254997760154285
0.8248637780500053
0.8255716787724774
0.8260362878118462
0.8271493499925302
0.8273154873852514
0.8271684092268329
0.8263542966052261
0.8273154312236193
0.8275276741828129
0.8266098998834985
0.8261695094842031
0.825453083942251
0.8257515747143821
0.8262176364776915
0.826154897456994
0.8255619843193756
0.8260850676138616
0.8262010528414664
0.8256427901664564
0.825303062326239
0.825688643160324
0.8256782712145796
0.8257673455542666
0.8265450091990286
0.827232472856176
0.8273568461007735
0.8279802057098167
0.8278240539672121
0.8272873179349394
0.8267689054408277
0.8268244857358309
0.8261736170809805
0.825679762852218
0.8268031122303563
0.826450429813749
0.8271331920516446
0.8268311439636188
0.8271237527981924
0.8274581673333985
0.8268731875081891
0.8271338645662542
0.8276508282701643
0.827262469024802
0.8274187047510109
0.8276704648932012
0.8272303230240458
0.8273889158860104
0.8274473710768103
0.8277276745745215
0.8279748096307518
0.8288409941755884
0.8290909541633052
0.8293651208398239
0.8301382110979858
0.8307015471790863
0.8300122617890693
0.829952708439893
0.8304407832219576
0.8300887130308323
0.8297757894762774
0.8299120478574934
0.8302019937270941
0.8295910647588034
0.8291323512807941
0.8292474974872915
0.8292439411518263
0.8285613200324213
0.8282432583691614
0.8281422855816192
0.8278042816079072
0.828082386226701
0.8289031793378466
0.8293747385635961
0.829014409274228
0.8290120231927041
0.8291470530775219
0.8292004585900239
0.8286208380450956
0.8289940704449236
0.8289433407825189
0.8293401249583697
0.829137789905504
0.8295894461968768
0.8294995989971171
0.8295454337993915
0.8298736488399316
0.8298786117474801
0.8296640637415869
0.83005663361426
0.8301675319692317
0.8297437074413384
0.8301826737617081
0.8297081563556102
0.8297703201234697
0.8295543508599125
0.8294208633364895
0.829368463146064
0.8299322464050942
0.8304672547417706
0.8306033056002396
0.8311405947269698
0.8311341855289407
0.831412020348013
0.8314658791432777
0.8319713888363799
0.8316732417466636
0.8315324657107829
0.8319102471265948
0.8316094111633562
0.8317127675525398
0.8319850212827254
0.8320864242240896
0.8323046805726628
0.8326275509187546
0.8325615819164279
0.8325689596045508
0.8325870561503174
0.8323948139223194
0.832396071453488
0.8324329777779402
0.8321418499598374
0.8327402396756528
0.8328792469820567
0.8330208868221679
0.8329847658581122
0.833158333664045
0.8333716870871651
0.8331243721862139
0.8330372178343342
0.8333806621114078
0.8334952362407304
0.8333194110353721
0.8333471527563299
0.8339026816364029
0.8340323232950406
0.8342495412170607
0.8343993258282083
0.8342384482805414
0.8340651180095661
0.8341867309260027
0.8337924044516671
0.8336753953157124
0.8337284633135318
0.8336778885342893
0.8329835008444727
0.8328559108570315
0.8328889150329782
0.8323479909968633
0.8321630221220064
0.8318255326808596
0.8314979686844364
0.8319093644818468
0.8317061889648474
0.8322791968855277
0.8326535302604673
0.8324427164415156
0.8323106460730775
0.8323695474852124
0.8322598807785955
0.832552883429612
0.8322492425250766
0.8320008396950715
0.8315807443913417
0.831528006408036
0.8313248420721898
0.8314519859518524
0.8311231472768652
0.8308144776610219
0.8306966049192415
0.8307283200001659
0.8311329904472935
0.8308837956966605
0.8309375268767754
0.8308658611819325
0.8311883145987173
0.8313626775218225
0.8315487318823335
0.8309782085426364
0.8309691036618772
0.830872753074924
0.8308615247318532
0.831088381853086
0.8309319029578969
0.831252092710443
0.8314204928090437
0.8314713670467706
0.8313393709588072
0.8312919498353474
0.8310890691201445
0.8309029958703414
0.8309225764235002
0.8307053330782604
0.8304542755570207
0.8305143524140746
0.8302929372314951
0.8303892734776015
0.8304845370117063
0.8311185595935008
0.8310694758471047
0.8312254640476812
0.8315036476394179
0.8314998966973999
0.8318384998977757
0.8320287326252513
0.8321154192177753
0.8320280575452591
0.832111889087293
0.8318768124446935
0.8314885450259939
0.8316033072945875
0.8322820334122446
0.8322835428477225
0.8322739504675616
0.832319896767998
0.8321499872610119
0.8315919487486064
0.8313479089675563
0.8310278917709871
0.8309256177578026
0.831076578635549
0.831371381030175
0.8314266180027516
0.8312902851843407
0.8311281965007435
0.831236597526591
0.8309639697223508
0.8310523238363423
0.8312000044763731
0.8311957226550252
0.8309769277247143
0.830959103893995
0.8310005262970739
0.8310752629732986
0.8311568018031088
0.8311688033652901
0.83152677445207
0.8313847220077335
0.8316531541301994
0.8315966407064734
0.8318846689195197
0.8318067428308389
0.832070891420056
0.8320039104901404
0.831576581977067
0.8315492264500857
0.8315247940472447
0.8314079536272506
0.8315419175312253
0.8312586584485723
0.8312701294621515
0.8311450180679033
0.8310223925583168
0.8309087255422744
0.8310129740613494
0.830877658218825
0.8309908168165842
0.8311146166845784
0.8312423923353489
0.8311849387852459
0.8309938520523454
0.8309879324717006
0.8312171206484054
0.831340606260459
0.8309051794679497
0.8307362295312797
0.8308469112842125
0.8308697270779913
0.8310747180161258
0.8310668733213639
0.8308378649627804
0.8307733383940168
0.8309601768738698
0.8312560722904291
0.8314354940151537
0.8313521793932769
0.8315389286202377
0.8315461615860322
0.8312315184853551
0.8311043661358126
0.8312743654310168
0.8316125862789524
0.8316317346907864
0.8317180212083298
0.8318012307692173
0.8318550720358825
0.8319684475109075
0.8320441672232013
0.8316439404334018
0.8318879472707319
0.8321996159793036
0.832533072808341
0.8325930772097732
0.8325347189854152
0.8323875009780395
0.832599412552716
0.8327859536970356
0.8330960813697654
0.8331848783657906
0.8331254918260106
0.8328380420045479
0.8325796308767957
0.8323892207097335
0.8324109793337048
0.8323761377757836
0.8325802142089371
0.8322225379191702
0.8322632076859097
0.8322388540894264
0.8324154502008151
0.8325724506443415
0.8326098703400785
0.8325155909340684
0.8323196442522213
0.8325097705881659
0.8322684799254342
0.8322690194287417
0.8319190236963265
0.8318828723333005
0.8312940913028467
0.8313151830117791
0.8314022050052888
0.8313808506846644
0.8311819225059977
0.8311782017324689
0.8312278738487153
0.8312577503490827
0.8311429905363555
0.8314183526318468
0.8311888634528741
0.8311480585870629
0.8309784986967511
0.8309404056906067
0.8308525199312736
0.830722653969009
0.8310438759301587
0.8308401180285725
0.830965818597852
0.8310931672332444
0.831119700565329
0.8312796822669449
0.8314719080296946
0.8315328134159887
0.8314040240889708
0.8314506092050663
0.8314638584728462
0.831475637879682
0.8316725571780027
0.8318154434818703
0.8316152726225472
0.8317373104211474
0.8316662020641066
0.8314019663213642
0.83119091860693
0.8310030956404558
0.830981371404215
0.8311106280974003
0.8309279675065654
0.8310373071626566
0.8310731486729331
0.8311705500450879
0.8314578230559084
0.8316848002079003
0.8317101269003679
0.8318819360010854
0.8318189157159647
0.8316564775911643
0.8316986804760395
0.8315285958875398
0.8315965148946954
0.8316234001119198
0.8316712701921617
0.831754594051013
0.8321663012835406
0.832203800366393
0.8319918207810612
0.8320482451595339
0.832341427986646
0.8323526564954203
0.8321928210389543
0.8323337462175493
0.8324716568734387
0.8325770694564987
0.8327855256529739
0.832871434277207
0.8328471888635399
0.8328532799457895
0.8328262924463513
0.8328843240298818
0.8326624547451023
0.832470987830429
0.8323270910198456
0.8324927389589739
0.832522203559346
0.832457364820716
0.8323384144809969
0.8322783737887408
0.8322758941163996
0.8323575406786531
0.8324388339862485
0.8326258063976995
0.8327152141539854
0.8326686965026739
0.832642917214705
0.8326667837893815
0.832768000976867
0.8324788243620823
0.8325528523636616
0.8323091758942862
0.8322204672080732
0.8322103416640867
0.8322014933067607
0.8324395497476499
0.8326890669502841
0.8327011483599858
0.8327175921784704
0.8328672351471625
0.832951085705171
0.8328009253897865
0.8327408052223313
0.8325323577192032
0.8325747143073126
0.8324820004757335
0.8325730401584813
0.8326281190147122
0.8325421506632935
0.8326283410425336
0.8326245459428341
0.8328692217004781
0.832966065488695
0.832817500639261
0.8327398991801958
0.8327805015881532
0.8329095329850269
0.8329320503903275
0.8327924096267546
0.8327696622061622
0.8329743526657053
0.8328484591843428
0.832820863875694
0.8328863823872116
0.8326540316761026
0.8325377685795897
0.8324437717346058
0.8325861960411218
0.8327778688386117
0.8328147008318976
0.8326192158812361
0.8327497821502753
0.8325536246657685
0.8327651573941487
0.8329314903465415
0.8328979608014508
0.8329625882952055
0.8328322274623431
0.8327640460548892
0.8328527925672871
0.8328431916388027
0.8328842641807015
0.8330997030519978
0.8327954274136207
0.8327439000832556
0.8328697066939693
0.8326498841901723
0.8325552793672568
0.8325601700262663
0.8327060041514591
0.8326738164918657
0.8326956714419183
0.8328315141522094
0.8331064785053086
0.8332771440067646
0.8331255046044909
0.8333041525165068
0.8334719098178937
0.8333909127962615
0.8336504869394715
0.8337319191821811
0.8338478631394557
0.8338238917837353
0.8340553328781297
0.8342189635226298
0.834106451557498
0.8341312052769185
0.8341784281122345
0.8342612685682428
0.8341012744029522
0.834162561877353
0.8343094064206619
0.8342826694303505
0.8340517217820832
0.8339829720983599
0.8340186990846653
0.8340069688074869
0.8340860637868923
0.8339978977860673
0.8339617911989679
0.8340888497862975
0.8340711542206694
0.8341945898624645
0.8343535632659749
0.8345112479943121
0.8344469366716684
0.834448801241611
0.8341755518536966
0.8344545575134555
0.8347296163038534
0.8347063018367901
0.8349627578581083
0.8349604648110588
0.8347544386668527
0.8349704701654918
0.8347684935160422
0.8347140436032385
0.8346070023952533
0.8347819732341288
0.8347167840755098
0.8347424239701471
0.8346239244854897
0.8347646745165814
0.8350287643552762
0.8352071742227944
0.8352990694466402
0.8352710628141058
0.8352194933523405
0.8353048166179541
0.8352412170920249
0.8353357132458245
0.8352942475471122
0.8350093542296224
0.8350489259284188
0.8350648713577624
0.8351918211971652
0.8350828494119699
0.8351693436516866
0.8353185660178069
0.8353557572704906
0.8353684473612994
0.8351120365915325
0.8351157100527763
0.8351578454629399
0.8353274330245031
0.8353586573782398
0.8352927161001859
0.8352635450662957
0.8354353783822973
0.8356128641401587
0.8355528188417098
0.8355242057778743
0.8354872527431358
0.8354879025475277
0.8355768126255736
0.83558453989528
0.8358302943452816
0.8360550342749431
0.8361158723933644
0.8361034513861665
0.8362033919039739
0.8362358794331851
0.8362291011388396
0.8362647839892008
0.8362499714695394
0.8361456492477656
0.8362181702012859
0.8363236425730614
0.8360970749064666
0.8360701361752645
0.8360552851111306
0.8360591931549859
0.8360796045701401
0.8360700879500901
0.8361651213057704
0.836232599060047
0.8362952044053622
0.836361709173165
0.8364634136414216
0.8364487524227338
0.836262537135167
0.8363053804268598
0.8364236426201416
0.8363649876393198
0.8363846213104237
0.8365403802117974
0.8363827377341676
0.8362241119501043
0.8362416980875045
0.8363359619729167
0.8362777862156174
0.8361758449653865
0.8362802514004707
0.8362641935828895
0.8361805342059919
0.836248777862613
0.8364044694984638
0.8363320262629911
0.8364620555863252
0.836531498584712
0.8366654356705956
0.8366919301283054
0.8366260028692418
0.8365546822974151
0.8366149460233486
0.8366229080000042
0.8364900874494329
0.8365625378053608
0.8366259538623827
0.8365690448636671
0.8365901194354558
0.836396085106355
0.8364133438267285
0.8362650772199157
0.8360804800462198
0.8362709084077316
0.8363965520594658
0.8364872997406461
0.8365234048924003
0.8366792167434652
0.836947191206985
0.8367977634785114
0.8366737822400793
0.8366693244677933
0.8366656169518638
0.8369079870533587
0.8369557201546556
0.8370506566695299
0.8370733697074039
0.8369332537583007
0.837000295500743
0.8368678132263987
0.8368844473831897
0.8369217699534477
0.8370391113371783
0.8369613538488782
0.8370444580835672
0.8371119799484789
0.8371138004024878
0.8371532098968649
0.8372125118465499
0.8371206418112414
0.8369715871109175
0.8369557043468265
0.8370415362028956
0.8371004282549651
0.8372082081968705
0.8371314866104559
0.8370386548123009
0.8369645680263421
0.83716190792901
0.8371477804192503
0.8370539709658759
0.8372191320652889
0.8372077626651669
0.8372613174169692
0.8372822435933586
0.8373876129627313
0.837361021461224
0.8373934961446254
0.8373593889399595
0.837495567867356
0.8374956787442379
0.8374629666837418
0.8376333571379571
0.8375869647950253
0.8375803448563656
0.837590671932011
0.837671150157598
0.8375604202519142
0.8376366529249529
0.8377209423860129
0.8377252937174452
0.8375411029864418
0.8374183299569773
0.8374134542140285
0.837373504739966
0.8373535215529512
0.8372191080469968
0.8373013899826849
0.8373998193860793
0.8373526622823303
0.8373500597238124
0.8373614436341108
0.8372028913722799
0.8371983538690596
0.83722559902034
0.8372738513666806
0.8372317580687627
0.8372608366303426
0.8373757964954649
0.8374538937852473
0.8375346375968059
0.83752671525188
0.8376732160946686
0.8375586855771153
0.8375631476022227
0.8375569122740266
0.837495272906963
0.8374915720252099
0.8374876654392986
0.8374827202964196
0.8375359281823163
0.8375741871501842
0.8374443354680743
0.8373166174131892
0.8372451480228981
0.8373515482117687
0.8374278034209005
0.8374303516666382
0.8375219389570859
0.837419877185795
0.83734845531938
0.8372090071226052
0.8371749466181418
0.8370686478782021
0.8372120398482836
0.8373868682883854
0.8373629163145838
0.8374314763797134
0.8374158184176065
0.8373396551951341
0.8373101224392909
0.8371882338163662
0.8373389061073613
0.8373110525827138
0.837373124572242
0.8372394844550176
0.837178758500995
0.8370520542823061
0.8370686205476786
0.8371432551226915
0.8370534533108933
0.8369780750253465
0.8369423446388372
0.8369314827454094
0.8369249596456004
0.8369413099187774
0.8369887817885936
0.8369670747239643
0.8371486800391633
0.8371529996832643
0.8371307988298319
0.837076330898485
0.8371543636646479
0.8371613724278344
0.8372511424687822
0.8373241899488372
0.8372769060408959
0.8371465670121842
0.8371400168213967
0.8370752301460819
0.836882711936286
0.8367655816845847
0.8367547761125828
0.8367553302565273
0.8366227131417286
0.83664486191172
0.8367417939589857
0.8367236249336663
0.8367254545649803
0.836645710285053
0.836608272517728
0.8366144416530278
0.8366365488013182
0.8364819447940841
0.8365799642518068
0.8365100205703804
0.8363673190165787
0.83638621049441
0.8363220709706145
0.8364620032316684
0.8365209805071029
0.8365394074627605
0.8365398171288888
0.8366774659594455
0.836567913353324
0.8365858782504068
0.8366040613167938
0.8366539284310176
0.8367328208695659
0.8367775950715285
0.8367018896448534
0.8365368502074108
0.8365165490653887
0.8365351549771154
0.8366358155558875
0.8368033760883883
0.8367369266413495
0.8367473437106465
0.8367761786839796
0.8367625972775729
0.8367226038993021
0.8366351122022243
0.8367191029197237
0.8366202558936929
0.836698324781889
0.8367432719052609
0.8367572357872275
0.8368728289391606
0.8368823509446199
0.8367582069659307
0.8366806088847432
0.8367328304920187
