0.5456494724375441
0.6847175742446715
0.7155228981768424
0.7439786318829015
0.7435210873129076
0.7434772498385349
0.7496282160906784
0.7775204965779032
0.7812498374224672
0.7800313429641809
0.7849026696242701
0.7837563545279965
0.7943984800451557
0.7884299695241359
0.7766542102933451
0.7722326581726991
0.7705412389964209
0.7675960348719579
0.765106287063419
0.7662639695322343
0.7721201729103311
0.773968044953637
0.7767082329070109
0.7824161943948685
0.7817713956118088
0.7824452332383603
0.7926716724159314
0.7954520698504822
0.7945477010906874
0.7954841835257643
0.7955712384039041
0.7999301556077019
0.7968142476389102
0.7940478677341878
0.7939462760826653
0.7948101024145459
0.7989626911863988
0.802920181660702
0.8050219930414708
0.8048656914979971
0.8103785636877733
0.8109513364571074
0.8108138075093521
0.8121226656989297
0.8123547403333419
0.8113033823559401
0.8095667208170004
0.8071675331662621
0.8063857524876304
0.8060592947434037
0.8075060260751842
0.8086090473153397
0.8070677881650732
0.8068964693549432
0.8089009423064086
0.8096826282618483
0.8112985189327736
0.8105132919070029
0.8091250523042236
0.8113472316059793
0.8084831142180651
0.8076845294164181
0.8098738009676197
0.8085835144184519
0.8088556394532226
0.8095550670995024
0.8083719231280887
0.8092209329213668
0.811597573851725
0.8112490035272016
0.8123252862833024
0.810651488936872
0.8099298340268936
0.8094211701346211
0.8087566353041751
0.807730831942014
0.807931258742467
0.8087451580383831
0.8067814394731895
0.806822477469379
0.8059882667338003
0.8054620566193892
0.80538469856802
0.8051012124178429
0.8044506801724831
0.8048579854054019
0.8051929105739732
0.8039859833174027
0.8057158844678608
0.8058645631773015
0.8067982762037615
0.8076259590359381
0.8066885370768149
0.8067105561397373
0.8063139884048999
0.8065555160448867
0.8075556608613166
0.8063079023467654
0.8051063258768911
0.8056712143374859
0.8050844996224115
0.8056115663570269
0.8047234872623904
0.8051271926457739
0.8050136124069691
0.8046332362120586
0.805166373580143
0.8062350434565632
0.8062921878495511
0.8059951455436494
0.8065228509586151
0.8056021251763863
0.8063248620002786
0.8059182991007335
0.8057261879808789
0.8070776939535945
0.8075358262484538
0.8081603015522423
0.807897096861716
0.8074250549891326
0.8072000534203406
0.8080128182925368
0.807831878239117
0.8079829335586681
0.8088486627561912
0.8086483022641623
0.8094080548229304
0.8091657904483326
0.8082164913988137
0.8089752979081701
0.8096529502027298
0.8096999873819479
0.8105354736362544
0.810661027258105
0.8102397188488987
0.8085627543000626
0.8086470927117371
0.8086422399912043
0.8086579357782139
0.8084979993553534
0.8089727985815449
0.8092218741046344
0.8093123349808619
0.8097122577928157
0.8101146073948299
0.81000256280318
0.8104372582686077
0.810400724856814
0.8114977948106462
0.8116445688770589
0.8113834332237276
0.8114245284238809
0.8098921953142844
0.8100574143978087
0.809885719374418
0.8102883307587809
0.8108076794367537
0.810522160743674
0.8107282747514323
0.8112865138860255
0.8105899732488699
0.8099426773397002
0.8092741635995296
0.8086659094147275
0.8084927121763024
0.8086232349655534
0.8085146580119896
0.8084979069729696
0.808220140124312
0.8076692009287219
0.8086468825250447
0.8091967705275853
0.8102901763539515
0.8104436668503837
0.8100944804169954
0.8093851407575483
0.8091860844271717
0.8096160873269596
0.8103024112968424
0.8114104998438552
0.8115506128604084
0.8123963478978419
0.8124876180568474
0.8121310609604983
0.8122122471409862
0.8123234085899226
0.8123412957896655
0.8114506366362277
0.8113498311467884
0.8107440972387282
0.8112097422797685
0.8114509671990027
0.8115055922302133
0.8116479869741731
0.8121250102598689
0.8123450186973836
0.8124003589835063
0.8124874733416366
0.812233713146783
0.8129971864607942
0.8122817494094354
0.8125665128110695
0.8119741101653974
0.8124346257974128
0.8131391886776446
0.8130080935577801
0.8124538901565077
0.8127958509454701
0.8130061491203193
0.8133373274400139
0.8135203306020378
0.8129201925728794
0.8127533037205424
0.8133749372180087
0.813561545518923
0.8138544113843824
0.8136362500902108
0.8135801824579747
0.8132788200969203
0.813252330141934
0.8131134763905662
0.8134344942407779
0.8136476587147388
0.8140556404464627
0.8142916957800066
0.8148433446510848
0.8151356520162746
0.8148572827196955
0.814388042489645
0.8131860201997843
0.8129325290781312
0.8132992746924377
0.8133488507714346
0.8138836139140351
0.8133372408342985
0.8139336594644354
0.8135761373065985
0.8136226419689201
0.8136820336776012
0.8138447436440507
0.8145270577474234
0.8150267958072259
0.8151737825192281
0.8148702613559703
0.8150668663436684
0.8153636730492139
0.8152565989618019
0.8150495131772746
0.815354218376244
0.8153147967254347
0.8154867892188657
0.8157024908191928
0.8159213281083612
0.8160292357091287
0.8159148055885992
0.8157853362426409
0.8155848443025976
0.8156837457689584
0.815354211057639
0.8150972283085253
0.8151568124156311
0.8152486454592126
0.8147267241895705
0.8150495762636434
0.8156175510313024
0.8161200854644233
0.8156830673049427
0.8157182785528354
0.815978721562863
0.8162723848197808
0.8163948327028709
0.8164657624838949
0.8168005331766692
0.8164374513672392
0.8165052905304546
0.8168181184156187
0.8163643105778075
0.8153534085686147
0.8151956450725715
0.8149426136061546
0.8155217591556971
0.8147575089964268
0.8149620259807536
0.8144528266712285
0.814700704618033
0.8150031350658364
0.8149182829293727
0.8147659724016483
0.8150913763465394
0.8144691161955803
0.8146501951848879
0.8149624377522066
0.81521410149614
0.8152161688720513
0.8156956792747251
0.8155565845396855
0.8150385635742375
0.8149464802191029
0.8154944550518047
0.8158526602128916
0.8161009631182181
0.8160767329073219
0.8156785724287241
0.8157974625939601
0.8160631411355069
0.8158952590266207
0.8161550175465796
0.8160097211214994
0.815998944607792
0.8157590873793
0.8162179486927248
0.8165635214943062
0.8168559825593699
0.8170502111169771
0.8171398373777428
0.8167542610284686
0.8167237609387661
0.816748052161377
0.8167271223970368
0.8169051802862265
0.8166960288547811
0.8165712311043958
0.8170763821228627
0.8173537580826732
0.8169909537382947
0.8168548329549126
0.8174091269093888
0.8170553281178305
0.8169560293566065
0.8174451250346108
0.8174069662936451
0.8172895184121098
0.8172736351588751
0.8174766940788356
0.8177980702194403
0.8178673082209702
0.818078312647809
0.8179702473487168
0.817823497376743
0.8175598910762808
0.8174064635885376
0.8176159133538522
0.8173940596585226
0.8172487283302367
0.8167187880673524
0.8161890240089923
0.8164152070761245
0.8161643307443498
0.815756686711459
0.8157413564868358
0.8155378882526568
0.8157039287948845
0.8158240421273414
0.8159304613175133
0.8162959760541592
0.8159691611261631
0.8158095294097097
0.8160187001096103
0.815851530711576
0.8158518849352518
0.8157272799474331
0.8154109592751879
0.8153101968585497
0.8153082371108112
0.8151651590112442
0.8151398314469005
0.8150377727954282
0.8151239600289087
0.8152053340352564
0.8154464909279585
0.8156687124121215
0.8159295554609632
0.8161010762374497
0.8161225526075928
0.8158734945027981
0.8162352351066021
0.8164505172738727
0.816389189488919
0.8166782354629809
0.8167873022236041
0.816496796194039
0.8163073249392978
0.8161958665730565
0.8161900952509263
0.8161648824787566
0.816405652587961
0.8165670828160554
0.8163483944983898
0.8158682890821588
0.815923357374258
0.8161110861356576
0.8160638100530933
0.815887133295093
0.8158322704394132
0.8156048582893554
0.8157891384868905
0.8158966251103232
0.8160531962538913
0.8161202490149643
0.8159966446620671
0.8160519703804073
0.8159851572096785
0.8162967364947529
0.8165759786831287
0.8165075217751949
0.816521501830063
0.8167576570058589
0.8166359484833768
0.8165940815048439
0.8165700880589699
0.8166775881009323
0.816420873630658
0.8166118508712983
0.8169442640904657
0.8169524290037548
0.8162921095724319
0.8161669349314752
0.8160095303725112
0.815990264627824
0.8160257918133726
0.815834217270273
0.8156020722120594
0.8154528781291449
0.815519452252549
0.8157165281399095
0.8157135773249372
0.8158471208803756
0.8163168925378889
0.8162262770541051
0.8164699095281122
0.8166328996596153
0.8163831203780595
0.8167798983869201
0.8165988549817125
0.816467421789236
0.8167123218069684
0.8165120627058463
0.8170172887133299
0.8170783551153372
0.8173117900865863
0.8172594135128888
0.8176225550476363
0.8176907221282903
0.8173208219390644
0.8173705461308285
0.8174626261623094
0.8171961136063562
0.8171863145161959
0.8173635012168896
0.8176275064181445
0.8174807096910474
0.8174787450881413
0.8174994284027953
0.8177406921742633
0.8176348001263662
0.8175864757737641
0.8180527579615372
0.818272488462572
0.8180427984983135
0.8182033805192216
0.8181638508808794
0.8183307278033571
0.8184481805125705
0.8181950165175799
0.8180807414091098
0.8181166015801637
0.8181176903594474
0.8180497544861889
0.8185912515486636
0.8183101116612179
0.8181039584476064
0.8183372646938034
0.8182719024689448
0.8184634330516922
0.8184421604725125
0.818651319979249
0.8188337340985032
0.8186811973543215
0.8187258602273226
0.818803405934439
0.8187251966227795
0.8187302834862255
0.8190556353866147
0.8189473143199101
0.819378499139734
0.8193042842637716
0.8192188013776486
0.8188757551249598
0.8190378549248877
0.8191483724296726
0.8191825774450794
0.8194826344111711
0.8196253439792628
0.8197341566875931
0.8194629561956992
0.8195540656365651
0.8196168098087588
0.8191686058027894
0.8190558836335645
0.8190702279492463
0.8189118199213411
0.8186372081141456
0.8184221555762412
0.8186461270685284
0.8189189664002547
0.8185386547083664
0.818587481798718
0.818695396851813
0.819039752102475
0.8188590526957079
0.8188901087754895
0.8190422602906203
0.8192010062064019
0.8190765081597255
0.8190599701925734
0.8188552858284894
0.8188718499116913
0.8189799169571702
0.8184791322825774
0.8186773785089501
0.8186272342513593
0.8189125835464124
0.8187733883080777
0.8187597073974698
0.8187407334603084
0.8186537178681246
0.8189343465101904
0.8191278378049274
0.8192140861114894
0.8190860503673325
0.8189563781639909
0.818788551386349
0.8188486877708478
0.8189751709339266
0.8191867340274872
0.8192622758053049
0.8192801789715543
0.8190635601160181
0.8190336151290925
0.8190546457609289
0.8191331793320241
0.8192180799488648
0.8192253473530723
0.8194131661728166
0.8193432137840706
0.81946646840132
0.8195945993248772
0.8200054287212756
0.8199644144817505
0.8202029921762716
0.820155222160076
0.8199713837846485
0.8201228783854227
0.8200791743491349
0.8201102643638251
0.819906320955564
0.8199544561473441
0.8199555357903827
0.8199484540455627
0.8198541250512167
0.8198679565774594
0.8201164890520424
0.8203440119962502
0.820402306552928
0.8203905543764383
0.8203132595693109
0.820487435026281
0.8203355443210523
0.8203702605213574
0.8203167720333449
0.8201750640041896
0.820224076665316
0.8202119177985095
0.8202015898306674
0.8201061981094626
0.8202753491246026
0.820192627434147
0.8200249158616468
0.820114232465049
0.8199426920422337
0.8199440745885691
0.8200273243214545
0.8200080589792101
0.8201266195194221
0.8202644668375932
0.820141014231696
0.820253076961041
0.8201222202495597
0.8200953367076083
0.820104989101572
0.8200610811145748
0.8200417661877325
0.8201844446251265
0.8205806101067414
0.820435253400901
0.820128339346238
0.8200587790753544
0.8200835270034628
0.820195587659094
0.8203286422892779
0.8202345088679895
0.820032865686061
0.8199610341094018
0.820097610406797
0.8200754043726358
0.819915290518063
0.8198716417014761
0.8198255880182835
0.8197941050558799
0.8196222062893234
0.8196192098066941
0.8197019907611949
0.8197448753877626
0.8195657138553436
0.8194647049499981
0.8195170106500037
0.8197615757452338
0.8195825026001724
0.819695298188682
0.8194758810653552
0.8194123862085907
0.8193870986811477
0.8194174227990509
0.8195268449230547
0.8192560266501565
0.8192628881963563
0.8190155729400989
0.8191514284388243
0.818883417426818
0.8187042910604784
0.8188677669816812
0.8187978149567949
0.8188534379294784
0.8189358124639332
0.818892142199469
0.8190706762637057
0.8193300451938235
0.8192023310809234
0.8192409946913811
0.8193656102216533
0.8194267774240632
0.8194077473062199
0.8193039211653071
0.8193665494648424
0.8195523188639366
0.8195041194085414
0.8194296429633235
0.8195019293475019
0.8194551037780331
0.8195595035704084
0.8195068683711715
0.8193403033048007
0.8194262527278016
0.8192376106550269
0.819303358423802
0.8195718719198681
0.8195582193807028
0.8196950667953791
0.8196967569301665
0.8196605904630314
0.8198139669588836
0.8200017469121283
0.8199117541859806
0.8198702804550062
0.8197861145031231
0.8198642115811507
0.8198633390059985
0.8198748021037473
0.8200060583638956
0.8199620092118418
0.8201828205851311
0.8201647157941714
0.8201578123905248
0.8200137486248469
0.8199324526787718
0.8199928847327542
0.8199000889051136
0.8201444692261722
0.8202712272893177
0.8203157657922664
0.8203738832544858
0.8203472588608358
0.8203921541547626
0.8205555436224765
0.8204982397000814
0.8204899914416002
0.8204636201727354
0.8204120517137145
0.8204013257771271
0.8203251177503619
0.820292768384136
0.8205219423082236
0.8205765135585705
0.8207960724498112
0.8206988270083667
0.820723495136738
0.8209675287932244
0.82102050357629
0.8209797274857819
0.8210788625770086
0.82107795259342
0.8208302953058152
0.8208369814359233
0.8207934897299954
0.8208478643473135
0.8207841969126071
0.8207719563739551
0.8208815269010937
0.8209245614002925
0.8208528777758805
0.8208147515388441
0.8207632054084728
0.8209463296699516
0.8208040688159655
0.8209176916446498
0.8208514378442382
0.8208064433908511
0.8207228611922405
0.8206404208675738
0.8206370691480852
0.8207339202891902
0.820745696903345
0.8207210686332987
0.8208379568707047
0.8208400585606875
0.8208322866712628
0.8210554631146199
0.8210525990438712
0.8210368893387129
0.821042203780704
0.8209608197867262
0.8209559723906106
0.8209873808690701
0.8211265319434968
0.8211729901206651
0.8210655966457292
0.820940262454261
0.8209020764603889
0.8210492921209749
0.8210358808770674
0.8208424062013153
0.821023872071036
0.8209886540942849
0.8209820347446463
0.8212055031301754
0.8213549735414937
0.8213270354339409
0.8214064875360289
0.8214998893023986
0.8214701980233702
0.8216045591617287
0.8216945839551315
0.8216403616824203
0.821875331719016
0.8220806814973076
0.8220937883655509
0.8221298681786849
0.8220507591461074
0.8220631422808131
0.8221495025852075
0.8221884318646719
0.8220507696956691
0.8219412515753134
0.8219395658198074
0.821920500206563
0.821941715336304
0.8218208284562126
0.8217796599841617
0.8218418074481815
0.8218720421268186
0.8220253120680792
0.8220791203828067
0.8221143838194405
0.822161749051703
0.8223960092900047
0.822452328636092
0.8224960460761321
0.8225482941928167
0.8226778960389842
0.8225652110553064
0.8226409053274589
0.8227204004561369
0.8225616965059002
0.8225719691457573
0.8225860320075492
0.8226553637109912
0.8226735968565858
0.8228113659524054
0.8227103901493807
0.8225015829631501
0.8223603382045938
0.8221573091280492
0.8222456965276027
0.8220922074061499
0.8221077331734629
0.8221102174288814
0.8221437036059264
0.8221233361674927
0.8221490227381177
0.8220681009177451
0.8219245629454575
0.8220076517918797
0.8218314176144756
0.8218715306824433
0.8220532891165606
0.8220605654795777
0.8221007734502018
0.8220906562944003
0.8220796971752714
0.8220565492460462
0.8221419753366023
0.8221832907245886
0.8221612965140934
0.822309067339578
0.8223625448438864
0.8223612242431168
0.8224387617146613
0.8226085844602498
0.8225549311099615
0.8224843091868648
0.8223721626468071
0.8222044121063515
0.8221774101077713
0.8221922362775388
0.8220251391259172
0.8219444041431949
0.8220579598443444
0.8220369049905027
0.8220008962141332
0.8219652208019919
0.8219257046405967
0.821910268816089
0.8218036852089257
0.8218459132907282
0.8219829823446497
0.8219351010269257
0.8219901837021286
0.8218624578828726
0.8216934405923124
0.8216626750049292
0.8217063393893634
0.8215712035004625
0.8215952345637895
0.8216891161905963
0.8217539030098656
0.8218110457120299
0.82200851075511
0.8220647100651077
0.821964483557463
0.8219316931654141
0.8219373898916679
0.8219451684156458
0.8219685013240562
0.8220141932697523
0.8220522671932018
0.8221505194282234
0.822059413142592
0.8220007110502373
0.8219374156361156
0.821903219495722
0.822063312726845
0.8221905672366964
0.8224058433640652
0.8222698209397239
0.8221560097085072
0.8221297615816214
0.8221369085654824
0.822156254212975
0.8220912965627905
0.8220046060642183
0.8219586217043264
0.8219570992281209
0.8219319359563347
0.8219743785015953
0.8218573843108881
0.8219052215201633
0.8219155918768009
0.8219980249693911
0.8219026970710934
0.8219482324228228
0.8219950798843715
0.8220470201885103
0.8221271247559926
0.8220288806181615
0.8219744018293623
0.8219947949962486
0.8219735200194839
0.8220447051341695
0.8219159484148294
0.8218168095636619
0.82178732608212
0.8218483498517666
0.8218469047960846
0.8217220166518496
0.8218253498592234
0.8218360829755424
0.8218399647616371
0.8219424053098685
0.8220373355181093
0.8219591880627248
0.8220902433483981
0.8221825363588459
0.8221969488863162
0.8222146722444095
0.8221570756881316
0.8222046230617278
0.822310871769977
0.8222604138190066
0.8221410696258423
0.8220564287812856
0.8221193590299656
0.8220803386735561
0.8222062397550647
0.8223603940254076
0.8221846201929071
0.8221447764519492
0.8221662484577993
0.8221428665803951
0.8222269450419564
0.8221943332916228
0.8221737171177538
0.8220434784566738
0.8219600762739651
0.8218616879072997
0.8218457602232584
0.8219232902543244
0.8219137200348506
0.8219877098595166
0.8220000566012429
0.8219486995072997
0.821974595461394
0.8219896983072067
0.8219242255984247
0.8218753912495067
0.8219666470208028
0.8220239207819942
0.8219382870296109
0.8218548020519932
0.8217884573776291
0.8217191312371854
0.8217292580503242
0.8218409241271214
0.8218366658358486
0.8219058226213791
0.8220244495303826
0.8219749609952139
0.8219765594481617
0.821952577775258
0.8219286478215014
0.8218954028681337
0.8220181975477615
0.822130161850658
0.8221887828997061
0.8221679750541196
0.8222078436863209
0.822179715987081
0.8220851213322392
0.8220305879483902
0.8220003268195624
0.821967042360061
0.8218711461295184
0.8218834010082803
0.8217195524815321
0.8216438989374172
0.8214836027540816
0.8215220608720637
0.8215988791023283
0.8215291615010774
0.8216034221672971
0.8216102319514288
0.8216309799057285
0.8217180454593607
0.82169048705722
0.8216941929127958
0.8217404102944615
0.8217099314243274
0.8217598316601908
0.8218268025349231
0.8218168354595371
0.8216751721914377
0.8215793831732947
0.8216391828321618
0.8216860901969966
0.8217461976163799
0.8218191170283626
0.8217677145306611
0.8218595287836955
0.8218061586333648
0.8216894716749146
0.8216915627984616
0.8217170637908755
0.8216504888240606
0.821716119923671
0.8217369463398456
0.8217571046309737
0.8217552477097082
0.8218224720571021
0.8217717666590801
0.8217152647653886
0.8215937596423889
