1
4
5
6
8
11
15
16
17
18
20
21
23
25
26
27
28
29
30
32
33
34
37
40
42
43
44
45
47
49
51
52
53
55
56
58
60
61
62
63
67
70
72
73
76
78
81
87
89
90
92
93
96
97
99
100
101
106
108
110
114
115
116
117
118
120
122
126
129
130
132
136
137
138
139
141
142
147
148
149
150
152
153
154
155
156
162
163
166
168
169
170
172
178
179
180
183
185
186
190
192
193
195
196
197
198
199
200
206
207
211
212
215
216
217
220
223
224
226
229
230
231
234
236
241
242
243
245
247
249
250
252
253
254
256
257
260
263
264
266
267
269
270
271
272
276
277
279
280
281
282
284
285
288
290
291
294
296
297
299
300
304
307
309
313
315
318
319
322
323
324
326
327
330
332
334
341
343
345
346
347
348
352
353
354
356
357
360
364
365
366
367
368
369
370
371
372
377
382
384
385
386
387
388
389
391
393
395
396
397
398
400
403
404
405
407
408
409
410
411
416
417
418
421
423
424
425
426
427
431
432
434
437
438
439
441
445
446
449
450
454
457
459
460
466
469
471
474
477
479
480
482
483
486
488
489
491
494
496
497
499
500
501
502
503
506
508
509
511
512
513
516
517
519
521
526
527
528
530
531
532
534
535
542
544
546
547
548
551
552
553
554
556
561
562
563
567
569
570
573
574
576
579
581
584
585
586
587
589
590
591
594
595
599
601
603
605
606
607
610
614
616
617
619
620
621
627
628
629
630
632
642
644
645
646
647
648
649
650
651
653
654
655
656
658
660
661
663
666
667
668
671
672
674
675
685
688
690
691
692
693
695
698
701
704
707
711
712
714
717
720
721
722
723
724
728
731
733
734
735
737
738
740
741
742
743
744
746
747
749
752
756
758
760
761
763
764
766
767
768
773
774
777
779
784
785
786
788
791
795
797
798
800
801
802
803
805
808
810
811
814
822
823
826
827
828
830
833
836
840
841
842
845
847
851
856
863
867
868
869
874
879
882
883
884
886
889
891
894
899
900
901
905
906
907
908
910
912
914
915
922
923
924
925
926
928
929
930
932
934
935
940
941
942
945
946
951
953
955
956
959
961
962
963
966
967
968
969
972
975
976
977
978
981
982
983
985
989
990
991
992
994
995
996
997
1002
1004
1006
1007
1009
1010
1011
1012
1013
1015
1016
1017
1018
1020
1021
1024
1029
1031
1032
1033
1034
1035
1036
1037
1041
1044
1048
1049
1050
1051
1052
1055
1056
1057
1058
1059
1063
1064
1065
1067
1071
1074
1076
1080
1081
1082
1083
1085
1086
1089
1090
1091
1093
1096
1100
1107
1109
1110
1112
1113
1116
1117
1119
1120
1121
1122
1124
1125
1132
1133
1134
1138
1140
1141
1144
1146
1147
1148
1149
1150
1154
1155
1156
1157
1160
1161
1163
1164
1165
1166
1169
1174
1177
1179
1183
1184
1185
1186
1192
1195
1199
1201
1202
1203
1204
1208
1209
1210
1211
1212
1214
1215
1219
1220
1223
1224
1225
1228
1229
1231
1234
1237
1239
1240
1241
1242
1245
1246
1249
1251
1252
1254
1256
1259
1260
1261
1262
1263
1264
1265
1267
1270
1272
1273
1275
1276
1277
1279
1283
1287
1292
1294
1295
1297
1300
1301
1302
1303
1304
1305
1306
1308
1309
1311
1312
1318
1319
1320
1327
1328
1329
1330
1331
1333
1334
1337
1339
1340
1341
1342
1344
1348
1350
1352
1356
1357
1367
1368
1371
1372
1375
1378
1379
1380
1381
1382
1385
1386
1390
1393
1394
1397
1398
1399
1402
1404
1405
1409
1413
1414
1417
1419
1422
1426
1427
1428
1429
1432
1434
1438
1440
1441
1443
1444
1445
1453
1455
1457
1459
1460
1465
1468
1469
1471
1472
1473
1474
1475
1476
1477
1479
1481
1482
1483
1484
1486
1487
1491
1492
1494
1498
1501
1502
1503
1504
1508
1510
1513
1514
1515
1516
1517
1519
1525
1527
1529
1532
1533
1534
1536
1538
1541
1544
1545
1546
1549
1550
1552
1557
1558
1562
1563
1565
1566
1569
1573
1575
1577
1586
1587
1589
1590
1591
1595
1597
1598
1603
1604
1605
1613
1615
1616
1617
1618
1619
1621
1624
1630
1635
1638
1641
1643
1644
1645
1646
1647
1648
1649
1650
1654
1655
1660
1662
1663
1664
1665
1666
1667
1669
1671
1672
1673
1675
1676
1679
1686
1687
1688
1690
1692
1698
1699
1701
1702
1710
1713
1714
1715
1716
1722
1726
1728
1729
1732
1737
1739
1740
1742
1743
1748
1749
1751
1754
1756
1758
1759
1760
1762
1763
1764
1765
1767
1768
1769
1770
1773
1774
1775
1776
1778
1779
1781
1783
1784
1785
1788
1790
1791
1793
1794
1795
1796
1797
1798
1799
1803
1804
1810
1813
1814
1817
1818
1819
1821
1822
1824
1827
1828
1829
1830
1831
1838
1840
1841
1843
1844
1849
1853
1854
1856
1858
1860
1861
1862
1864
1868
1869
1870
1871
1873
1875
1877
1878
1881
1882
1883
1886
1887
1890
1891
1893
1896
1897
1899
1900
1903
1904
1905
1907
1908
1909
1910
1913
1914
1916
1921
1924
1926
1927
1930
1932
1933
1934
1935
1938
1945
1947
1951
1952
1957
1962
1965
1967
1974
1975
1976
1978
1979
1981
1982
1985
1987
1992
1997
1998
1999
2000
2005
2009
2011
2012
2014
2019
2020
2021
2022
2023
2024
2027
2030
2032
2034
2036
2038
2039
2040
2041
2043
2044
2045
2046
2049
2050
2051
2053
2054
2056
2062
2064
2067
2068
2070
2071
2072
2074
2077
2078
2079
2080
2083
2084
2086
2087
2088
2089
2090
2092
2093
2094
2095
2097
2098
2099
2100
2107
2108
2109
2110
2111
2114
2115
2116
2121
2122
2125
2128
2129
2131
2132
2135
2137
2138
2144
2145
2147
2150
2151
2154
2155
2156
2157
2163
2167
2169
2170
2173
2175
2177
2178
2184
2185
2187
2189
2190
2191
2193
2194
2195
2198
2203
2205
2208
2210
2212
2214
2215
2216
2218
2219
2220
2221
2223
2224
2225
2226
2228
2230
2231
2234
2235
2236
2237
2238
2243
2245
2246
2247
2248
2249
2252
2253
2254
2258
2259
2261
2266
2267
2268
2271
2272
2274
2275
2276
2278
2279
2280
2284
2285
2286
2290
2292
2295
2297
2300
2303
2304
2309
2311
2312
2316
2317
2318
2320
2321
2323
2324
2326
2327
2328
2330
2331
2333
2335
2338
2342
2343
2344
2345
2346
2347
2350
2351
2354
2356
2357
2358
2360
2361
2362
2365
2367
2368
2370
2371
2376
2377
2379
2387
2392
2394
2395
2398
2400
2401
2403
2405
2406
2409
2410
2414
2416
2417
2420
2421
2423
2424
2425
2427
2430
2435
2436
2437
2439
2440
2441
2443
2444
2445
2449
2450
2451
2452
2454
2455
2457
2458
2459
2460
2461
2463
2464
2467
2468
2469
2470
2473
2474
2476
2477
2479
2483
2485
2486
2488
2489
2491
2492
2493
2494
2495
2496
2499
2500
2501
2505
2506
2508
2509
2510
2513
2515
2517
2520
2522
2524
2529
2530
2531
2534
2535
2538
2539
2543
2547
2550
2554
2558
2559
2560
2563
2564
2565
2569
2570
2571
2575
2576
2578
2579
2583
2585
2586
2587
2588
2589
2590
2594
2596
2598
2602
2607
2612
2613
2614
2620
2622
2623
2624
2626
2627
2628
2631
2633
2634
2639
2641
2642
2644
2647
2649
2650
2651
2652
2656
2658
2659
2663
2666
2670
2671
2674
2675
2678
2679
2681
2683
2685
2687
2690
2691
2692
2699
2705
2717
2720
2721
2722
2723
2724
2725
2727
2728
2730
2731
2732
2734
2736
2737
2738
2740
2741
2742
2745
2746
2747
2749
2753
2755
2757
2760
2762
2763
2764
2766
2767
2769
2771
2772
2773
2774
2775
2779
2782
2783
2784
2785
2787
2793
2794
2795
2796
2797
2798
2799
2802
2809
2812
2813
2816
2817
2818
2819
2834
2835
2837
2841
2842
2843
2848
2851
2852
2853
2854
2856
2857
2858
2865
2866
2867
2871
2873
2874
2875
2876
2879
2881
2885
2886
2887
2889
2892
2894
2895
2897
2898
2899
2900
2903
2907
2912
2916
2920
2921
2923
2924
2926
2927
2930
2931
2933
2935
2937
2939
2940
2941
2942
2943
2945
2947
2948
2952
2953
2956
2957
2958
2961
2963
2964
2966
2969
2970
2972
2977
2979
2980
2985
2990
2998
3001
3002
3003
3004
3005
3006
3011
3014
3016
3017
3020
3021
3022
3023
3024
3025
3026
3028
3034
3037
3039
3041
3047
3048
3050
3053
3054
3057
3058
3059
3060
3061
3062
3063
3065
3067
3068
3069
3070
3073
3075
3076
3080
3081
3082
3085
3088
3089
3091
3092
3094
3095
3096
3097
3100
3101
3103
3105
3108
3109
3110
3112
3113
3115
3117
3118
3119
3120
3121
3122
3123
3124
3125
3127
3128
3130
3132
3133
3134
3135
3137
3138
3139
3140
3141
3144
3146
3148
3149
3152
3154
3156
3157
3158
3159
3160
3162
3163
3164
3166
3167
3168
3170
3171
3173
3174
3183
3185
3187
3189
3190
3192
3193
3194
3195
3196
3198
3199
3200
3201
3202
3205
3206
3211
3212
3213
3215
3216
3220
3221
3224
3228
3229
3230
3232
3233
3235
3236
3241
3243
3244
3249
3250
3251
3252
3254
3255
3256
3257
3258
3261
3264
3266
3268
3273
3274
3276
3277
3282
3283
3285
3287
3288
3289
3291
3292
3295
3296
3298
3299
3302
3305
3306
3307
3308
3311
3313
3314
3320
3321
3322
3323
3324
3325
3326
3327
3328
3330
3333
3334
3335
3338
3339
3341
3344
3346
3347
3350
3354
3355
3360
3363
3364
3366
3369
3370
3371
3372
3373
3376
3377
3380
3381
3384
3389
3391
3393
3396
3397
3398
3399
3401
3405
3406
3408
3412
3415
3418
3419
3421
3422
3426
3431
3433
