1
2
4
5
6
7
8
11
12
13
15
16
17
18
19
21
22
28
29
31
35
36
37
38
40
41
43
46
47
51
53
54
55
56
57
59
61
62
64
65
66
67
71
73
75
76
77
78
79
85
86
87
89
90
91
93
95
96
101
102
104
105
109
110
111
116
117
122
123
125
126
131
133
134
135
139
140
142
144
145
149
151
152
153
155
158
163
170
171
174
175
177
178
180
181
183
188
191
194
195
197
199
201
202
203
204
209
210
211
212
213
214
218
219
220
222
224
225
229
230
231
232
233
235
236
237
241
245
246
247
249
251
252
254
255
257
259
260
262
265
266
270
271
272
276
278
280
282
284
285
288
289
290
291
292
297
298
299
300
301
302
304
310
311
312
313
316
318
319
322
325
326
329
331
334
335
338
339
342
344
345
346
347
351
352
354
356
360
362
364
366
367
368
371
372
374
376
385
386
388
389
390
392
400
401
402
406
408
411
412
414
417
420
421
423
425
426
427
428
432
434
436
437
438
439
442
444
445
448
450
452
453
457
458
465
466
467
469
473
475
476
477
479
490
491
492
493
495
497
498
501
505
507
509
514
515
519
520
521
522
535
539
542
544
547
548
550
551
552
553
554
555
556
560
561
563
565
566
567
568
571
573
574
575
576
578
579
580
581
582
583
586
587
588
589
593
596
597
599
602
606
607
608
610
611
612
617
618
619
621
622
623
625
626
627
630
631
632
633
636
640
648
653
656
658
659
660
661
662
667
670
671
672
675
676
679
680
681
684
685
686
687
689
692
695
698
699
700
702
706
707
710
711
712
716
717
720
723
727
729
730
733
735
736
739
740
741
742
744
745
746
748
751
756
757
759
761
764
765
766
768
769
771
772
773
775
777
778
781
782
784
788
789
792
793
794
798
799
800
802
803
807
808
809
810
811
812
813
814
815
816
817
821
822
823
826
831
832
834
835
839
841
842
844
845
850
851
852
853
855
856
857
859
860
867
868
869
871
873
874
876
877
878
879
884
885
886
887
893
895
897
899
903
909
910
911
912
913
916
918
921
922
926
927
930
932
935
936
938
941
944
945
948
952
954
955
959
963
964
968
970
972
973
979
981
983
984
985
987
989
990
993
995
996
997
999
1000
1003
1005
1006
1008
1009
1010
1011
1013
1014
1015
1016
1019
1030
1038
1042
1043
1045
1046
1047
1048
1049
1050
1051
1053
1055
1056
1059
1060
1061
1062
1064
1065
1066
1068
1070
1071
1072
1074
1076
1077
1079
1083
1085
1091
1093
1096
1097
1102
1105
1106
1107
1108
1110
1111
1112
1117
1118
1119
1121
1122
1123
1124
1125
1128
1132
1135
1138
1139
1140
1143
1144
1147
1149
1150
1152
1153
1154
1155
1157
1158
1160
1162
1163
1164
1166
1167
1169
1170
1172
1173
1177
1178
1179
1180
1181
1185
1187
1188
1189
1191
1192
1193
1194
1197
1199
1201
1203
1210
1211
1212
1213
1214
1216
1219
1220
1221
1222
1224
1225
1226
1227
1229
1231
1234
1235
1236
1237
1239
1241
1242
1243
1245
1247
1248
1251
1255
1256
1258
1260
1266
1267
1270
1271
1272
1273
1274
1280
1281
1282
1283
1284
1286
1291
1292
1297
1302
1306
1307
1308
1309
1311
1312
1313
1314
1318
1319
1320
1321
1322
1324
1327
1328
1332
1334
1335
1340
1341
1343
1344
1349
1350
1352
1353
1354
1355
1357
1358
1360
1361
1365
1368
1369
1370
1371
1372
1373
1374
1375
1377
1379
1380
1381
1385
1387
1389
1390
1391
1393
1398
1401
1402
1404
1408
1410
1411
1412
1415
1416
1417
1418
1420
1425
1426
1427
1433
1436
1437
1438
1439
1442
1443
1444
1447
1448
1451
1452
1455
1456
1457
1458
1459
1460
1461
1463
1464
1465
1466
1467
1469
1470
1471
1473
1475
1477
1478
1480
1481
1482
1486
1487
1489
1490
1493
1494
1496
1501
1508
1513
1515
1516
1517
1518
1520
1523
1524
1525
1528
1534
1535
1539
1540
1542
1545
1546
1548
1549
1550
1551
1552
1553
1558
1560
1565
1566
1570
1572
1573
1574
1576
1577
1578
1579
1587
1589
1590
1592
1594
1595
1596
1598
1602
1603
1604
1606
1607
1608
1612
1614
1615
1617
1622
1623
1624
1625
1627
1630
1633
1634
1635
1636
1637
1638
1639
1641
1642
1650
1651
1652
1657
1658
1659
1660
1661
1664
1666
1667
1670
1671
1672
1677
1680
1682
1683
1684
1685
1686
1688
1691
1701
1704
1705
1706
1708
1709
1710
1712
1713
1715
1716
1717
1726
1728
1729
1731
1732
1734
1735
1737
1738
1739
1741
1743
1744
1746
1748
1751
1756
1757
1759
1761
1763
1765
1767
1769
1774
1775
1776
1777
1778
1780
1782
1786
1791
1792
1793
1795
1799
1800
1802
1804
1805
1806
1807
1808
1809
1810
1813
1814
1819
1826
1828
1829
1830
1831
1833
1835
1837
1840
1841
1843
1849
1850
1853
1856
1857
1859
1860
1861
1862
1863
1866
1868
1870
1871
1873
1879
1881
1885
1887
1890
1893
1894
1896
1897
1898
1899
1900
1901
1903
1904
1906
1908
1911
1912
1913
1916
1917
1918
1919
1922
1923
1924
1925
1927
1929
1931
1933
1942
1943
1947
1948
1951
1952
1954
1956
1963
1964
1966
1967
1970
1971
1973
1975
1978
1980
1981
1983
1986
1987
1989
1991
1997
2000
2001
2002
2003
2007
2011
2012
2013
2014
2017
2019
2021
2028
2029
2031
2033
2035
2037
2038
2039
2041
2042
2044
2045
2046
2047
2048
2049
2052
2054
2056
2057
2058
2059
2061
2064
2065
2067
2068
2070
2076
2081
2082
2086
2087
2098
2103
2106
2107
2108
2109
2115
2118
2120
2122
2123
2127
2128
2129
2132
2135
2137
2139
2141
2142
2143
2144
2145
2146
2149
2151
2153
2154
2156
2157
2158
2159
2161
2162
2166
2171
2176
2177
2179
2180
2181
2182
2185
2186
2189
2190
2191
2192
2194
2200
2203
2204
2205
2209
2211
2216
2219
2220
2223
2226
2229
2230
2231
2233
2234
2239
2241
2243
2244
2250
2251
2252
2255
2257
2261
2264
2266
2268
2271
2272
2273
2275
2276
2279
2281
2282
2283
2284
2288
2290
2292
2293
2294
2295
2296
2298
2306
2308
2312
2313
2314
2316
2318
2321
2322
2324
2325
2328
2333
2334
2335
2336
2337
2339
2342
2345
2349
2350
2352
2353
2354
2355
2356
2357
2359
2361
2363
2364
2365
2366
2369
2370
2373
2374
2375
2376
2377
2378
2379
2381
2382
2388
2389
2391
2394
2395
2397
2399
2400
2404
2405
2408
2410
2411
2412
2413
2414
2416
2417
2418
2419
2420
2421
2425
2426
2427
2428
2435
2436
2437
2438
2439
2441
2445
2446
2447
2450
2453
2454
2456
2457
2458
2461
2462
2463
2466
2467
2468
2469
2470
2473
2474
2475
2478
2479
2481
2483
2485
2488
2489
2490
2493
2494
2497
2498
2501
2502
2503
2507
2509
2510
2511
2516
2518
2520
2521
2522
2524
2525
2526
2527
2529
2533
2537
2538
2539
2542
2545
2546
2547
2549
2551
2553
2554
2555
2557
2558
2559
2562
2566
2568
2571
2573
2576
2579
2582
2583
2586
2589
2590
2592
2593
2595
2599
2600
2605
2606
2608
2610
2614
2615
2617
2621
2623
2624
2626
2627
2628
2631
2633
2634
2635
2638
2639
2640
2641
2642
2643
2645
2649
2651
2654
2655
2661
2662
2664
2665
2667
2669
2670
2676
2677
2680
2681
2682
2683
2684
2687
2689
2690
2692
2693
2694
2696
2698
2699
2701
2704
2705
2707
2709
2711
2713
2714
2715
2716
2717
2718
2719
2721
2722
2724
2728
2729
2731
2732
2733
2736
2737
2738
2739
2741
2742
2744
2745
2746
2747
2749
2750
2751
2755
2758
2760
2762
2764
2767
2769
2770
2773
2775
2780
2781
2784
2785
2788
2789
2794
2795
2799
2800
2801
2802
2804
2810
2811
2813
2815
2816
2818
2819
2821
2827
2828
2829
2831
2834
2835
2836
2837
2838
2839
2841
2842
2844
2845
2850
2852
2853
2857
2859
2864
2866
2867
2869
2871
2874
2875
2876
2877
2880
2881
2882
2883
2884
2885
2888
2890
2891
2892
2893
2894
2895
2897
2899
2903
2907
2909
2911
2913
2915
2917
2924
2925
2926
2927
2928
2929
2931
2933
2937
2938
2939
2940
2942
2944
2945
2948
2949
2951
2952
2954
2955
2961
2963
2964
2966
2968
2971
2979
2980
2981
2986
2990
2991
2994
2995
2996
2997
2999
3000
3002
3003
3011
3014
3015
3016
3017
3018
3021
3022
3023
3025
3027
3028
3034
3036
3037
3039
3041
3045
3046
3047
3054
3055
3057
3063
3064
3066
3070
3073
3075
3076
3079
3084
3085
3086
3087
3090
3091
3093
3095
3097
3101
3104
3109
3110
3111
3112
3114
3115
3116
3117
3119
3121
3124
3125
3126
3127
3128
3129
3132
3135
3136
3137
3138
3139
3140
3141
3144
3145
3147
3149
3150
3151
3153
3154
3155
3156
3159
3167
3174
3176
3178
3179
3181
3183
3186
3188
3189
3191
3192
3200
3201
3202
3203
3204
3205
3206
3207
3208
3209
3211
3213
3214
3217
3218
3219
3220
3221
3223
3227
3230
3231
3234
3236
3237
3239
3240
3241
3245
3246
3247
3248
3251
3253
3256
3258
3259
3262
3265
3266
3268
3270
3271
3273
3274
3275
3276
3278
3282
3285
3287
3289
3291
3292
3299
3302
3304
3305
3306
3307
3308
3310
3316
3317
3318
3321
3322
3324
3325
3328
3329
3330
3331
3332
3337
3338
3339
3341
3344
3345
3347
3348
3351
3353
3354
3355
3356
3357
3358
3360
3361
3363
3364
3368
3370
3371
3373
3374
3375
3376
3380
3381
3383
3384
3387
3390
3391
3392
3396
3397
3398
3405
3411
3412
3413
3415
3423
3425
3429
3430
3431
3434
