1
5
6
7
10
13
14
16
17
18
19
20
21
22
24
25
28
29
30
34
35
37
38
39
43
45
47
50
52
54
59
60
61
63
64
69
70
71
72
73
74
75
76
78
79
80
82
83
85
86
87
91
94
95
96
97
102
106
111
113
115
116
117
119
120
122
126
133
134
137
138
141
142
144
145
147
148
149
150
151
152
154
155
157
158
159
160
162
165
166
167
168
170
172
173
176
177
179
182
183
184
187
190
192
198
201
202
204
205
207
209
210
216
217
219
220
224
228
229
232
234
236
238
239
241
242
244
245
248
250
251
253
254
256
257
258
261
263
265
266
269
270
271
272
273
275
278
279
284
286
291
292
293
297
300
301
302
303
305
307
311
312
313
316
317
319
321
324
325
332
333
335
336
339
340
341
346
347
349
351
353
354
356
358
360
361
362
363
365
366
369
371
372
373
376
377
378
380
381
384
386
388
389
390
391
393
398
400
401
403
405
406
407
409
413
414
416
417
422
423
424
425
426
427
430
435
436
437
443
444
445
446
447
448
449
452
453
454
455
456
457
458
459
460
463
465
467
468
469
470
475
477
479
481
483
485
486
488
490
491
493
494
496
499
503
505
507
509
510
512
517
519
520
521
523
527
528
530
534
535
538
540
541
542
543
544
551
552
554
555
558
564
567
568
569
570
573
576
578
579
582
584
588
591
592
593
596
599
600
602
604
610
615
616
617
619
622
627
629
630
631
635
638
639
645
647
649
651
656
658
659
661
663
664
665
667
670
671
672
673
674
677
682
683
684
685
686
688
691
692
694
695
697
698
699
700
702
708
709
710
711
714
715
716
718
720
721
723
725
728
731
732
733
734
736
738
740
741
745
747
748
753
754
756
757
758
759
761
762
766
768
769
772
776
779
782
784
785
787
788
789
790
791
792
794
796
798
799
800
801
803
806
807
808
814
815
817
819
826
827
828
831
832
833
836
837
838
839
840
844
846
847
850
852
854
857
860
861
862
863
864
865
866
867
868
869
870
874
876
878
879
883
884
885
886
887
892
894
900
901
903
906
907
908
910
915
916
918
920
922
924
925
927
929
930
931
932
937
939
941
947
948
953
958
961
964
967
969
973
976
977
979
980
982
983
984
986
989
990
991
994
996
998
1000
1001
1002
1003
1005
1009
1011
1012
1018
1019
1021
1024
1028
1030
1031
1035
1036
1039
1044
1046
1049
1051
1052
1059
1061
1062
1065
1066
1069
1071
1074
1075
1077
1079
1080
1083
1085
1086
1088
1091
1092
1093
1094
1095
1096
1098
1099
1100
1102
1106
1110
1111
1112
1114
1115
1116
1122
1123
1125
1128
1129
1134
1136
1139
1140
1141
1144
1146
1148
1151
1153
1155
1156
1157
1160
1167
1171
1172
1175
1178
1179
1180
1181
1182
1183
1184
1188
1196
1198
1199
1203
1204
1207
1208
1210
1214
1216
1217
1219
1221
1222
1224
1227
1230
1231
1234
1236
1239
1240
1242
1244
1246
1249
1250
1254
1256
1257
1258
1259
1264
1265
1267
1270
1271
1272
1273
1275
1279
1280
1281
1283
1290
1292
1293
1294
1299
1300
1304
1308
1309
1310
1311
1313
1314
1316
1317
1318
1321
1324
1325
1328
1329
1330
1333
1335
1340
1343
1344
1346
1347
1350
1351
1354
1356
1357
1359
1363
1364
1366
1369
1370
1371
1372
1374
1375
1376
1377
1378
1380
1382
1383
1385
1389
1390
1391
1393
1394
1397
1400
1401
1406
1407
1408
1409
1413
1414
1415
1416
1417
1419
1421
1424
1425
1426
1427
1430
1431
1433
1434
1435
1436
1438
1439
1442
1444
1446
1447
1450
1451
1457
1458
1459
1460
1461
1462
1464
1465
1466
1467
1469
1470
1472
1474
1476
1478
1480
1481
1482
1483
1484
1485
1486
1491
1492
1493
1499
1500
1503
1504
1505
1506
1507
1509
1510
1513
1515
1516
1517
1518
1519
1522
1523
1524
1526
1528
1529
1530
1532
1533
1534
1535
1538
1539
1543
1544
1547
1549
1551
1552
1553
1554
1556
1558
1559
1562
1563
1569
1572
1575
1578
1579
1582
1583
1586
1587
1589
1598
1601
1605
1608
1610
1612
1614
1617
1619
1621
1622
1628
1629
1630
1632
1633
1634
1637
1639
1641
1642
1643
1645
1646
1648
1649
1650
1652
1657
1658
1661
1662
1663
1667
1670
1671
1674
1678
1679
1680
1682
1683
1684
1686
1688
1689
1691
1696
1698
1702
1704
1705
1709
1711
1712
1714
1716
1717
1718
1722
1738
1740
1742
1744
1745
1746
1751
1752
1756
1758
1762
1763
1765
1767
1768
1769
1770
1771
1773
1774
1776
1777
1778
1781
1785
1790
1792
1796
1797
1800
1802
1804
1805
1809
1810
1811
1815
1816
1818
1819
1821
1822
1823
1824
1825
1828
1829
1830
1833
1835
1843
1844
1846
1847
1849
1850
1851
1852
1854
1855
1858
1859
1862
1863
1864
1867
1869
1871
1872
1873
1874
1875
1876
1879
1880
1882
1886
1887
1894
1895
1896
1897
1898
1900
1901
1902
1903
1905
1906
1907
1908
1910
1912
1913
1916
1919
1920
1922
1925
1926
1927
1928
1929
1930
1934
1936
1938
1943
1944
1946
1947
1948
1949
1952
1955
1956
1958
1964
1965
1966
1968
1969
1970
1973
1974
1979
1981
1985
1989
1990
1991
1992
1998
1999
2002
2004
2006
2008
2009
2011
2012
2017
2021
2022
2023
2024
2026
2030
2031
2034
2040
2043
2044
2045
2046
2047
2048
2049
2050
2051
2054
2055
2058
2059
2060
2062
2063
2065
2067
2069
2070
2077
2078
2080
2081
2082
2083
2087
2088
2090
2092
2093
2094
2096
2097
2099
2105
2106
2107
2109
2111
2114
2115
2118
2120
2125
2128
2129
2130
2131
2136
2138
2139
2141
2145
2148
2149
2151
2153
2154
2157
2158
2159
2160
2162
2163
2166
2167
2168
2169
2175
2177
2183
2184
2186
2188
2189
2194
2196
2197
2198
2199
2200
2202
2205
2209
2214
2215
2216
2217
2220
2221
2224
2229
2231
2232
2233
2234
2237
2238
2241
2242
2246
2247
2248
2249
2251
2254
2255
2256
2259
2260
2261
2263
2265
2267
2268
2270
2272
2273
2274
2276
2277
2278
2280
2281
2282
2284
2287
2289
2294
2295
2298
2299
2300
2302
2303
2304
2306
2310
2311
2312
2313
2314
2315
2316
2317
2318
2319
2321
2322
2324
2326
2329
2333
2334
2337
2338
2339
2340
2341
2342
2346
2349
2350
2352
2353
2355
2356
2357
2358
2361
2363
2367
2370
2371
2372
2375
2379
2383
2385
2388
2389
2391
2395
2399
2402
2403
2405
2406
2407
2409
2410
2411
2413
2414
2415
2416
2417
2419
2420
2421
2422
2427
2428
2434
2435
2438
2441
2442
2446
2450
2452
2453
2454
2456
2458
2460
2465
2466
2469
2470
2472
2473
2474
2475
2476
2477
2478
2479
2480
2484
2486
2488
2489
2491
2496
2499
2500
2502
2503
2507
2509
2510
2514
2515
2518
2522
2523
2524
2525
2526
2530
2531
2533
2534
2536
2538
2541
2542
2544
2545
2547
2548
2550
2551
2552
2553
2554
2557
2559
2561
2562
2563
2564
2565
2566
2567
2568
2569
2570
2571
2573
2574
2575
2577
2579
2582
2583
2586
2589
2596
2599
2600
2602
2603
2605
2608
2611
2612
2614
2622
2623
2624
2625
2628
2630
2632
2633
2635
2637
2638
2639
2643
2645
2648
2650
2652
2653
2657
2658
2659
2660
2661
2662
2664
2665
2668
2670
2671
2673
2677
2678
2681
2682
2683
2685
2687
2690
2692
2694
2695
2698
2701
2702
2703
2707
2708
2709
2710
2711
2715
2720
2723
2725
2726
2728
2729
2730
2731
2733
2736
2737
2738
2742
2747
2748
2749
2751
2753
2755
2756
2757
2761
2762
2764
2767
2769
2771
2772
2776
2777
2779
2782
2783
2784
2786
2787
2795
2796
2798
2800
2801
2803
2805
2807
2808
2809
2812
2813
2814
2816
2818
2821
2822
2823
2827
2828
2831
2832
2834
2835
2836
2837
2840
2842
2847
2848
2849
2851
2852
2856
2857
2858
2860
2862
2864
2866
2869
2877
2878
2879
2880
2883
2885
2887
2889
2891
2897
2898
2899
2900
2901
2903
2904
2905
2906
2907
2911
2912
2916
2917
2921
2922
2926
2927
2929
2930
2932
2934
2936
2939
2940
2945
2948
2951
2952
2954
2955
2957
2958
2959
2960
2962
2963
2964
2967
2971
2972
2974
2975
2976
2978
2979
2981
2982
2983
2984
2985
2986
2987
2988
2991
2993
2994
2995
2996
2999
3002
3004
3010
3011
3012
3013
3015
3018
3019
3020
3022
3026
3031
3033
3034
3036
3038
3040
3045
3050
3056
3057
3059
3061
3063
3064
3067
3068
3069
3071
3072
3074
3075
3076
3079
3080
3081
3082
3083
3084
3085
3086
3089
3091
3094
3097
3099
3101
3104
3106
3107
3108
3112
3113
3115
3117
3119
3120
3123
3126
3131
3138
3140
3141
3142
3144
3147
3151
3152
3154
3156
3157
3159
3161
3164
3167
3168
3171
3173
3174
3176
3179
3180
3183
3184
3187
3190
3192
3193
3198
3199
3200
3201
3202
3204
3206
3207
3209
3210
3211
3214
3217
3218
3219
3220
3222
3223
3225
3226
3227
3230
3232
3234
3236
3241
3243
3244
3247
3248
3249
3254
3255
3256
3259
3261
3262
3264
3265
3266
3267
3269
3270
3271
3273
3277
3278
3281
3282
3285
3287
3288
3289
3290
3291
3294
3295
3300
3301
3302
3303
3304
3305
3307
3308
3309
3311
3315
3316
3320
3321
3322
3323
3332
3334
3337
3339
3345
3347
3348
3351
3352
3353
3354
3358
3364
3367
3369
3371
3376
3378
3381
3382
3384
3386
3387
3388
3389
3395
3396
3397
3398
3400
3405
3408
3409
3410
3412
3414
3416
3417
3418
3419
3421
3425
3427
3428
3429
3430
3433
3434
