1
2
3
4
5
6
8
9
10
11
12
13
14
15
17
18
19
21
22
24
25
26
27
29
30
31
33
37
39
41
42
43
44
45
47
48
49
50
51
53
55
57
58
59
60
61
62
63
65
66
67
69
70
72
73
74
76
78
79
80
81
82
83
84
85
88
89
90
91
94
95
96
97
99
102
103
104
105
106
107
108
109
112
113
114
116
117
119
120
121
123
124
127
128
130
131
132
133
135
136
137
140
141
143
144
147
148
149
150
151
153
154
156
159
160
161
162
163
164
165
166
167
168
170
171
175
176
178
179
180
182
183
186
187
188
190
191
192
193
195
196
197
198
199
200
201
202
203
206
209
210
211
212
214
215
216
217
219
220
221
222
223
224
225
227
228
229
230
232
234
235
237
239
245
246
248
249
250
254
255
256
258
259
260
261
262
263
266
267
268
269
270
271
272
273
274
279
280
281
282
283
284
285
286
289
290
291
293
297
298
299
300
301
302
303
304
305
307
308
309
310
311
312
313
314
315
316
318
322
327
328
329
330
332
333
335
336
338
340
341
342
344
345
346
347
348
349
350
351
352
353
356
357
358
360
361
362
363
368
369
371
372
374
375
376
377
379
380
383
384
387
388
389
390
391
392
393
394
395
397
398
399
400
401
403
404
405
406
407
408
410
411
412
414
415
416
418
419
421
423
424
425
427
428
429
430
431
432
433
434
435
436
438
439
440
441
443
445
446
447
448
450
451
452
453
457
458
459
460
461
462
463
464
465
466
467
468
471
472
474
475
477
478
479
480
481
483
484
485
486
487
488
489
491
492
494
495
496
497
499
500
501
502
503
505
507
508
509
510
512
513
514
515
517
520
521
522
523
526
527
528
530
531
533
534
535
538
539
542
543
544
545
546
548
549
550
552
553
554
555
557
558
560
563
566
569
570
572
573
575
576
578
579
580
581
582
583
584
587
588
589
590
591
592
594
595
596
598
599
600
602
603
604
608
610
611
612
613
614
615
616
618
620
622
623
624
626
627
631
632
634
635
636
637
639
640
643
644
646
650
651
652
653
655
656
658
661
662
663
664
667
668
669
670
671
672
674
676
679
680
681
682
686
687
688
693
694
695
696
698
700
701
702
703
704
705
706
707
708
709
710
712
713
714
716
719
721
724
725
727
729
730
732
733
734
737
738
739
740
741
742
743
744
745
747
749
750
751
752
754
755
757
759
760
762
763
765
766
767
768
769
770
771
772
773
775
779
780
782
783
784
785
786
787
788
789
792
793
794
796
797
798
799
800
801
802
803
804
805
807
808
810
811
813
814
815
816
820
821
823
825
827
828
830
832
833
834
835
836
837
838
839
841
842
844
845
846
847
848
849
851
852
853
854
855
856
858
859
861
863
865
866
868
870
871
872
874
875
876
877
878
879
880
881
882
884
885
886
889
890
891
892
894
895
896
897
898
899
901
902
905
906
907
908
909
910
911
912
914
915
917
918
919
922
924
925
926
927
929
930
931
932
933
934
935
938
939
940
941
943
944
946
947
949
951
952
953
954
955
956
959
960
961
962
964
965
966
967
968
969
970
971
972
973
974
975
976
979
980
981
982
984
985
987
988
989
993
995
997
998
1000
1002
1003
1005
1006
1007
1009
1010
1011
1012
1013
1014
1015
1016
1017
1018
1019
1020
1021
1022
1023
1024
1027
1031
1033
1034
1035
1037
1039
1042
1043
1045
1046
1047
1048
1049
1050
1053
1056
1057
1059
1061
1062
1064
1069
1070
1071
1075
1077
1078
1079
1081
1082
1083
1085
1086
1087
1088
1090
1092
1093
1095
1097
1098
1101
1104
1108
1109
1111
1113
1114
1118
1119
1121
1122
1124
1125
1126
1127
1128
1130
1131
1134
1135
1136
1137
1138
1139
1141
1142
1143
1144
1145
1146
1147
1148
1149
1150
1151
1152
1154
1156
1159
1160
1161
1162
1163
1165
1167
1169
1170
1171
1173
1175
1176
1177
1178
1179
1180
1185
1186
1187
1188
1190
1193
1195
1196
1197
1200
1201
1202
1204
1205
1206
1211
1212
1213
1214
1216
1217
1218
1219
1220
1221
1222
1224
1225
1226
1228
1229
1230
1231
1232
1233
1234
1235
1236
1238
1239
1240
1243
1244
1245
1246
1247
1248
1250
1251
1252
1253
1254
1255
1257
1259
1260
1262
1265
1267
1269
1270
1271
1272
1273
1274
1276
1277
1278
1279
1285
1286
1288
1289
1290
1291
1293
1294
1298
1300
1302
1303
1304
1305
1308
1309
1311
1316
1317
1318
1319
1322
1324
1325
1327
1328
1329
1331
1332
1333
1334
1335
1337
1338
1340
1341
1342
1343
1344
1345
1346
1347
1348
1352
1353
1356
1357
1358
1359
1360
1362
1363
1364
1365
1366
1367
1368
1369
1370
1371
1372
1374
1376
1378
1379
1380
1381
1382
1383
1387
1388
1389
1390
1391
1392
1394
1395
1396
1397
1398
1400
1401
1402
1403
1404
1406
1408
1409
1411
1413
1414
1416
1418
1419
1420
1421
1422
1423
1424
1425
1426
1428
1429
1430
1431
1432
1433
1435
1437
1439
1440
1441
1443
1444
1445
1446
1447
1448
1451
1452
1453
1454
1455
1456
1458
1460
1462
1463
1465
1466
1468
1470
1471
1472
1473
1476
1477
1478
1479
1480
1481
1484
1485
1486
1488
1489
1490
1491
1492
1494
1495
1496
1497
1499
1506
1507
1509
1510
1512
1513
1514
1515
1516
1519
1520
1521
1522
1524
1526
1527
1528
1529
1530
1531
1532
1533
1537
1538
1539
1540
1541
1542
1543
1544
1546
1547
1549
1551
1552
1554
1557
1558
1559
1560
1561
1563
1564
1565
1566
1568
1569
1570
1574
1576
1580
1584
1587
1591
1592
1593
1595
1596
1597
1598
1599
1602
1603
1605
1606
1607
1608
1609
1610
1613
1614
1615
1616
1618
1619
1620
1621
1622
1623
1624
1625
1626
1627
1628
1629
1631
1632
1634
1635
1636
1638
1639
1640
1641
1642
1643
1645
1647
1648
1649
1650
1651
1652
1653
1654
1655
1656
1657
1658
1659
1661
1662
1663
1665
1667
1671
1672
1674
1675
1678
1679
1680
1681
1682
1683
1684
1685
1686
1687
1688
1689
1690
1692
1693
1694
1695
1696
1698
1700
1702
1705
1707
1709
1710
1714
1716
1718
1719
1720
1721
1724
1725
1726
1727
1728
1729
1733
1734
1735
1736
1737
1738
1740
1742
1743
1744
1745
1747
1749
1750
1751
1753
1754
1755
1756
1758
1759
1760
1761
1764
1766
1767
1769
1770
1771
1772
1773
1774
1775
1778
1780
1781
1782
1783
1784
1787
1788
1789
1790
1792
1795
1796
1797
1801
1802
1803
1804
1807
1808
1809
1811
1812
1813
1814
1815
1816
1818
1819
1820
1821
1822
1824
1826
1827
1828
1831
1833
1834
1835
1836
1838
1839
1841
1843
1845
1847
1853
1854
1855
1856
1858
1859
1860
1861
1862
1863
1864
1866
1867
1870
1871
1872
1873
1874
1875
1878
1879
1880
1881
1882
1883
1884
1885
1887
1888
1890
1891
1892
1893
1894
1896
1898
1899
1900
1902
1903
1905
1906
1907
1908
1909
1910
1911
1912
1913
1914
1915
1916
1918
1920
1922
1923
1924
1925
1926
1929
1931
1932
1933
1934
1935
1936
1938
1939
1941
1942
1944
1947
1950
1951
1952
1953
1954
1955
1957
1958
1959
1961
1965
1966
1968
1969
1970
1971
1972
1973
1976
1977
1978
1981
1982
1983
1984
1985
1987
1989
1990
1992
1995
1996
1997
1998
1999
2000
2002
2003
2004
2005
2007
2009
2010
2012
2013
2014
2015
2016
2017
2018
2020
2021
2022
2023
2024
2025
2026
2027
2030
2033
2035
2037
2038
2043
2044
2047
2050
2052
2053
2054
2056
2057
2058
2059
2060
2061
2064
2066
2067
2068
2069
2070
2071
2072
2073
2075
2076
2077
2078
2079
2080
2081
2082
2084
2085
2087
2088
2090
2091
2092
2094
2095
2097
2098
2099
2100
2101
2102
2103
2104
2105
2106
2107
2108
2109
2111
2112
2113
2114
2115
2116
2117
2118
2119
2120
2123
2124
2125
2126
2128
2129
2130
2131
2132
2133
2134
2137
2138
2139
2140
2142
2143
2144
2146
2147
2149
2150
2151
2152
2156
2159
2161
2162
2164
2165
2169
2170
2171
2174
2176
2177
2178
2179
2182
2183
2184
2185
2187
2188
2189
2190
2191
2192
2193
2194
2196
2197
2198
2199
2200
2201
2204
2205
2207
2208
2210
2211
2212
2214
2215
2218
2219
2221
2222
2223
2224
2225
2226
2227
2228
2230
2231
2232
2233
2236
2238
2239
2241
2242
2243
2244
2245
2247
2250
2252
2253
2254
2255
2256
2257
2258
2259
2260
2262
2263
2264
2265
2269
2271
2273
2274
2275
2276
2277
2278
2280
2281
2282
2283
2286
2287
2288
2290
2291
2292
2293
2294
2296
2297
2298
2301
2303
2304
2305
2306
2307
2308
2309
2310
2311
2312
2314
2315
2316
2318
2321
2322
2323
2324
2326
2327
2328
2329
2330
2331
2332
2334
2336
2337
2338
2339
2341
2343
2345
2346
2347
2348
2349
2350
2351
2352
2356
2357
2359
2360
2361
2362
2365
2367
2368
2369
2372
2373
2374
2375
2376
2377
2378
2379
2382
2383
2385
2386
2387
2388
2390
2391
2392
2393
2394
2396
2397
2398
2399
2400
2404
2408
2410
2411
2412
2413
2415
2416
2417
2418
2420
2422
2423
2424
2425
2426
2427
2428
2432
2433
2435
2436
2437
2439
2440
2441
2442
2444
2448
2450
2451
2452
2453
2455
2456
2457
2459
2462
2463
2466
2467
2469
2471
2472
2473
2475
2476
2478
2480
2481
2482
2484
2485
2487
2488
2489
2490
2492
2493
2496
2497
2498
2499
2500
2501
2503
2504
2506
2508
2511
2512
2513
2514
2516
2517
2518
2519
2520
2521
2523
2524
2525
2526
2527
2528
2529
2531
2532
2533
2534
2535
2536
2537
2539
2540
2541
2543
2544
2545
2547
2548
2549
2552
2553
2560
2562
2563
2566
2567
2568
2569
2571
2572
2573
2574
2575
2576
2577
2578
2579
2581
2582
2583
2586
2587
2590
2591
2592
2597
2598
2599
2602
2603
2604
2605
2607
2608
2609
2611
2614
2616
2618
2620
2621
2622
2626
2627
2628
2629
2631
2632
2633
2635
2636
2638
2639
2641
2642
2643
2644
2645
2646
2647
2648
2649
2650
2651
2653
2655
2656
2657
2659
2660
2661
2663
2666
2669
2670
2671
2672
2676
2677
2678
2679
2680
2681
2684
2687
2688
2689
2690
2691
2692
2694
2695
2697
2700
2701
2703
2704
2705
2706
2709
2710
2711
2712
2714
2717
2718
2721
2723
2724
2725
2726
2727
2728
2730
2731
2734
2736
2737
2739
2740
2741
2742
2743
2744
2746
2748
2750
2751
2752
2753
2754
2755
2756
2757
2758
2759
2760
2761
2762
2763
2764
2766
2767
2768
2769
2770
2773
2774
2775
2776
2777
2778
2780
2782
2783
2784
2786
2787
2788
2789
2790
2791
2793
2795
2796
2797
2798
2799
2800
2801
2802
2804
2805
2806
2807
2810
2811
2813
2814
2815
2818
2819
2822
2823
2824
2826
2828
2829
2830
2831
2832
2833
2834
2835
2836
2837
2838
2839
2840
2842
2843
2845
2846
2847
2848
2849
2850
2851
2852
2853
2854
2855
2857
2858
2859
2861
2864
2865
2866
2869
2872
2874
2875
2876
2877
2879
2884
2885
2886
2887
2888
2889
2890
2893
2894
2896
2897
2898
2899
2900
2901
2902
2903
2904
2905
2909
2910
2912
2913
2914
2915
2916
2917
2918
2920
2921
2922
2923
2924
2925
2926
2928
2929
2930
2932
2933
2934
2935
2936
2937
2938
2939
2940
2943
2944
2948
2949
2950
2951
2952
2953
2956
2957
2958
2961
2962
2963
2965
2966
2967
2968
2969
2970
2971
2972
2975
2976
2978
2981
2982
2983
2984
2985
2986
2987
2988
2989
2990
2994
2995
2996
2997
2998
2999
3003
3005
3006
3007
3008
3009
3014
3015
3016
3017
3019
3020
3021
3023
3024
3025
3026
3029
3032
3033
3034
3035
3038
3039
3041
3042
3048
3049
3050
3051
3052
3057
3059
3060
3064
3065
3067
3068
3070
3071
3072
3074
3077
3080
3082
3084
3085
3087
3089
3090
3091
3092
3093
3094
3095
3096
3097
3098
3099
3100
3102
3103
3105
3106
3108
3110
3111
3112
3113
3114
3115
3116
3117
3118
3119
3120
3122
3124
3125
3127
3128
3129
3130
3131
3132
3133
3134
3135
3136
3137
3138
3139
3140
3141
3143
3144
3145
3148
3150
3152
3153
3155
3156
3157
3158
3159
3160
3162
3163
3164
3165
3166
3167
3168
3169
3170
3172
3175
3176
3179
3180
3182
3183
3185
3187
3190
3192
3194
3195
3196
3199
3201
3202
3203
3204
3205
3206
3207
3208
3210
3211
3215
3216
3217
3218
3219
3220
3222
3223
3228
3230
3231
3234
3236
3237
3238
3239
3240
3241
3242
3245
3246
3247
3248
3249
3251
3252
3253
3254
3255
3256
3257
3258
3259
3260
3262
3263
3264
3265
3266
3267
3268
3269
3271
3272
3273
3275
3277
3278
3279
3280
3281
3282
3284
3285
3286
3287
3288
3289
3290
3293
3294
3295
3296
3297
3299
3300
3301
3302
3303
3304
3306
3307
3308
3310
3312
3313
3314
3315
3316
3318
3319
3321
3323
3326
3327
3328
3329
3330
3331
3332
3333
3334
3335
3337
3339
3340
3342
3345
3346
3348
3349
3350
3352
3354
3355
3356
3357
3358
3359
3361
3362
3363
3365
3366
3370
3373
3374
3376
3377
3378
3379
3380
3382
3384
3385
3386
3387
3388
3389
3391
3393
3395
3396
3397
3398
3402
3404
3405
3406
3407
3408
3409
3410
3411
3412
3414
3415
3416
3417
3420
3422
3423
3425
3426
3427
3428
3430
3431
3432
3433
