1
2
4
5
7
11
13
14
15
17
18
19
20
24
27
28
29
30
33
36
37
42
47
53
56
59
62
63
64
65
68
69
71
75
76
78
80
82
85
86
87
88
89
92
95
98
103
104
111
113
114
115
116
117
121
122
124
127
129
134
135
141
142
143
147
148
149
150
152
153
156
158
159
160
161
162
163
166
167
168
170
171
172
174
176
178
179
181
185
186
187
190
194
199
200
202
204
207
208
209
210
211
214
215
221
226
229
230
231
232
233
234
235
240
241
243
244
245
246
247
248
249
253
255
257
258
260
264
265
266
267
269
271
272
274
275
277
279
283
284
285
286
288
291
293
294
295
297
298
299
300
301
302
304
305
306
309
314
317
320
321
323
328
329
330
335
337
340
341
343
344
345
346
348
349
350
352
354
355
356
357
359
361
363
365
366
370
371
372
373
375
376
377
380
384
387
391
393
394
395
396
399
401
402
403
404
406
408
409
410
411
413
416
419
422
424
430
432
434
435
437
438
442
445
446
447
448
453
454
457
458
459
462
464
465
466
467
469
470
473
474
476
483
485
486
487
488
489
490
492
493
495
497
498
499
501
503
504
505
508
509
510
514
516
517
519
528
530
531
532
533
534
536
537
538
539
541
542
547
548
549
552
553
555
556
558
559
561
563
565
566
567
569
572
573
577
578
581
584
585
587
593
594
596
597
599
603
607
608
609
610
611
612
613
614
615
616
617
619
623
624
626
627
630
632
634
635
644
645
646
647
652
653
656
657
658
660
663
666
667
668
670
671
675
678
679
680
682
684
685
687
690
692
694
695
696
697
698
699
700
701
704
705
710
711
713
715
716
717
718
719
720
722
724
725
726
731
732
734
738
740
743
744
748
751
752
753
754
757
759
761
763
764
766
768
770
772
774
777
778
781
782
783
784
788
789
794
795
796
798
800
801
802
803
804
806
807
808
810
811
812
813
818
819
820
822
825
826
831
832
833
835
836
839
840
842
844
845
848
849
852
853
854
855
858
859
860
862
863
866
870
872
873
879
880
882
883
885
886
888
889
891
893
899
900
903
906
909
912
916
917
919
922
923
924
927
929
930
931
932
936
937
939
940
941
942
946
947
949
952
956
958
960
962
965
966
968
970
973
976
977
978
980
984
987
989
990
991
992
994
995
998
1000
1007
1008
1013
1014
1015
1018
1021
1023
1026
1027
1032
1033
1035
1039
1040
1041
1042
1044
1045
1046
1047
1048
1049
1050
1053
1055
1056
1058
1059
1060
1065
1066
1067
1069
1070
1073
1074
1077
1079
1080
1083
1085
1092
1093
1094
1095
1096
1099
1101
1102
1105
1110
1111
1112
1113
1115
1116
1120
1125
1126
1127
1129
1131
1132
1133
1135
1138
1140
1142
1144
1148
1149
1150
1151
1154
1159
1160
1161
1162
1163
1165
1168
1169
1170
1171
1172
1175
1176
1181
1183
1187
1189
1192
1198
1199
1200
1208
1211
1215
1216
1217
1219
1220
1221
1222
1226
1227
1228
1229
1231
1232
1235
1237
1238
1239
1241
1242
1243
1245
1248
1249
1252
1255
1256
1257
1259
1261
1264
1268
1269
1270
1271
1273
1274
1276
1278
1279
1280
1281
1282
1285
1290
1292
1297
1298
1299
1301
1304
1307
1309
1311
1313
1316
1319
1320
1321
1322
1325
1327
1329
1330
1336
1337
1339
1346
1351
1353
1354
1355
1356
1357
1358
1361
1362
1363
1364
1367
1368
1371
1374
1378
1381
1382
1386
1387
1391
1392
1393
1396
1397
1398
1400
1401
1402
1403
1404
1405
1407
1417
1419
1422
1424
1425
1426
1428
1429
1430
1431
1432
1433
1434
1436
1437
1439
1440
1443
1444
1446
1447
1449
1450
1451
1455
1458
1461
1462
1464
1466
1470
1471
1472
1473
1476
1478
1480
1483
1488
1489
1490
1491
1493
1494
1498
1499
1504
1506
1509
1512
1514
1517
1522
1525
1528
1529
1530
1534
1535
1536
1537
1541
1544
1547
1550
1555
1556
1557
1559
1561
1562
1563
1565
1566
1567
1569
1570
1572
1574
1576
1579
1581
1584
1586
1587
1588
1589
1595
1597
1599
1601
1603
1604
1605
1606
1609
1611
1616
1617
1618
1619
1620
1622
1624
1626
1627
1628
1629
1630
1631
1633
1635
1641
1642
1644
1646
1649
1652
1654
1657
1659
1660
1662
1664
1665
1672
1673
1676
1683
1684
1686
1689
1690
1693
1694
1695
1697
1699
1700
1701
1702
1703
1707
1711
1712
1714
1715
1716
1717
1718
1720
1721
1722
1723
1726
1728
1731
1737
1738
1739
1741
1743
1744
1746
1748
1749
1750
1752
1753
1754
1757
1758
1759
1760
1761
1762
1763
1767
1768
1772
1773
1774
1775
1780
1786
1789
1790
1794
1795
1797
1799
1800
1803
1804
1805
1806
1808
1809
1810
1813
1814
1816
1817
1818
1824
1825
1830
1831
1832
1834
1835
1836
1838
1839
1840
1841
1843
1844
1847
1848
1849
1850
1851
1852
1853
1856
1859
1861
1863
1864
1865
1868
1870
1875
1878
1881
1882
1883
1884
1885
1890
1891
1894
1895
1897
1898
1901
1902
1904
1906
1907
1908
1915
1919
1920
1921
1925
1927
1930
1932
1933
1936
1939
1941
1942
1943
1944
1948
1949
1950
1951
1952
1954
1955
1957
1961
1962
1969
1974
1975
1976
1977
1981
1983
1986
1989
1990
1992
1993
1995
2000
2002
2004
2006
2007
2009
2010
2011
2013
2014
2016
2017
2019
2021
2024
2025
2026
2027
2029
2032
2034
2037
2042
2044
2045
2049
2050
2052
2055
2058
2059
2060
2061
2062
2063
2064
2067
2068
2070
2071
2072
2073
2076
2078
2085
2088
2090
2094
2096
2097
2100
2101
2105
2106
2108
2111
2112
2116
2117
2118
2122
2123
2126
2129
2130
2131
2132
2133
2135
2136
2137
2138
2139
2141
2142
2144
2145
2147
2149
2151
2156
2157
2159
2160
2161
2162
2163
2164
2167
2171
2172
2173
2177
2178
2183
2187
2189
2191
2196
2201
2203
2204
2210
2211
2214
2216
2218
2220
2223
2226
2233
2235
2236
2237
2238
2240
2241
2242
2243
2245
2246
2248
2254
2255
2256
2258
2259
2260
2263
2264
2266
2268
2270
2271
2273
2277
2279
2282
2283
2284
2285
2288
2289
2291
2294
2297
2298
2299
2301
2302
2303
2304
2305
2307
2308
2310
2312
2313
2314
2315
2317
2319
2321
2322
2323
2324
2325
2329
2331
2333
2338
2341
2345
2347
2348
2349
2350
2354
2355
2358
2361
2362
2366
2368
2375
2376
2377
2379
2385
2386
2387
2388
2389
2393
2394
2395
2396
2397
2400
2401
2403
2408
2409
2410
2411
2412
2415
2416
2417
2418
2425
2427
2433
2436
2439
2441
2444
2445
2446
2447
2452
2455
2457
2460
2461
2462
2463
2464
2467
2468
2469
2471
2472
2473
2474
2482
2483
2488
2491
2492
2495
2500
2502
2504
2505
2506
2507
2509
2510
2512
2516
2521
2523
2524
2527
2528
2530
2532
2533
2534
2535
2536
2537
2541
2545
2547
2548
2549
2550
2551
2554
2555
2556
2559
2561
2564
2565
2567
2568
2572
2579
2580
2582
2584
2586
2587
2588
2589
2592
2593
2597
2598
2601
2604
2606
2607
2608
2610
2611
2612
2614
2615
2616
2618
2619
2621
2623
2624
2625
2627
2628
2630
2631
2635
2637
2638
2640
2641
2646
2648
2651
2652
2653
2654
2657
2658
2660
2661
2663
2664
2665
2666
2667
2668
2669
2670
2673
2674
2675
2676
2677
2680
2681
2684
2685
2686
2687
2688
2690
2691
2697
2698
2699
2700
2701
2702
2703
2705
2706
2708
2709
2710
2712
2715
2717
2718
2720
2721
2722
2728
2730
2731
2732
2733
2734
2736
2739
2743
2744
2747
2749
2752
2754
2756
2757
2758
2761
2762
2764
2765
2771
2772
2773
2775
2776
2777
2778
2780
2781
2786
2787
2788
2792
2795
2799
2802
2803
2806
2810
2813
2815
2816
2818
2819
2821
2822
2825
2826
2828
2829
2835
2836
2839
2843
2846
2852
2857
2858
2860
2861
2862
2864
2865
2868
2869
2870
2872
2873
2874
2876
2877
2879
2883
2884
2885
2891
2893
2895
2896
2898
2901
2903
2907
2908
2911
2917
2919
2921
2925
2926
2928
2931
2933
2934
2936
2938
2941
2944
2946
2947
2951
2960
2961
2962
2965
2968
2969
2970
2977
2978
2979
2986
2987
2989
2990
2992
2993
2994
2996
2997
2998
3000
3003
3004
3007
3008
3012
3014
3017
3018
3023
3025
3026
3027
3028
3029
3031
3035
3037
3038
3040
3041
3042
3043
3044
3047
3050
3055
3056
3057
3059
3060
3061
3067
3070
3075
3077
3078
3079
3081
3082
3083
3088
3090
3091
3092
3095
3097
3099
3100
3101
3103
3104
3105
3110
3113
3115
3117
3118
3120
3122
3123
3124
3125
3129
3130
3131
3133
3134
3135
3137
3140
3143
3144
3145
3147
3148
3150
3151
3152
3154
3161
3162
3163
3164
3166
3167
3168
3169
3170
3171
3172
3173
3174
3175
3177
3178
3180
3182
3186
3187
3196
3199
3200
3201
3204
3205
3206
3207
3208
3209
3210
3212
3213
3216
3217
3218
3220
3221
3222
3223
3225
3226
3227
3231
3234
3235
3236
3237
3241
3245
3249
3250
3251
3255
3257
3258
3259
3263
3266
3267
3269
3271
3273
3275
3278
3280
3281
3282
3284
3287
3289
3292
3295
3296
3304
3305
3307
3308
3309
3310
3313
3318
3319
3322
3324
3328
3329
3330
3331
3332
3333
3335
3336
3338
3339
3340
3343
3345
3346
3347
3351
3353
3354
3356
3357
3359
3360
3363
3364
3367
3368
3372
3374
3377
3381
3382
3383
3385
3387
3388
3390
3391
3393
3396
3398
3399
3401
3403
3404
3407
3409
3414
3415
3418
3420
3421
3422
3423
3425
3427
3428
3429
3431
3432
3433
