1
2
3
4
5
6
7
8
14
15
21
22
24
25
27
29
31
33
34
36
37
40
41
43
45
46
51
56
58
60
62
64
65
66
67
68
69
70
71
74
75
76
77
79
81
82
83
86
87
91
94
96
97
99
100
101
105
106
108
109
114
115
116
120
124
125
126
127
130
134
135
137
141
143
147
148
150
153
154
156
157
158
160
161
163
164
165
169
170
172
176
177
178
180
181
183
184
185
189
190
192
193
194
196
201
202
204
206
209
211
216
217
218
224
225
227
228
229
233
234
235
237
238
242
243
246
247
249
251
253
254
256
257
260
265
266
268
269
271
274
275
277
278
280
281
282
283
284
286
287
292
293
294
295
300
302
303
304
305
306
310
311
312
314
315
317
320
321
324
325
326
327
328
329
330
332
334
335
336
340
343
345
346
348
352
357
360
362
363
364
365
366
367
370
374
375
378
379
381
385
386
387
388
389
390
394
395
397
399
401
403
404
405
407
409
411
412
415
416
417
419
422
424
428
432
436
438
440
442
443
444
456
459
460
461
463
465
466
467
469
470
473
475
479
480
485
486
488
489
490
494
495
496
497
499
500
501
502
504
505
507
508
510
511
512
513
516
517
519
525
530
532
539
540
541
543
546
548
549
550
552
556
558
559
564
566
568
570
572
573
575
580
581
585
586
588
592
593
595
600
602
603
604
605
606
607
608
609
610
611
612
613
615
618
623
625
627
629
631
632
634
635
637
641
642
649
650
651
653
654
657
659
662
664
665
666
667
671
674
675
677
684
686
687
688
690
692
697
707
709
713
714
715
716
717
719
720
722
723
724
725
727
730
731
732
736
737
738
740
742
744
747
748
752
753
754
755
758
761
762
765
766
768
769
771
775
777
780
782
785
791
792
793
794
795
798
799
801
803
806
807
810
812
815
819
820
821
823
824
826
828
831
836
842
844
847
848
850
854
856
857
860
865
868
870
872
874
876
881
882
883
885
890
891
892
893
896
897
898
899
900
902
904
905
908
914
916
917
919
921
923
925
926
928
930
931
933
935
936
937
939
940
941
943
944
945
947
949
950
951
953
954
957
961
963
964
965
967
968
969
972
973
974
982
983
989
991
993
994
996
999
1000
1001
1002
1006
1007
1008
1010
1012
1014
1015
1016
1019
1021
1023
1027
1028
1035
1039
1040
1041
1042
1043
1044
1046
1048
1050
1051
1052
1053
1054
1057
1059
1060
1062
1063
1064
1067
1069
1070
1071
1072
1073
1077
1078
1079
1080
1083
1084
1087
1088
1089
1090
1094
1095
1097
1098
1099
1107
1108
1109
1111
1116
1118
1120
1123
1124
1125
1126
1128
1129
1132
1137
1139
1141
1144
1145
1146
1147
1149
1150
1153
1154
1155
1156
1159
1161
1162
1164
1165
1169
1170
1173
1178
1179
1180
1181
1182
1183
1184
1187
1189
1190
1191
1192
1193
1194
1195
1196
1199
1200
1202
1204
1206
1207
1209
1210
1211
1212
1214
1215
1221
1224
1226
1227
1228
1230
1231
1235
1238
1239
1240
1241
1244
1245
1247
1252
1255
1257
1258
1259
1260
1262
1263
1264
1267
1268
1271
1272
1274
1277
1282
1284
1285
1287
1288
1289
1291
1293
1296
1298
1300
1301
1302
1303
1304
1305
1308
1310
1313
1314
1317
1318
1319
1320
1321
1322
1323
1326
1328
1329
1331
1332
1334
1335
1336
1339
1340
1341
1343
1344
1346
1348
1352
1353
1354
1357
1359
1361
1362
1363
1366
1368
1369
1372
1373
1377
1379
1380
1381
1383
1384
1385
1388
1389
1390
1398
1400
1401
1403
1406
1410
1412
1413
1414
1418
1419
1420
1422
1428
1432
1437
1444
1447
1450
1452
1453
1457
1458
1463
1464
1466
1468
1469
1475
1478
1480
1481
1482
1484
1485
1488
1489
1490
1496
1499
1502
1503
1504
1506
1507
1508
1509
1510
1511
1513
1515
1517
1518
1519
1520
1521
1522
1523
1528
1529
1530
1531
1532
1533
1538
1539
1540
1541
1543
1544
1547
1548
1549
1552
1553
1554
1555
1556
1563
1565
1566
1568
1569
1571
1572
1574
1578
1579
1581
1582
1586
1587
1588
1596
1597
1598
1600
1605
1607
1609
1614
1619
1620
1622
1624
1625
1626
1627
1628
1629
1630
1631
1634
1635
1642
1643
1644
1645
1646
1647
1648
1652
1656
1659
1661
1662
1663
1664
1666
1669
1671
1673
1675
1680
1681
1682
1683
1684
1685
1686
1688
1689
1690
1691
1692
1695
1700
1701
1704
1705
1708
1709
1711
1712
1716
1717
1720
1721
1725
1726
1728
1729
1730
1731
1734
1737
1738
1743
1744
1749
1751
1752
1756
1760
1761
1762
1764
1765
1766
1767
1769
1772
1773
1776
1777
1779
1784
1785
1786
1787
1788
1792
1795
1797
1799
1800
1801
1804
1807
1810
1812
1815
1818
1820
1821
1822
1826
1827
1831
1833
1838
1839
1844
1847
1848
1849
1850
1851
1852
1853
1854
1858
1860
1861
1869
1871
1873
1874
1876
1878
1881
1882
1883
1886
1888
1891
1892
1899
1902
1903
1904
1905
1907
1908
1909
1911
1915
1920
1921
1922
1923
1924
1926
1927
1928
1931
1932
1937
1939
1944
1945
1946
1947
1948
1949
1950
1953
1957
1958
1962
1965
1966
1967
1969
1970
1972
1975
1977
1978
1979
1981
1982
1983
1984
1988
1989
1990
1991
1993
1994
1995
2004
2008
2009
2010
2012
2014
2015
2020
2022
2023
2024
2027
2028
2029
2030
2031
2033
2036
2040
2041
2043
2044
2045
2047
2048
2049
2050
2051
2052
2054
2056
2057
2058
2060
2061
2062
2063
2067
2069
2073
2074
2080
2084
2087
2088
2089
2090
2091
2097
2098
2099
2100
2101
2103
2104
2107
2109
2112
2114
2116
2117
2119
2121
2123
2124
2125
2127
2128
2129
2130
2131
2132
2135
2138
2141
2142
2143
2148
2152
2153
2154
2156
2157
2158
2159
2161
2162
2163
2164
2165
2172
2173
2176
2178
2181
2182
2186
2192
2193
2195
2196
2200
2202
2203
2204
2209
2210
2211
2212
2214
2215
2217
2219
2223
2226
2227
2232
2235
2237
2239
2241
2243
2244
2247
2250
2252
2254
2256
2257
2258
2259
2260
2261
2263
2264
2269
2270
2271
2275
2277
2278
2279
2280
2282
2284
2286
2289
2291
2292
2293
2296
2297
2299
2302
2306
2307
2308
2309
2312
2313
2315
2317
2321
2322
2323
2325
2329
2330
2332
2333
2334
2335
2339
2343
2346
2350
2352
2354
2356
2360
2362
2364
2367
2370
2372
2373
2374
2375
2378
2380
2381
2382
2384
2386
2388
2394
2395
2398
2399
2400
2401
2404
2405
2406
2408
2409
2410
2413
2414
2418
2420
2421
2422
2423
2424
2425
2428
2429
2430
2434
2435
2437
2438
2439
2440
2443
2447
2448
2451
2452
2453
2454
2458
2459
2460
2461
2462
2463
2464
2465
2467
2473
2474
2477
2478
2481
2483
2485
2489
2492
2493
2494
2498
2499
2501
2502
2504
2505
2508
2510
2512
2513
2514
2517
2518
2521
2524
2526
2527
2529
2530
2532
2534
2536
2540
2542
2543
2544
2546
2547
2548
2552
2553
2554
2556
2558
2559
2561
2562
2563
2566
2567
2568
2569
2570
2572
2573
2574
2576
2577
2578
2584
2585
2586
2588
2590
2591
2592
2593
2594
2595
2596
2600
2601
2602
2603
2605
2606
2608
2611
2615
2617
2619
2621
2623
2626
2629
2630
2634
2636
2637
2640
2641
2645
2646
2648
2650
2654
2655
2657
2658
2661
2662
2664
2665
2667
2668
2669
2670
2672
2674
2679
2681
2683
2685
2687
2688
2689
2690
2691
2692
2693
2695
2697
2698
2700
2703
2704
2709
2710
2711
2712
2713
2714
2716
2717
2718
2720
2721
2724
2726
2727
2729
2738
2740
2743
2745
2746
2748
2750
2753
2754
2759
2763
2764
2767
2768
2771
2772
2774
2775
2778
2779
2780
2786
2787
2788
2789
2790
2794
2795
2796
2797
2798
2803
2804
2805
2809
2812
2813
2814
2815
2816
2817
2818
2819
2823
2825
2827
2832
2834
2835
2838
2840
2841
2842
2843
2845
2846
2848
2849
2851
2852
2853
2858
2859
2861
2864
2865
2869
2870
2876
2878
2879
2880
2881
2883
2885
2887
2890
2894
2897
2901
2902
2905
2907
2908
2909
2914
2916
2921
2922
2923
2924
2925
2926
2927
2932
2934
2937
2941
2944
2948
2952
2953
2954
2955
2956
2958
2959
2960
2961
2962
2965
2967
2969
2971
2972
2973
2975
2982
2983
2985
2990
2991
2992
2997
2999
3004
3005
3006
3007
3009
3012
3015
3016
3020
3022
3023
3024
3025
3026
3028
3029
3035
3036
3037
3039
3040
3043
3044
3045
3046
3047
3049
3050
3051
3058
3059
3061
3063
3064
3065
3069
3070
3071
3072
3073
3075
3077
3079
3080
3084
3085
3086
3090
3091
3092
3095
3096
3098
3100
3102
3103
3105
3112
3114
3116
3121
3122
3125
3127
3128
3129
3131
3133
3134
3136
3138
3139
3141
3142
3143
3147
3148
3151
3153
3156
3157
3158
3162
3165
3166
3169
3170
3171
3172
3173
3174
3177
3178
3179
3181
3182
3184
3186
3189
3191
3196
3197
3199
3202
3205
3206
3209
3210
3211
3212
3213
3217
3219
3220
3221
3222
3223
3224
3228
3229
3232
3238
3239
3242
3244
3245
3247
3248
3249
3251
3253
3254
3256
3257
3258
3259
3260
3261
3263
3270
3272
3273
3274
3278
3281
3284
3285
3286
3288
3291
3292
3293
3298
3299
3300
3301
3306
3311
3315
3323
3325
3326
3332
3335
3339
3340
3343
3346
3348
3349
3351
3354
3357
3358
3361
3362
3367
3372
3373
3376
3378
3381
3383
3384
3385
3387
3388
3389
3391
3395
3397
3399
3400
3401
3404
3405
3409
3410
3411
3412
3413
3414
3417
3418
3419
3422
3424
3426
3428
3429
3430
3434
