2
5
10
11
14
16
18
20
21
26
27
28
29
30
31
33
35
37
41
43
44
45
46
47
48
49
50
54
59
63
64
67
69
71
72
73
75
76
78
80
81
82
84
85
86
87
89
91
92
93
94
95
98
99
100
101
103
107
110
114
116
119
126
127
128
129
130
131
132
133
135
136
138
141
143
144
145
146
147
150
152
153
154
158
159
161
162
163
164
165
166
167
169
171
173
179
181
183
184
185
186
190
191
193
195
200
206
208
212
213
215
217
219
223
226
227
233
234
239
240
242
245
247
248
250
251
252
253
256
258
261
263
266
267
270
273
274
276
277
278
279
280
283
284
285
286
290
292
294
295
296
298
299
300
301
302
303
304
307
309
310
312
313
314
317
320
329
334
335
336
337
338
342
343
345
351
353
355
356
357
359
360
361
366
369
370
371
375
376
379
381
385
392
393
395
396
408
409
410
411
413
414
415
417
419
421
422
424
425
428
430
433
436
437
440
441
444
446
447
449
450
457
458
459
460
462
463
464
465
467
468
469
471
472
474
476
477
478
481
485
486
488
492
493
495
496
498
499
501
502
503
506
508
510
511
513
516
517
518
521
522
523
527
531
533
534
535
536
542
543
547
548
553
555
556
557
558
561
562
564
565
566
568
570
571
572
576
578
579
582
583
586
588
589
591
593
594
595
597
599
600
601
602
603
604
606
607
608
609
611
612
614
617
619
621
622
623
624
626
628
629
630
634
635
637
640
641
642
644
647
648
651
652
653
654
655
657
658
659
662
663
667
668
669
670
672
673
675
677
679
680
681
686
688
689
691
693
694
698
699
700
702
703
704
706
707
708
711
712
715
716
717
720
721
722
724
727
729
730
732
734
740
742
745
746
747
749
750
752
753
756
757
759
761
763
764
765
769
770
771
773
774
775
776
777
778
781
784
786
787
789
792
798
800
803
804
808
810
811
821
824
827
829
831
833
835
837
842
844
845
848
852
854
855
856
857
858
860
861
864
865
870
872
874
877
878
879
880
882
884
885
886
889
892
893
895
896
897
899
900
906
907
909
910
911
912
914
915
918
919
921
922
924
925
927
930
933
934
935
937
940
941
942
945
950
951
952
953
954
957
958
959
962
964
965
966
969
972
975
977
978
980
984
988
990
991
992
993
994
997
1001
1002
1005
1007
1009
1011
1012
1013
1017
1019
1022
1024
1025
1028
1033
1035
1036
1043
1044
1050
1051
1053
1054
1056
1058
1059
1060
1064
1070
1073
1074
1075
1076
1077
1079
1081
1085
1087
1091
1094
1097
1099
1107
1110
1112
1113
1115
1116
1117
1122
1124
1127
1131
1132
1133
1135
1136
1137
1138
1140
1141
1142
1146
1147
1149
1150
1151
1154
1158
1161
1163
1164
1170
1172
1177
1178
1182
1183
1184
1187
1188
1190
1191
1193
1194
1195
1196
1197
1201
1207
1208
1209
1210
1211
1212
1214
1216
1217
1218
1221
1224
1228
1231
1235
1236
1238
1239
1243
1244
1246
1249
1251
1252
1253
1254
1255
1256
1261
1263
1266
1267
1271
1273
1274
1276
1277
1281
1288
1289
1291
1292
1294
1296
1300
1301
1303
1306
1310
1311
1314
1315
1316
1319
1321
1325
1326
1328
1331
1332
1334
1335
1337
1338
1339
1341
1344
1345
1348
1350
1352
1353
1354
1355
1356
1358
1359
1360
1361
1362
1365
1366
1368
1371
1375
1377
1378
1379
1380
1382
1383
1384
1386
1388
1389
1390
1391
1392
1395
1399
1400
1402
1404
1405
1406
1408
1409
1410
1412
1414
1415
1416
1417
1422
1424
1425
1426
1428
1430
1431
1434
1436
1438
1439
1442
1444
1446
1448
1449
1450
1451
1453
1457
1463
1465
1466
1467
1468
1469
1471
1474
1479
1481
1483
1484
1485
1486
1487
1488
1492
1495
1497
1498
1501
1502
1504
1505
1506
1507
1509
1511
1514
1517
1518
1520
1522
1523
1527
1528
1529
1531
1535
1536
1540
1541
1543
1546
1551
1553
1555
1558
1562
1563
1565
1566
1567
1568
1569
1571
1572
1577
1581
1583
1584
1589
1590
1592
1593
1595
1597
1602
1604
1607
1609
1610
1611
1614
1617
1619
1620
1622
1623
1626
1627
1630
1631
1635
1641
1643
1646
1648
1649
1650
1654
1655
1656
1658
1660
1662
1664
1665
1666
1667
1668
1669
1670
1671
1673
1674
1675
1676
1678
1679
1680
1682
1683
1684
1685
1686
1687
1690
1692
1693
1694
1695
1696
1697
1698
1699
1701
1702
1703
1705
1707
1709
1711
1712
1713
1714
1716
1718
1723
1724
1726
1728
1729
1733
1735
1736
1739
1740
1743
1745
1746
1747
1748
1749
1750
1751
1753
1754
1760
1761
1762
1763
1767
1770
1771
1774
1776
1779
1782
1784
1786
1787
1788
1789
1791
1792
1795
1796
1799
1800
1802
1804
1806
1807
1808
1809
1810
1814
1819
1824
1825
1830
1831
1832
1834
1837
1838
1840
1843
1844
1845
1846
1848
1850
1851
1853
1854
1856
1858
1859
1864
1868
1869
1871
1875
1876
1889
1893
1897
1898
1901
1902
1908
1910
1911
1913
1914
1916
1917
1918
1920
1923
1925
1931
1936
1937
1938
1939
1941
1945
1946
1951
1953
1954
1955
1956
1961
1962
1964
1967
1968
1969
1971
1973
1977
1978
1980
1981
1982
1985
1989
1990
1992
1996
1997
2000
2001
2005
2012
2014
2015
2016
2017
2019
2020
2022
2024
2025
2027
2028
2030
2031
2032
2033
2037
2038
2040
2041
2043
2046
2047
2048
2049
2050
2053
2055
2057
2058
2060
2061
2062
2064
2065
2070
2071
2072
2073
2075
2076
2078
2080
2081
2084
2085
2087
2088
2090
2091
2096
2099
2104
2106
2107
2108
2109
2110
2111
2113
2116
2118
2121
2127
2130
2131
2135
2136
2137
2138
2140
2144
2145
2146
2149
2150
2151
2154
2157
2159
2163
2164
2165
2166
2168
2169
2170
2172
2173
2176
2177
2178
2179
2180
2183
2184
2185
2187
2188
2190
2191
2192
2194
2195
2196
2197
2198
2200
2204
2206
2208
2211
2213
2215
2217
2219
2220
2221
2227
2229
2230
2231
2232
2233
2234
2236
2237
2238
2239
2241
2242
2245
2246
2248
2250
2252
2253
2254
2258
2260
2262
2264
2266
2268
2269
2270
2272
2273
2277
2280
2281
2282
2288
2292
2295
2298
2302
2305
2310
2311
2313
2315
2316
2317
2321
2323
2324
2328
2329
2330
2331
2333
2334
2340
2341
2343
2345
2347
2348
2349
2350
2351
2354
2356
2357
2360
2361
2362
2364
2366
2370
2374
2375
2377
2380
2385
2386
2387
2391
2392
2393
2397
2399
2400
2403
2404
2405
2406
2408
2411
2412
2414
2415
2416
2420
2421
2422
2424
2425
2431
2436
2437
2439
2440
2441
2443
2444
2445
2447
2449
2461
2462
2466
2469
2470
2471
2473
2475
2480
2481
2482
2484
2488
2491
2494
2497
2498
2499
2500
2501
2504
2508
2509
2511
2512
2515
2516
2517
2519
2523
2524
2525
2526
2528
2529
2530
2532
2534
2535
2537
2538
2539
2540
2543
2545
2548
2549
2551
2553
2560
2561
2567
2568
2572
2573
2574
2575
2576
2578
2580
2581
2582
2583
2587
2588
2591
2592
2596
2600
2603
2604
2606
2607
2609
2612
2614
2616
2618
2623
2625
2627
2629
2630
2634
2635
2636
2637
2638
2639
2640
2643
2644
2649
2651
2655
2657
2660
2661
2665
2671
2672
2673
2675
2677
2678
2680
2682
2683
2685
2691
2693
2696
2697
2699
2701
2702
2703
2706
2708
2710
2712
2714
2715
2719
2721
2722
2724
2725
2726
2727
2730
2731
2732
2733
2735
2736
2737
2738
2739
2740
2743
2744
2748
2750
2751
2752
2754
2757
2758
2759
2760
2767
2773
2775
2778
2779
2780
2785
2787
2788
2789
2796
2798
2799
2800
2802
2806
2810
2811
2812
2813
2814
2817
2819
2820
2821
2822
2823
2824
2829
2830
2831
2832
2833
2836
2840
2842
2843
2845
2846
2847
2851
2852
2854
2855
2856
2857
2861
2864
2865
2868
2869
2870
2872
2873
2874
2878
2879
2880
2881
2882
2883
2884
2885
2886
2888
2891
2893
2894
2895
2903
2908
2909
2910
2912
2914
2915
2917
2918
2922
2924
2926
2928
2929
2930
2931
2933
2935
2939
2950
2951
2952
2954
2956
2960
2965
2968
2969
2971
2972
2974
2975
2976
2977
2978
2979
2981
2983
2984
2985
2988
2990
2991
2994
2995
2996
3000
3002
3010
3011
3013
3015
3016
3018
3019
3021
3023
3024
3027
3029
3031
3032
3033
3034
3036
3038
3040
3041
3042
3044
3045
3046
3047
3048
3049
3050
3054
3056
3057
3058
3060
3061
3064
3065
3066
3068
3069
3070
3071
3073
3077
3080
3083
3084
3085
3086
3087
3092
3095
3096
3098
3099
3101
3103
3107
3108
3111
3112
3115
3116
3117
3119
3121
3126
3127
3128
3129
3131
3133
3134
3135
3137
3138
3141
3142
3144
3145
3146
3154
3155
3157
3159
3162
3163
3167
3168
3169
3171
3175
3176
3178
3179
3184
3186
3187
3188
3189
3191
3192
3193
3194
3196
3197
3198
3199
3201
3206
3209
3212
3213
3214
3215
3218
3220
3221
3223
3224
3226
3229
3230
3231
3232
3233
3234
3235
3236
3238
3239
3240
3241
3243
3244
3247
3250
3251
3252
3254
3258
3260
3261
3263
3264
3267
3271
3272
3273
3275
3276
3277
3278
3279
3282
3286
3287
3290
3291
3293
3294
3295
3298
3299
3301
3302
3303
3305
3306
3309
3313
3314
3316
3320
3329
3331
3332
3333
3334
3338
3340
3341
3342
3344
3347
3349
3354
3355
3356
3358
3364
3366
3367
3368
3370
3371
3375
3376
3378
3379
3380
3383
3386
3387
3388
3390
3392
3396
3397
3398
3399
3409
3410
3416
3417
3423
3426
3427
3431
3433
