2
5
7
13
14
15
17
18
20
21
23
24
25
31
32
33
34
35
36
37
39
40
41
43
45
46
47
48
49
52
53
55
58
59
60
64
65
66
67
68
69
71
72
76
77
78
79
80
81
83
85
89
98
105
107
109
112
115
117
118
122
124
125
130
131
134
136
140
142
145
146
147
150
151
152
153
154
155
156
158
159
160
161
163
166
167
168
171
174
176
177
179
181
183
184
186
187
188
191
193
194
195
198
205
210
212
215
216
217
219
226
227
229
232
234
236
239
241
243
245
246
249
250
251
252
253
259
260
262
263
264
265
269
271
276
277
278
279
284
286
287
288
290
292
294
295
298
299
303
305
308
309
310
311
313
315
316
318
319
321
322
324
325
326
329
330
335
338
339
340
345
349
353
355
356
359
362
363
365
367
370
371
373
377
378
379
382
385
386
389
390
391
392
393
394
400
401
403
404
407
409
411
412
413
414
416
420
425
426
427
428
430
432
433
435
439
441
442
444
446
448
451
452
453
454
458
459
461
462
466
469
471
472
475
476
478
483
486
487
488
491
493
495
496
500
502
504
507
508
509
510
511
512
516
518
520
522
524
525
526
528
530
531
532
533
534
535
536
537
538
539
544
548
549
550
551
552
555
559
560
562
564
567
568
571
577
580
582
586
589
593
595
596
598
599
605
606
607
608
609
610
612
613
614
617
618
622
623
625
627
628
629
632
636
638
642
644
645
646
647
648
649
650
652
654
656
657
658
660
661
669
671
672
674
676
677
678
679
680
683
686
687
689
690
691
693
694
696
698
704
706
709
711
713
719
720
721
722
723
726
728
730
731
732
733
734
736
737
738
740
742
744
747
748
750
751
752
753
755
757
758
759
760
762
763
765
766
767
768
769
770
773
774
776
777
781
784
786
787
788
789
792
793
795
797
798
800
801
802
807
809
810
811
812
813
814
815
817
818
822
824
829
830
831
834
835
837
844
847
848
850
852
853
855
857
858
861
867
868
870
871
872
873
874
876
883
885
886
887
890
894
895
903
905
906
909
912
914
915
916
917
918
919
922
923
925
926
927
928
929
932
938
940
941
943
945
946
947
949
951
953
957
958
959
961
962
964
965
966
967
968
969
970
971
974
980
981
983
984
985
988
990
991
992
993
996
997
998
1000
1001
1005
1008
1009
1011
1013
1015
1016
1017
1020
1022
1024
1025
1026
1027
1028
1033
1034
1037
1038
1041
1044
1046
1048
1049
1050
1053
1054
1057
1063
1065
1068
1071
1072
1077
1078
1081
1082
1084
1085
1087
1088
1090
1092
1096
1097
1098
1099
1101
1102
1104
1110
1112
1113
1114
1115
1118
1119
1122
1123
1126
1127
1129
1130
1133
1138
1139
1142
1145
1146
1148
1151
1154
1156
1158
1159
1162
1163
1165
1172
1175
1177
1178
1180
1181
1182
1183
1184
1185
1187
1188
1189
1192
1194
1195
1197
1200
1204
1205
1206
1207
1210
1212
1213
1214
1216
1217
1219
1220
1224
1228
1229
1230
1232
1235
1236
1241
1243
1244
1246
1250
1251
1255
1256
1258
1259
1260
1261
1262
1264
1265
1269
1275
1276
1278
1280
1281
1282
1286
1289
1291
1294
1296
1297
1305
1308
1309
1310
1311
1316
1317
1321
1323
1324
1326
1327
1330
1332
1334
1337
1338
1339
1346
1347
1350
1351
1353
1354
1355
1356
1357
1358
1361
1362
1365
1367
1368
1370
1376
1378
1381
1382
1385
1387
1391
1393
1394
1395
1396
1398
1399
1401
1402
1404
1410
1412
1413
1414
1416
1421
1422
1424
1426
1427
1432
1434
1435
1436
1438
1439
1443
1447
1450
1452
1454
1456
1457
1460
1462
1463
1464
1465
1466
1469
1470
1472
1473
1474
1475
1476
1478
1479
1480
1482
1483
1485
1488
1490
1491
1496
1497
1498
1501
1502
1503
1507
1508
1509
1510
1511
1512
1514
1515
1517
1518
1525
1527
1528
1531
1532
1536
1538
1539
1543
1544
1549
1550
1552
1554
1555
1557
1558
1560
1562
1564
1565
1566
1571
1573
1578
1579
1580
1581
1589
1590
1591
1599
1601
1604
1605
1609
1611
1612
1613
1619
1620
1622
1624
1625
1630
1633
1634
1636
1638
1639
1640
1642
1644
1645
1646
1651
1652
1654
1655
1656
1657
1659
1661
1662
1663
1665
1666
1668
1670
1672
1673
1678
1684
1685
1686
1687
1692
1693
1696
1697
1700
1701
1703
1704
1705
1706
1708
1711
1712
1714
1718
1720
1721
1722
1724
1727
1731
1734
1735
1744
1745
1746
1751
1753
1754
1755
1756
1757
1758
1760
1763
1764
1765
1767
1768
1769
1771
1773
1775
1776
1778
1779
1780
1781
1782
1783
1784
1786
1788
1789
1790
1792
1793
1794
1795
1796
1798
1799
1800
1801
1802
1805
1807
1808
1809
1810
1811
1812
1817
1819
1821
1826
1827
1828
1830
1833
1839
1840
1841
1842
1843
1844
1845
1846
1850
1851
1857
1859
1860
1864
1867
1868
1869
1873
1876
1881
1882
1889
1890
1892
1893
1894
1895
1896
1897
1898
1900
1901
1905
1906
1908
1913
1914
1915
1917
1918
1919
1920
1922
1925
1926
1928
1929
1930
1931
1932
1933
1935
1938
1939
1941
1943
1945
1946
1947
1948
1950
1951
1952
1953
1954
1957
1958
1959
1960
1962
1963
1965
1967
1968
1969
1970
1972
1973
1974
1975
1977
1979
1983
1984
1985
1986
1988
1989
1990
1994
1995
1996
1997
2000
2003
2006
2009
2010
2012
2013
2014
2022
2023
2028
2037
2039
2040
2041
2043
2044
2046
2048
2052
2058
2059
2060
2063
2064
2067
2068
2070
2071
2072
2073
2074
2075
2077
2078
2080
2081
2082
2083
2084
2086
2100
2101
2102
2104
2105
2108
2110
2111
2119
2120
2122
2131
2132
2133
2135
2136
2141
2144
2146
2147
2150
2152
2157
2159
2160
2164
2166
2168
2169
2171
2172
2175
2177
2178
2181
2183
2184
2187
2188
2190
2193
2198
2199
2200
2201
2203
2205
2209
2211
2213
2214
2215
2216
2217
2219
2220
2221
2223
2225
2226
2228
2233
2234
2235
2236
2238
2240
2243
2245
2246
2249
2250
2252
2253
2255
2256
2258
2259
2260
2265
2267
2269
2271
2272
2273
2274
2276
2279
2280
2281
2288
2290
2291
2293
2297
2299
2301
2303
2305
2307
2308
2309
2311
2314
2315
2319
2321
2322
2323
2326
2327
2328
2329
2332
2335
2337
2338
2340
2343
2344
2345
2347
2348
2349
2352
2353
2357
2358
2359
2361
2362
2363
2364
2365
2369
2370
2371
2372
2374
2375
2377
2378
2381
2383
2388
2391
2392
2394
2395
2396
2397
2398
2405
2408
2410
2412
2416
2418
2420
2426
2428
2429
2430
2431
2432
2433
2437
2438
2441
2443
2444
2445
2449
2451
2454
2455
2456
2457
2458
2461
2462
2464
2465
2466
2472
2473
2474
2475
2477
2478
2481
2482
2486
2489
2491
2495
2496
2497
2498
2500
2502
2503
2508
2511
2513
2515
2517
2520
2521
2522
2526
2528
2535
2536
2537
2539
2540
2543
2545
2547
2549
2553
2558
2561
2565
2566
2568
2569
2572
2573
2574
2575
2576
2579
2581
2587
2589
2591
2592
2594
2598
2600
2603
2606
2607
2609
2613
2615
2619
2621
2622
2623
2628
2629
2633
2634
2636
2637
2638
2639
2642
2643
2644
2647
2650
2651
2655
2660
2661
2662
2665
2667
2671
2673
2674
2676
2678
2679
2682
2686
2689
2690
2692
2694
2695
2699
2702
2703
2705
2706
2707
2710
2711
2713
2714
2717
2719
2721
2722
2724
2727
2728
2732
2733
2734
2735
2736
2737
2738
2742
2744
2747
2748
2749
2750
2751
2752
2753
2756
2757
2761
2763
2767
2771
2773
2775
2776
2777
2778
2779
2780
2781
2785
2787
2788
2789
2790
2795
2796
2798
2804
2805
2808
2809
2810
2812
2813
2814
2816
2817
2820
2824
2826
2828
2830
2831
2836
2837
2839
2841
2842
2844
2848
2853
2854
2856
2858
2859
2861
2864
2865
2868
2869
2870
2872
2873
2874
2876
2879
2885
2886
2887
2889
2893
2894
2895
2896
2902
2903
2904
2906
2907
2909
2910
2911
2913
2916
2917
2918
2919
2920
2921
2924
2925
2926
2929
2931
2932
2933
2936
2937
2938
2939
2940
2943
2945
2946
2948
2949
2950
2951
2955
2958
2959
2961
2963
2969
2971
2972
2973
2975
2977
2981
2982
2984
2985
2987
2989
2990
2998
2999
3001
3004
3005
3006
3007
3014
3015
3016
3019
3021
3023
3025
3027
3028
3030
3032
3033
3034
3035
3037
3040
3041
3044
3049
3050
3053
3054
3055
3057
3059
3062
3064
3065
3066
3067
3071
3072
3073
3074
3077
3078
3081
3082
3083
3084
3087
3092
3094
3095
3096
3099
3100
3102
3104
3106
3107
3108
3109
3110
3115
3116
3117
3119
3120
3121
3123
3124
3125
3128
3131
3136
3138
3143
3144
3146
3147
3148
3149
3150
3151
3153
3154
3156
3157
3161
3162
3163
3164
3167
3169
3170
3172
3175
3176
3178
3180
3182
3185
3186
3187
3188
3191
3192
3193
3194
3195
3196
3197
3200
3201
3208
3209
3210
3211
3214
3216
3218
3219
3220
3221
3222
3223
3226
3227
3228
3229
3233
3237
3239
3243
3244
3245
3246
3247
3248
3249
3250
3251
3252
3255
3256
3261
3262
3264
3269
3271
3272
3277
3278
3280
3283
3285
3286
3287
3288
3290
3294
3295
3300
3301
3302
3304
3305
3307
3310
3312
3315
3316
3318
3319
3321
3325
3328
3330
3332
3333
3334
3339
3341
3342
3343
3344
3345
3346
3349
3350
3351
3353
3354
3355
3356
3357
3358
3362
3363
3366
3367
3370
3371
3375
3376
3377
3378
3381
3388
3390
3393
3394
3395
3397
3399
3400
3406
3407
3408
3411
3414
3421
3428
3429
3431
3433
