3
4
5
7
9
10
12
16
17
18
19
24
25
27
29
31
32
33
34
35
36
37
40
42
43
44
49
53
54
59
61
62
65
66
70
74
79
82
84
85
90
91
93
95
96
100
102
103
104
105
106
107
109
111
113
114
115
117
119
120
122
123
126
127
129
130
131
132
133
136
137
138
139
140
141
142
143
145
148
149
150
151
152
153
157
159
160
166
167
168
170
174
175
176
179
180
184
187
188
189
190
191
193
195
203
204
205
207
208
214
215
216
217
224
225
226
228
232
233
235
237
238
247
248
252
253
254
255
258
259
260
261
270
274
275
276
277
281
282
284
285
286
287
288
289
296
303
304
308
310
312
314
319
321
323
325
327
328
330
331
332
334
335
338
345
351
354
355
356
357
359
360
362
364
365
367
370
371
373
376
377
382
383
384
385
388
389
391
393
395
396
399
400
402
403
405
410
413
414
415
416
417
421
426
430
431
434
437
441
443
444
448
449
450
453
461
463
466
467
468
469
470
471
473
474
475
476
478
479
481
482
483
485
487
491
492
493
494
495
496
497
500
501
506
507
508
510
511
512
514
516
521
522
523
526
527
531
533
534
535
536
538
539
541
542
543
545
547
549
550
551
552
553
554
556
560
561
563
566
567
568
569
570
571
572
573
576
578
579
580
581
584
586
588
590
591
593
594
597
599
602
603
606
608
609
610
614
615
616
617
619
620
621
622
623
624
626
628
631
633
637
638
639
640
641
642
644
645
649
651
652
653
655
656
657
658
659
661
663
665
667
668
670
671
673
674
675
676
677
685
686
687
688
690
691
692
695
696
698
700
702
703
704
705
706
709
710
712
714
715
716
719
725
726
727
731
736
737
738
740
741
743
745
747
748
749
751
752
754
755
756
758
759
763
764
765
766
767
768
772
775
776
780
781
783
784
785
786
792
793
795
798
799
802
805
807
809
810
813
814
817
819
821
822
823
825
830
832
835
838
841
842
847
849
852
854
856
857
858
859
860
861
865
867
868
870
871
874
876
877
878
880
883
886
890
892
896
898
899
900
901
902
904
905
906
908
909
916
917
919
924
925
926
927
928
929
931
932
933
934
937
938
939
940
941
944
945
947
951
952
953
955
957
960
962
969
970
971
976
977
978
979
980
983
984
985
987
988
989
990
991
994
996
997
998
999
1000
1001
1003
1004
1008
1010
1012
1013
1016
1020
1021
1022
1023
1025
1031
1034
1036
1040
1043
1044
1046
1051
1052
1054
1055
1056
1061
1062
1064
1066
1068
1069
1072
1073
1076
1077
1081
1082
1084
1085
1087
1090
1095
1097
1100
1101
1103
1109
1110
1111
1114
1117
1118
1120
1121
1122
1123
1125
1126
1127
1128
1129
1133
1135
1136
1141
1144
1145
1146
1149
1150
1151
1153
1154
1156
1160
1163
1165
1167
1169
1170
1171
1172
1173
1174
1175
1178
1180
1181
1184
1190
1191
1192
1194
1196
1198
1201
1202
1205
1206
1207
1212
1213
1214
1215
1216
1218
1219
1220
1222
1225
1226
1228
1229
1230
1232
1233
1235
1237
1238
1239
1243
1244
1245
1248
1251
1253
1254
1255
1256
1258
1260
1264
1265
1266
1267
1268
1273
1275
1276
1278
1279
1281
1282
1283
1284
1285
1288
1290
1291
1293
1294
1295
1296
1297
1298
1299
1301
1303
1306
1307
1308
1309
1313
1315
1319
1323
1327
1334
1335
1340
1341
1343
1347
1348
1349
1350
1354
1357
1359
1361
1362
1364
1369
1373
1374
1380
1381
1387
1392
1393
1399
1409
1410
1415
1418
1420
1421
1424
1425
1426
1427
1429
1431
1434
1435
1436
1437
1439
1441
1442
1444
1446
1447
1449
1452
1453
1454
1455
1456
1461
1463
1464
1465
1468
1470
1474
1475
1477
1478
1480
1484
1485
1486
1488
1492
1493
1494
1496
1501
1504
1505
1507
1512
1513
1514
1516
1517
1518
1522
1523
1530
1532
1534
1536
1537
1543
1545
1546
1547
1549
1552
1554
1555
1556
1557
1562
1563
1569
1573
1575
1577
1578
1579
1583
1585
1589
1590
1591
1592
1594
1595
1597
1599
1603
1604
1606
1609
1610
1618
1619
1623
1625
1626
1628
1629
1631
1635
1636
1638
1639
1640
1641
1643
1645
1647
1648
1649
1653
1655
1656
1657
1658
1659
1660
1661
1662
1663
1666
1669
1671
1672
1675
1677
1678
1679
1680
1681
1683
1684
1689
1690
1691
1694
1695
1697
1700
1703
1704
1705
1706
1707
1708
1709
1716
1719
1721
1722
1724
1725
1726
1729
1732
1734
1742
1744
1745
1746
1748
1753
1755
1756
1760
1763
1764
1765
1766
1767
1768
1769
1770
1771
1777
1778
1782
1783
1786
1787
1788
1789
1790
1792
1794
1798
1799
1803
1804
1805
1807
1809
1810
1811
1813
1814
1816
1817
1819
1820
1821
1824
1825
1826
1830
1831
1832
1835
1840
1844
1848
1849
1850
1851
1852
1856
1857
1858
1859
1861
1862
1864
1865
1866
1867
1869
1870
1873
1875
1879
1880
1882
1884
1885
1886
1888
1889
1890
1892
1894
1895
1897
1899
1900
1905
1909
1914
1916
1917
1918
1922
1926
1928
1929
1931
1932
1934
1935
1936
1938
1941
1945
1946
1947
1948
1951
1953
1954
1957
1958
1959
1963
1964
1965
1967
1969
1971
1973
1979
1981
1983
1985
1988
1998
2000
2001
2003
2004
2006
2007
2010
2011
2013
2014
2016
2018
2019
2020
2023
2025
2028
2029
2031
2035
2037
2038
2040
2042
2043
2044
2047
2048
2051
2057
2058
2060
2061
2064
2068
2072
2079
2081
2084
2085
2088
2089
2092
2098
2099
2101
2102
2105
2106
2108
2111
2113
2114
2115
2116
2119
2121
2122
2125
2127
2128
2130
2136
2139
2140
2141
2142
2144
2145
2146
2149
2152
2153
2154
2158
2160
2162
2165
2166
2167
2168
2169
2170
2174
2178
2181
2182
2183
2184
2185
2186
2189
2190
2191
2192
2193
2195
2198
2200
2202
2203
2205
2206
2207
2208
2213
2214
2216
2217
2221
2222
2230
2234
2237
2239
2242
2244
2245
2246
2248
2249
2250
2251
2253
2257
2258
2259
2260
2262
2263
2265
2268
2270
2271
2276
2280
2283
2286
2287
2290
2292
2294
2295
2297
2299
2300
2301
2302
2304
2306
2310
2312
2313
2314
2315
2320
2323
2324
2331
2332
2333
2334
2335
2337
2339
2340
2342
2349
2352
2354
2355
2356
2357
2360
2362
2363
2366
2367
2368
2371
2372
2373
2374
2375
2376
2377
2379
2381
2382
2383
2385
2386
2388
2391
2392
2394
2395
2396
2397
2398
2400
2405
2407
2412
2413
2415
2416
2420
2421
2422
2428
2431
2432
2435
2440
2442
2443
2445
2446
2447
2452
2455
2457
2460
2462
2464
2466
2468
2470
2471
2473
2474
2475
2479
2481
2483
2487
2488
2491
2492
2494
2501
2505
2511
2517
2518
2519
2521
2523
2528
2529
2530
2531
2533
2539
2540
2541
2542
2543
2544
2545
2546
2547
2548
2552
2553
2554
2556
2557
2559
2560
2561
2564
2566
2569
2571
2572
2573
2574
2575
2576
2577
2578
2581
2582
2583
2586
2587
2591
2593
2594
2595
2596
2597
2599
2604
2608
2612
2615
2617
2618
2619
2622
2625
2626
2627
2629
2630
2631
2635
2636
2640
2642
2643
2645
2647
2648
2649
2650
2652
2653
2654
2656
2657
2658
2660
2662
2664
2665
2666
2667
2668
2671
2672
2673
2677
2678
2680
2681
2682
2684
2689
2690
2691
2698
2699
2704
2706
2707
2708
2713
2714
2717
2719
2720
2721
2722
2727
2728
2729
2730
2735
2737
2738
2739
2742
2744
2745
2749
2750
2751
2752
2754
2755
2756
2757
2758
2759
2761
2763
2764
2765
2767
2768
2769
2770
2773
2776
2777
2779
2780
2781
2782
2783
2784
2786
2788
2789
2791
2792
2795
2798
2800
2801
2803
2804
2805
2807
2808
2811
2814
2815
2817
2819
2821
2822
2823
2824
2826
2830
2833
2834
2837
2839
2840
2841
2842
2845
2848
2850
2851
2852
2856
2859
2861
2865
2866
2868
2874
2875
2876
2877
2878
2881
2887
2890
2892
2895
2896
2897
2899
2900
2902
2904
2906
2908
2909
2910
2911
2913
2914
2920
2922
2923
2924
2926
2928
2931
2932
2936
2937
2938
2939
2940
2944
2946
2949
2952
2953
2955
2956
2958
2959
2960
2961
2964
2969
2970
2973
2975
2976
2979
2981
2984
2985
2986
2987
2988
2989
2991
2994
2995
2998
2999
3002
3003
3004
3006
3008
3009
3013
3015
3017
3018
3019
3021
3022
3023
3024
3025
3026
3030
3031
3032
3036
3037
3041
3042
3045
3046
3047
3048
3051
3053
3054
3056
3058
3061
3062
3063
3065
3066
3068
3069
3070
3071
3072
3073
3075
3080
3081
3084
3086
3087
3088
3090
3092
3093
3094
3096
3097
3098
3099
3101
3102
3109
3110
3112
3113
3114
3115
3116
3119
3120
3121
3129
3131
3132
3134
3136
3138
3139
3141
3142
3144
3146
3147
3149
3151
3153
3160
3161
3162
3164
3166
3167
3170
3174
3176
3178
3181
3183
3185
3187
3188
3189
3196
3197
3199
3204
3206
3208
3210
3211
3212
3215
3216
3218
3224
3227
3229
3230
3235
3236
3240
3241
3243
3244
3247
3250
3254
3259
3261
3266
3267
3268
3271
3273
3274
3275
3276
3281
3285
3287
3289
3291
3294
3299
3301
3302
3303
3305
3307
3308
3310
3311
3313
3314
3316
3317
3319
3322
3323
3324
3325
3326
3327
3331
3333
3334
3335
3337
3339
3346
3347
3348
3349
3351
3356
3357
3358
3360
3361
3362
3363
3365
3366
3367
3368
3369
3371
3372
3373
3374
3375
3376
3377
3389
3392
3395
3397
3398
3400
3402
3405
3406
3407
3408
3409
3410
3412
3418
3419
3421
3423
3425
3429
3431
3434
