1
2
3
4
5
6
7
8
11
16
17
18
19
20
22
23
24
25
27
28
29
34
37
39
40
43
45
48
49
51
52
54
55
57
59
60
61
62
63
64
65
67
68
69
70
71
75
77
79
80
81
82
83
86
89
90
91
92
93
94
95
96
97
98
100
101
103
104
105
106
109
110
111
112
113
114
116
117
118
119
121
123
124
125
126
127
128
130
131
132
133
135
138
139
140
142
143
144
145
146
149
150
151
152
154
155
156
157
158
159
160
161
162
163
164
165
166
167
168
169
170
171
173
178
179
182
183
184
185
186
188
189
190
191
192
196
199
200
201
202
203
204
205
206
210
211
212
218
220
221
224
225
226
229
231
232
233
234
235
237
239
240
241
242
244
245
246
248
249
250
251
253
254
255
256
257
258
259
260
261
263
264
265
266
267
268
269
270
271
272
273
274
275
276
277
278
282
283
284
285
286
287
288
289
290
294
295
296
297
298
300
301
303
304
309
310
311
314
315
317
319
320
321
322
323
324
325
327
328
330
332
334
335
336
337
338
339
341
343
344
346
347
348
351
352
353
354
355
356
357
359
360
362
364
365
369
370
372
373
374
375
376
377
378
379
380
383
384
385
386
387
388
389
390
391
393
394
395
396
397
398
400
401
402
403
405
406
407
408
409
410
413
414
415
416
417
419
421
422
424
426
428
429
430
431
432
434
435
436
440
441
442
443
444
445
446
447
448
449
450
451
452
453
454
456
457
459
460
463
465
466
469
470
471
472
473
474
475
476
477
478
479
480
481
482
483
484
485
486
487
490
491
492
493
494
495
496
498
499
500
501
503
504
505
506
508
509
510
512
513
514
515
516
518
519
520
522
523
524
525
526
527
528
531
532
533
534
538
539
542
543
544
545
546
547
549
551
553
554
555
558
559
561
562
563
564
565
566
567
568
569
570
572
573
574
575
576
578
579
580
581
583
584
585
586
587
588
591
593
597
598
599
600
601
602
604
606
607
608
609
614
615
616
617
618
619
623
625
626
627
629
633
634
639
641
643
644
645
647
649
651
652
653
654
655
656
658
659
660
661
662
663
664
666
668
669
671
672
673
674
675
676
679
681
683
684
685
688
692
694
695
696
697
698
699
700
703
704
706
707
708
709
710
711
712
714
715
718
719
721
722
723
728
729
730
732
733
734
735
737
739
741
742
743
744
748
750
752
753
756
757
758
759
760
762
763
764
765
767
771
772
773
774
775
777
778
779
780
782
785
786
787
788
789
790
791
792
793
796
797
798
800
802
803
804
806
808
809
810
811
812
813
814
815
816
818
819
821
822
823
825
829
831
832
834
835
836
837
838
839
840
842
843
845
846
847
848
849
851
852
854
856
857
859
861
862
863
864
865
866
867
868
869
870
872
873
874
875
876
877
878
880
882
885
886
887
888
889
890
891
892
893
895
897
898
899
902
903
904
905
906
907
908
910
911
912
914
915
916
918
919
922
923
925
927
928
929
930
932
934
935
936
939
940
942
944
945
946
947
948
951
954
955
957
958
960
962
963
964
965
966
968
969
971
972
973
975
977
978
980
982
983
985
989
992
993
994
995
996
997
998
999
1000
1001
1002
1003
1004
1005
1007
1008
1011
1012
1013
1014
1016
1018
1019
1022
1024
1029
1031
1032
1033
1034
1035
1037
1038
1039
1045
1046
1047
1048
1050
1051
1052
1054
1055
1056
1057
1058
1059
1060
1061
1062
1063
1064
1065
1066
1067
1068
1069
1070
1071
1072
1074
1076
1077
1079
1081
1082
1084
1085
1086
1087
1088
1089
1090
1092
1095
1096
1097
1098
1099
1100
1102
1104
1105
1106
1107
1108
1109
1110
1111
1112
1113
1114
1115
1119
1121
1122
1123
1124
1125
1126
1127
1128
1129
1130
1131
1132
1133
1134
1135
1136
1137
1138
1140
1141
1143
1144
1145
1146
1147
1148
1149
1150
1151
1152
1153
1154
1155
1157
1158
1160
1161
1162
1163
1164
1165
1166
1168
1170
1171
1173
1175
1176
1178
1180
1182
1183
1184
1187
1188
1189
1191
1192
1193
1194
1195
1196
1197
1198
1199
1200
1201
1204
1205
1206
1207
1208
1209
1210
1211
1212
1213
1214
1217
1220
1221
1222
1223
1224
1225
1226
1228
1230
1231
1232
1234
1237
1238
1239
1241
1244
1245
1246
1249
1251
1252
1253
1254
1255
1256
1257
1259
1260
1262
1263
1264
1266
1268
1270
1271
1272
1274
1275
1276
1277
1279
1280
1282
1285
1286
1287
1288
1289
1290
1292
1293
1294
1295
1298
1299
1301
1303
1304
1305
1306
1307
1308
1311
1312
1314
1315
1316
1319
1321
1323
1326
1327
1329
1331
1332
1334
1335
1338
1339
1340
1341
1342
1343
1346
1347
1349
1350
1352
1355
1356
1357
1358
1359
1360
1361
1364
1366
1367
1368
1369
1370
1372
1373
1374
1375
1377
1378
1380
1382
1383
1384
1385
1387
1388
1389
1390
1391
1392
1393
1395
1396
1398
1401
1403
1404
1405
1406
1407
1408
1410
1411
1412
1416
1418
1419
1420
1421
1423
1424
1426
1427
1429
1430
1431
1432
1435
1438
1439
1443
1444
1448
1449
1450
1451
1452
1455
1456
1457
1458
1459
1463
1464
1471
1473
1474
1475
1476
1477
1478
1479
1481
1482
1483
1484
1485
1486
1487
1488
1489
1490
1493
1494
1495
1496
1497
1499
1500
1502
1503
1504
1505
1507
1508
1509
1510
1511
1512
1513
1515
1516
1518
1519
1520
1522
1523
1524
1525
1526
1528
1531
1533
1534
1535
1536
1537
1538
1539
1540
1541
1542
1543
1544
1545
1548
1549
1551
1552
1554
1555
1556
1557
1559
1560
1561
1563
1564
1565
1566
1568
1570
1573
1574
1575
1576
1577
1578
1579
1581
1582
1583
1584
1585
1586
1587
1588
1589
1590
1592
1593
1596
1598
1600
1602
1603
1605
1607
1610
1615
1616
1617
1618
1620
1621
1622
1625
1626
1627
1628
1632
1633
1634
1635
1636
1637
1638
1639
1642
1643
1644
1645
1646
1647
1648
1652
1654
1656
1657
1658
1659
1660
1662
1663
1664
1665
1667
1668
1669
1670
1671
1672
1674
1675
1676
1678
1680
1681
1682
1684
1685
1688
1689
1690
1693
1694
1698
1700
1701
1703
1704
1706
1707
1708
1709
1710
1711
1712
1714
1715
1716
1717
1718
1719
1720
1721
1723
1727
1729
1731
1732
1733
1734
1735
1736
1738
1739
1740
1743
1744
1745
1746
1747
1748
1749
1751
1752
1753
1754
1756
1761
1762
1763
1764
1766
1769
1771
1772
1774
1777
1778
1782
1785
1788
1789
1790
1791
1792
1794
1796
1800
1804
1806
1807
1808
1809
1810
1811
1812
1813
1815
1818
1819
1820
1821
1822
1824
1826
1827
1828
1829
1830
1831
1832
1833
1835
1836
1840
1841
1843
1844
1845
1848
1849
1850
1851
1852
1854
1860
1861
1863
1864
1865
1866
1867
1868
1869
1870
1871
1873
1877
1879
1880
1881
1882
1883
1884
1886
1887
1890
1892
1893
1894
1896
1897
1898
1899
1900
1902
1903
1904
1905
1906
1907
1910
1913
1915
1916
1917
1918
1919
1920
1921
1923
1924
1934
1935
1936
1937
1939
1940
1941
1942
1944
1945
1947
1949
1950
1954
1955
1956
1957
1958
1959
1960
1962
1963
1964
1966
1967
1968
1969
1970
1971
1972
1974
1978
1979
1980
1981
1982
1983
1985
1986
1987
1989
1990
1992
1993
1994
1996
1997
1998
1999
2000
2002
2004
2007
2008
2009
2011
2013
2014
2017
2018
2019
2020
2021
2022
2023
2024
2026
2027
2028
2029
2031
2032
2033
2034
2035
2036
2038
2041
2043
2045
2046
2047
2048
2051
2052
2054
2055
2056
2057
2059
2060
2061
2062
2063
2064
2065
2067
2068
2072
2073
2075
2077
2078
2079
2081
2084
2086
2087
2089
2090
2092
2095
2098
2099
2100
2101
2103
2104
2105
2106
2107
2108
2109
2110
2113
2114
2115
2116
2117
2118
2119
2120
2121
2122
2124
2129
2131
2133
2134
2135
2137
2138
2140
2141
2142
2143
2144
2146
2147
2149
2151
2152
2153
2154
2158
2162
2163
2164
2166
2167
2168
2169
2170
2171
2172
2174
2175
2177
2178
2180
2181
2182
2183
2184
2185
2186
2187
2188
2189
2190
2192
2193
2196
2197
2199
2200
2201
2202
2203
2206
2207
2208
2209
2212
2213
2214
2215
2216
2217
2218
2219
2221
2222
2223
2224
2225
2226
2227
2229
2231
2232
2234
2235
2236
2238
2240
2242
2243
2244
2245
2246
2248
2249
2251
2253
2258
2261
2263
2264
2265
2266
2267
2269
2270
2271
2272
2273
2275
2278
2279
2280
2281
2283
2284
2285
2286
2287
2288
2289
2290
2291
2292
2293
2295
2298
2301
2302
2303
2304
2305
2307
2308
2310
2311
2312
2313
2314
2315
2317
2318
2319
2320
2321
2322
2324
2325
2326
2327
2328
2329
2330
2332
2333
2334
2335
2336
2337
2338
2340
2341
2343
2344
2345
2347
2349
2350
2351
2352
2353
2354
2355
2356
2357
2358
2359
2360
2361
2362
2363
2366
2367
2368
2370
2372
2373
2378
2379
2380
2382
2383
2384
2385
2387
2388
2389
2393
2394
2395
2396
2397
2398
2399
2402
2403
2405
2406
2408
2410
2411
2412
2413
2414
2415
2417
2418
2420
2421
2423
2424
2425
2426
2427
2428
2429
2430
2432
2434
2436
2437
2438
2439
2440
2441
2446
2447
2448
2449
2451
2452
2453
2454
2455
2456
2457
2459
2461
2462
2463
2464
2465
2466
2467
2470
2471
2473
2474
2478
2479
2480
2481
2483
2484
2486
2487
2488
2490
2492
2493
2495
2496
2497
2498
2500
2501
2502
2503
2504
2506
2507
2508
2509
2510
2511
2512
2513
2517
2518
2519
2520
2521
2523
2524
2527
2528
2529
2530
2531
2533
2534
2537
2538
2540
2541
2543
2544
2545
2547
2548
2549
2550
2551
2552
2553
2555
2556
2558
2559
2560
2561
2563
2564
2566
2567
2568
2569
2571
2573
2576
2580
2581
2583
2584
2585
2586
2588
2590
2591
2592
2594
2598
2599
2600
2602
2603
2604
2608
2609
2610
2612
2616
2617
2619
2620
2621
2623
2624
2625
2627
2628
2629
2630
2632
2633
2636
2638
2640
2641
2642
2644
2647
2648
2649
2650
2651
2652
2654
2655
2657
2659
2660
2661
2663
2664
2665
2666
2667
2668
2669
2670
2672
2673
2674
2676
2677
2678
2679
2680
2681
2682
2684
2685
2686
2687
2689
2690
2694
2695
2696
2697
2698
2699
2700
2701
2702
2703
2704
2705
2706
2707
2708
2709
2710
2711
2712
2713
2714
2715
2717
2718
2719
2720
2722
2723
2724
2726
2727
2728
2729
2731
2732
2734
2735
2736
2737
2738
2739
2740
2741
2742
2743
2744
2746
2748
2749
2750
2751
2752
2754
2756
2757
2758
2759
2760
2762
2763
2764
2765
2766
2767
2768
2769
2770
2771
2772
2773
2774
2778
2780
2781
2782
2784
2785
2786
2787
2788
2789
2790
2793
2795
2797
2798
2800
2801
2802
2806
2807
2809
2811
2813
2815
2816
2817
2818
2819
2820
2821
2822
2823
2824
2825
2827
2828
2830
2831
2832
2833
2834
2835
2836
2837
2838
2839
2840
2841
2843
2844
2845
2847
2849
2850
2852
2855
2858
2859
2860
2861
2863
2866
2868
2869
2870
2871
2873
2875
2876
2877
2878
2879
2880
2881
2882
2883
2884
2885
2886
2887
2888
2889
2890
2894
2896
2897
2898
2899
2903
2904
2906
2908
2909
2911
2913
2916
2917
2918
2919
2920
2921
2922
2923
2925
2926
2929
2932
2934
2937
2938
2940
2941
2942
2945
2946
2947
2949
2951
2955
2957
2959
2960
2961
2962
2963
2964
2965
2966
2967
2968
2969
2970
2971
2973
2974
2975
2976
2977
2978
2981
2982
2983
2985
2987
2989
2990
2992
2994
2995
2996
2997
3000
3001
3002
3003
3004
3007
3008
3009
3011
3012
3015
3018
3019
3020
3021
3022
3023
3024
3025
3026
3028
3029
3030
3031
3035
3036
3039
3040
3042
3044
3045
3046
3047
3048
3049
3050
3051
3053
3054
3055
3059
3060
3061
3063
3064
3066
3068
3069
3070
3072
3074
3075
3076
3077
3078
3080
3081
3082
3083
3084
3085
3087
3088
3089
3090
3092
3094
3096
3100
3102
3103
3104
3105
3106
3111
3112
3113
3115
3116
3117
3118
3120
3121
3122
3123
3126
3127
3129
3130
3132
3133
3134
3135
3136
3137
3140
3141
3143
3144
3147
3149
3152
3153
3154
3155
3156
3157
3160
3161
3163
3165
3166
3167
3168
3169
3170
3171
3173
3174
3175
3176
3177
3179
3182
3183
3184
3185
3188
3189
3190
3192
3193
3196
3197
3198
3199
3200
3201
3202
3203
3204
3205
3206
3207
3208
3210
3211
3212
3213
3215
3218
3219
3220
3221
3222
3223
3224
3226
3227
3230
3231
3232
3233
3234
3235
3236
3238
3240
3242
3243
3244
3246
3252
3254
3255
3256
3257
3259
3260
3263
3264
3265
3267
3270
3271
3273
3275
3277
3278
3279
3280
3281
3282
3283
3284
3286
3287
3288
3289
3291
3292
3294
3295
3296
3297
3298
3299
3300
3303
3304
3305
3306
3307
3308
3309
3311
3312
3313
3314
3315
3316
3318
3319
3320
3321
3323
3324
3325
3327
3328
3329
3330
3331
3333
3334
3335
3337
3338
3339
3340
3342
3343
3344
3345
3346
3348
3349
3350
3351
3353
3354
3355
3356
3358
3359
3360
3361
3362
3364
3365
3367
3368
3369
3371
3372
3373
3374
3376
3377
3378
3380
3381
3383
3384
3385
3387
3389
3393
3394
3395
3396
3397
3398
3399
3400
3403
3406
3407
3408
3412
3413
3414
3415
3416
3418
3419
3420
3421
3422
3423
3425
3427
3428
3430
3432
