1
2
4
7
8
9
10
11
12
13
14
15
16
17
19
20
21
22
23
24
25
26
28
29
32
33
34
36
37
38
39
40
42
44
45
46
47
48
49
52
53
55
58
59
60
61
62
63
66
67
68
69
73
75
76
77
79
80
81
83
84
85
86
87
88
89
90
92
93
94
95
96
97
98
99
101
102
103
105
106
108
109
110
111
112
115
116
118
119
120
121
122
123
124
125
127
128
129
131
133
134
135
137
139
143
144
145
146
147
148
149
150
151
152
153
154
156
157
160
161
162
163
165
167
169
170
171
172
173
174
175
176
177
179
180
181
182
183
184
186
187
188
189
190
191
192
193
194
196
197
199
200
202
204
205
206
207
208
209
210
212
213
217
218
220
221
222
224
226
227
228
229
230
231
232
233
234
235
236
237
238
239
240
241
243
244
245
246
249
250
251
252
253
254
255
256
259
260
261
262
264
266
267
268
269
270
273
274
276
278
279
281
282
284
285
287
288
289
290
291
292
294
295
296
297
299
300
301
302
303
305
307
308
309
310
312
313
315
316
317
321
322
325
326
327
329
330
331
332
333
334
335
336
338
341
343
344
345
346
349
350
352
353
354
355
357
358
360
362
363
364
365
366
367
368
369
370
371
372
373
375
376
377
378
379
381
383
385
389
391
393
394
395
396
397
398
399
401
402
404
405
408
409
410
411
413
414
415
416
417
419
420
422
423
425
427
428
432
434
437
439
440
442
443
444
445
446
448
449
450
451
452
453
454
456
458
460
461
462
463
464
465
466
469
470
471
472
475
476
478
480
481
482
484
486
488
490
492
493
495
496
498
501
502
504
505
506
508
509
511
512
513
514
515
516
523
525
526
527
528
530
531
532
533
534
535
536
537
538
539
540
542
543
545
547
548
550
552
553
555
557
558
560
562
563
565
567
568
569
572
573
574
577
578
579
580
581
582
583
584
586
587
588
589
590
591
592
593
596
597
598
599
600
601
602
604
605
606
607
608
609
611
612
613
614
615
616
621
624
625
626
627
630
631
632
633
634
635
636
637
638
640
641
643
644
645
648
649
650
652
653
655
656
657
658
659
660
661
662
664
670
671
673
674
675
676
679
680
681
682
683
684
685
687
688
690
691
692
693
694
695
697
698
699
700
701
702
705
706
707
708
709
711
712
713
715
716
718
719
720
722
723
724
726
727
729
732
733
734
735
736
738
739
740
741
743
744
745
747
748
751
753
754
755
757
758
759
760
762
763
765
766
767
768
769
770
772
773
778
779
780
783
786
787
788
789
790
791
792
793
794
795
796
797
798
799
803
805
806
807
808
809
811
813
814
815
816
817
818
819
820
821
822
823
824
825
826
827
828
832
834
835
837
839
840
841
842
843
844
845
849
853
854
858
859
861
862
865
868
869
870
871
872
873
876
877
878
879
882
883
884
886
888
890
893
894
897
900
901
902
903
904
905
906
910
911
913
915
916
917
918
922
923
924
925
926
927
928
929
930
931
932
933
934
935
936
937
939
940
941
942
944
946
947
948
949
950
952
955
956
957
958
959
961
962
963
964
965
966
968
969
970
971
972
973
975
976
977
978
979
980
981
982
985
986
987
988
989
990
991
992
993
994
996
997
998
999
1000
1003
1007
1008
1009
1010
1011
1013
1016
1017
1018
1019
1020
1021
1025
1027
1028
1030
1031
1032
1034
1036
1037
1038
1039
1040
1041
1042
1044
1045
1046
1047
1048
1049
1050
1051
1053
1054
1055
1056
1057
1058
1059
1060
1061
1062
1063
1064
1065
1067
1068
1070
1071
1073
1074
1077
1078
1079
1080
1081
1082
1083
1084
1085
1086
1088
1091
1092
1093
1098
1099
1101
1103
1104
1105
1106
1107
1108
1109
1111
1112
1113
1114
1115
1116
1122
1123
1124
1125
1126
1127
1128
1129
1130
1132
1133
1134
1135
1137
1138
1139
1140
1142
1143
1144
1145
1146
1151
1152
1153
1155
1157
1158
1160
1161
1162
1163
1165
1166
1167
1168
1169
1171
1172
1173
1174
1177
1178
1182
1183
1184
1185
1186
1187
1189
1193
1194
1195
1196
1197
1198
1199
1201
1202
1203
1204
1205
1206
1207
1210
1211
1212
1213
1215
1216
1219
1223
1224
1225
1226
1228
1230
1231
1232
1234
1235
1238
1239
1240
1241
1243
1245
1246
1251
1252
1253
1254
1255
1256
1257
1258
1259
1262
1265
1266
1269
1270
1271
1273
1274
1275
1277
1279
1280
1281
1282
1283
1284
1288
1291
1292
1293
1297
1298
1299
1301
1304
1305
1306
1309
1310
1311
1314
1316
1317
1318
1321
1322
1323
1324
1326
1329
1331
1332
1333
1334
1335
1336
1338
1341
1342
1343
1345
1346
1347
1348
1349
1350
1351
1352
1355
1358
1359
1360
1361
1362
1363
1364
1369
1370
1371
1372
1373
1374
1375
1376
1378
1380
1381
1382
1384
1385
1387
1388
1389
1390
1391
1392
1393
1394
1395
1396
1397
1398
1401
1402
1403
1405
1406
1407
1408
1409
1410
1412
1413
1414
1415
1418
1419
1420
1421
1422
1423
1425
1426
1427
1428
1429
1432
1435
1437
1438
1439
1442
1443
1444
1445
1448
1449
1451
1452
1453
1455
1456
1457
1458
1459
1460
1461
1462
1463
1464
1465
1466
1468
1469
1470
1471
1472
1473
1476
1477
1479
1480
1481
1483
1484
1485
1487
1488
1489
1490
1491
1493
1494
1495
1496
1497
1498
1499
1501
1503
1504
1505
1506
1507
1508
1509
1510
1511
1512
1513
1514
1515
1516
1517
1518
1520
1521
1522
1523
1525
1528
1529
1530
1532
1533
1534
1535
1536
1537
1538
1541
1544
1545
1546
1547
1548
1549
1551
1554
1555
1558
1562
1563
1565
1566
1567
1568
1570
1572
1573
1574
1575
1576
1577
1583
1584
1585
1586
1589
1591
1592
1593
1594
1595
1596
1597
1598
1599
1600
1601
1604
1605
1606
1607
1608
1610
1611
1613
1614
1616
1617
1618
1619
1620
1621
1624
1625
1626
1627
1628
1630
1631
1632
1633
1634
1635
1636
1637
1641
1642
1646
1647
1648
1650
1652
1653
1654
1655
1656
1657
1658
1660
1661
1667
1668
1669
1670
1671
1676
1677
1678
1679
1681
1684
1685
1686
1687
1688
1690
1691
1692
1693
1694
1695
1697
1698
1699
1701
1702
1703
1704
1709
1710
1711
1712
1714
1716
1717
1719
1720
1723
1726
1727
1729
1730
1731
1732
1733
1734
1736
1738
1740
1741
1742
1743
1744
1745
1746
1748
1750
1752
1753
1754
1755
1757
1758
1760
1763
1764
1765
1766
1767
1768
1769
1770
1771
1772
1774
1776
1777
1779
1780
1781
1782
1784
1785
1786
1790
1792
1795
1796
1797
1798
1799
1800
1801
1805
1808
1809
1813
1816
1817
1818
1819
1820
1821
1822
1823
1824
1825
1826
1827
1828
1830
1833
1834
1835
1836
1838
1839
1841
1842
1843
1845
1846
1847
1848
1850
1851
1853
1860
1861
1863
1865
1867
1868
1870
1871
1872
1873
1874
1880
1882
1883
1884
1885
1886
1888
1889
1890
1892
1893
1894
1895
1896
1898
1899
1900
1901
1902
1904
1905
1906
1908
1909
1910
1911
1913
1915
1916
1917
1918
1919
1920
1921
1922
1923
1924
1925
1927
1928
1929
1930
1932
1933
1934
1935
1936
1938
1939
1943
1944
1945
1946
1947
1948
1949
1950
1951
1953
1954
1956
1957
1959
1962
1963
1964
1965
1966
1968
1969
1970
1971
1972
1974
1977
1979
1980
1983
1984
1985
1986
1989
1990
1992
1994
1996
1997
1998
2002
2004
2005
2007
2008
2009
2010
2013
2014
2015
2016
2017
2018
2019
2021
2022
2023
2024
2025
2026
2027
2028
2029
2030
2035
2036
2040
2041
2042
2043
2044
2046
2047
2048
2049
2053
2054
2057
2058
2059
2060
2063
2064
2066
2068
2070
2072
2073
2074
2076
2077
2078
2079
2081
2082
2083
2084
2085
2086
2088
2089
2090
2092
2093
2094
2096
2097
2098
2100
2101
2102
2103
2106
2107
2110
2111
2113
2114
2115
2116
2117
2118
2119
2120
2121
2122
2123
2124
2125
2126
2127
2128
2129
2130
2131
2132
2133
2135
2137
2138
2139
2140
2141
2142
2143
2144
2145
2146
2149
2150
2152
2153
2155
2156
2157
2158
2159
2160
2161
2162
2163
2164
2166
2168
2169
2170
2173
2175
2176
2179
2180
2181
2185
2187
2188
2189
2191
2192
2194
2195
2196
2197
2199
2200
2201
2202
2204
2205
2207
2209
2210
2211
2212
2213
2215
2216
2217
2218
2219
2220
2222
2224
2225
2226
2227
2228
2229
2230
2232
2233
2234
2236
2237
2240
2242
2243
2244
2245
2247
2248
2249
2251
2252
2255
2256
2257
2258
2259
2260
2262
2266
2268
2269
2270
2273
2274
2276
2277
2280
2283
2284
2285
2286
2287
2289
2290
2293
2297
2298
2299
2300
2301
2302
2303
2304
2305
2306
2307
2308
2310
2311
2312
2314
2315
2316
2317
2318
2319
2320
2321
2322
2323
2324
2325
2327
2329
2330
2331
2333
2334
2335
2336
2337
2338
2340
2341
2343
2344
2345
2346
2348
2351
2352
2354
2356
2357
2358
2360
2361
2362
2364
2365
2367
2371
2372
2373
2375
2376
2377
2379
2380
2383
2384
2385
2387
2388
2389
2394
2395
2396
2397
2399
2401
2402
2403
2405
2406
2407
2410
2412
2413
2414
2415
2416
2420
2421
2423
2424
2425
2426
2428
2429
2432
2433
2435
2436
2438
2440
2441
2442
2444
2445
2446
2447
2448
2449
2451
2452
2453
2454
2455
2456
2457
2458
2459
2460
2461
2462
2463
2465
2467
2468
2469
2471
2474
2477
2478
2479
2480
2482
2486
2487
2488
2489
2490
2491
2494
2496
2497
2498
2499
2500
2501
2503
2505
2506
2507
2508
2509
2510
2511
2512
2513
2514
2515
2516
2517
2520
2526
2528
2529
2530
2531
2532
2533
2534
2537
2539
2540
2541
2542
2548
2549
2550
2551
2552
2554
2555
2556
2559
2561
2562
2568
2569
2570
2571
2574
2577
2578
2580
2581
2582
2583
2585
2586
2587
2590
2591
2592
2595
2600
2601
2602
2603
2605
2606
2607
2611
2612
2613
2615
2616
2617
2619
2621
2622
2623
2624
2625
2626
2627
2628
2629
2630
2632
2633
2634
2635
2636
2637
2639
2640
2641
2642
2643
2644
2645
2646
2647
2648
2651
2652
2654
2658
2659
2661
2662
2664
2665
2666
2669
2671
2672
2673
2674
2675
2676
2677
2679
2680
2682
2685
2686
2687
2689
2690
2691
2693
2694
2695
2696
2702
2703
2704
2705
2706
2707
2708
2709
2710
2711
2712
2716
2717
2718
2719
2720
2722
2723
2724
2726
2730
2731
2732
2734
2737
2738
2739
2740
2741
2742
2743
2746
2747
2748
2749
2750
2751
2752
2754
2756
2757
2758
2759
2760
2761
2763
2764
2765
2766
2767
2768
2769
2770
2771
2772
2775
2776
2777
2778
2779
2784
2785
2787
2788
2789
2790
2792
2794
2795
2797
2801
2803
2804
2805
2806
2808
2809
2810
2812
2813
2816
2817
2818
2819
2820
2822
2824
2826
2827
2828
2830
2831
2833
2834
2837
2839
2841
2842
2846
2848
2849
2850
2851
2852
2855
2858
2861
2864
2865
2866
2867
2868
2869
2870
2871
2873
2874
2875
2876
2877
2879
2880
2882
2883
2884
2885
2888
2889
2890
2892
2893
2894
2896
2898
2899
2901
2904
2905
2906
2907
2908
2910
2911
2912
2914
2915
2916
2917
2918
2919
2922
2923
2924
2926
2928
2930
2931
2932
2933
2934
2935
2937
2938
2939
2941
2942
2943
2945
2946
2947
2948
2949
2958
2959
2961
2962
2963
2965
2966
2967
2969
2970
2971
2973
2974
2975
2976
2977
2978
2979
2980
2981
2984
2985
2986
2987
2988
2989
2990
2991
2992
2993
2995
2997
2998
2999
3000
3003
3004
3005
3006
3009
3010
3011
3012
3015
3017
3018
3019
3020
3022
3024
3025
3026
3027
3029
3030
3031
3032
3035
3038
3039
3041
3042
3045
3046
3047
3048
3049
3050
3052
3053
3054
3055
3057
3058
3059
3060
3062
3063
3065
3066
3067
3068
3070
3071
3072
3073
3074
3075
3076
3078
3079
3081
3082
3083
3084
3085
3087
3088
3089
3094
3095
3096
3098
3102
3104
3105
3106
3108
3109
3110
3111
3113
3115
3116
3117
3118
3120
3121
3122
3123
3124
3125
3126
3127
3128
3130
3131
3132
3133
3134
3135
3138
3139
3141
3142
3143
3146
3147
3149
3150
3151
3152
3153
3155
3157
3158
3159
3163
3164
3165
3166
3167
3168
3169
3170
3171
3173
3174
3175
3177
3178
3179
3180
3183
3185
3187
3188
3189
3190
3191
3193
3194
3195
3196
3198
3199
3201
3202
3203
3205
3207
3208
3209
3210
3211
3212
3213
3214
3215
3216
3217
3218
3219
3220
3221
3224
3225
3227
3229
3231
3232
3234
3235
3238
3240
3241
3242
3243
3244
3245
3246
3248
3250
3251
3252
3253
3254
3255
3257
3258
3259
3260
3261
3262
3264
3265
3266
3267
3268
3269
3270
3271
3274
3276
3278
3279
3280
3281
3282
3284
3288
3289
3290
3291
3293
3294
3295
3296
3297
3299
3300
3302
3304
3305
3306
3307
3308
3310
3311
3314
3316
3318
3319
3321
3322
3324
3325
3326
3328
3329
3330
3332
3339
3340
3342
3344
3345
3346
3347
3348
3349
3351
3352
3353
3354
3355
3356
3357
3358
3359
3360
3361
3363
3364
3365
3367
3370
3371
3372
3374
3375
3376
3377
3378
3380
3382
3384
3385
3386
3388
3390
3393
3396
3397
3398
3401
3402
3403
3404
3405
3406
3408
3409
3411
3412
3415
3416
3418
3420
3421
3422
3423
3424
3426
3427
3428
3429
3430
3431
3432
3433
3434
