3
4
5
6
7
8
9
10
11
12
13
14
16
17
19
22
23
24
25
26
27
29
30
31
32
33
34
35
37
38
39
40
43
47
48
49
50
52
53
55
56
57
59
62
64
67
68
69
70
71
72
73
74
77
78
79
80
81
82
83
86
87
88
89
90
92
93
95
96
97
98
100
101
102
103
105
106
107
108
109
110
113
114
115
117
118
119
120
121
122
125
126
127
129
133
134
135
136
137
138
139
140
142
143
146
147
149
150
151
152
153
154
155
156
157
159
162
164
165
166
167
168
169
171
172
174
176
177
178
179
182
183
184
185
186
187
189
191
193
194
195
197
198
199
200
201
202
203
204
206
208
209
210
211
212
213
214
216
217
218
219
221
222
223
224
229
230
231
233
235
236
238
239
240
241
242
243
244
248
250
251
252
253
255
257
258
259
260
262
263
264
265
266
268
269
270
271
273
274
275
276
277
278
279
281
282
283
284
285
286
288
290
291
292
296
297
298
299
302
303
304
305
306
307
308
309
311
312
313
315
317
318
320
321
322
323
327
328
330
331
333
334
337
338
339
340
341
344
348
349
351
352
353
354
357
359
360
361
363
365
366
368
369
371
372
373
374
377
378
379
380
382
383
384
385
387
388
390
391
392
393
394
395
397
401
403
404
405
406
407
409
410
411
413
415
416
417
418
419
420
421
422
423
425
426
427
428
429
432
434
435
436
437
441
443
445
446
447
449
450
451
452
454
458
459
460
461
464
465
468
471
472
475
476
477
478
479
480
481
482
483
484
485
486
487
488
489
491
492
493
494
495
496
497
498
500
501
502
503
504
505
506
507
508
509
511
512
513
514
515
516
518
519
520
522
523
526
528
529
531
532
533
534
536
538
539
541
542
543
545
546
548
549
550
551
552
554
555
556
557
558
560
561
562
564
565
566
569
570
571
572
573
575
576
579
580
581
582
583
584
585
586
588
589
591
592
593
594
596
599
600
601
603
604
605
606
607
608
610
611
612
614
616
617
618
620
621
622
623
624
625
627
628
629
630
631
632
633
634
635
637
638
639
640
641
642
643
646
648
649
650
651
654
655
656
659
660
661
662
663
664
665
666
667
668
669
672
673
674
676
677
679
681
682
684
685
687
690
691
692
693
694
696
697
698
700
701
702
704
705
707
708
710
711
712
715
718
719
720
721
722
723
724
725
726
727
728
729
730
731
732
733
734
736
739
741
744
745
747
748
749
750
752
753
754
757
758
760
761
762
763
764
765
766
767
769
770
771
773
774
775
777
778
779
781
782
786
787
788
791
792
793
795
796
797
799
800
801
802
805
806
807
809
810
811
812
814
816
818
821
822
823
824
825
826
827
828
829
830
831
832
834
836
837
838
839
840
841
842
843
845
846
847
848
849
850
852
853
854
855
856
857
860
861
862
865
867
868
869
870
871
873
874
875
877
879
881
882
884
885
887
888
889
890
891
892
894
895
896
899
900
901
902
903
905
907
909
910
913
914
915
916
917
918
919
920
921
922
923
924
925
926
928
929
930
932
935
936
937
939
942
943
944
947
949
950
951
952
953
955
958
959
961
962
964
965
966
967
969
970
971
973
974
975
977
978
981
982
984
985
986
987
989
990
991
993
994
997
998
999
1006
1008
1010
1011
1012
1013
1014
1015
1016
1017
1018
1019
1020
1021
1022
1023
1024
1026
1027
1029
1030
1031
1032
1033
1036
1040
1042
1045
1046
1047
1049
1050
1051
1052
1053
1054
1055
1057
1058
1059
1060
1062
1065
1066
1067
1068
1069
1071
1072
1075
1077
1079
1080
1081
1082
1083
1084
1086
1087
1088
1090
1092
1093
1096
1097
1098
1100
1101
1102
1103
1105
1106
1108
1109
1110
1111
1112
1113
1114
1115
1116
1118
1120
1121
1122
1124
1125
1129
1130
1131
1132
1134
1135
1136
1137
1138
1142
1143
1144
1145
1146
1147
1149
1150
1151
1156
1157
1159
1160
1161
1162
1163
1164
1165
1166
1167
1168
1174
1175
1176
1178
1182
1184
1185
1186
1187
1188
1189
1191
1193
1195
1197
1200
1201
1202
1203
1204
1207
1210
1211
1212
1215
1216
1217
1218
1221
1222
1223
1224
1225
1227
1230
1233
1235
1237
1238
1239
1240
1241
1242
1243
1245
1247
1248
1249
1251
1252
1253
1254
1257
1258
1259
1260
1261
1262
1263
1264
1266
1267
1268
1269
1270
1271
1274
1275
1277
1279
1282
1283
1285
1286
1287
1294
1296
1297
1299
1301
1302
1303
1304
1306
1307
1308
1309
1311
1314
1315
1316
1318
1319
1320
1322
1323
1324
1325
1326
1327
1328
1329
1330
1331
1332
1333
1335
1336
1337
1339
1340
1341
1342
1343
1345
1348
1350
1352
1353
1356
1357
1358
1359
1360
1361
1363
1364
1365
1366
1367
1368
1370
1371
1374
1375
1376
1377
1378
1379
1381
1382
1387
1388
1389
1392
1393
1394
1397
1398
1399
1400
1401
1402
1403
1404
1405
1406
1407
1408
1410
1411
1412
1414
1417
1418
1419
1420
1421
1423
1424
1425
1426
1428
1429
1430
1433
1435
1436
1437
1440
1441
1444
1445
1446
1447
1448
1449
1450
1451
1452
1453
1454
1455
1456
1457
1460
1461
1463
1464
1466
1467
1468
1469
1470
1471
1473
1476
1477
1478
1480
1481
1482
1483
1484
1485
1486
1487
1489
1490
1491
1494
1495
1496
1498
1499
1500
1501
1503
1504
1505
1506
1507
1508
1509
1512
1513
1514
1516
1517
1518
1519
1521
1522
1524
1526
1527
1528
1531
1533
1534
1537
1538
1539
1540
1541
1542
1543
1544
1545
1546
1548
1549
1550
1551
1552
1553
1554
1555
1556
1558
1559
1561
1562
1563
1564
1565
1566
1568
1569
1571
1572
1573
1574
1575
1577
1579
1580
1581
1582
1583
1584
1585
1586
1587
1588
1589
1590
1591
1594
1596
1597
1599
1602
1603
1604
1606
1607
1608
1609
1612
1613
1615
1616
1617
1619
1620
1622
1623
1624
1625
1628
1629
1633
1634
1636
1637
1638
1639
1640
1641
1642
1643
1644
1646
1647
1648
1649
1650
1652
1654
1655
1656
1657
1658
1659
1660
1661
1662
1663
1667
1668
1669
1670
1671
1672
1673
1674
1676
1677
1679
1680
1681
1682
1683
1684
1685
1687
1688
1689
1690
1692
1693
1697
1698
1699
1701
1702
1703
1705
1706
1707
1708
1711
1712
1713
1714
1715
1716
1717
1719
1722
1724
1725
1726
1727
1729
1730
1732
1733
1735
1739
1740
1741
1742
1743
1744
1745
1747
1749
1750
1751
1753
1754
1755
1756
1757
1758
1759
1760
1761
1762
1763
1765
1767
1768
1769
1770
1771
1772
1775
1776
1777
1778
1779
1780
1782
1783
1788
1790
1791
1794
1795
1796
1797
1798
1799
1800
1801
1806
1810
1812
1813
1814
1817
1818
1819
1821
1822
1825
1829
1830
1833
1838
1839
1840
1842
1846
1851
1852
1854
1855
1856
1857
1858
1859
1860
1862
1864
1865
1868
1869
1870
1871
1872
1873
1874
1875
1877
1879
1880
1881
1882
1883
1884
1885
1886
1888
1889
1891
1892
1894
1895
1896
1897
1898
1903
1904
1905
1911
1912
1915
1917
1918
1919
1923
1925
1926
1928
1930
1931
1932
1933
1937
1939
1941
1942
1943
1945
1946
1947
1949
1951
1952
1953
1955
1956
1957
1959
1960
1961
1963
1965
1967
1968
1970
1971
1972
1973
1974
1975
1977
1979
1982
1983
1986
1987
1988
1989
1991
1992
1994
1995
1997
1998
1999
2000
2001
2002
2004
2006
2010
2014
2015
2016
2017
2018
2019
2020
2021
2022
2025
2026
2029
2031
2032
2033
2034
2039
2041
2042
2043
2044
2046
2049
2053
2054
2055
2056
2057
2058
2059
2060
2061
2062
2063
2064
2070
2072
2073
2075
2076
2078
2079
2080
2082
2083
2085
2086
2087
2088
2089
2093
2094
2095
2099
2100
2103
2105
2106
2107
2109
2110
2111
2112
2113
2114
2116
2117
2119
2120
2122
2123
2127
2128
2130
2132
2133
2134
2135
2136
2137
2139
2140
2141
2142
2143
2144
2145
2146
2147
2149
2150
2151
2154
2155
2156
2159
2160
2162
2163
2164
2165
2167
2168
2169
2170
2171
2173
2174
2175
2176
2177
2179
2180
2181
2182
2183
2184
2185
2186
2187
2188
2189
2190
2191
2193
2194
2195
2196
2197
2198
2200
2201
2202
2203
2204
2205
2207
2208
2209
2211
2212
2215
2216
2217
2219
2220
2221
2223
2224
2225
2226
2227
2230
2231
2232
2233
2234
2235
2236
2238
2239
2240
2241
2243
2244
2245
2246
2247
2249
2251
2252
2253
2254
2255
2256
2258
2259
2260
2261
2262
2265
2266
2267
2268
2269
2270
2272
2273
2276
2277
2278
2280
2281
2282
2283
2284
2285
2286
2287
2288
2289
2291
2292
2293
2294
2296
2297
2298
2299
2301
2302
2303
2304
2305
2306
2308
2309
2311
2313
2314
2315
2318
2319
2321
2322
2324
2326
2328
2330
2331
2333
2334
2335
2336
2337
2339
2340
2341
2342
2344
2346
2348
2349
2350
2351
2352
2353
2354
2356
2357
2358
2359
2361
2362
2363
2365
2366
2367
2369
2370
2371
2372
2374
2375
2376
2382
2385
2386
2387
2388
2389
2391
2392
2394
2395
2397
2398
2399
2401
2402
2404
2405
2406
2408
2411
2413
2414
2416
2417
2419
2420
2423
2424
2426
2427
2428
2429
2430
2431
2433
2434
2435
2436
2439
2440
2441
2443
2445
2446
2448
2449
2450
2451
2452
2453
2456
2457
2459
2460
2461
2463
2464
2466
2467
2468
2469
2470
2471
2472
2473
2478
2480
2481
2482
2484
2485
2487
2488
2489
2490
2491
2493
2495
2496
2498
2499
2500
2504
2507
2508
2509
2511
2512
2514
2515
2516
2517
2518
2521
2523
2524
2525
2528
2530
2531
2532
2535
2536
2537
2539
2542
2544
2545
2546
2547
2548
2549
2550
2551
2552
2553
2554
2555
2557
2558
2560
2561
2562
2563
2566
2567
2568
2569
2570
2571
2572
2573
2575
2578
2579
2580
2581
2582
2583
2584
2585
2586
2587
2588
2589
2591
2593
2594
2596
2597
2598
2599
2600
2601
2602
2603
2605
2608
2611
2612
2613
2616
2617
2618
2619
2623
2624
2626
2628
2629
2631
2632
2634
2637
2638
2639
2641
2642
2644
2645
2647
2648
2649
2650
2651
2652
2653
2654
2656
2660
2661
2662
2663
2664
2665
2666
2667
2672
2673
2674
2675
2676
2677
2678
2679
2680
2681
2682
2683
2686
2687
2688
2689
2690
2694
2695
2696
2699
2700
2702
2703
2706
2711
2712
2713
2714
2715
2716
2717
2718
2719
2720
2721
2723
2724
2727
2730
2731
2732
2733
2734
2735
2736
2737
2739
2740
2741
2742
2746
2747
2749
2752
2753
2754
2755
2756
2759
2763
2769
2770
2772
2774
2776
2777
2778
2779
2780
2781
2782
2783
2784
2785
2786
2788
2790
2794
2797
2798
2799
2800
2801
2802
2803
2804
2805
2806
2807
2809
2810
2812
2813
2814
2815
2816
2821
2822
2823
2824
2825
2826
2827
2828
2829
2830
2833
2839
2841
2842
2849
2851
2852
2853
2854
2855
2856
2857
2859
2861
2862
2864
2866
2867
2868
2871
2872
2874
2875
2877
2878
2879
2883
2885
2887
2888
2890
2892
2893
2894
2895
2896
2897
2898
2899
2900
2902
2903
2905
2906
2907
2908
2909
2910
2911
2913
2914
2915
2916
2917
2918
2919
2920
2922
2923
2925
2926
2927
2928
2930
2932
2933
2934
2935
2936
2938
2939
2940
2941
2942
2943
2944
2947
2948
2949
2951
2952
2953
2955
2957
2959
2963
2964
2965
2967
2969
2970
2971
2972
2973
2974
2977
2979
2980
2981
2982
2983
2985
2987
2988
2990
2992
2993
2994
2995
2997
2999
3000
3001
3002
3003
3005
3006
3007
3008
3009
3010
3011
3015
3016
3018
3019
3020
3021
3022
3023
3024
3025
3026
3027
3028
3029
3030
3031
3034
3035
3037
3038
3040
3041
3043
3045
3046
3047
3048
3049
3051
3053
3054
3055
3056
3058
3061
3063
3065
3066
3068
3071
3072
3073
3074
3075
3078
3079
3080
3082
3083
3084
3085
3086
3087
3089
3090
3091
3092
3098
3099
3100
3101
3102
3103
3104
3105
3107
3108
3110
3113
3114
3115
3116
3117
3118
3119
3120
3123
3124
3125
3126
3127
3128
3129
3130
3131
3133
3134
3137
3138
3140
3142
3144
3145
3146
3147
3149
3151
3153
3154
3157
3158
3160
3162
3163
3166
3167
3170
3171
3173
3174
3175
3176
3177
3178
3180
3182
3183
3184
3185
3186
3187
3189
3190
3191
3192
3193
3194
3195
3196
3199
3201
3202
3203
3204
3205
3206
3207
3208
3209
3210
3211
3212
3214
3215
3216
3217
3218
3220
3221
3222
3223
3225
3227
3228
3229
3230
3231
3233
3234
3235
3237
3239
3242
3243
3244
3245
3246
3250
3252
3256
3258
3259
3262
3264
3267
3268
3269
3270
3271
3272
3273
3274
3277
3278
3279
3280
3281
3282
3285
3286
3288
3289
3290
3291
3292
3293
3294
3295
3296
3297
3298
3299
3301
3302
3303
3306
3307
3308
3309
3310
3311
3312
3313
3314
3315
3316
3317
3319
3320
3321
3323
3326
3327
3328
3329
3331
3334
3335
3337
3339
3341
3342
3343
3344
3345
3347
3348
3349
3350
3351
3352
3353
3354
3355
3356
3357
3358
3359
3360
3362
3365
3368
3369
3370
3371
3372
3374
3375
3376
3377
3379
3381
3382
3383
3384
3385
3386
3387
3388
3389
3390
3392
3395
3396
3397
3398
3400
3401
3402
3403
3404
3405
3407
3408
3409
3410
3412
3413
3416
3417
3419
3420
3422
3423
3424
3425
3426
3427
3428
3429
3430
3432
3433
3434
