1
2
3
4
5
6
7
9
11
20
21
22
25
27
31
33
35
36
39
40
41
42
45
46
48
51
53
54
56
57
60
63
64
65
68
69
70
71
72
73
74
75
76
77
78
82
84
85
86
87
90
91
93
94
100
102
104
105
107
108
109
111
112
120
122
123
127
129
130
133
135
138
142
145
146
147
149
152
153
154
155
157
158
159
160
161
162
163
164
165
166
167
168
171
172
173
174
175
176
180
181
184
185
188
189
196
199
201
202
203
204
206
207
210
212
222
223
225
228
231
233
234
237
239
242
251
254
255
256
260
266
269
270
273
274
276
277
278
279
280
283
285
287
290
293
294
295
298
299
305
306
312
313
314
315
317
318
322
323
325
326
327
328
330
334
335
340
343
344
346
352
353
354
355
356
357
358
362
366
368
369
373
376
377
378
379
381
384
386
387
389
390
392
393
396
400
401
402
404
405
408
409
415
417
418
419
420
423
427
429
431
432
435
436
443
444
445
446
447
448
449
450
451
452
454
456
457
458
460
461
462
464
466
468
469
470
471
473
474
476
477
478
480
482
486
489
490
491
492
495
497
498
499
500
501
506
509
511
515
517
518
520
522
524
525
526
527
529
530
531
532
533
535
537
539
540
541
542
544
545
546
550
551
552
555
556
557
558
567
568
572
576
579
580
581
583
584
586
587
591
592
593
594
596
597
598
599
600
602
604
605
608
609
610
614
615
620
623
624
625
627
630
631
632
633
636
637
642
643
645
646
647
649
652
655
656
658
659
662
663
665
666
668
671
674
677
678
679
682
683
684
685
687
693
695
700
701
703
704
706
708
709
714
715
716
718
720
721
723
724
725
726
728
729
730
733
735
736
737
740
741
742
744
745
747
748
751
752
754
756
757
758
760
761
762
763
764
765
766
767
769
770
771
772
773
776
777
778
779
780
783
787
791
796
797
798
799
801
803
804
805
806
807
810
813
814
815
819
821
824
829
830
833
837
840
841
842
847
850
851
852
855
856
860
861
863
864
865
868
869
872
873
875
876
877
878
879
881
882
883
884
885
886
887
890
892
893
894
895
896
897
899
902
903
907
909
914
917
919
920
921
922
923
926
931
936
937
938
940
942
943
946
947
949
950
951
952
953
955
958
960
964
965
967
970
974
975
977
978
979
980
981
983
984
985
986
988
989
990
994
995
996
999
1001
1002
1004
1005
1006
1007
1010
1012
1015
1020
1021
1022
1023
1029
1031
1033
1035
1036
1038
1039
1041
1042
1043
1044
1049
1050
1052
1054
1055
1058
1059
1060
1061
1063
1066
1067
1068
1069
1071
1073
1075
1076
1079
1081
1084
1087
1089
1090
1091
1094
1099
1101
1102
1103
1104
1105
1108
1110
1111
1112
1113
1114
1115
1121
1122
1123
1124
1125
1126
1127
1128
1129
1130
1131
1134
1137
1138
1139
1140
1143
1144
1146
1147
1149
1150
1155
1158
1159
1161
1167
1168
1170
1171
1174
1176
1179
1181
1183
1185
1188
1190
1193
1194
1195
1196
1198
1201
1203
1204
1206
1209
1213
1214
1215
1217
1219
1223
1226
1227
1228
1231
1232
1234
1236
1237
1241
1243
1247
1248
1252
1253
1254
1260
1262
1263
1267
1268
1274
1275
1276
1279
1283
1286
1288
1292
1293
1294
1295
1296
1298
1306
1307
1309
1311
1313
1324
1325
1326
1327
1328
1335
1337
1338
1343
1351
1352
1355
1357
1358
1361
1364
1367
1369
1371
1377
1378
1380
1382
1383
1384
1387
1388
1389
1393
1395
1400
1401
1404
1406
1409
1413
1414
1417
1419
1421
1427
1428
1429
1430
1431
1433
1439
1443
1445
1447
1450
1452
1453
1457
1459
1460
1462
1467
1468
1469
1470
1471
1472
1473
1476
1480
1481
1482
1483
1485
1487
1489
1493
1494
1496
1498
1501
1503
1504
1509
1510
1511
1512
1515
1519
1522
1524
1526
1529
1535
1536
1537
1538
1541
1542
1543
1544
1546
1549
1550
1552
1554
1557
1558
1562
1566
1567
1568
1570
1571
1580
1581
1582
1583
1586
1587
1588
1589
1590
1593
1594
1595
1598
1603
1604
1606
1610
1611
1613
1616
1618
1619
1622
1623
1626
1628
1630
1633
1635
1637
1638
1641
1642
1645
1647
1648
1650
1651
1653
1654
1655
1657
1658
1661
1663
1666
1667
1668
1671
1672
1675
1679
1682
1688
1689
1691
1693
1694
1695
1696
1702
1705
1709
1710
1711
1712
1714
1718
1719
1720
1729
1730
1731
1732
1734
1735
1736
1739
1742
1744
1745
1747
1748
1749
1757
1758
1761
1763
1764
1766
1767
1768
1769
1771
1772
1773
1777
1780
1782
1783
1786
1788
1794
1795
1797
1801
1802
1803
1806
1807
1808
1813
1816
1819
1820
1822
1825
1827
1829
1837
1839
1841
1842
1845
1846
1849
1850
1853
1856
1857
1860
1861
1865
1866
1874
1875
1876
1879
1880
1884
1885
1887
1889
1891
1892
1893
1896
1899
1900
1902
1903
1904
1905
1907
1908
1909
1911
1913
1916
1918
1922
1924
1926
1929
1931
1933
1935
1936
1937
1938
1942
1945
1947
1948
1951
1952
1955
1957
1958
1965
1970
1973
1975
1977
1978
1979
1981
1982
1985
1986
1987
1988
1991
1993
1994
1995
1996
1999
2000
2002
2005
2009
2011
2012
2014
2016
2017
2018
2019
2023
2027
2029
2030
2031
2033
2037
2040
2042
2043
2044
2047
2049
2050
2052
2053
2055
2059
2062
2066
2071
2073
2075
2077
2080
2083
2086
2088
2089
2090
2091
2093
2095
2096
2098
2101
2104
2106
2107
2109
2111
2114
2116
2118
2119
2121
2122
2123
2129
2130
2132
2133
2134
2136
2138
2140
2141
2142
2144
2146
2154
2155
2158
2160
2161
2163
2164
2167
2168
2169
2170
2173
2174
2175
2176
2178
2181
2182
2184
2185
2186
2188
2189
2191
2193
2196
2197
2199
2200
2202
2204
2207
2208
2209
2210
2212
2213
2217
2219
2220
2221
2222
2224
2225
2226
2227
2228
2231
2234
2235
2236
2237
2240
2244
2246
2248
2249
2250
2251
2254
2255
2258
2259
2263
2264
2269
2274
2275
2283
2286
2288
2291
2293
2294
2295
2296
2299
2300
2305
2306
2309
2310
2312
2313
2314
2315
2317
2322
2326
2327
2330
2333
2334
2335
2339
2341
2342
2343
2344
2345
2347
2348
2349
2350
2351
2352
2353
2356
2358
2359
2360
2365
2366
2368
2374
2377
2378
2379
2382
2387
2389
2392
2396
2397
2398
2402
2403
2405
2407
2408
2409
2412
2414
2417
2418
2420
2421
2424
2425
2426
2430
2431
2432
2433
2437
2438
2439
2440
2444
2445
2450
2451
2453
2454
2460
2462
2463
2464
2466
2467
2468
2469
2470
2472
2473
2475
2481
2484
2486
2487
2488
2489
2490
2492
2494
2498
2499
2500
2506
2507
2510
2512
2514
2517
2518
2521
2522
2523
2524
2526
2527
2529
2530
2531
2537
2538
2539
2542
2543
2544
2548
2549
2551
2552
2553
2554
2557
2558
2559
2563
2564
2565
2569
2570
2571
2572
2573
2574
2576
2577
2579
2581
2582
2586
2588
2590
2591
2592
2593
2595
2597
2598
2599
2602
2604
2606
2607
2608
2609
2611
2612
2613
2614
2617
2621
2622
2623
2626
2629
2631
2632
2636
2637
2639
2640
2642
2644
2645
2647
2648
2649
2650
2651
2652
2657
2658
2660
2661
2662
2665
2666
2669
2671
2673
2675
2677
2680
2682
2683
2684
2686
2689
2692
2693
2694
2698
2699
2701
2702
2706
2708
2709
2710
2711
2712
2716
2718
2720
2721
2726
2728
2732
2738
2740
2744
2746
2749
2753
2754
2755
2756
2759
2763
2764
2768
2769
2770
2771
2773
2776
2777
2780
2781
2782
2783
2788
2790
2791
2793
2795
2799
2801
2802
2803
2804
2805
2809
2810
2812
2813
2815
2816
2817
2824
2825
2826
2828
2829
2833
2836
2838
2840
2841
2842
2847
2848
2849
2851
2853
2854
2855
2857
2859
2860
2861
2863
2864
2866
2869
2872
2873
2874
2878
2880
2885
2888
2890
2891
2892
2897
2906
2907
2908
2911
2912
2915
2916
2917
2918
2919
2920
2926
2927
2928
2933
2935
2936
2938
2942
2943
2945
2946
2948
2949
2950
2952
2953
2957
2959
2964
2967
2968
2969
2971
2972
2973
2974
2976
2977
2979
2980
2984
2986
2987
2988
2990
2991
2992
2993
2995
2996
2997
2998
3001
3003
3004
3007
3008
3009
3010
3011
3013
3015
3016
3018
3019
3021
3022
3023
3025
3028
3029
3031
3033
3035
3036
3038
3044
3045
3046
3047
3050
3052
3054
3055
3056
3057
3059
3061
3063
3064
3065
3068
3070
3071
3073
3075
3076
3078
3079
3080
3082
3086
3087
3088
3089
3090
3091
3093
3095
3096
3098
3099
3100
3101
3102
3103
3104
3105
3109
3110
3111
3113
3114
3115
3116
3118
3121
3122
3125
3126
3129
3133
3135
3139
3140
3142
3143
3147
3148
3149
3150
3154
3155
3156
3158
3160
3161
3162
3164
3165
3166
3167
3168
3170
3175
3176
3177
3178
3179
3181
3182
3192
3193
3194
3196
3200
3205
3208
3209
3210
3211
3215
3217
3219
3221
3222
3224
3226
3227
3228
3230
3231
3233
3235
3236
3239
3240
3243
3244
3245
3247
3248
3249
3257
3259
3261
3263
3265
3266
3267
3268
3270
3271
3273
3276
3277
3280
3282
3284
3285
3289
3290
3291
3294
3295
3296
3298
3300
3301
3305
3307
3311
3312
3316
3317
3318
3319
3320
3323
3324
3328
3332
3334
3336
3338
3344
3345
3348
3350
3353
3355
3356
3358
3359
3362
3366
3368
3369
3371
3374
3375
3377
3379
3382
3383
3385
3386
3389
3390
3391
3393
3398
3401
3405
3407
3411
3412
3417
3418
3419
3420
3423
3424
3426
3427
3428
3430
3432
3433
