1
2
3
5
6
7
8
9
10
11
12
14
15
16
18
19
23
24
25
26
27
28
29
30
31
32
33
34
36
37
38
39
41
43
44
46
47
48
49
50
51
52
53
55
56
57
58
60
62
63
65
66
67
69
72
73
76
77
79
80
81
82
83
84
85
86
87
88
89
90
91
92
94
97
98
99
100
101
102
103
104
106
108
109
110
111
113
114
115
116
117
118
119
120
122
124
126
127
129
132
135
137
138
139
141
142
143
144
145
146
150
151
152
153
154
155
157
159
162
163
164
166
167
168
169
170
171
172
173
174
176
177
178
179
180
189
190
191
193
194
195
196
197
199
200
201
202
204
207
209
211
213
214
215
218
219
220
223
225
226
228
230
231
232
236
237
238
240
241
243
244
248
249
251
252
255
256
257
258
259
261
262
263
264
268
269
272
273
274
276
277
278
280
281
283
284
286
288
291
292
293
295
296
297
298
299
300
303
304
308
309
310
311
313
314
317
319
320
321
322
323
326
327
330
331
332
333
334
336
338
339
340
341
342
343
344
346
348
352
353
354
358
360
362
364
365
366
368
369
370
372
374
375
376
378
380
381
384
385
386
387
388
389
390
392
394
395
397
398
399
400
401
402
403
404
405
407
408
409
411
412
414
417
419
420
422
423
424
425
427
428
429
432
434
436
438
440
442
443
444
445
446
448
449
450
451
453
454
455
457
458
459
460
461
462
463
465
467
468
469
471
472
473
474
475
476
477
478
479
480
481
482
483
484
485
486
488
489
490
493
495
496
498
499
501
504
505
506
507
509
510
511
512
513
514
517
518
520
521
522
523
524
525
527
528
530
533
534
535
536
537
538
540
541
544
545
546
547
548
549
551
552
553
554
555
556
557
562
563
565
566
567
568
569
570
572
573
574
575
576
577
578
580
581
582
583
584
585
586
588
589
590
591
592
593
595
596
597
599
600
602
603
604
606
607
608
609
610
612
613
614
615
616
617
618
619
621
624
625
626
627
629
630
631
633
635
636
639
640
642
643
645
647
648
649
650
651
652
654
655
656
657
658
660
662
664
665
667
668
669
670
671
672
673
674
676
677
678
679
680
681
682
683
684
688
689
691
692
693
694
695
696
697
698
699
700
701
702
705
707
711
713
716
717
718
719
720
721
723
725
726
728
729
731
732
734
735
736
737
739
741
743
745
746
747
748
749
750
752
754
755
756
758
760
761
762
763
764
765
766
767
768
771
772
773
775
776
777
778
779
780
781
782
783
784
785
788
789
790
791
792
793
796
798
800
801
802
803
804
805
807
808
809
810
813
814
815
816
817
818
819
820
821
822
823
824
826
827
829
831
832
833
834
835
836
837
840
841
848
849
851
852
853
857
858
859
860
861
863
864
866
867
869
871
872
874
878
879
880
882
883
884
885
886
889
890
891
894
895
898
901
903
906
907
909
911
912
913
915
916
918
920
921
924
926
928
929
932
933
934
937
938
939
940
941
942
943
944
945
948
949
950
951
953
954
955
958
959
961
962
963
966
967
968
969
970
971
972
973
974
975
976
979
981
982
983
984
985
988
991
992
993
994
995
996
997
998
999
1000
1001
1003
1005
1006
1007
1008
1009
1010
1011
1013
1015
1017
1019
1020
1021
1022
1025
1027
1028
1029
1031
1032
1033
1035
1036
1038
1041
1043
1044
1045
1046
1047
1048
1049
1050
1051
1052
1053
1055
1056
1058
1059
1062
1063
1064
1068
1069
1070
1072
1073
1074
1075
1077
1078
1080
1082
1083
1084
1085
1087
1088
1090
1092
1093
1095
1096
1097
1098
1099
1101
1102
1103
1104
1106
1107
1108
1110
1111
1112
1115
1116
1117
1118
1119
1121
1122
1123
1124
1125
1126
1128
1131
1132
1133
1134
1135
1136
1137
1138
1139
1140
1141
1142
1144
1147
1148
1149
1150
1151
1153
1154
1155
1157
1158
1159
1160
1161
1164
1165
1166
1167
1168
1169
1171
1174
1175
1176
1177
1180
1181
1182
1185
1188
1189
1191
1193
1195
1196
1199
1200
1201
1202
1203
1204
1205
1206
1207
1208
1209
1210
1211
1212
1213
1214
1216
1220
1222
1223
1224
1226
1227
1228
1229
1230
1231
1232
1234
1235
1237
1238
1241
1243
1244
1246
1248
1250
1251
1252
1254
1255
1258
1259
1260
1261
1264
1265
1266
1267
1268
1269
1270
1272
1274
1275
1276
1277
1280
1282
1283
1285
1286
1287
1288
1289
1292
1293
1294
1295
1296
1298
1299
1301
1305
1308
1309
1310
1311
1312
1313
1314
1315
1317
1318
1320
1321
1322
1323
1324
1326
1327
1328
1329
1330
1332
1333
1334
1335
1336
1338
1341
1343
1348
1349
1350
1352
1353
1355
1356
1358
1360
1361
1362
1363
1364
1365
1366
1367
1368
1369
1370
1371
1372
1373
1374
1376
1377
1379
1380
1382
1383
1384
1387
1388
1389
1390
1391
1392
1393
1394
1395
1396
1397
1399
1400
1401
1402
1405
1406
1407
1408
1410
1412
1413
1414
1415
1416
1417
1418
1420
1421
1423
1425
1426
1427
1429
1431
1432
1433
1434
1435
1436
1437
1438
1440
1441
1442
1444
1446
1447
1448
1449
1451
1453
1454
1455
1456
1458
1459
1460
1461
1462
1463
1464
1465
1466
1468
1469
1470
1472
1473
1475
1476
1481
1482
1483
1485
1486
1487
1488
1489
1490
1491
1492
1495
1496
1498
1499
1500
1501
1502
1503
1504
1506
1507
1510
1511
1512
1513
1514
1515
1516
1517
1518
1520
1521
1523
1524
1526
1529
1530
1531
1532
1533
1534
1536
1537
1540
1542
1543
1545
1546
1547
1550
1551
1554
1555
1556
1557
1558
1560
1561
1562
1566
1570
1571
1573
1574
1575
1576
1578
1579
1580
1581
1586
1588
1589
1590
1591
1593
1594
1595
1596
1598
1599
1600
1601
1602
1604
1605
1609
1611
1613
1614
1616
1617
1618
1619
1620
1622
1623
1624
1625
1626
1627
1628
1630
1631
1633
1634
1637
1639
1640
1641
1642
1643
1646
1647
1648
1649
1650
1651
1652
1653
1655
1656
1661
1663
1665
1666
1667
1668
1669
1670
1671
1672
1673
1674
1675
1676
1677
1678
1680
1681
1682
1684
1686
1687
1689
1690
1692
1693
1697
1698
1700
1703
1705
1707
1708
1711
1713
1716
1717
1718
1721
1722
1724
1725
1726
1727
1728
1729
1731
1732
1733
1734
1735
1737
1738
1739
1740
1741
1742
1743
1744
1745
1746
1747
1748
1750
1751
1753
1754
1755
1756
1757
1758
1759
1760
1761
1762
1763
1764
1765
1766
1767
1769
1770
1772
1775
1776
1778
1779
1781
1784
1785
1786
1788
1789
1792
1795
1796
1798
1799
1800
1801
1803
1804
1805
1806
1807
1808
1809
1810
1811
1813
1814
1815
1816
1817
1819
1820
1822
1824
1826
1827
1828
1829
1830
1831
1834
1835
1838
1839
1840
1841
1842
1843
1844
1845
1848
1850
1851
1853
1854
1855
1856
1857
1858
1859
1860
1861
1865
1866
1867
1868
1870
1871
1872
1874
1876
1877
1878
1881
1883
1884
1886
1889
1890
1892
1893
1894
1895
1899
1900
1902
1903
1906
1907
1909
1910
1913
1914
1916
1918
1920
1922
1923
1924
1928
1929
1930
1931
1932
1933
1934
1935
1936
1937
1938
1939
1940
1941
1944
1945
1946
1947
1949
1950
1951
1952
1953
1954
1956
1957
1958
1959
1961
1962
1963
1964
1967
1968
1971
1972
1973
1974
1975
1978
1980
1981
1982
1983
1985
1989
1990
1991
1992
1993
1995
1996
1998
1999
2000
2001
2002
2003
2004
2005
2006
2008
2011
2012
2013
2014
2016
2017
2018
2019
2020
2022
2023
2024
2025
2028
2031
2032
2033
2035
2037
2039
2040
2041
2043
2044
2045
2046
2048
2049
2051
2053
2054
2057
2060
2063
2066
2067
2068
2070
2071
2073
2074
2075
2076
2077
2078
2083
2085
2086
2087
2088
2093
2095
2096
2098
2099
2100
2101
2102
2103
2105
2106
2108
2109
2110
2111
2113
2115
2117
2118
2119
2120
2122
2123
2124
2125
2126
2127
2129
2131
2132
2133
2136
2138
2139
2141
2142
2143
2145
2146
2147
2148
2149
2151
2152
2155
2157
2159
2161
2162
2163
2164
2165
2166
2168
2170
2174
2176
2181
2182
2183
2184
2185
2186
2187
2188
2190
2191
2193
2194
2195
2197
2198
2199
2201
2202
2203
2204
2205
2206
2207
2208
2211
2214
2215
2217
2218
2224
2225
2226
2227
2228
2229
2233
2234
2235
2236
2237
2238
2241
2242
2243
2244
2245
2246
2249
2251
2252
2253
2254
2255
2256
2257
2258
2259
2260
2264
2267
2268
2272
2275
2276
2277
2278
2279
2280
2282
2283
2285
2286
2287
2288
2289
2290
2292
2293
2294
2295
2296
2297
2298
2299
2300
2301
2304
2306
2308
2309
2314
2315
2318
2319
2320
2321
2322
2324
2325
2328
2329
2331
2332
2334
2335
2337
2339
2340
2341
2342
2344
2345
2347
2348
2349
2353
2354
2355
2356
2357
2358
2360
2361
2362
2363
2364
2365
2366
2367
2369
2372
2373
2374
2376
2377
2378
2380
2383
2384
2386
2387
2388
2389
2390
2391
2392
2393
2394
2395
2397
2398
2399
2400
2401
2403
2405
2406
2407
2408
2409
2411
2412
2413
2414
2415
2416
2419
2420
2421
2423
2424
2425
2426
2427
2428
2432
2434
2435
2436
2437
2438
2439
2440
2441
2442
2444
2446
2447
2448
2449
2450
2451
2452
2453
2454
2458
2459
2460
2461
2463
2465
2467
2468
2469
2470
2476
2478
2479
2481
2484
2487
2491
2494
2500
2502
2503
2504
2505
2508
2509
2511
2512
2513
2514
2515
2516
2517
2518
2519
2520
2521
2522
2523
2524
2528
2529
2530
2534
2535
2536
2537
2539
2541
2542
2544
2545
2546
2548
2549
2550
2551
2552
2554
2555
2556
2557
2558
2559
2560
2563
2564
2565
2566
2567
2569
2574
2575
2577
2578
2579
2581
2582
2583
2584
2585
2587
2588
2590
2591
2592
2593
2594
2595
2596
2598
2599
2602
2603
2604
2606
2608
2610
2611
2612
2613
2614
2615
2616
2617
2619
2620
2621
2622
2623
2624
2626
2627
2629
2632
2634
2635
2637
2638
2639
2640
2642
2643
2644
2645
2646
2647
2648
2649
2650
2651
2652
2653
2654
2655
2656
2657
2659
2660
2661
2662
2663
2667
2668
2669
2670
2671
2672
2673
2674
2675
2676
2680
2681
2683
2684
2685
2686
2687
2689
2690
2694
2695
2696
2698
2700
2701
2702
2704
2705
2707
2708
2709
2710
2711
2712
2713
2714
2715
2716
2718
2719
2720
2721
2722
2723
2724
2725
2726
2727
2729
2732
2733
2734
2735
2736
2737
2738
2739
2740
2742
2743
2744
2745
2747
2749
2750
2751
2752
2754
2757
2758
2759
2760
2761
2763
2764
2767
2770
2771
2772
2775
2776
2779
2781
2782
2783
2785
2786
2787
2788
2789
2790
2792
2793
2795
2796
2797
2798
2800
2801
2802
2806
2808
2809
2810
2812
2813
2814
2815
2816
2818
2819
2820
2823
2824
2826
2827
2831
2832
2833
2834
2835
2836
2837
2838
2839
2840
2841
2845
2846
2848
2850
2851
2853
2854
2855
2857
2858
2859
2860
2862
2865
2866
2867
2868
2869
2870
2874
2875
2877
2878
2879
2880
2881
2882
2883
2884
2886
2887
2889
2890
2892
2894
2895
2897
2900
2901
2902
2903
2905
2906
2907
2908
2909
2910
2911
2912
2913
2917
2918
2919
2920
2924
2925
2926
2927
2928
2929
2930
2931
2934
2935
2940
2941
2942
2943
2946
2947
2948
2949
2950
2952
2953
2954
2955
2956
2959
2960
2961
2962
2964
2965
2966
2969
2970
2972
2973
2974
2975
2977
2979
2981
2982
2983
2984
2985
2986
2987
2989
2990
2991
2992
2995
2996
2999
3000
3002
3003
3004
3005
3006
3008
3009
3010
3011
3012
3013
3015
3019
3020
3022
3023
3024
3025
3026
3027
3028
3029
3031
3032
3033
3036
3037
3042
3043
3044
3046
3047
3048
3049
3050
3051
3052
3053
3054
3056
3057
3059
3060
3063
3064
3065
3068
3069
3070
3071
3072
3073
3075
3076
3078
3079
3080
3083
3084
3085
3086
3087
3088
3091
3092
3093
3094
3095
3097
3098
3099
3101
3102
3103
3104
3105
3106
3107
3109
3110
3111
3112
3113
3115
3116
3117
3118
3119
3120
3121
3122
3123
3125
3126
3127
3128
3130
3131
3135
3137
3138
3139
3141
3142
3143
3144
3147
3148
3149
3150
3151
3152
3156
3157
3158
3162
3163
3164
3165
3166
3167
3168
3169
3171
3172
3174
3175
3177
3178
3179
3181
3182
3183
3184
3185
3186
3187
3188
3189
3190
3192
3195
3196
3197
3198
3199
3200
3201
3202
3204
3205
3206
3207
3208
3210
3211
3212
3214
3215
3216
3217
3218
3219
3220
3221
3222
3225
3227
3228
3229
3231
3232
3233
3235
3236
3237
3238
3239
3240
3241
3243
3244
3245
3247
3248
3250
3251
3252
3253
3254
3255
3256
3260
3261
3262
3263
3264
3265
3266
3267
3268
3269
3270
3272
3274
3276
3278
3279
3280
3281
3282
3283
3286
3287
3288
3289
3290
3291
3292
3293
3294
3295
3296
3297
3298
3304
3305
3306
3309
3310
3312
3314
3315
3318
3320
3323
3324
3327
3328
3329
3332
3333
3335
3336
3337
3339
3340
3342
3343
3345
3348
3349
3350
3351
3352
3353
3355
3357
3359
3361
3362
3364
3365
3366
3367
3368
3369
3370
3371
3374
3376
3378
3379
3380
3381
3382
3383
3384
3386
3387
3388
3389
3390
3392
3393
3394
3395
3396
3398
3399
3400
3401
3403
3404
3405
3407
3409
3410
3411
3412
3413
3414
3415
3416
3417
3418
3419
3420
3421
3423
3424
3425
3426
3430
3432
3433
