2
3
5
6
7
8
10
12
13
15
16
17
18
19
20
21
22
23
24
26
27
29
30
31
32
33
34
35
37
38
39
41
42
44
46
49
50
52
53
54
56
59
60
61
62
65
67
70
71
72
74
75
76
79
81
82
83
85
88
89
90
91
93
94
95
98
102
103
105
106
107
109
110
111
112
113
115
116
119
120
121
123
124
125
129
131
132
134
135
136
137
139
140
144
145
146
147
149
150
152
154
156
157
158
159
160
161
162
164
165
167
169
171
172
173
178
179
181
182
183
184
185
186
187
188
191
195
196
198
199
200
205
207
209
212
213
214
215
217
218
220
222
224
225
229
230
231
232
234
235
236
237
239
240
241
242
246
247
250
251
252
253
254
255
258
259
260
262
264
265
266
267
268
269
270
272
274
275
276
278
279
280
281
282
284
286
288
289
290
291
292
293
294
296
297
298
299
300
301
303
308
309
311
312
313
314
315
316
318
320
323
325
326
328
329
331
332
334
335
336
337
338
339
340
343
346
347
351
352
354
355
356
357
359
361
363
365
366
367
368
369
370
371
372
373
376
378
379
382
384
386
387
388
390
392
393
394
395
397
398
399
401
402
404
405
406
408
409
410
412
413
414
416
418
419
420
421
422
423
424
425
426
430
431
432
434
435
437
438
439
440
441
442
443
444
445
446
447
448
449
451
452
455
456
457
458
459
460
461
462
463
464
465
467
469
470
471
472
473
474
475
476
477
478
479
480
483
484
487
488
489
490
492
494
495
497
498
499
500
502
504
505
507
508
510
511
512
513
515
516
520
521
523
524
526
528
529
530
531
533
534
538
539
540
541
542
543
544
545
546
547
553
554
555
556
557
558
559
560
561
562
563
564
565
566
569
572
573
574
575
576
577
578
579
580
582
586
587
589
591
593
594
595
596
599
600
601
604
606
608
609
610
611
612
613
615
616
617
618
620
621
623
624
625
627
628
629
631
632
633
634
635
636
637
639
640
643
644
645
646
647
648
649
650
652
653
654
656
657
658
659
660
661
663
664
667
671
672
678
680
682
683
686
687
688
689
690
691
692
693
694
695
697
698
700
703
706
708
710
711
712
713
715
716
717
718
719
720
721
722
723
724
725
728
729
730
732
734
735
736
737
738
739
740
741
742
743
744
745
747
748
749
750
751
753
754
757
758
761
764
765
766
767
769
770
771
772
776
778
783
785
788
789
790
791
792
793
795
796
797
799
800
801
802
803
804
805
806
807
809
811
815
816
818
819
820
821
823
824
825
826
827
829
830
831
833
835
837
838
839
840
841
843
844
845
846
847
848
849
852
856
857
858
859
860
862
864
865
866
867
869
870
872
873
874
875
877
878
880
882
883
886
888
889
890
891
892
893
894
895
896
897
898
899
901
902
905
906
907
908
910
911
913
914
917
918
919
921
922
923
925
926
927
928
929
931
933
934
935
936
937
939
941
943
944
945
946
948
949
950
953
954
955
957
961
962
963
964
965
969
970
972
975
976
977
979
980
981
983
984
986
989
990
991
992
993
998
999
1001
1002
1003
1007
1009
1010
1011
1012
1013
1015
1017
1019
1021
1023
1024
1026
1027
1028
1029
1030
1033
1034
1035
1036
1037
1038
1039
1041
1042
1045
1046
1048
1050
1054
1055
1056
1057
1058
1061
1063
1064
1065
1067
1068
1072
1073
1074
1076
1077
1079
1082
1084
1085
1087
1088
1089
1090
1091
1092
1093
1094
1098
1100
1101
1102
1103
1105
1106
1108
1109
1111
1112
1113
1114
1115
1117
1118
1120
1121
1122
1124
1126
1127
1128
1129
1130
1131
1132
1134
1136
1137
1139
1141
1142
1143
1144
1146
1148
1150
1151
1152
1153
1154
1156
1158
1159
1161
1162
1164
1165
1168
1170
1172
1173
1174
1175
1176
1177
1178
1180
1181
1182
1184
1186
1187
1188
1190
1192
1193
1194
1195
1196
1197
1199
1200
1202
1203
1204
1205
1206
1207
1208
1209
1210
1211
1212
1213
1215
1218
1219
1220
1221
1223
1224
1225
1228
1229
1230
1233
1234
1236
1238
1240
1241
1244
1245
1246
1247
1249
1250
1252
1254
1255
1259
1261
1262
1264
1267
1268
1270
1271
1272
1275
1276
1277
1278
1279
1283
1285
1286
1288
1290
1292
1294
1295
1298
1299
1300
1301
1302
1303
1304
1305
1306
1307
1308
1309
1310
1311
1312
1313
1314
1317
1319
1320
1321
1322
1323
1324
1325
1326
1328
1330
1331
1332
1333
1334
1335
1337
1340
1341
1343
1344
1345
1346
1348
1349
1350
1351
1352
1353
1356
1357
1358
1360
1361
1362
1363
1364
1367
1368
1369
1370
1371
1372
1373
1374
1375
1377
1379
1381
1382
1385
1386
1389
1390
1391
1392
1393
1395
1396
1397
1398
1399
1400
1402
1403
1404
1405
1406
1407
1409
1411
1413
1414
1415
1416
1418
1419
1420
1421
1422
1425
1426
1427
1428
1430
1433
1434
1435
1436
1437
1438
1441
1442
1444
1445
1446
1447
1448
1449
1450
1451
1453
1455
1456
1457
1458
1459
1460
1461
1462
1463
1464
1466
1467
1468
1469
1471
1474
1475
1476
1477
1479
1480
1481
1482
1487
1488
1489
1490
1491
1492
1493
1494
1495
1496
1497
1498
1499
1500
1501
1502
1503
1505
1507
1510
1511
1513
1514
1515
1516
1517
1519
1520
1521
1522
1524
1526
1527
1528
1529
1532
1533
1534
1535
1536
1537
1538
1539
1540
1541
1542
1543
1544
1546
1547
1548
1549
1550
1551
1552
1553
1554
1555
1556
1558
1559
1560
1561
1562
1563
1565
1566
1567
1568
1569
1572
1573
1574
1575
1576
1577
1578
1579
1580
1582
1583
1584
1585
1587
1588
1590
1591
1593
1594
1595
1596
1597
1598
1599
1601
1605
1606
1607
1609
1610
1611
1612
1613
1614
1615
1617
1618
1622
1625
1626
1627
1628
1629
1630
1631
1633
1635
1636
1637
1638
1639
1641
1642
1643
1645
1646
1647
1648
1649
1650
1651
1652
1653
1654
1655
1656
1657
1658
1660
1661
1662
1665
1666
1667
1669
1671
1676
1677
1678
1679
1680
1681
1683
1684
1685
1686
1689
1690
1693
1694
1696
1697
1698
1699
1700
1701
1702
1703
1704
1705
1706
1707
1709
1712
1714
1715
1716
1719
1720
1722
1723
1725
1727
1728
1729
1730
1731
1732
1733
1734
1735
1736
1737
1738
1739
1741
1743
1746
1747
1748
1749
1751
1752
1753
1754
1755
1757
1758
1759
1761
1762
1763
1764
1765
1766
1767
1768
1769
1772
1773
1775
1776
1778
1779
1780
1781
1782
1783
1784
1785
1786
1788
1789
1790
1791
1793
1796
1798
1799
1801
1802
1803
1804
1805
1806
1807
1808
1809
1810
1811
1812
1813
1814
1815
1816
1818
1820
1823
1824
1825
1826
1830
1831
1832
1833
1834
1835
1837
1839
1841
1846
1848
1850
1851
1852
1855
1856
1857
1862
1864
1866
1868
1871
1872
1873
1874
1877
1878
1879
1881
1883
1884
1885
1888
1889
1892
1893
1894
1895
1897
1898
1899
1900
1902
1903
1904
1905
1906
1907
1908
1909
1912
1913
1914
1915
1916
1917
1919
1920
1923
1924
1925
1927
1928
1929
1933
1934
1936
1937
1938
1939
1940
1941
1943
1944
1946
1949
1950
1954
1955
1956
1957
1958
1959
1961
1962
1963
1965
1966
1967
1968
1969
1971
1973
1974
1975
1976
1978
1979
1980
1981
1982
1983
1985
1986
1987
1989
1990
1992
1993
1994
1995
1996
1997
1998
1999
2000
2001
2002
2003
2004
2005
2006
2007
2008
2009
2010
2011
2015
2018
2019
2020
2021
2023
2024
2025
2028
2032
2033
2035
2036
2038
2039
2041
2042
2044
2045
2046
2047
2049
2050
2051
2054
2057
2058
2059
2061
2062
2064
2065
2066
2067
2068
2070
2072
2075
2076
2077
2079
2080
2081
2082
2083
2086
2088
2089
2090
2091
2092
2093
2094
2095
2096
2097
2098
2099
2100
2103
2104
2105
2107
2109
2110
2111
2112
2113
2115
2118
2121
2122
2123
2124
2126
2127
2128
2129
2130
2131
2132
2133
2135
2137
2139
2141
2142
2143
2144
2145
2146
2147
2148
2151
2152
2153
2154
2155
2157
2158
2159
2161
2163
2164
2165
2166
2167
2168
2170
2172
2174
2175
2177
2178
2179
2180
2181
2182
2183
2185
2188
2190
2191
2195
2197
2198
2200
2201
2202
2203
2206
2207
2209
2210
2211
2212
2215
2216
2221
2222
2223
2225
2226
2231
2232
2234
2235
2237
2238
2239
2244
2245
2246
2247
2248
2249
2250
2251
2252
2254
2256
2257
2258
2260
2266
2267
2268
2270
2271
2272
2273
2274
2275
2277
2278
2279
2280
2281
2282
2283
2284
2287
2288
2291
2292
2295
2296
2297
2298
2299
2300
2301
2302
2304
2305
2306
2308
2309
2310
2312
2313
2314
2316
2318
2320
2321
2322
2324
2325
2326
2327
2328
2329
2330
2331
2332
2333
2335
2337
2338
2339
2340
2341
2343
2344
2347
2352
2353
2354
2355
2356
2358
2359
2362
2363
2364
2366
2367
2369
2370
2371
2372
2374
2376
2377
2378
2379
2380
2381
2382
2384
2385
2387
2388
2389
2391
2392
2393
2394
2395
2397
2399
2400
2402
2404
2406
2407
2410
2411
2412
2413
2416
2418
2419
2420
2421
2422
2423
2424
2427
2428
2431
2432
2433
2435
2436
2437
2438
2439
2440
2441
2442
2443
2444
2445
2446
2448
2449
2450
2452
2453
2455
2456
2457
2458
2459
2460
2461
2462
2463
2464
2465
2466
2468
2469
2470
2471
2472
2473
2474
2475
2476
2477
2479
2480
2481
2482
2483
2484
2486
2487
2488
2489
2494
2496
2497
2498
2499
2501
2502
2503
2504
2507
2508
2509
2510
2512
2513
2514
2516
2518
2519
2520
2521
2523
2524
2525
2530
2531
2532
2533
2534
2540
2543
2544
2548
2549
2551
2553
2555
2556
2557
2558
2560
2562
2563
2564
2565
2566
2567
2568
2569
2571
2572
2573
2574
2578
2579
2580
2582
2583
2584
2586
2587
2588
2591
2592
2593
2596
2597
2598
2600
2601
2602
2605
2606
2607
2608
2612
2614
2616
2617
2618
2619
2620
2623
2624
2625
2626
2627
2628
2629
2632
2633
2634
2636
2637
2638
2639
2640
2643
2644
2646
2647
2648
2649
2653
2654
2656
2658
2659
2660
2663
2664
2665
2666
2667
2668
2671
2673
2674
2675
2676
2677
2678
2681
2682
2683
2684
2686
2689
2690
2691
2694
2695
2696
2697
2699
2701
2702
2703
2704
2706
2708
2710
2712
2713
2714
2716
2717
2718
2719
2720
2722
2723
2724
2725
2726
2727
2729
2730
2731
2732
2733
2734
2735
2737
2739
2742
2743
2744
2747
2749
2751
2752
2753
2754
2755
2757
2760
2761
2762
2763
2765
2766
2768
2769
2771
2772
2774
2775
2776
2777
2778
2779
2780
2783
2784
2785
2786
2787
2788
2790
2791
2795
2796
2799
2800
2802
2803
2804
2805
2807
2808
2809
2810
2811
2812
2814
2815
2816
2817
2819
2820
2821
2822
2823
2825
2826
2827
2828
2829
2830
2831
2834
2836
2838
2839
2841
2842
2843
2845
2846
2848
2849
2850
2853
2854
2855
2856
2857
2858
2859
2861
2863
2864
2867
2868
2870
2871
2873
2875
2876
2878
2879
2883
2884
2885
2886
2889
2890
2891
2892
2893
2894
2895
2896
2897
2899
2900
2901
2902
2903
2906
2907
2910
2911
2914
2915
2916
2917
2918
2919
2920
2922
2923
2924
2926
2928
2929
2931
2932
2933
2934
2935
2936
2938
2940
2942
2944
2945
2946
2949
2951
2952
2953
2954
2955
2956
2957
2958
2959
2960
2961
2962
2964
2967
2968
2969
2970
2971
2972
2973
2975
2976
2977
2978
2980
2985
2986
2987
2989
2990
2992
2994
2995
2996
2998
3000
3001
3003
3005
3007
3008
3009
3012
3013
3014
3015
3019
3020
3021
3022
3023
3024
3025
3026
3027
3028
3029
3030
3032
3033
3034
3037
3038
3039
3040
3044
3046
3047
3048
3049
3051
3052
3053
3054
3055
3056
3057
3060
3062
3063
3064
3065
3066
3067
3068
3069
3071
3073
3074
3075
3076
3077
3078
3079
3082
3083
3086
3089
3090
3091
3092
3093
3095
3096
3097
3098
3100
3101
3102
3103
3104
3105
3106
3107
3109
3110
3111
3112
3115
3117
3118
3119
3121
3122
3123
3124
3125
3126
3127
3128
3129
3130
3131
3132
3134
3135
3136
3137
3138
3139
3140
3143
3144
3145
3146
3147
3148
3149
3151
3152
3154
3155
3156
3157
3158
3160
3162
3163
3164
3165
3166
3167
3168
3171
3172
3173
3176
3177
3178
3179
3180
3182
3183
3184
3185
3186
3187
3188
3190
3191
3192
3193
3194
3199
3200
3202
3203
3204
3206
3207
3208
3209
3210
3211
3212
3214
3215
3216
3217
3218
3219
3220
3221
3223
3224
3225
3226
3229
3230
3231
3233
3234
3235
3237
3241
3244
3245
3246
3248
3250
3251
3252
3253
3254
3256
3258
3259
3260
3261
3262
3263
3264
3265
3266
3267
3270
3271
3272
3273
3274
3275
3276
3277
3278
3280
3283
3286
3287
3288
3289
3290
3292
3293
3294
3295
3297
3301
3302
3303
3304
3305
3306
3307
3308
3310
3311
3312
3313
3314
3315
3318
3321
3322
3324
3325
3326
3327
3328
3329
3330
3331
3333
3334
3335
3336
3337
3338
3339
3340
3341
3343
3344
3346
3347
3350
3351
3353
3354
3356
3359
3360
3363
3364
3367
3368
3369
3371
3372
3373
3374
3375
3376
3378
3379
3381
3383
3384
3385
3387
3389
3390
3391
3393
3394
3395
3396
3397
3398
3399
3400
3401
3404
3405
3406
3407
3408
3409
3410
3413
3414
3415
3416
3417
3418
3419
3420
3421
3422
3423
3424
3425
3428
3429
3430
3431
3433
3434
