0.9863265135769416
0.9884796837321989
0.98944807075281
0.9908423112416396
0.9920687566666413
0.99206545385374
0.9928025040117147
0.9933241465287097
0.9934815398538678
0.9937892380822348
0.9937203069353585
0.9938119919723245
0.9938940632557528
0.9940141487746256
0.9942511243955993
0.9941546746467385
0.9938896590816472
0.9940361231905812
0.9941477936305211
0.9940387868291416
0.9938921735338538
0.993664865950035
0.9936925580772851
0.9935992785314842
0.9935336009202512
0.9936579173349267
0.993579674020309
0.993433546576664
0.993410335275812
0.9934974889453752
0.9934153275689189
0.9934967778388218
0.9934271438326503
0.993358790307952
0.9933045054572702
0.9932218599172077
0.9931925242287255
0.9931487828503078
0.9931856111544729
0.9932148809114972
0.9932190887525395
0.9932870354440689
0.9932151549210507
0.993270960439267
0.9933188966792749
0.9934357259124518
0.9934048448822203
0.9934343060153776
0.9933442316076594
0.9933255011001086
0.9932509108982626
0.9932679896739098
0.9932583405339211
0.9933155157364015
0.9933018189533704
0.9932886173925036
0.9932765699357314
0.9932851425333096
0.9932814556866078
0.9932818921922795
0.9932844366518954
0.9931994970509725
0.9932503475451755
0.9931911757998211
0.9932415490108716
0.9932063701811045
0.993230901203104
0.9932432314132678
0.9932265110691019
0.9931734415869478
0.9931232919097328
0.9931119568095361
0.9930817845675065
0.9930571480042812
0.9930885033190611
0.9930846226628055
0.993058633967376
0.993027453441966
0.9929992888410333
0.9929867560539399
0.9930048376105157
0.9929883167015814
0.9930384589042022
0.993083584248607
0.9931094086985366
0.9931176645930637
0.9931319467380676
0.9931552045395738
0.993171031993143
0.9931751138178005
0.993179306147884
0.9931992740782585
0.9932007098999859
0.9932211019606577
0.9932199612482238
0.9931844482194113
0.9932086309842996
0.9932433454726541
0.9932152680182559
0.9932319042271945
0.9932326970941352
0.9932492053114087
0.9932645087703794
0.993255633321459
0.9932260260911872
0.9932111740024522
0.9932130511674769
0.9932397072585413
0.9932591551159461
0.9932910106533218
0.9933032205048671
0.9933034938584148
0.9933056080653666
0.9933197790628264
0.9933344040031546
0.993326340424919
0.993289551120464
0.9933044012524412
0.9933040231160521
0.9933060689857154
0.9933081714639163
0.9933249676819468
0.9933139973941936
0.9932934683856917
0.9932835312595885
0.993302805539031
0.9933011703396237
0.9932945353803689
0.9933112428422501
0.9933296409671135
0.9933612954998031
0.9933667215442341
0.9933721381980203
0.9933710995039968
0.9933674951030005
0.9933677771254179
0.9933680600493997
0.993384124392797
0.9933640658025303
0.99336426830363
0.9933624980104628
0.9933594957583844
0.9933418362105744
0.9933364006738445
0.9933193910061394
0.9933122951323136
0.993314311540494
0.9932991256697546
0.9932796981678823
0.9932808129045638
0.9932895796687489
0.9932981851040936
0.993278896226495
0.9932639776810983
0.993269381795502
0.9932858863167844
0.9932671857081586
0.9932726515945175
0.9932748369422201
0.9932792187412594
0.9932873117433295
0.9932859048636626
0.9932750564399139
0.9932664326773168
0.9932672630169536
0.9932715384575179
0.9932489362488619
0.993247773396946
0.9932763130694973
0.9932721033103685
0.9932953113210913
0.9932900204869494
0.9932911782882083
0.993293817993086
0.9933034177927375
0.9933160139887396
0.993345838544717
0.9933671113942537
0.9933589582470385
0.9933510189716511
0.99335390349873
0.9933658501708248
0.9933586993793116
0.9933543018360269
0.9933592463303869
0.9933669504684399
0.9933659188011112
0.9933662944986869
0.9933739130773117
0.9933862693943396
0.9933944021363297
0.9934065152105817
0.9934026448794856
0.9933954179624049
0.9934032512382713
0.9934006102060737
0.9934156514259725
0.9934241533337672
0.993438925325432
0.9934373253086624
0.9934466670244697
0.9934460527871143
0.9934611671347121
0.9934635972546517
0.9934742491166553
0.9934677464999
0.9934718630723989
0.993461451537937
0.9934718037770718
0.9934515492873977
0.9934631173354884
0.9934679806241486
0.9934735506410777
0.9934873313634726
0.993488176532107
0.9934821008103637
0.9934828922109837
0.9934714929172687
0.9934665611032419
0.9934752975536223
0.9934678558216056
0.9934671286592922
0.9934570811625939
0.9934635766466774
0.9934483988130344
0.993451380878756
0.9934435552687005
0.9934526696139435
0.9934589677577584
0.9934673068045116
0.9934619359670281
0.9934617205130675
0.9934631838366961
0.993472462618703
0.9934616625592255
0.9934720099858594
0.9934656508974988
0.9934748392859736
0.9934826537146372
0.9934970292196651
0.9934824079231696
0.993491208786014
0.9934937425030325
0.9934948678673358
0.9934964025257631
0.9934841711698358
0.9934837768252945
0.9934949754017801
0.9935092639427052
0.9935046218670218
0.9935044424471998
0.993503039112479
0.9934973948514357
0.9934994794231875
0.993492123229056
0.9934982123963425
0.9935054886213338
0.9935150587407513
0.9935171780891892
0.9935248307068848
0.9935225072835409
0.9935113548637037
0.9935147697105606
0.9935007478083557
0.9935048189661829
0.9935022872350041
0.9934909780064931
0.993491676995436
0.9934851463721545
0.993487527041778
0.9934916728302108
0.9935064305874101
0.9935053732165658
0.9934947413638028
0.9934836414015865
0.9934824538295806
0.9934811899730281
0.9934913659038879
0.9934944234246476
0.9934860007958182
0.9934872466835991
0.9934794500684353
0.9934721610192269
0.9934672385740648
0.9934490175909053
0.9934546880019197
0.9934424162537201
0.9934519682928409
0.9934588983545709
0.9934684942155447
0.9934646332904347
0.993457655114517
0.9934583106475164
0.9934467132715586
0.9934363934179212
0.9934342098674631
0.9934353639760451
0.993425482587414
0.993421187047797
0.993430315524729
0.9934416948922379
0.9934424358374466
0.9934441014040644
0.9934404202330702
0.9934412132818576
0.9934398059030854
0.993432280686356
0.9934281345356873
0.9934304660449755
0.9934361042736213
0.9934317198723145
0.9934257087045372
0.9934240791435157
0.9934251149401063
0.9934279739879344
0.9934330812118504
0.9934339909000256
0.9934317987245328
0.9934335287730974
0.9934342955437641
0.9934406291028625
0.9934340558016993
0.9934323662160536
0.9934256210293231
0.9934248119729896
0.9934188086933419
0.9934196750652645
0.9934212326607341
0.9934252169770079
0.9934331996414342
0.9934364131154604
0.9934315037141265
0.9934370051664155
0.9934267249826314
0.9934305773308818
0.9934384125430883
0.9934512071573588
0.9934505867450562
0.9934462101780112
0.9934581251303037
0.9934527156679791
0.9934499234983916
0.9934527938852862
0.9934522930708876
0.9934409914322134
0.9934359206101013
0.9934401361957115
0.9934451907211082
0.9934523312407866
0.9934501656287893
0.9934504513555774
0.993451382487214
0.9934626376276274
0.9934602375013376
0.9934599267576943
0.9934623559458625
0.9934669629005577
0.9934637021314049
0.9934588880853771
0.9934573211820468
0.9934593581786314
0.9934593395744596
0.9934481448841597
0.9934445325527114
0.9934428202095006
0.9934403252306315
0.9934389240912985
0.9934405182126657
0.9934296125232088
0.9934405124004632
0.9934390717463565
0.9934327977803062
0.9934278733445805
0.9934228829240855
0.9934192954282739
0.9934225240826874
0.993424476538289
0.9934340164128158
0.9934457934951519
0.9934540612282424
0.9934597096283299
0.9934636500141748
0.9934556040719181
0.993447651077499
0.9934522876098447
0.9934597560283868
0.9934638620238359
0.993462545252348
0.9934669213809925
0.9934625897356034
0.9934733951512733
0.9934628733181091
0.9934736025155905
0.9934792647520955
0.9934769113479034
0.9934831354642908
0.9934844264683502
0.9934800767348766
0.9934691321090199
0.9934738080415393
0.993471249435943
0.9934635354491803
0.9934701447586791
0.9934670296606815
0.9934689124353988
0.9934756767838512
0.9934758914957177
0.9934958129598764
0.9934892231765511
0.9934872475274192
0.993493673744033
0.9934932380069986
0.9935005789973441
0.9935078105623141
0.9935084506867724
0.9935007955214535
0.993503211366801
0.9935086206134999
0.9935106069920641
0.9935170112253231
0.9935212485248902
0.9935290188379826
0.9935333888731402
0.993531401501137
0.9935320698280792
0.9935343979642767
0.9935244659364008
0.9935276475727021
0.993523446154786
0.9935334947839216
0.9935294192588932
0.9935293436048814
0.9935229940149867
0.9935197492191684
0.9935283822348153
0.9935246296033768
0.9935306957886137
0.9935215600103221
0.9935243947206753
0.9935298187582189
0.9935352235321823
0.9935342724959474
0.9935364985016478
0.9935428032843642
0.9935359364625685
0.993532169237705
0.9935289585729736
0.9935284058828061
0.9935210966678948
0.9935204259540567
0.9935204908359245
0.9935251103829682
0.9935208178399805
0.9935134524773966
0.9935059584291307
0.9935027027076262
0.9935067212037699
0.9935119176587022
0.9935070180443593
0.9935057763242684
0.9934994808782854
0.9934997650153543
0.9935004773007219
0.9934957773586374
0.9934984573111445
0.9935007634067972
0.993507590731025
0.9935085890184958
0.9935103013193963
0.9935084124331315
0.9935102840386442
0.9935207709910491
0.9935272024452978
0.9935270863203928
0.993525392064453
0.9935269436508898
0.9935195869765653
0.9935214280628152
0.9935195390661576
0.9935250871316438
0.9935255581536309
0.993513159877095
0.99351817086422
0.993513685411766
0.9935130317146432
0.993513663020284
0.9935149748062954
0.9935226448196534
0.9935185446575433
0.993521037643184
0.9935217292300785
0.9935265604616188
0.99352301294417
0.993525762200589
0.9935254453935521
0.993527828759501
0.993524045093321
0.9935264081159275
0.9935248218839464
0.9935278586864579
0.9935276175271127
0.9935249389259936
0.993521696938819
0.993528486961441
0.993522495603481
0.9935227678579501
0.9935219927975242
0.9935241922375858
0.9935199992798524
0.9935205292360608
0.9935216828112968
0.9935267195272176
0.9935227163774435
0.9935193170787958
0.9935110764431977
0.9935088300958124
0.9935059432103006
0.9935086241790939
0.9935015847946492
0.9934957141350677
0.9934952866700222
0.9934954277195333
0.993499410854782
0.9934908659234752
0.9935019612429472
0.9935063903000902
0.9935050624612701
0.9935078881272827
0.993508590469006
0.9935054115457402
0.9935026129281624
0.9935004246154009
0.9935037841055536
0.9935131599550071
0.9935134337147304
0.9935160018623624
0.9935165964455895
0.9935130487784181
0.9935181933442648
0.9935288986717449
0.9935318360069776
0.993529686956707
0.9935254232683149
0.993526947971959
0.9935257623296208
0.9935255255456437
0.9935209151726262
0.9935252819755535
0.993516082735468
0.9935158866387079
0.9935134750689634
0.9935138663070996
0.9935145725996994
0.9935097510610396
0.9935065690800859
0.9935025438657004
0.9934978149502773
0.9934883933823683
0.9934856713797333
0.9934839803989874
0.993484286421787
0.9934808732681616
0.9934810984539468
0.9934790578318425
0.9934737335735077
0.9934703871729584
0.9934616406535247
0.9934698176841256
0.993467192388155
0.9934698563518944
0.9934640040346202
0.9934607725028481
0.9934596443742374
0.9934623018261144
0.9934588001193706
0.9934550752594046
0.9934570517458572
0.9934537654165356
0.9934527424351046
0.9934517059648437
0.9934457758156469
0.99343962647708
0.9934380477801547
0.9934331172987566
0.99343340601858
0.9934346772711973
0.993432545675349
0.9934341083448852
0.9934310226311548
0.993432442681312
0.9934364217256755
0.9934396424375013
0.9934352230180322
0.9934427795852389
0.9934404694878864
0.9934377891813344
0.9934494050278628
0.9934465534543131
0.9934459786513191
0.993442646307045
0.9934433669439308
0.9934523872407024
0.9934541308478891
0.9934580394724907
0.9934581736754915
0.9934623447348986
0.9934588612763882
0.9934545422010213
0.9934516732329712
0.9934566770439625
0.9934588737371329
0.9934606173260887
0.9934629544067952
0.9934585474769113
0.99345899638164
0.9934535933573612
0.9934551831936894
0.9934538512509544
0.9934562033933464
0.9934571233495122
0.9934536716949005
0.9934500194739705
0.9934411496914979
0.9934416138146249
0.9934380884373109
0.9934315545262502
0.9934286298395534
0.9934236666443164
0.9934273547421852
0.9934314079387129
0.993435701303109
0.9934374387723006
0.9934391655256808
0.9934346838364561
0.9934279773212841
0.9934278108083714
0.9934205759175296
0.9934248467598646
0.993421084309463
0.9934167850257148
0.9934177135702805
0.9934186496070708
0.9934213809670741
0.9934232366745146
0.9934208157154703
0.9934249311075808
0.9934274415814413
0.993430619232242
0.9934388861200598
0.993440022309162
0.9934363804476116
0.9934347270514515
0.9934451864974412
0.9934433361071098
0.9934394492370899
0.9934389073948992
0.9934364623246569
0.9934343152495071
0.9934333565586799
0.9934330227256826
0.9934335715354302
0.9934320687119758
0.9934352953988472
0.9934340769109344
0.9934322116613123
0.9934299860315139
0.993432582687214
0.9934298097398422
0.9934331645311755
0.9934395338948183
0.9934407527307357
0.9934344362627503
0.9934296291484537
0.9934251753579826
0.9934253800698537
0.993425999405684
0.9934298293484738
0.9934338138502619
0.9934380054079446
0.9934377364729038
0.9934366348652612
0.9934338652187551
0.9934374423503017
0.9934342737863483
0.9934362369556413
0.9934360682588428
0.993433963866613
0.9934335307234101
0.9934336168891865
0.9934297132470088
0.9934300544715341
0.9934259839163454
0.993428538145003
0.9934285020090726
0.9934307464971632
0.9934300753049801
0.9934323020043507
0.993429838572765
0.9934316804389367
0.9934341494564828
0.9934353206597956
0.9934359990198494
0.9934394262607757
0.993438129545214
0.9934393805530739
0.9934367423392572
0.9934410314360109
0.9934423789970017
0.9934391720390671
0.9934348483827072
0.9934347872280067
0.9934348987981829
0.9934364191982042
0.9934373164032605
0.9934424393085829
0.9934468235436961
0.9934465139842499
0.9934466303867059
0.9934430796454552
0.99344304815368
0.9934442022159086
0.9934448850227731
0.9934480853980491
0.9934478725426806
0.9934543626630407
0.9934561781270271
0.9934595274778769
0.9934562967712413
0.993456962584656
0.993456313285726
0.9934572680447731
0.9934567193162832
0.9934568918755975
0.9934515376861579
0.9934529484207333
0.9934562166237579
0.9934570031040444
0.9934533845194998
0.993452193716245
0.9934515125286847
0.9934525109834067
0.9934508271905949
0.9934530960645368
0.9934520912448483
0.993448032732654
0.9934461243035376
0.9934468873215062
0.9934492560034249
0.9934522478792165
0.9934516105935575
0.9934464589670267
0.9934489976122326
0.9934512240185335
0.9934534553183869
0.9934541685190567
0.9934519310843659
0.9934555713632919
0.9934575363653724
0.9934620411422586
0.993463535455415
0.9934637716542962
0.9934667386774094
0.9934674502446368
0.993468362222894
0.9934652339457425
0.9934645124716831
0.9934611457155701
0.9934595057193635
0.9934607471977102
0.9934584769653322
0.9934570891892457
0.9934558915945362
0.9934539746587049
0.9934560125305933
0.9934523131055979
0.9934534544626017
0.9934567766794938
0.993460957809889
0.9934631032000547
0.9934656413637211
0.993470101575561
0.9934730463211697
0.9934701893636665
0.9934681884391682
0.9934690030651401
0.9934708022702401
0.9934672832748074
0.99346805067519
0.9934657857428013
0.9934660340770879
0.9934640663965568
0.9934629951523024
0.9934605681571889
0.993458045790672
0.9934579257021531
0.9934590261913496
0.9934551919691347
0.9934559524481746
0.9934541871422077
0.9934528417325784
0.9934520727680659
0.9934554310383035
0.9934565802324173
0.9934570832281379
0.9934586396114785
0.9934571878965526
0.993458364639217
0.9934602962364952
0.9934642274646874
0.9934598448952758
0.9934566477831328
0.9934582981113455
0.9934551838171959
0.993455797234476
0.9934593799380415
0.9934586488133713
0.9934531623567365
0.9934532246703004
0.9934512473847434
0.9934528350529286
0.993451478354791
0.993452662848657
0.9934497270892827
0.9934538895982425
0.9934556555717612
0.9934557501260736
0.9934511621653022
0.9934477757885154
0.9934452647159158
0.9934439083690287
0.9934441881762619
0.9934449744629164
0.9934483080288417
0.9934474312298868
0.9934487167759767
0.9934487102884266
0.9934450722028549
0.9934493621987469
0.9934540526616106
0.9934526081884636
0.9934518366905184
0.9934523972298602
0.9934521439665474
0.9934544538496118
0.9934551873523461
0.9934565663494097
0.9934589665505623
0.9934612717916822
0.9934599586708086
0.9934594375178477
0.9934565350649983
0.9934564235763167
0.9934553519029404
0.9934541702330982
0.993452581988979
0.9934542748372378
0.9934528345898059
0.9934514427791512
0.9934470414412547
0.9934432149035833
0.9934433192780827
0.9934371683952938
0.9934389530396434
0.99343731729167
0.9934335784865985
0.9934333736279625
0.9934327191905246
0.9934334201910725
0.9934308079699775
0.9934351688863633
0.9934341308998271
0.9934367654057229
0.9934376165914722
0.9934350871896748
0.9934378613745952
0.9934399296105406
0.9934376508606814
0.9934358759548493
0.9934401285238131
0.9934441987967221
0.9934415611796072
0.9934400486719135
0.9934378515639358
0.9934362788260902
0.9934381613572332
0.9934406550826109
0.9934438626180898
0.993445443915491
0.9934458334340969
0.9934480853266183
0.9934515547485517
0.9934497216219302
0.9934514450945285
0.993452432479007
0.9934521371330158
0.9934550766768101
0.9934560794173766
0.9934556817086287
0.9934594676452662
0.9934653535315701
0.9934694842249218
0.9934670536996859
0.9934659412287002
0.9934678354951234
0.9934620609609371
0.993462045835782
0.9934629102138619
0.9934663829563553
0.9934651435412437
0.993464584594718
0.9934666169838416
0.9934672559185669
0.993467593155413
0.9934681030178054
0.9934641330352798
0.9934606014883836
0.9934600594846305
0.9934572566234658
0.9934572753542318
0.993458148272892
0.9934589404538271
0.9934575704016728
0.9934541937213737
0.9934532515246326
0.9934490315394553
0.9934508471847029
0.9934464413307091
0.9934437000022811
0.9934424079585101
0.9934471621203257
0.9934472411537622
0.9934460829245514
0.9934502150370887
0.993452346618445
0.9934508743246347
0.9934521805766146
0.9934481264302151
0.9934470261827183
0.9934471106490829
0.9934470095360104
0.9934506943940147
0.9934519658315002
0.9934535507678458
0.9934547497697063
0.9934529030684303
0.9934524643351738
0.9934489697445369
0.9934475414180138
0.9934476942040377
0.9934483220714724
0.993448333909
0.9934476221733419
0.9934448390926879
0.9934457941894738
0.9934448248857422
0.9934478436591713
0.9934480550174617
0.9934483969930386
0.9934468249322604
0.993448375445741
0.9934488461569995
0.993450050394588
0.9934514819134136
0.9934511846725714
0.9934462281619775
0.9934495199924355
0.9934508310449982
0.9934509029959699
0.9934502255586856
0.9934483614298125
0.9934476475817224
0.9934473999205351
0.9934470231671135
0.9934436598719706
0.9934424469722768
0.993441362074185
0.9934425929238486
0.9934441986875036
0.9934406544480218
0.9934350352542223
0.993437033907878
0.9934375609711711
0.9934363602319355
0.9934344826808466
0.9934383526310548
0.9934350528749695
0.9934351256272042
0.9934334432000645
0.9934327207239734
0.9934272842237972
0.9934274963367835
0.9934268124607695
0.9934268943014127
0.9934276733151933
0.9934231410939511
0.9934213899513392
0.9934201950130757
0.9934159904170317
0.9934166951603361
0.9934172227927309
