0.9869538590411049
0.9914118535182472
0.9929703721595087
0.993829402503088
0.9947006326847018
0.99511117669567
0.9955546137848307
0.9952027402633874
0.9949925256518689
0.9952530241180493
0.9952329143186944
0.9952671566558735
0.9954976783887521
0.9955577380051147
0.9956518537850874
0.9954880077665555
0.9954654588014373
0.9955087974156731
0.9954949409024844
0.9955315509248412
0.9954854994333359
0.995568937881469
0.995643982107823
0.9957487554203688
0.9957524427761694
0.9956624031413225
0.9957869109336329
0.9957959557080741
0.9958534591773865
0.9959221784904236
0.9959668116490072
0.995989224472118
0.9959862598053121
0.9959313527723241
0.9958884623001542
0.9958819676044378
0.9958935493837642
0.9958860826708935
0.9959279067004773
0.9959541872714526
0.99598156255708
0.9959708420023113
0.9959474307844605
0.9959695621634029
0.9959825571888534
0.9960753149353312
0.9960061723978155
0.9960080208985765
0.9960183743808646
0.995996178471993
0.9959585545486681
0.9959544630740426
0.9959481584430988
0.9959477216251423
0.9959106927855849
0.9959395251446158
0.9959340864857552
0.9959335763880124
0.9959517406004572
0.9959709511065924
0.9959695031994941
0.9959559426026887
0.9959785406569701
0.9959773189985177
0.9959948106561306
0.9959618570469471
0.9959529853368712
0.9959792236053543
0.9959802047815411
0.9959938926955669
0.9960165827973259
0.9960410498033165
0.9960235451680551
0.996021088905107
0.9960350871170228
0.9960185695880148
0.996014799680663
0.9960244703610895
0.9959956106722828
0.9960134492379201
0.9960054946641903
0.9960003006298918
0.9959937167675087
0.9960109540691432
0.9960016583451485
0.9959996505191134
0.996029625578244
0.9960579934762077
0.9960541514277819
0.9960558306757611
0.996038106456177
0.9960469290257642
0.9960467297992424
0.9960309062625424
0.9960350333792839
0.9960243769464878
0.9960429039665474
0.9960589354841878
0.9960605008727264
0.9960433169838552
0.9960252081374084
0.9960455893616459
0.9960364840695995
0.9960211074905871
0.9960268620743299
0.996038511896543
0.9959882681393947
0.9960043636773057
0.9960114718209632
0.9960287580505479
0.99602272153091
0.9960207709803122
0.9960484656271589
0.996059437399943
0.9960354503990615
0.9960475481008136
0.9960387524635604
0.9960503800709543
0.9960539718398354
0.9960636862252892
0.9960619657544085
0.9960673700686143
0.9960694566104684
0.9960757059405352
0.9960755314176489
0.9960948118062903
0.9960960509459515
0.9961149169544508
0.9961218270154554
0.9960978864601949
0.9960893708203344
0.9960904668966475
0.996085326999778
0.9960833934238539
0.9960928698330036
0.9960895073921671
0.9960902911324604
0.9960916280303999
0.9960840955120408
0.996096916772662
0.9960704122004813
0.9960902037867849
0.9960985367362596
0.9960918111745972
0.9961068766431874
0.9961148162008325
0.9961145737576892
0.9961131387697485
0.9961049398710132
0.9961116517548417
0.9961181430125924
0.9961267271732467
0.996118086441131
0.9961077415314968
0.9961004522560702
0.9961039223009345
0.996101204704975
0.9961069388185748
0.9961183705197794
0.9961071915599202
0.9961100774014874
0.9961131478814852
0.9961178326053239
0.9961216568331149
0.996118203308467
0.9961270463455073
0.9961209293436094
0.996115019793152
0.9961111645285164
0.9961018127576524
0.9961061481428118
0.9961120391159936
0.9961120614645284
0.9961067186690653
0.9961103705034349
0.9961054414100788
0.9961082142341297
0.9961183702670945
0.9961001650451637
0.996086752882122
0.9960929755169644
0.9960856653453791
0.9960828564700983
0.9960756716848786
0.9960862519900381
0.9960943440131694
0.9960856935456517
0.9960912206029378
0.996087276054025
0.9960845681879497
0.9961034736677687
0.9961111071554922
0.9961101224922968
0.9961195832217938
0.9961219868162513
0.9961357059208269
0.996142079343403
0.9961345578266728
0.9961288505622233
0.9961298827177327
0.9961273327824722
0.9961212975385821
0.9961239358437596
0.9961228396290924
0.99612301471575
0.9961274042206308
0.9961319608827781
0.9961332882398723
0.9961426453437933
0.996144514501798
0.996154076118569
0.9961532785334473
0.9961631146720039
0.99616589992799
0.9961569717459154
0.9961469922778666
0.9961444736452603
0.9961466277211987
0.9961378860843966
0.9961357341779068
0.9961334921937047
0.9961248657354722
0.996122822154768
0.9961246489242722
0.996126779959715
0.9961068459498761
0.9961024290440312
0.9961063874251614
0.9961045989366364
0.9961052689888129
0.9961150358568895
0.996113078004628
0.9961182044517843
0.996113768435955
0.9961050862144701
0.9961073328929335
0.9961119982705366
0.9961050142375231
0.9961010491250186
0.9960991653490822
0.9960934109248266
0.9961119945161706
0.996105472853099
0.9960993276976328
0.9960947453035383
0.9960904502636007
0.9961037718861538
0.9961078563917715
0.9961170104563255
0.9961135488099692
0.9961090846036359
0.9960954014449607
0.9961040603669545
0.9960962798686016
0.9960958712546882
0.9960908056407846
0.9960898748344635
0.9960905435314458
0.9960947182005605
0.9960983165872402
0.9961060999705844
0.9961062503353378
0.9961140202606719
0.996112530372452
0.9961099749771022
0.9961162207216006
0.9961156196150586
0.9961115187209769
0.9961063335745393
0.9960997373947661
0.9960983139824958
0.9960999799883792
0.9961094021301278
0.9961011822748023
0.9961035325485587
0.9961062795442063
0.9961012939984897
0.9960995068032521
0.9960968591960548
0.996095651463727
0.996096285670579
0.9960889205114026
0.9960860122512613
0.9960894230817368
0.9960822460443571
0.9960789762992771
0.9960765651527825
0.9960814236014435
0.996081159169726
0.9960681263869298
0.9960639976514793
0.9960587317764001
0.9960506916832963
0.9960483201249349
0.9960501748327518
0.9960518160853828
0.9960620280772252
0.9960561807759638
0.9960529987598579
0.9960508583829971
0.9960508332700596
0.996052540692828
0.996050343402587
0.9960420624780916
0.9960454035330102
0.9960385252669552
0.9960336163958656
0.9960305906789783
0.996039319997466
0.9960344086681348
0.9960358520825354
0.9960427098527944
0.9960388115237724
0.9960353566881431
0.9960337651003117
0.9960398893197815
0.9960389770510244
0.9960376775739335
0.9960381279345702
0.9960309197172604
0.9960323320634541
0.9960303449882776
0.996031337550408
0.9960367355425468
0.9960335308614168
0.9960372699020233
0.996039101024092
0.9960385705698235
0.9960407246159922
0.9960384350496212
0.9960427033139172
0.9960373854011941
0.996039152778533
0.9960368233837105
0.9960397738337733
0.9960461423349686
0.9960494106716186
0.9960473750548349
0.9960545054400834
0.9960614829886351
0.9960563738313023
0.996057917716011
0.9960608185738338
0.9960615984058552
0.9960600354810296
0.9960543986760245
0.9960521676142727
0.9960510127867371
0.9960418292793588
0.9960411996336642
0.9960336975309685
0.9960363332870311
0.9960341360193208
0.9960333080769213
0.9960256860676655
0.996026126712744
0.9960247540091716
0.9960227249052431
0.9960202292125372
0.9960280993442203
0.9960226321045771
0.9960247502458934
0.9960261944845517
0.9960229672977288
0.9960246264003356
0.9960190451300109
0.9960201158300169
0.9960138407246629
0.9960076272830333
0.9960083463175626
0.9960090144789084
0.996014463098138
0.9960072306896244
0.9960088066915805
0.9960107581869919
0.9960160616322363
0.996015416375582
0.9960112519096561
0.9960118958486077
0.9960118848372276
0.9960124974430605
0.9960116605460586
0.9960104140715901
0.9960069141112196
0.9960044653533846
0.9960061499209708
0.9960090369290266
0.9960059197083043
0.9960105475357158
0.9960097323357163
0.9960153298365839
0.9960114018842359
0.9960116896598344
0.9960113539574407
0.9960182958917013
0.9960201148523096
0.9960265408811501
0.9960285855058844
0.9960276721993996
0.9960356075069883
0.9960315311413647
0.9960313857808228
0.9960329693891243
0.9960273400436671
0.9960181415140751
0.9960193413193287
0.9960169512285293
0.996018444846562
0.9960155483898913
0.9960167117367033
0.9960141783797234
0.996020265188137
0.9960222426890948
0.9960236634403354
0.996024117598732
0.9960279363880175
0.9960366660725081
0.9960352855781747
0.9960323546784211
0.9960269257307062
0.9960266352370779
0.9960271270016232
0.9960306623802686
0.9960299266813568
0.9960288035944388
0.9960310701423571
0.9960329054407943
0.9960385668122893
0.9960406360515927
0.9960391288485144
0.9960380786818572
0.9960382108525768
0.9960365004137669
0.9960302796857862
0.9960375060920555
0.9960360216862191
0.9960307016791007
0.9960255010854245
0.9960303855227989
0.9960312950743415
0.9960305139945064
0.9960339621942883
0.9960357303199561
0.9960318012016042
0.9960354720612474
0.9960320382418544
0.996029877324826
0.9960352019520521
0.996036079598939
0.9960422457875091
0.9960416706228246
0.9960430820723346
0.9960468253635236
0.9960452108748603
0.9960410282678667
0.9960437870034238
0.9960439113069556
0.9960379758739889
0.9960398277129873
0.9960459817644263
0.9960434329581243
0.9960451067301875
0.9960446405552935
0.99604591865386
0.9960459252878641
0.9960531793905676
0.9960543839503295
0.9960606172546966
0.996060983019341
0.9960653033208733
0.9960668708951889
0.9960680669006379
0.9960669079063154
0.996075154312968
0.9960796643272398
0.9960793706663698
0.9960782256080573
0.9960783990515542
0.9960781662314376
0.9960766260863838
0.9960737175631632
0.9960721329908431
0.9960685852456792
0.9960674387557297
0.9960684965968853
0.9960653089662937
0.996065503598002
0.9960670881683599
0.9960659276355638
0.996065080645244
0.9960688243147038
0.9960657937961753
0.9960704041816651
0.9960701800241383
0.9960698111728236
0.9960702809835086
0.9960676233366644
0.9960646164852622
0.9960596336140015
0.9960602643207552
0.9960585072572657
0.9960606046798515
0.9960596575112678
0.9960603074692622
0.9960604186078932
0.9960561441566821
0.9960583638985588
0.9960620702755576
0.9960637209418659
0.9960650565293457
0.9960666581677349
0.9960639007189226
0.9960650245349412
0.9960648103729642
0.9960649900530546
0.9960664621048244
0.9960677422145627
0.9960700638368662
0.996070973049884
0.996073389464537
0.9960733070819845
0.9960727631706319
0.9960753725978907
0.996076285318658
0.996077019561113
0.9960797502248446
0.9960833032546724
0.9960867737863385
0.996085937208982
0.9960878849933344
0.9960911196296197
0.9960881714834222
0.9960879853928177
0.9960899690265472
0.9960915486237525
0.9960897256290822
0.9960857098516339
0.9960804637118679
0.9960787427591977
0.9960849148486749
0.9960812297663839
0.9960817073369738
0.9960857224952814
0.9960868681791315
0.9960912897918724
0.9960936108767459
0.9960923587808351
0.9960942572890946
0.9960990027724418
0.9960965493536199
0.9960964839292064
0.9960949975965313
0.9960963843654619
0.9961005291018105
0.9960979895855565
0.99609562203294
0.9960940285543117
0.9960976757240536
0.9960943194269614
0.9960949738792678
0.9961017453339691
0.9961021055639303
0.9961066321532801
0.9961045839452877
0.9961030193453656
0.9961008152108725
0.9961000643858275
0.9961016711071193
0.9961019199575164
0.9961024713943896
0.9961042830469227
0.9961030899895256
0.9961041418035232
0.9961025573927734
0.9961028200705062
0.99610031907981
0.9960977500129518
0.9960955557706459
0.9960970514763166
0.9960962480766078
0.9960953830781363
0.9960979835580835
0.9960982193288412
0.9960964154194849
0.9960963555835518
0.9960934229637682
0.9960935226255284
0.9960906253814085
0.996089155978509
0.9960875229741761
0.9960870891060069
0.99609034220858
0.9960916321468429
0.9960926204457572
0.996096095432937
0.9960963255099555
0.9960971643245857
0.9960944065684009
0.996095561256732
0.9960963380010888
0.9960976680939655
0.9960952227003032
0.9960954865966181
0.9960930019716698
0.9960939492890535
0.9960960770351075
0.9960936781925537
0.9960925072846578
0.9960946626091056
0.9960972686337392
0.9960944562273617
0.9960937094516725
0.9960924633011402
0.9960933434377665
0.996087839118564
0.9960827093932358
0.9960863619775613
0.9960868207120704
0.996088657823851
0.9960869776681097
0.9960922229704126
0.9960914367529706
0.9960952171723972
0.9960932201010179
0.9960925248927771
0.9960909062798633
0.9960945874980158
0.9960978454835913
0.9960939186446959
0.9960972290773217
0.9960970231822461
0.9960976334011656
0.9960937709451213
0.9960934181945881
0.9960971153313958
0.9960997959336452
0.9960986738122777
0.9960984454681977
0.9960959383961032
0.9960945047871979
0.9960980191798252
0.9961035573910554
0.9960989419454215
0.9961005298261032
0.9961032596430318
0.9961030400238122
0.9961055748638377
0.996104235764605
0.9961058126709081
0.9961069942074566
0.9961054979071996
0.9961019858852123
0.9961045977182305
0.9961051926887691
0.9961053299201438
0.9961052756875843
0.9961070452302857
0.9961074633569187
0.9961070369242588
0.9961046790611754
0.9961056221848099
0.9961033793131105
0.9961081575810886
0.996108431200516
0.9961094793803184
0.9961099313758832
0.9961103668989197
0.9961110711441633
0.9961117675901283
0.996107966290004
0.9961085757139613
0.9961046001823379
0.9961050727970431
0.9961080085008449
0.9961084675942214
0.9961068204715572
0.9961093054789303
0.9961075658425907
0.9961055482678637
0.9961075904192013
0.9961050484149475
0.9961024845386587
0.9961025732517647
0.9961042617943417
0.9961047804596724
0.9961039120610492
0.9961026232562373
0.9961046567791928
0.9961056533292112
0.9961057735788663
0.9961053917647503
0.9961055543637742
0.9961073407361972
0.9961059849189995
0.9961072046630768
0.9961081562015688
0.9961078468582765
0.996102744071089
0.9961030961361506
0.9961048062677129
0.9961044430446012
0.9961038863336169
0.9961042933599852
0.9961035236635521
0.9961026466901755
0.9961030460223309
0.9961022111840252
0.996103736768675
0.99610508776277
0.9961040812496089
0.9961017253395792
0.9961008627402379
0.996097248885725
0.9960991284946717
0.9961000031135393
0.9960984916893253
0.9960980345666529
0.9960970362389788
0.9960966935606901
0.996093182450172
0.9960916514767966
0.9960934241201711
0.9960927185621284
0.9960938442543877
0.9960906366197549
0.9960904582728274
0.9960899008518499
0.996086370657177
0.99608821772718
0.9960869624205199
0.9960873752244005
0.9960855105993132
0.9960869019728762
0.996085099744209
0.9960846668370342
0.9960829534960322
0.9960845584227319
0.9960842367648509
0.9960844218860928
0.9960850491203633
0.9960850512400466
0.9960849433743324
0.9960844099566313
0.996083367536701
0.9960814970667445
0.996082968925336
0.9960841595324527
0.9960877610023536
0.996089440699966
0.9960902454820274
0.9960926435104666
0.9960938716700083
0.9960942575336208
0.9960932100904004
0.9960943245866004
0.9960929410669745
0.9960932111209426
0.9960926054679141
0.9960914733038965
0.9960899515629839
0.9960897791549618
0.9960884634048511
0.9960902416131627
0.9960915155312342
0.9960892559310638
0.9960893113424816
0.9960882009391043
0.9960890833536235
0.9960882797274536
0.9960869420183521
0.9960867597801615
0.9960873028267722
0.9960858187002474
0.9960866222366276
0.9960860816722389
0.9960887794050676
0.9960872116640125
0.9960866710960603
0.9960835208242756
0.9960862338706743
0.9960856499916648
0.9960855714975877
0.9960864718444268
0.9960840232430906
0.9960838575911178
0.9960862427392209
0.9960818933497678
0.9960805094589404
0.996078931214398
0.9960776431523379
0.9960787482107211
0.9960792602228156
0.9960790874146216
0.9960773531436843
0.9960748658606592
0.9960768756821415
0.9960764490045991
0.996078711520123
0.9960794635303688
0.9960800999832478
0.9960801638991141
0.9960758915274935
0.9960737331543076
0.9960728981466873
0.9960702037302376
0.9960697045658689
0.996068496188295
0.9960686747022388
0.9960702666032978
0.9960695405172464
0.9960700869004526
0.9960706648446158
0.996071562871019
0.9960717477804539
0.9960707044357271
0.9960721981375061
0.9960702337655444
0.9960682313144452
0.9960707798284824
0.996071670405796
0.9960721810652666
0.9960715190414321
0.9960736847226268
0.9960728140721486
0.9960750418246174
0.9960733933984804
0.9960719915061594
0.9960723605014468
0.9960743510288976
0.9960750057330824
0.9960760341355427
0.996076652747421
0.9960756735381006
0.9960767441507874
0.9960762232771363
0.9960721112200139
0.996072810076485
0.9960736091610336
0.9960761876582085
0.9960762509213259
0.9960756926302738
0.9960762235705255
0.9960793892017826
0.9960834982737171
0.9960854225694609
0.9960858313491734
0.9960903085878219
0.9960920987108735
0.9960941291343705
0.9960945757640111
0.9960987330312476
0.9960996771690283
0.9961009591635265
0.9961000500581467
0.9961015551229832
0.9961011694377909
0.9960996885452842
0.9961044708477319
0.99610535415216
0.9961073418496451
0.9961097730418624
0.9961065069429111
0.9961083614032893
0.9961077545348065
0.9961062909439251
0.9961057316004712
0.9961071348093632
0.996107137291819
0.9961060786634313
0.9961070494572483
0.9961038128626504
0.9961035856056567
0.996103267767562
0.996103023302855
0.9960998144454538
0.9960999015937708
0.9961000968415206
0.9961014746054019
0.9961005332764739
0.9961005136445734
0.9960997494099836
0.9961005948757451
0.9961014354579767
0.9961000038949526
0.9961005151598623
0.9960997581472847
0.9961014347906489
0.9961041194047704
0.9961056837620451
0.9961063345104056
0.9961060683323049
0.996104929015761
0.9961051011535381
0.9961050275195463
0.9961076567456519
0.9961071624011991
0.9961078512429884
0.9961057368626136
0.9961083729488773
0.9961082363265811
0.9961127911662181
0.9961112746756092
0.9961111243333909
0.9961126912756492
0.9961125627246201
0.996111445972338
0.9961110905793488
0.9961082742452673
0.9961091703046839
0.9961059766079757
0.9961064623883816
0.9961057487874466
0.9961045194066105
0.9961038930532342
0.9961014349538059
0.9960999350590672
0.9960995400329539
0.9960974320881527
0.9960973332813599
0.9960957229527516
0.9960964816007097
0.9960971687654414
0.9960943870532071
0.9960964583326434
0.9960934564298362
0.996094582587346
0.9960915421383044
0.9960921250004936
0.9960924333883051
0.9960899818054332
0.9960898326035539
0.9960883107685123
0.9960883780761339
0.9960902095644454
0.9960895677995786
0.9960876620106353
0.9960856609311225
0.9960862569707519
0.9960852723840792
0.996084557005143
0.9960827320350891
0.9960835947756217
0.9960818427541406
0.9960809089176531
0.9960806693557517
0.9960814707666813
0.9960793914096377
0.9960792329908812
0.9960773983689751
0.9960786941015837
0.9960781853774577
0.9960766272378212
0.9960789729830408
0.9960784346155651
0.9960785815490593
0.9960774352568653
0.9960744832465775
0.996074947908599
0.9960751940149929
0.996076439845948
0.9960758881048053
0.9960780687012648
0.9960796982282127
0.9960787297942296
0.9960781078580198
0.9960803260615274
0.9960787675349284
0.9960789589081375
0.996079454851052
0.9960797504324073
0.9960795043600885
0.9960789797915811
0.9960789715154656
0.996076569589838
0.9960803945387386
0.9960793450751652
0.9960817294137669
0.9960804690550683
0.996078452264789
0.9960762655659662
0.9960765662887794
0.9960748678561916
0.9960751324687824
0.9960739185589073
0.9960746017518474
0.9960760747177516
0.9960755742627866
0.9960761928499331
0.9960749674366755
0.9960739328654273
0.9960722483667355
0.9960717441867968
0.9960745378975103
0.996075035054185
0.9960756233916209
0.9960752970164278
0.9960743777388366
0.9960714783875388
0.9960699972307254
0.9960713787952197
