0.9892712858434592
0.98999613136603
0.9926209013855799
0.9934066189359939
0.9939141554506749
0.9938624028651701
0.994229441303073
0.9944501493251167
0.9942532638248905
0.9944245280122029
0.9943686210641227
0.9945627166234124
0.9945511373828967
0.9944767058375739
0.9944195220567115
0.9944584383286491
0.9945776399803958
0.9946284713413461
0.9945750827567216
0.994421829846432
0.9944477180682192
0.9943812302980615
0.9944540681093065
0.994507778762529
0.9946020803746928
0.9944940864968725
0.9944379843372442
0.9944282492530041
0.9944243203085494
0.9944361039120196
0.994517708975632
0.9944958941162919
0.9944600812217987
0.9945197063342918
0.9945621383769252
0.9945465276305622
0.9946676524489984
0.994631200148768
0.9945997728080426
0.9946258031010616
0.9946602171316414
0.9946372849317714
0.9945795914146429
0.9945494393740487
0.994650327382831
0.9946098188767551
0.9946400211403242
0.9946414268460368
0.9947014188425617
0.9947526756714602
0.994720748495844
0.9947570981881192
0.9948065395803964
0.9948176932859876
0.9948710962639399
0.9948894828182282
0.9949261933870399
0.994902235234948
0.9949125518576079
0.9949120357406736
0.9949240186817419
0.9949313955502691
0.9949223694126417
0.994948368301878
0.9949764145709479
0.9949552312670523
0.9950035950631286
0.9949900305472161
0.9950128288788224
0.9949958180620521
0.9949775278360008
0.9949619110739963
0.9949534360394955
0.9949309771480948
0.9949367457147201
0.9949553604321895
0.9949336002374878
0.9949337014725416
0.9949296112489785
0.994922827651631
0.9948833063719119
0.9948965176047824
0.9948885401523141
0.9948904026453633
0.994868391699269
0.9948569317177266
0.9948589723185671
0.994856930398123
0.9948508957606949
0.9948632239755385
0.9948734490098788
0.9949128709650512
0.9949180707910706
0.9949300564674757
0.994928150496591
0.994902372822479
0.9949162298400323
0.9949140709135379
0.9949083175805602
0.9949022582235654
0.9949049324903204
0.9949097602436351
0.9949039109155623
0.9949374591582946
0.9949422015825709
0.9949290387795368
0.9949324643648538
0.9949308333872812
0.9949364886037354
0.9949438514202869
0.9949361795229164
0.9949463224193629
0.9949380691376699
0.9949379402123943
0.9949732696571024
0.9949766550826998
0.995004061552752
0.9950187193479955
0.9950380892034856
0.9950470673447512
0.995034861419127
0.995048515751182
0.995051674181443
0.9950487992351166
0.9950511888076219
0.995036342958266
0.9950338351314434
0.9950419118747466
0.9950281721312507
0.9950481363786039
0.9950466731636413
0.9950714947657309
0.9950523465448944
0.9950530725192474
0.9950648602072489
0.995063458416238
0.995053810688892
0.9950593687202655
0.9950740517647289
0.9950648246055769
0.995065053576432
0.9950426055713735
0.9950433271026843
0.9950271414491655
0.9950361667595069
0.9950479993125537
0.9950458238899537
0.9950394538332075
0.9950340691331534
0.99502359505988
0.9950397733380507
0.9950417690360421
0.9950561899370504
0.9950685909490821
0.995070356341804
0.9950695118688021
0.995087589253268
0.9950926057855247
0.9950937708089203
0.9950850243925157
0.9950891739304893
0.9950550102480151
0.9950641549166175
0.9950628765416677
0.9950581723896342
0.9950425399620557
0.9950430652214912
0.9950558008251147
0.9950526416153402
0.9950504472192031
0.995043540906638
0.995032790356982
0.9950238146946787
0.9950144708517101
0.9950248273092179
0.9950438828216368
0.9950539081243454
0.9950485434335484
0.9950548613681784
0.9950705634133692
0.9950775432690555
0.9950846507921589
0.995083676835215
0.9950830746575143
0.9950906017382091
0.9950876495056532
0.9950921452411369
0.9950818398929813
0.9950974549707535
0.9950967917637726
0.9950916613329642
0.9950781733259861
0.9950660646453446
0.9950539080654544
0.9950578832072176
0.9950584183448616
0.9950592850542608
0.9950516752253974
0.9950450545675713
0.9950361627826017
0.9950401746694374
0.9950321820481446
0.995038145321053
0.9950473691538134
0.9950540324118848
0.995056036848833
0.9950537737542229
0.9950633879111664
0.9950613996107268
0.9950593614247593
0.9950571944667082
0.9950576948638067
0.9950433016211058
0.99504189978703
0.9950480241040164
0.9950392732049468
0.9950399369038156
0.995039555962904
0.9950515690839107
0.9950659123760185
0.9950658005294947
0.9950708439262291
0.995054285451144
0.995059972374302
0.9950885317805163
0.9950944350340394
0.9950923241825491
0.9950863397303965
0.9950766737381277
0.9950829238181927
0.9950826651030524
0.9950845734639079
0.9950841030867568
0.9950867929142413
0.9950911007527368
0.9950870015810186
0.9950748209312037
0.9950843533120135
0.9950880931972096
0.9950847072814965
0.9950944677877492
0.9950962363587488
0.9950977629046942
0.9950960083338454
0.9951028160459826
0.9951048839562937
0.995102736507418
0.9951126151282115
0.9951125883055995
0.9951021104195935
0.9951000288330756
0.9951013494703923
0.9950936002960683
0.9950935331909406
0.9950931882739531
0.9950950060975899
0.9950952327692139
0.9950908506890699
0.9950910415014448
0.995094713967624
0.9950952293967135
0.9950901251941471
0.9950822033929273
0.9950936798492604
0.9950881093681366
0.9950788173690516
0.9950791598863136
0.9950700460572283
0.9950722932172336
0.9950802895378535
0.9950848574772811
0.9950848607681227
0.9950913519113588
0.9950932913982042
0.9950949299796756
0.995099029171171
0.9950993680209915
0.9951055803158
0.9951004978518463
0.9951067119323137
0.9951003665752399
0.9951075953253669
0.99510792942299
0.9951094415901505
0.9951098810969036
0.9951102195204957
0.9951014672631399
0.9950917851319196
0.9950953237473558
0.9950981484671567
0.9951048137747625
0.995101676042521
0.9951117925420437
0.9951104671445996
0.9951108401914956
0.9951070810220831
0.9951011092459082
0.9951100871246367
0.9951167559570858
0.9951060143507852
0.995122431982093
0.9951232267371722
0.9951205529895313
0.9951299782517955
0.9951279541879375
0.9951299949066383
0.9951360781327115
0.9951338863766868
0.9951315832522317
0.9951311816977105
0.9951304600652968
0.9951268258313036
0.9951215062498823
0.995121648382648
0.9951105782190627
0.9951030904708233
0.9951015309505232
0.995103628222239
0.995102145707099
0.995109436130426
0.9951158632226667
0.9951167997145974
0.9951118938830114
0.9951125910061224
0.9951136650476388
0.9951152722656211
0.9951095186740269
0.9951050124381796
0.9951128504819462
0.9951197051487212
0.9951170114460753
0.9951158703252613
0.995119977295125
0.9951261109171881
0.9951240066004572
0.9951202573433022
0.9951251531739796
0.9951248647863371
0.9951255974152141
0.9951239191689321
0.9951224298455272
0.9951184700202232
0.9951188651478082
0.995124665645591
0.9951210978869975
0.9951239424883693
0.995121628295803
0.9951197172211251
0.9951195065743177
0.9951222566705697
0.9951235783009154
0.9951179780071941
0.995112496025731
0.9951214675086318
0.9951224741652952
0.995123455162059
0.9951209220399121
0.9951226589141744
0.9951183724522334
0.9951215869927309
0.9951191081959654
0.9951184974262152
0.995121870167436
0.9951224432633572
0.9951223873435355
0.9951217434814642
0.995122238340818
0.9951204988342958
0.9951217749640874
0.995122431909454
0.9951267137627534
0.995129742092126
0.995128988138705
0.9951287835317266
0.9951287379846261
0.9951245351589049
0.995130123619576
0.9951316071460495
0.9951271146637458
0.9951298875906609
0.9951284044795038
0.9951313464789123
0.9951332717251986
0.9951319287085938
0.9951292854820711
0.995124220404022
0.9951224653712643
0.9951260121594729
0.9951300754451309
0.9951322165318975
0.9951330794373375
0.9951329677955449
0.9951301861668351
0.995129274495042
0.9951233592803228
0.9951204103780896
0.9951247980932694
0.9951363082224551
0.9951355282602717
0.9951288870934404
0.9951319658595106
0.9951305684445704
0.9951313208535764
0.9951253150352514
0.9951250602421765
0.9951283627780582
0.9951246291261897
0.9951231225671374
0.9951215391760231
0.9951248189107554
0.9951254860385902
0.9951169265463634
0.9951220256317141
0.9951268235537003
0.9951216977758238
0.9951297603401452
0.9951299582665889
0.9951310454987684
0.9951314880245344
0.9951313300548122
0.9951343725481634
0.9951357185744045
0.9951294909862972
0.9951279167668827
0.9951284080925256
0.9951254286752809
0.9951264913328448
0.9951298348141995
0.9951273619268678
0.9951256784749006
0.9951196747882025
0.9951208163883829
0.9951225900977637
0.9951250256964557
0.995122653582067
0.9951226416333352
0.9951240075091592
0.9951231920779218
0.9951205266938568
0.9951162762343453
0.9951142423638701
0.9951147727581348
0.9951091762603909
0.9951087856826758
0.9951147309878382
0.9951146266850595
0.9951192994816043
0.9951222095178861
0.9951173647742838
0.995121203097869
0.9951255800827922
0.9951251496775751
0.9951288541989389
0.995129076651801
0.9951332819966161
0.9951349694744367
0.9951396478749427
0.9951452588502682
0.995140850643324
0.9951358163958286
0.9951348161596859
0.995135678148879
0.99513600884152
0.9951361148608876
0.9951366049699614
0.9951347520647168
0.995134226811568
0.9951356806252892
0.9951366961057229
0.9951423394371747
0.9951461995017672
0.9951454743525743
0.995145162166072
0.9951456682643295
0.9951398801816196
0.9951382232488839
0.9951321749284339
0.9951327475930306
0.9951364725838593
0.9951368368219821
0.9951376259229526
0.9951408444148783
0.9951404271006618
0.995136569655341
0.9951400702698492
0.9951389333160146
0.9951349218694815
0.9951351563574309
0.9951380547922376
0.9951371612164394
0.9951332800165594
0.995137340365065
0.9951343114793915
0.9951393419800496
0.9951411517176872
0.9951431023374272
0.9951467877700113
0.9951423976874937
0.995147223112564
0.9951432140534348
0.9951400148214925
0.9951473031726077
0.9951460589554744
0.9951439470002975
0.9951401357048871
0.9951397635582252
0.9951369863501576
0.9951314628833372
0.9951316671873885
0.9951275184428546
0.9951295300581345
0.995136642544882
0.9951342197583293
0.9951346951035932
0.9951390739263721
0.9951405591269987
0.9951415210306139
0.9951421599457128
0.9951449617028368
0.9951445881774159
0.9951453172908904
0.9951431194284408
0.9951336122373322
0.9951294735194207
0.9951284294726394
0.9951276500769386
0.9951282770546953
0.9951328067605817
0.9951253949674642
0.9951230522655559
0.9951259521446493
0.9951208160220095
0.9951230701658146
0.9951193663906831
0.9951111645672462
0.9951114730681402
0.9951119444007895
0.9951137575153824
0.9951159673244024
0.9951117746031323
0.9951097576831173
0.9951113336763139
0.9951122635180947
0.995112489019082
0.9951137033589802
0.9951157746656406
0.9951159667375655
0.9951186951304867
0.9951228795502883
0.9951278365201737
0.9951311975654104
0.9951304722991443
0.9951334408951334
0.9951334240998667
0.9951344733607579
0.9951314232025696
0.9951317500361335
0.9951261796209094
0.9951200518508869
0.9951160079885782
0.9951143302048306
0.995110380242084
0.9951143218685164
0.9951153463607771
0.9951130318680512
0.995116054746168
0.9951132311468789
0.9951121157841905
0.9951089169700233
0.9951071093660112
0.9951127404408658
0.9951160471298139
0.9951179561241472
0.9951192431763071
0.9951170192431578
0.9951189617801511
0.995118141387473
0.9951204624059271
0.9951157275226935
0.995115378999056
0.9951182924828437
0.9951160691846552
0.9951172777896234
0.9951212736922233
0.9951251516235201
0.9951273259731035
0.9951260447025216
0.9951229643729115
0.9951255026415916
0.9951248510072442
0.9951245505618126
0.9951243352597168
0.9951260204552634
0.9951245227378962
0.9951275421059854
0.995126961772596
0.9951254987355783
0.9951199279347974
0.9951174704282898
0.995118541038034
0.9951227094824736
0.9951217901262802
0.9951192395651351
0.9951164379558936
0.9951199218682178
0.9951219305744403
0.9951266974937618
0.9951242345148722
0.9951195730058622
0.9951174013155069
0.995123958038349
0.9951249124182575
0.9951257270600472
0.9951245588691892
0.9951258399848051
0.9951252367603984
0.9951268553756136
0.9951262302690982
0.9951244265046203
0.9951229054492163
0.9951212166751555
0.9951224642106261
0.9951185192608274
0.9951180010819035
0.995116471829835
0.9951168029004833
0.9951162120851949
0.995116311160924
0.995120911969521
0.9951179376436522
0.995117792992537
0.9951213182578108
0.9951252324340338
0.9951277288219346
0.995128015982691
0.9951290533025181
0.9951310987577592
0.9951325863177617
0.9951353706115892
0.9951419372483449
0.9951412420449564
0.9951429086159467
0.9951419607492678
0.995138370472319
0.995139072675748
0.9951360935602449
0.9951317231176925
0.9951298187188128
0.9951258279269031
0.9951201832329186
0.9951233450846102
0.9951248565135156
0.9951282717898263
0.9951242303339466
0.9951228454901042
0.9951224943828675
0.9951236367146628
0.9951244992092456
0.9951198314712678
0.9951223565013172
0.9951201643746083
0.9951165046884985
0.995115568679617
0.9951157425062702
0.9951157945830785
0.9951160331441723
0.9951131288798012
0.9951148677464424
0.9951171896848902
0.9951160816628167
0.9951129811284595
0.9951133605898197
0.9951133022691093
0.9951115505523158
0.9951134255367935
0.99510799092689
0.9951091162289407
0.9951082793429717
0.9951094584088136
0.9951097305544402
0.9951088385371507
0.9951090076285795
0.995107979464278
0.9951086048493643
0.9951101038867322
0.995108904449759
0.9951102886597245
0.9951121228955013
0.9951129492008689
0.9951131108628578
0.9951093007502335
0.9951109369262361
0.9951109651106589
0.9951108334182792
0.9951113050438434
0.995109862412139
0.9951115359558416
0.9951124312988515
0.9951087929790988
0.9951079637980178
0.9951061323752063
0.9951113613243323
0.9951126405111034
0.9951139277033484
0.9951109010641666
0.9951124883660803
0.9951129070617145
0.9951126659284921
0.9951110735005068
0.9951091911623389
0.9951104721205168
0.9951091987605385
0.9951042082847145
0.9951032361906079
0.9951018225520266
0.9951007757907744
0.9950988814401588
0.9950981654028248
0.9950965301378345
0.9950971999663384
0.9950984626026439
0.9950980916654504
0.9950960297150169
0.9950991273779731
0.9950999325474094
0.9951034562124397
0.9951012247355853
0.9951004534254789
0.9951009789627169
0.9951018720270082
0.9951014417167845
0.9950998796731217
0.9951021125984839
0.9951046090734292
0.9951054375103787
0.995103940295801
0.9951010173559849
0.9950974674636776
0.9951008098050248
0.9951013435718506
0.995102350121323
0.9951016917149328
0.9951025596843117
0.9951048965451109
0.9951044147121081
0.9951042563264366
0.9951076950999402
0.9951044849625332
0.9951055038495065
0.9951077225659233
0.9951058880621373
0.9951022798730801
0.9951028890311142
0.9951037435076289
0.9951023016533269
0.9950997742983334
0.9951001165785991
0.9951005231964067
0.9951022236713863
0.995099280557671
0.9951002009847381
0.9950978570317337
0.9950991323078593
0.9950984955585761
0.9950957338224666
0.9950952033368686
0.9950951511094093
0.9950966437191222
0.99509886792137
0.995101229132808
0.995101683416819
0.9951016915433244
0.9951002159728303
0.9950982920424627
0.9950949765399644
0.9950922402029566
0.9950919151460804
0.9950933169193767
0.9950919349893805
0.9950910350761952
0.9950931697138639
0.9950925738765704
0.995091860132965
0.9950930450836226
0.9950923252315945
0.9950930150152467
0.9950931446873238
0.9950898704119064
0.9950888799444906
0.9950891368241519
0.9950907331889254
0.9950900080578583
0.9950902673740182
0.9950878636240823
0.9950900671178344
0.9950903728784125
0.995092913981645
0.9950924675605665
0.9950893392845107
0.9950920815784405
0.9950929034774018
0.9950919297635856
0.9950915538097715
0.9950921107918155
0.9950906302130559
0.9950911866994369
0.995093529354836
0.995089565951607
0.995088586735913
0.9950906313181263
0.9950855693838843
0.9950840348810323
0.9950854360883594
0.9950840130332534
0.995084618091157
0.9950845280118361
0.9950863413787825
0.9950888999686209
0.9950901443193824
0.9950916391706264
0.9950899149740001
0.9950881135295061
0.9950909830497249
0.9950897189898349
0.9950922091145018
0.9950936814977206
0.995093853993651
0.9950928080046727
0.9950914090366311
0.9950926391461099
0.995094389867089
0.995090640683261
0.9950907382334787
0.9950939195687941
0.9950946199377148
0.9950939512423109
0.9950951299899422
0.9950976116337323
0.9950946121778245
0.9950953200524082
0.9950907188286081
0.9950940114530225
0.9950933110067892
0.995092696241307
0.9950923814235841
0.9950930570143124
0.9950908003644297
0.995092421111965
0.995092327836558
0.9950938232407506
0.9950923581119299
0.9950923256369238
0.9950930119104522
0.995094243710725
0.995090574686476
0.9950907549630941
0.9950878155632389
0.9950880239875683
0.9950895523380292
0.995092238063128
0.9950897722624966
0.9950863878439362
0.9950864429358087
0.9950866767890668
0.995086019659896
0.9950911891848542
0.9950896610683211
0.995090208552592
0.995092228471696
0.9950933201095862
0.9950899535311292
0.9950893226082419
0.9950892589160149
0.9950904112436089
0.9950890886033937
0.9950865344271285
0.9950866073424207
0.9950835604264481
0.9950840201251173
0.9950868853213427
0.9950858313048958
0.9950853969132665
0.9950852238639216
0.9950870048587341
0.9950872920314586
0.995086199582939
0.9950856828720418
0.9950854986286628
0.9950853764030384
0.9950862831495242
0.995086803349079
0.9950906714830896
0.9950894279779927
0.9950893336886569
0.9950908506362214
0.9950900889677096
0.9950893895852794
0.9950908532548015
0.9950908420241754
0.9950905359486018
0.9950917190392753
0.9950927347973821
0.995090358387175
0.99509230326954
0.9950955272395788
0.9950964876988003
0.995095967033965
0.9950943866619915
0.9950950217521679
0.9950958986160776
0.99509499748592
0.9950948723416732
0.9950942536141275
0.9950979622111421
0.9950984088568617
0.9950953644540614
0.9950963877503299
0.9950945807008401
0.9950962037931158
0.9950977798610805
0.9950945882025205
0.995093751464728
0.9950927177802961
0.9950913612822682
0.995090587003699
0.9950922753010152
0.9950947047564117
0.9950949259761366
0.995095498593707
0.995096738361916
0.9950978597192696
0.995098069340643
0.995097940239398
0.9951007674223074
0.9951021853710056
0.9951034426847076
0.9951065729541462
0.995108186393877
0.9951059491890007
0.9951060443185206
0.995108369203604
0.9951080929876843
0.9951096779871019
0.9951102665771328
0.9951076268026949
0.9951054759108842
0.9951074748314697
0.9951051841729006
0.9951062680353335
0.9951053882088238
0.9951037990464905
0.9951050510105672
0.9951029393806489
0.9951029331178455
0.9951042737778469
0.995105889808273
0.9951061159909601
0.9951066890101579
0.9951072814871622
0.9951072004808417
0.99510900926418
0.9951122291893371
0.995113169289985
0.995111901122463
0.9951128404082473
0.9951129059977551
0.9951134660344221
0.9951148895020568
0.9951141519058168
0.9951148569766585
0.9951123120995655
0.9951144660257222
0.9951149713362477
0.9951149790637493
0.995111184161816
0.9951111880173767
0.9951102799655092
0.99511219173627
0.9951157189606693
0.9951155740671237
0.9951133937394988
0.9951117816545134
0.9951110784187487
0.9951116752723422
0.9951101011128967
0.9951105696323266
0.9951090541880122
0.9951120898169522
0.9951135641423658
0.9951132770228956
0.9951131408534581
0.9951149872931865
0.9951154569119313
0.9951138100204593
0.9951145265957065
0.9951176981246393
0.995115257951222
0.9951160794625104
0.9951146154979904
0.9951170622429091
