0.9887675106735142
0.9908823329883797
0.9919332064283812
0.9919098044498141
0.9928380363547397
0.9926830061617004
0.9930095440291469
0.993440574184305
0.9934515833122111
0.9933820514662989
0.9934151460405702
0.9935612103860045
0.993663685776329
0.9934066888540889
0.9934063823146851
0.9931786329339971
0.9931874589894305
0.9930059085686062
0.9929713757441209
0.9929156934339555
0.9929717514923245
0.9930236899894809
0.9930575618816503
0.9930601904311673
0.9930564647151008
0.9931247174368923
0.993162670893311
0.9931036558180014
0.9932299353945638
0.9933061370490759
0.99321478438218
0.9932228189667944
0.9932418832114815
0.9932854703196917
0.9932514887971509
0.9932061794148644
0.9932356379367792
0.9932438836853655
0.9933332920092758
0.9933203884978477
0.9933266376936909
0.9933395911343468
0.9932795563699164
0.993359651119648
0.9933781132232429
0.9934316564906256
0.993386874771827
0.993384829385563
0.9934174692021184
0.9934266541825691
0.9934168958496685
0.9934386846007529
0.9934518841146187
0.9934624444941726
0.9934237163139136
0.9934247452459605
0.9934395893724531
0.9934095568645719
0.9934308966866822
0.9934783576612376
0.9934817714927027
0.9934774484893976
0.9934872449991042
0.9935112939419876
0.9935290463482342
0.9935013053172574
0.993509088250465
0.9935301966406425
0.9935125210838479
0.9934897833209156
0.9934738885917072
0.9934759517622013
0.9934399349368315
0.9934449129377166
0.9934553645245171
0.9934174535871187
0.993368426354539
0.9933865045071398
0.9933719815239433
0.993390749546555
0.9933936254871033
0.9934374597220552
0.9934443275018162
0.9934644610115722
0.9935086458098427
0.9935152301507632
0.993499420329372
0.9934677995831203
0.9934569667459625
0.9934505924454772
0.9934332047993917
0.9934257935944283
0.993388916547269
0.9933976486185965
0.9933897568117541
0.9933849933107363
0.9933729181602161
0.993420309357804
0.9934424340958353
0.9934544348457854
0.9934353789714001
0.9934358265330183
0.993450184585188
0.9934595998141198
0.99345885678704
0.9934631917687905
0.9934531143598057
0.9934557867880367
0.9934734869389287
0.9934713724998142
0.9934724913547498
0.9934679094013696
0.9934688475449039
0.9934502715008126
0.9934279760154262
0.9934392198916765
0.9934244391470828
0.9934448949044695
0.9934543445499172
0.9934600668828525
0.9934696076808596
0.9934730662909903
0.9934809173563459
0.9934623408350243
0.993448690547395
0.9934678143959768
0.993472547256998
0.9934764171582503
0.9934661703198308
0.993473420743798
0.993494473246927
0.9935170967855962
0.9935143008352159
0.9934933426574435
0.9934775303943583
0.9934660059372359
0.993466293277105
0.9934744998586613
0.9934594407250203
0.993450385702264
0.9934461428218546
0.9934521927926944
0.9934482141191496
0.9934294460206378
0.9934135474974982
0.9934048655149421
0.9933950292449767
0.9934085809511055
0.9933846290892896
0.9933900564013414
0.9933757010867544
0.9933685437773464
0.9933556970771193
0.9933407032086206
0.9933545641930055
0.9933707524138861
0.9933643961604026
0.993358526625991
0.9933729069318049
0.9933859983049271
0.9934134841868292
0.9934202329463108
0.9934107487745953
0.9934085174038548
0.9934082917522208
0.9934136445557298
0.9934170347890886
0.9934231910568548
0.9934154032485862
0.9934243681028806
0.9934316890507949
0.9934192958913555
0.9934039731447555
0.9934038848611457
0.9934038149796821
0.9934008717946949
0.9934244103004166
0.9934354295883272
0.9934289930448239
0.993413748719149
0.9933992816614245
0.9933936358104206
0.9934136606616825
0.9933936223774432
0.9933941145718748
0.9934025501241217
0.9934117213600718
0.9934089608019733
0.9934165385484174
0.9934249257995815
0.9934120445750847
0.9934028415233901
0.9934135430047175
0.9934088884797113
0.9934087481603682
0.9934119220172564
0.9934225005693668
0.9934149504957765
0.9934253330556151
0.9934336533539054
0.9934287185819165
0.9934357471175045
0.9934154859932864
0.9934213344401868
0.9934191635113601
0.9934015978967411
0.9933886372123649
0.9933896772027272
0.9933909640935455
0.9933921740052384
0.9933847339744905
0.9933838362631778
0.993387676008197
0.9933998316970737
0.9933957572543936
0.993396588772706
0.9933914808438358
0.9933889356469957
0.9933876717399884
0.9933755042177889
0.9933812542718656
0.9933843706358761
0.9933924450243764
0.9933897228169163
0.993394033746376
0.9933990980331238
0.9933833552329493
0.9933999235043799
0.9934028056541548
0.9934134751213494
0.9934081221573502
0.9933983238806018
0.9934119616215042
0.9934035696807988
0.993388186397236
0.9933832239028135
0.9933809165562862
0.9933795705348473
0.9933679116595325
0.9933687689217626
0.9933526798569154
0.9933515569602732
0.9933575416357074
0.9933446390938151
0.993340430061248
0.9933425413992685
0.9933396428572557
0.9933495276433258
0.9933563697859026
0.9933537700870265
0.9933624842383838
0.9933556082645594
0.9933650650560162
0.9933658801823875
0.993364698350541
0.9933615867738244
0.9933525624696593
0.9933564212200905
0.9933644030700426
0.9933559408933049
0.9933545614963817
0.9933495197454889
0.9933566712742414
0.9933602324529525
0.9933636908592371
0.9933736295143444
0.9933702957521061
0.9933738460495563
0.9933723130940565
0.9933748357026928
0.9933780801725048
0.9933759669117804
0.9933705960079277
0.9933652854273731
0.9933617696195911
0.9933651970993973
0.9933709873950091
0.9933719420497041
0.993371893691088
0.9933598707852551
0.9933513509387317
0.9933515036751238
0.9933556606230051
0.9933519968447966
0.9933322178230384
0.9933335392570347
0.9933219597622043
0.9933263394827
0.9933244654217246
0.9933348326677831
0.993325153415246
0.993332944598693
0.9933288753971684
0.9933202869746123
0.9933114184777824
0.9933083517413308
0.9933258007364382
0.9933130067858612
0.9933124215322628
0.9933176471079682
0.9933139141747933
0.9933109274190465
0.9932999166579347
0.9932893701116033
0.9932920069781719
0.9932892173714537
0.9932825335083895
0.993288195707507
0.9932874764953841
0.9932878707435016
0.993289867008559
0.993286346553901
0.9932908148061369
0.9932882810737771
0.993293040813682
0.993295006338322
0.9933121980108995
0.9933171866309491
0.9933134890451826
0.9933130766279977
0.9933071861066938
0.9933063248549504
0.9932984670759789
0.9933000628272446
0.9932950772463844
0.9933028853546427
0.9932996739594461
0.9932990520392719
0.9933075027809849
0.9933087876836187
0.9933081245471782
0.9933063595400994
0.9932993760609103
0.993295356854493
0.9933015654522913
0.9933044619799491
0.9933105655438497
0.9933112983802543
0.9933130704253863
0.9933181699830342
0.9933173846430875
0.9933159320108316
0.9933120382967957
0.9933131986510483
0.9933118972963851
0.9932989850629111
0.9933009582381345
0.9933027572393041
0.9933138386276928
0.9933135223846912
0.9933070747339053
0.9933181796399372
0.9933194579117717
0.9933195983711998
0.9933298399105842
0.9933336339259294
0.9933368482869331
0.9933423282751488
0.993341945792026
0.9933348702894802
0.9933323722144236
0.9933368550699244
0.993334620543314
0.9933282455914451
0.993325446240104
0.9933208274934134
0.9933193589081728
0.9933257713220619
0.9933231458351254
0.9933279406023289
0.9933354434926861
0.9933329245573778
0.9933227748862062
0.9933157898980649
0.9933104609086942
0.9933079788270209
0.993302142111917
0.9933107760296254
0.9933190268695625
0.9933246121865668
0.993331911712869
0.9933319680761773
0.9933312037878903
0.9933249796647722
0.9933195922687548
0.9933210207241613
0.9933223455479104
0.9933221651922098
0.9933254380202301
0.9933305353120307
0.9933296984283008
0.99332204487535
0.9933244913736815
0.9933323541040756
0.9933422572150561
0.9933521424962507
0.9933526492529519
0.9933474784394077
0.993346549835221
0.9933450265370518
0.9933424169581303
0.9933419142342844
0.9933476382516606
0.9933491547526122
0.993353820071947
0.9933662222969301
0.9933673093293841
0.9933722520191997
0.9933633945122594
0.9933627779642282
0.9933615120714696
0.9933635777240227
0.9933669059624572
0.993366514760026
0.9933680950698749
0.9933689090822045
0.9933687196314975
0.9933724356415395
0.993370187931185
0.9933696546666315
0.9933729177224793
0.9933784146840877
0.9933805968394643
0.9933872330100693
0.9933859396263628
0.9933860768600685
0.9933863356192941
0.9933956347185319
0.9933991157972838
0.9933995080940069
0.9934001099896164
0.9933986091005597
0.9934022984798363
0.9934050434237821
0.9934057290929388
0.9933972753835258
0.9933974785700463
0.9933936311824838
0.9933872947088422
0.993392888731466
0.9933939636155463
0.9933890946868202
0.9933856392526443
0.993393211094889
0.9933862340058804
0.9933915401212478
0.9933879353511785
0.9933864124750481
0.9933866602740024
0.9933843516779517
0.9933869267196429
0.9933948434624812
0.993392393835341
0.9933965511839014
0.9933961596361051
0.9933964595162772
0.9933979265625326
0.9933900547235848
0.9933840570330479
0.9933885021701202
0.9933834758370053
0.9933781538963067
0.9933769931388045
0.9933776529837347
0.9933778535160788
0.9933785875683604
0.9933829410399053
0.9933846702263466
0.9933850280624141
0.9933840766985704
0.9933844161069276
0.993389423481754
0.9933871581131225
0.9933893484936066
0.9933958528459512
0.9933967654923148
0.9933940439187744
0.9933873188482065
0.9933838640472341
0.9933750417995754
0.9933672545702811
0.993366421963448
0.9933783015770878
0.9933767128694871
0.9933735668331481
0.9933744609152961
0.9933798478396391
0.993380900004235
0.9933813175481674
0.9933824056203071
0.9933781825232505
0.9933676229747177
0.9933657024667348
0.9933623747503711
0.99336311786398
0.9933615312987771
0.9933555502726142
0.9933494387665159
0.9933430759308525
0.9933492276737319
0.9933534495607047
0.9933488119168096
0.9933396429160247
0.9933340472901989
0.9933368753674953
0.9933374321507482
0.9933438971054559
0.9933406384494089
0.9933392290210405
0.9933375026333213
0.99333669519811
0.9933326362790051
0.9933352574569466
0.9933336631834762
0.9933247587102277
0.9933295675198012
0.9933276750850502
0.9933335977295913
0.9933345036720979
0.9933360877405393
0.9933372148557191
0.993338754846714
0.993340104965738
0.9933404666738332
0.9933430804468044
0.9933453385345041
0.9933439427609295
0.9933428564249585
0.9933435937417137
0.9933442256626364
0.99334253382875
0.9933392317683336
0.993341828030499
0.993339355620293
0.9933377164347388
0.993341513997884
0.9933391612537094
0.9933286350948697
0.9933244119911186
0.9933287596501007
0.9933296314134547
0.9933347178277799
0.9933294934287313
0.9933343807111529
0.9933365925711245
0.9933305857563179
0.9933323551560752
0.9933302463110691
0.9933303074737523
0.9933288336811998
0.9933316499398629
0.9933324195390796
0.9933330596640502
0.9933291549742526
0.9933276403697175
0.9933267782778321
0.9933252471481647
0.9933278885967753
0.9933257713451189
0.9933281436836081
0.9933286889083652
0.9933325441877019
0.9933329721790516
0.9933255189442329
0.993322285591468
0.9933266973907765
0.9933240712768769
0.9933279879299161
0.9933315814545498
0.9933311502216131
0.9933255856553632
0.9933245089442045
0.9933218442601804
0.9933219042221567
0.9933184384274122
0.9933169479730203
0.9933239332506067
0.9933248469487268
0.9933196910578109
0.9933257549297145
0.9933220689611204
0.9933211879775625
0.9933211909079008
0.993316011267619
0.9933126350673719
0.9933130865849616
0.9933154920449497
0.9933180914105334
0.9933151262196535
0.9933148680985354
0.9933187179122234
0.9933174797031944
0.9933179518655031
0.9933164540495595
0.9933156083939519
0.9933181356940484
0.9933181355602155
0.9933229382906562
0.9933172822172256
0.993316722125409
0.9933129874377469
0.9933205546071094
0.9933212709704553
0.9933234734752568
0.993327363087353
0.9933261629573377
0.9933234310681331
0.9933237500654996
0.9933268825858926
0.9933264240585497
0.9933251476706048
0.9933293064314198
0.9933299004388397
0.9933295531182716
0.9933293719388536
0.9933284674319729
0.9933296384287094
0.9933290891107379
0.9933313471080936
0.9933355967435112
0.993334279082609
0.9933351519236919
0.9933294086863553
0.9933275161062582
0.993322606082817
0.9933220445453473
0.9933224422571777
0.9933229820971902
0.9933241152346458
0.9933263697504343
0.9933309732626581
0.9933321467657923
0.9933323381697743
0.9933268600304836
0.993326763138684
0.9933301561682124
0.9933294634046237
0.9933252402885543
0.9933252618667671
0.9933227607308789
0.993325337097199
0.993324573379273
0.993328603492211
0.9933352422439777
0.993334947770841
0.9933347317881072
0.9933328337741024
0.9933357512211759
0.9933361218612375
0.9933398758920341
0.993334469382327
0.9933324660615682
0.9933311201446221
0.9933312707751554
0.9933287562097703
0.9933292597004475
0.9933273794519732
0.993326502382289
0.9933289159995029
0.9933303552555429
0.9933308601733741
0.9933312882309296
0.993331665555813
0.9933297366575103
0.9933283661340474
0.9933237995081424
0.9933234059146825
0.9933224622847782
0.9933239506093396
0.9933260955354687
0.9933258520729299
0.9933223984520306
0.9933223697918655
0.9933226830616474
0.9933241131861787
0.9933293475619278
0.9933300741765645
0.9933310297575653
0.9933298082812291
0.9933314408537057
0.9933294119144764
0.9933259071945437
0.9933269708663974
0.9933224922386662
0.9933219347428167
0.9933260135822859
0.9933251537757913
0.9933238674455555
0.993324977918417
0.9933253510241702
0.9933317612146311
0.9933289389078038
0.9933298804975322
0.9933224423129859
0.993328237173677
0.9933221201335554
0.9933211675475961
0.9933189798231417
0.9933221301310652
0.9933202838366942
0.9933248018188021
0.9933238760380039
0.993322849790597
0.9933228262434196
0.9933279204137214
0.9933298145405202
0.99332724664514
0.9933304679529921
0.9933332607788649
0.9933377314541105
0.9933379977402064
0.9933385970565739
0.9933401822162564
0.9933370418509938
0.993342012633423
0.9933434184343066
0.993342589811329
0.993343983908336
0.9933433915000847
0.9933457281832607
0.9933465648959824
0.99334606910199
0.9933498202323608
0.9933486158352067
0.9933528596229094
0.9933537496888318
0.9933517123045148
0.9933519590852167
0.9933516666718815
0.9933521352611656
0.9933497751678453
0.9933469970598263
0.9933503013225721
0.9933471289538729
0.9933458007169487
0.9933485103558879
0.9933510358831988
0.9933471125875436
0.9933479585995454
0.9933502368976744
0.993353220872512
0.9933558837657971
0.9933596718003653
0.9933587862780163
0.9933539694279572
0.9933504449514107
0.9933485994300604
0.9933498978739781
0.9933476700248258
0.9933527474307731
0.9933537678025411
0.9933552126864664
0.9933579051458449
0.9933555226336932
0.9933594393696654
0.9933586664047804
0.993358201892381
0.9933537218334338
0.993355454588639
0.993356558802006
0.9933581074000501
0.993361712261337
0.9933630100998448
0.993363470566485
0.9933647564562869
0.9933634354535571
0.9933598239204294
0.9933632771536771
0.9933639285683337
0.9933646906434692
0.9933655013091798
0.9933645276295446
0.993365173705822
0.9933654995900628
0.9933659345739679
0.9933657969226374
0.9933690385276254
0.993367212326347
0.9933727483373419
0.9933747318299644
0.9933749672485868
0.9933729133067721
0.9933737154616945
0.9933729738757822
0.9933709325274335
0.9933743738589691
0.9933772004764692
0.9933816982794438
0.9933804132813356
0.9933795977533266
0.9933789352112151
0.9933773910306578
0.9933772692539945
0.9933773019248751
0.9933811435655181
0.9933823410782777
0.9933810602781968
0.9933803364840691
0.993375189838753
0.993373436661909
0.9933727919501557
0.993375799635715
0.9933776779632012
0.993376311004002
0.9933811415223529
0.9933793147390876
0.9933810838601063
0.9933835698082146
0.9933826419542439
0.9933824825021516
0.9933854781088061
0.9933867075865426
0.9933849696184437
0.9933838755903222
0.993384335400851
0.9933876304634326
0.9933851467124324
0.9933858487273146
0.993390966008232
0.9933929003854678
0.9933929954603714
0.9933955134276297
0.9933961116306497
0.9933956111051183
0.9933980163123373
0.9933950788144733
0.9933903565072403
0.9933912474997924
0.9933901869345704
0.9933871387300954
0.9933848229792673
0.993386296048358
0.9933878747251409
0.9933869755899032
0.993388700131214
0.9933909128754763
0.9933888096123633
0.9933893459637154
0.9933896779449014
0.9933915498478613
0.993390604534318
0.9933909627804186
0.9933953257308955
0.9933948364636899
0.9933952097892685
0.9934011548000328
0.9934017721505027
0.9933990627713871
0.9933974777602784
0.9933941440160842
0.9933911468282796
0.9933906915227962
0.9933902640186609
0.9933851498496539
0.9933827862237522
0.9933837591066378
0.993384658141625
0.9933854815986265
0.9933847726533649
0.993381709965962
0.9933832653460035
0.9933777076665444
0.9933792881678738
0.99337882217506
0.9933785673075031
0.9933761491990154
0.9933832224275492
0.993386918785157
0.9933882790662044
0.9933904714481875
0.9933898618999163
0.9933908904258096
0.9933913487001771
0.993390269696696
0.9933901292057938
0.9933918595955501
0.9933958039898851
0.9934005406499368
0.9934002475887441
0.9934019578698219
0.9933986477046853
0.9933985738891122
0.9933995979024609
0.9934029597048533
0.9934002211353631
0.9933987565725274
0.9933993372319344
0.9933979729511991
0.9933992587354344
0.9934005485264515
0.9933986339312099
0.9933996557064636
0.9933973766728676
0.9933965897388767
0.9933944589634212
0.9933924732295069
0.9933909262600703
0.9933903939597369
0.9933910877049046
0.9933927039508467
0.9933927167084143
0.9933924249577106
0.9933945737202315
0.9933955640730336
0.9933913816821599
0.993392063242263
0.9933941991569579
0.9933936341971075
0.9933939319174205
0.993395826871669
0.9933987955092632
0.9934004072348402
0.9933988755080491
0.9933965904669169
0.9933967616137565
0.9933968552628969
0.9933972075254219
0.9933974163232498
0.9934002717742562
0.9934037945826403
0.9934070560883715
0.9934036778765428
0.9934018891435457
0.9934035623978049
0.9934032970114253
0.993404436644106
0.9934030365091219
0.9934006254726324
0.9934033702551475
0.993404047495444
0.9934032714384119
0.9933969236755327
0.9933948655173579
0.9933940733570721
0.9933943362690051
0.9933931577309161
0.9933944522991204
0.9933916063829213
0.9933906268928304
0.993392196027077
0.9933915129665633
0.993395391779116
0.9933975904226227
0.993396072521073
0.9933982471847858
0.9934037962271333
0.9934016003738986
0.9934011456018255
0.9934008117932313
0.9933986820272404
0.9933985099938561
0.9933974244343748
0.9933935956781331
0.9933922780830841
0.9933929761338437
0.9933924065919134
0.9933946971986639
0.993396774669229
0.9933985535928287
0.9934017858431751
0.9934009089841762
0.9933999425264758
0.9934001664648613
0.9933984869266778
0.9933969314279174
0.9933970294032304
0.9933963805501884
0.99339649496278
0.9933961362147236
0.9933951729311763
0.9933934033966068
0.9933948531558375
0.9933906429256811
0.9933903323467547
0.9933900409710046
0.9933920196866719
0.9933915513869658
0.9933923753704138
0.9933882300535537
0.9933888499730228
0.9933927136720462
0.9933949208207641
0.9933940706705285
0.9933917985920832
0.9933928070199689
0.9933928868931963
0.9933945380112065
0.9933927919518921
0.9933924871154824
0.9933879355889289
0.9933888976075759
0.9933876745263376
0.9933879221327879
0.9933862655109688
0.9933809121585002
0.9933795691777771
0.9933795366881479
0.9933798717767839
0.9933816185703217
0.9933807470583437
