0.986713889450422
0.9882102343177122
0.9897561153994762
0.9912826271526333
0.9925555323363996
0.9926896310815571
0.9927415081356473
0.9929437766573344
0.9931222499163579
0.9933515633404474
0.9932644965752578
0.993618541533149
0.993820659744801
0.9938788704102307
0.9938516940507574
0.9937227929051484
0.9938330932562089
0.9939007459023614
0.994021449409358
0.9938356496167182
0.9937573444950718
0.9938716776199219
0.9937556893016786
0.9937913798485232
0.9936800872195939
0.9936550515822196
0.9935105460978592
0.9934320500694054
0.9934930442699879
0.99350946732212
0.9935091617410773
0.99350431580201
0.9935891505674691
0.9935331104353272
0.993351099919884
0.9933834024160948
0.9934941460748985
0.9935446601737284
0.9935309678874586
0.9935308106060777
0.9935915706539704
0.9936224852118823
0.9935862278603891
0.9936607733912797
0.9936423959747831
0.9937169474357915
0.9936567571759845
0.9936500785251862
0.9935962040562331
0.993603202740584
0.9935830282874107
0.9936281133669217
0.9936131072371236
0.9936305832065812
0.9936577618000844
0.9936684026441079
0.9936625828532457
0.993624504936929
0.9936376537822516
0.9936575437171825
0.9936365828589905
0.9935996306698361
0.9936145969326364
0.9936186473670469
0.9936718182888344
0.9936688869944074
0.9936647241469907
0.9936692650637176
0.9935872733547073
0.9935513426613951
0.993535801053301
0.9935332037270839
0.993468219787898
0.9934916839523834
0.9935221593352229
0.9935120904198662
0.9935111596845452
0.9934906505655277
0.99346783643527
0.9934601601727926
0.9934595887556452
0.9934380089400686
0.9934586091341894
0.9934678544201369
0.9934912305870902
0.9934878128629965
0.9934959441647795
0.993506176293449
0.9935082524592252
0.9934764853513227
0.9934297018305438
0.9933860593530258
0.9933372680895866
0.9933735421387329
0.9933972282704304
0.993382339525567
0.9933845371377757
0.9934065918428273
0.9934117043258671
0.9934236765000338
0.9934349643690021
0.9934236302773874
0.993433355847839
0.9934461209756054
0.9934367759344622
0.9934376985798403
0.9934443452630491
0.9934505829651259
0.9934340381840925
0.9934455443440379
0.9934585274192357
0.9934635774608299
0.9934814231243089
0.993503901967876
0.9935052701835054
0.9935022844021982
0.9934883635572248
0.9934966825400567
0.9934852970538727
0.993521392220025
0.9935446156355027
0.9935527041466056
0.9935505123783694
0.9935630025206797
0.9935271303395192
0.9935752433436086
0.9935787815946207
0.9935754306191464
0.9935649388597004
0.9935615772550276
0.9935690660244634
0.9935696580057362
0.9935749310800397
0.9935513457786923
0.993528595922731
0.9935236292558511
0.9935564293178515
0.9935630255335804
0.993530757845742
0.9935082765164305
0.9934866867297458
0.9934820124640771
0.9934831695029166
0.9934675680380409
0.9934543149064764
0.9934378821646237
0.9934396837604416
0.9934319824517572
0.9934250381273281
0.993406652475364
0.9934132223883806
0.9934229962926928
0.9933886235142501
0.9933556507045739
0.9933513880879302
0.9933454996007685
0.9933208775487452
0.9933246153331219
0.9933224676952467
0.9933025886117403
0.9933201254959872
0.9933288116097326
0.9933343239585968
0.9933327640031088
0.9933374792269138
0.9933419438503626
0.9933524483714786
0.993344341596608
0.9933677179305002
0.9933547434589829
0.9933494994167484
0.993360559004736
0.9933509200875587
0.9933672462341953
0.9933840812248687
0.9933931522737053
0.9934197102294142
0.9934475168672988
0.9934503617085364
0.9934459966435002
0.9934513413601357
0.9934456680852282
0.993441529170069
0.9934216154370601
0.993419264434429
0.9934335294500812
0.9934525799902337
0.9934585296039861
0.9934768362572387
0.9934758534079383
0.9934619008348692
0.9934842199869093
0.9934944577800634
0.9935055624253039
0.9935036107586251
0.9935252744506456
0.9935480455531511
0.9935416184102618
0.9935517923889975
0.9935602497304185
0.9935697838364542
0.9935665859978632
0.9935651785259721
0.9935462557159357
0.9935370562640053
0.9935456986305695
0.9935392145852375
0.9935346199281068
0.9935362107379901
0.9935023984770666
0.9935128191367671
0.9935152922765116
0.9935092823479383
0.9935183500731354
0.9935172315301826
0.993510989961193
0.9935153623311508
0.9935144896809044
0.9935245523399926
0.9935346052764205
0.9935369156431213
0.9935294818545144
0.9935346563816887
0.9935161310624706
0.993506953889587
0.9934979529887336
0.9934906721279145
0.9934880736190668
0.9934831698531881
0.993478879026814
0.9934690783332407
0.9934667333312789
0.9934805939216769
0.9934748640702846
0.9934584382647359
0.9934478408913212
0.9934338987708196
0.9934389177322923
0.993430337569881
0.9934405486931795
0.9934389620054913
0.9934429512973679
0.9934403644368345
0.9934464123651343
0.9934473815229541
0.9934522560956072
0.9934255583901037
0.9934372396790151
0.9934486826488563
0.9934369241999388
0.9934167264916058
0.9934195939984872
0.9934069485782019
0.9934183635037696
0.9934211138485362
0.9934252873726906
0.9934292058747035
0.9934399715115267
0.9934453511926513
0.9934450306812392
0.9934464044900765
0.9934507224863759
0.9934599938980294
0.9934547064581062
0.9934632297377778
0.9934637012361885
0.9934636276775368
0.9934790940183835
0.9934775379540677
0.9934839569329315
0.9934955344805737
0.9935087666392318
0.9935089649030763
0.9934997666404756
0.9934834854764153
0.9934819246105192
0.9934812874187456
0.9934788169029883
0.9934650154940273
0.9934515752131757
0.9934498984427305
0.9934499489096867
0.9934385168407892
0.9934448699134404
0.993418007101211
0.9934193621452461
0.9934226314644835
0.9934224939596884
0.9934256982704257
0.993439078112081
0.9934388787651462
0.9934412406789205
0.9934494832006696
0.9934469227825102
0.9934342408936819
0.9934396556507252
0.9934412967292175
0.9934385197992699
0.9934292431376064
0.9934396859784056
0.993451126096448
0.9934481209805378
0.9934488784131019
0.9934520520356492
0.9934521307725648
0.9934502562696111
0.9934433707704527
0.9934434454690053
0.9934404382453694
0.993437051448513
0.993434299243754
0.9934370450435511
0.9934412662619443
0.9934469979395056
0.9934389482560843
0.9934421938872133
0.9934476500317255
0.9934521860100133
0.9934500253960726
0.993449358140355
0.9934451612046808
0.9934396421458735
0.9934418854438811
0.9934405171666203
0.9934460840294441
0.9934468376804173
0.993441997887633
0.9934505590246598
0.9934525512680455
0.9934687230991291
0.9934707700117612
0.9934742256302154
0.9934773523023811
0.9934801414288766
0.9934905790797656
0.993504636774423
0.9935107447907784
0.9935103008509779
0.9935051095244353
0.993513838411943
0.9935131583253836
0.9935163544948127
0.9935203463859292
0.9935210653039555
0.9935212570849816
0.9935233685719908
0.9935250158517805
0.9935266870376535
0.9935242678446204
0.9935257369309829
0.993517017454406
0.9935243529507111
0.9935210938809429
0.9935193742622224
0.9935177045777573
0.9935214293323996
0.993528073242405
0.9935219376893516
0.9935174848681951
0.9935076093785304
0.993500182051261
0.993500315105344
0.9934966419793562
0.9935007853313708
0.9935091823513643
0.9935010187708854
0.9935039223320297
0.9934946029444226
0.993488127638903
0.9934988162258315
0.9935072289997918
0.9935021605845483
0.9935002864450907
0.9934981116919049
0.9934950901360551
0.9934986042529368
0.9934939162532725
0.9934960484091127
0.993504534107256
0.9935030157479182
0.9935073447237958
0.9935096669094691
0.9934992027688112
0.9934854812085584
0.9934854015937151
0.993494925092643
0.9934914308474607
0.993491249558206
0.993490640633148
0.9934883952339748
0.9934938550426562
0.9934937576138233
0.993498301908792
0.9935117640534223
0.9935063505684776
0.9935093982507509
0.9935173506168608
0.9935059269989909
0.9935040490007178
0.9935143620702804
0.9935172363359762
0.9935113777430292
0.9935176996045643
0.9935183871820081
0.9935117055460341
0.9935099968827944
0.993511217390357
0.9935271882546994
0.993524701621104
0.993524994035041
0.9935268579986218
0.9935236417818621
0.9935297386455448
0.9935343930368521
0.9935326683566941
0.9935270137608478
0.993524423013645
0.9935275770134003
0.9935220446989855
0.9935242142839884
0.9935182845807713
0.9935327335189701
0.9935397686769418
0.9935409123465527
0.9935476210512391
0.9935491604344433
0.9935437092756245
0.9935489891489425
0.9935527022695533
0.993554985782396
0.9935540643836871
0.9935572032840777
0.9935568256229258
0.9935527333097064
0.9935606034496605
0.9935524546838309
0.9935508602012262
0.993537455427112
0.9935321846322972
0.9935307842823944
0.993533649735451
0.9935322494509513
0.993534939104046
0.9935331832086214
0.9935312741373684
0.9935253086865516
0.9935275984971792
0.993528658612775
0.9935228748137347
0.9935269407463244
0.9935328800416611
0.9935400898717202
0.993540262530007
0.993543208095065
0.9935443743716443
0.9935404273266538
0.9935427682011665
0.9935399802955621
0.9935422226152778
0.9935437533273526
0.9935445083555238
0.9935391801739866
0.9935426350434461
0.993542611726368
0.9935423579092614
0.9935434842678649
0.9935520499704513
0.9935540390959997
0.9935612230194558
0.9935645917163984
0.9935681616705029
0.99357274176587
0.9935724765136691
0.9935764174078613
0.99357956932946
0.9935813435902824
0.9935748866973587
0.9935672224298469
0.9935638613299203
0.9935606139461863
0.9935626219142077
0.9935541048253622
0.9935597405491947
0.9935522696485284
0.9935548071815248
0.9935592469148247
0.9935622713991429
0.9935698272864647
0.9935676142578949
0.9935653706832422
0.9935671008930809
0.9935684719162464
0.9935654091046774
0.9935692114793664
0.9935684953800906
0.9935679309863673
0.9935716439397686
0.9935737823164817
0.9935735352908083
0.9935737602357905
0.9935771375653623
0.9935708658031628
0.9935747919388027
0.9935791537298293
0.993574914116884
0.993568861235749
0.9935698065921308
0.993571079560924
0.9935662198486597
0.9935654069315416
0.9935659034066211
0.9935703480723621
0.993568754318992
0.9935665079709592
0.9935582503648652
0.9935589799369134
0.9935566953523898
0.9935530685582037
0.9935548019222115
0.993550409962405
0.9935496943673444
0.9935464638264145
0.9935489656242681
0.9935436149330025
0.993546086113752
0.9935465919601292
0.9935484338958896
0.9935446402636502
0.9935417032216272
0.9935461961107908
0.9935434591311504
0.9935391189499082
0.993536713451578
0.9935436541830013
0.9935402454450395
0.9935448037823638
0.9935492900166307
0.9935491273848555
0.9935475921291719
0.9935536879671873
0.9935633362869005
0.993556931324258
0.9935599989356619
0.993563345241547
0.9935623786055043
0.9935582556896803
0.9935631563942044
0.9935615324978777
0.9935621966161264
0.9935645489990587
0.993563123224027
0.9935621457638721
0.993563092137229
0.9935632466461616
0.9935612942132085
0.9935564000392069
0.9935513115822108
0.9935455476982912
0.9935420585287752
0.9935453812384585
0.9935444605533511
0.993540729583709
0.9935434372401346
0.9935421815254359
0.9935321461070985
0.9935382481811172
0.9935412533835043
0.9935492000915973
0.9935524051511041
0.9935565909445312
0.993551049249833
0.9935460697786948
0.9935501864190939
0.9935520607897319
0.9935510988029607
0.9935450686787045
0.9935481021073624
0.9935486932098163
0.9935450482248467
0.9935492554013243
0.9935497734122087
0.9935521733861691
0.9935524405691488
0.9935523470723746
0.9935512898894568
0.9935553877406392
0.9935591012092508
0.9935602335290612
0.9935578327488332
0.9935569704726656
0.9935584083455682
0.9935647548912899
0.9935660447355353
0.9935655651391493
0.9935639749802717
0.9935575388271797
0.9935595640790652
0.9935543555333274
0.9935467960549614
0.9935448173636525
0.993548783199156
0.993552641035428
0.9935531329191528
0.9935582291673453
0.993564705357516
0.9935606574174333
0.9935582420381959
0.9935612483459946
0.9935609832551124
0.9935652005996656
0.993566893134442
0.9935690730794915
0.9935743580649633
0.9935722162570504
0.9935756025653997
0.9935741142593031
0.9935734267004491
0.9935730696214653
0.9935749591529889
0.9935687035507459
0.9935687089787195
0.9935731172746208
0.9935676771886451
0.9935671661461213
0.993563845650037
0.9935550915017987
0.9935569404535672
0.9935535876383811
0.9935527811819087
0.9935539452215977
0.9935552962160927
0.9935569936632049
0.9935539696949458
0.9935466258408691
0.9935458857421259
0.993547978333287
0.9935453633042474
0.9935442820209416
0.9935460536522046
0.9935417258870005
0.9935369163007959
0.9935315010692695
0.9935350658714567
0.9935417235989701
0.9935430959922634
0.9935448899740386
0.993550961482809
0.9935499455477257
0.9935502932423307
0.9935471399784672
0.9935409099352661
0.9935367109327439
0.993543526902056
0.9935422576605407
0.9935364880788908
0.9935368375874954
0.9935395281598866
0.9935392007267795
0.993537239411716
0.9935359024991888
0.9935420456388994
0.9935426746924463
0.9935432513069806
0.9935366396319747
0.9935348307742267
0.9935353169660636
0.9935376939816031
0.9935354175239173
0.9935427323690731
0.9935388779241814
0.9935402385358026
0.993531716603274
0.9935293987951977
0.9935249269275677
0.9935256049769844
0.9935288690925231
0.9935319203035776
0.9935304690186145
0.9935357894943706
0.9935340187827753
0.9935309321029389
0.9935249402727587
0.993522625601533
0.9935154690237943
0.9935152881430831
0.9935164588946732
0.9935199076850791
0.9935201015987138
0.9935198718939066
0.9935209592710886
0.9935222738892578
0.993522896617053
0.9935178341642262
0.9935205194142325
0.9935221952649483
0.9935193381130059
0.9935163686478143
0.9935151764653738
0.9935176762121003
0.9935176700226329
0.9935154615643456
0.9935162737647601
0.993517683123436
0.9935188817797297
0.9935249726637079
0.9935266244620207
0.9935224555007921
0.9935165921627463
0.9935176786977045
0.9935159370426706
0.9935142593291043
0.9935118584825986
0.9935114985814234
0.9935132188461566
0.9935189706033781
0.9935193271966982
0.9935204470583899
0.9935200458325262
0.9935216150804849
0.9935214797134989
0.9935211371773214
0.9935203482717274
0.9935206128610707
0.9935197248337263
0.9935183090724409
0.9935233547499455
0.9935284086538338
0.9935258439500954
0.9935313955519066
0.9935266338440799
0.9935249942808194
0.9935223593045786
0.993526068523916
0.9935277488883112
0.9935313753724527
0.9935350010283268
0.9935405538352661
0.9935358892397123
0.9935411088004321
0.9935401593887341
0.993543018786478
0.9935421379815663
0.993543889406352
0.9935434809000904
0.9935432929492751
0.9935361763678269
0.9935399114814885
0.9935467285180277
0.9935464208548745
0.9935477825052944
0.9935421405435378
0.993541672117655
0.9935455477695165
0.9935469625693403
0.9935455136232353
0.9935419514417846
0.9935476044265906
0.9935483574349502
0.993554805928835
0.9935536298991579
0.9935529167375797
0.9935543070331574
0.9935529738819529
0.9935519134523947
0.9935535629123521
0.9935549205375925
0.9935528169842897
0.9935519645984716
0.9935508863285408
0.9935510174384086
0.9935479463220804
0.9935501741390426
0.9935452161980114
0.9935427191122727
0.9935416631711586
0.993543593602012
0.9935490675264901
0.9935494240127382
0.9935515431479348
0.9935547173587758
0.9935595141069485
0.993560893009705
0.9935591121851559
0.9935558869502524
0.9935555502193308
0.9935578789753001
0.9935594899113022
0.9935594266875536
0.9935567791212739
0.9935550275470093
0.9935569038208295
0.9935599280995124
0.9935595688338955
0.9935596734227086
0.9935580713011052
0.9935593995796121
0.9935581026950675
0.9935570695276198
0.9935531654862388
0.993552079949095
0.9935479258406958
0.9935519794706182
0.993548616799093
0.9935486385935755
0.9935464051465978
0.9935417342807789
0.993543209882023
0.9935422359532494
0.9935467622955746
0.993543699292888
0.9935424220302643
0.9935423326553501
0.9935386327085804
0.993539434894393
0.9935388104504698
0.9935371998615402
0.9935344470821699
0.993532480867647
0.993534559941659
0.9935364116465527
0.9935348967901191
0.9935378882088876
0.9935368692865802
0.9935391256492384
0.9935428702424262
0.9935410448688505
0.9935414940631246
0.9935415571878743
0.9935430747857301
0.9935442699336591
0.9935416502419696
0.9935423695060415
0.9935473280104117
0.9935469928791383
0.9935487064454153
0.9935466786711564
0.9935420131500029
0.9935465467442938
0.9935508044582333
0.9935504473058856
0.9935452870223841
0.9935466347869548
0.9935450287161782
0.9935445406183554
0.9935426543000432
0.9935441114993092
0.9935478448151598
0.9935503098690657
0.9935493799398852
0.9935504876328141
0.9935506335818335
0.993551491675509
0.9935505810652846
0.9935475463481139
0.9935453805796362
0.9935420695238497
0.993538952877521
0.9935420553959031
0.9935414142485866
0.9935377347301877
0.9935381850725197
0.9935370408546671
0.9935378819634397
0.9935370114781982
0.9935345013960634
0.9935356912133296
0.9935391083640729
0.9935406799325591
0.9935391262432489
0.9935440324639742
0.9935448041328517
0.9935472016488867
0.9935512933351203
0.9935515360271757
0.9935492836932326
0.993551714670717
0.9935534233365982
0.99355252386728
0.9935550983003817
0.9935597603266155
0.9935560200540746
0.9935500199405106
0.9935501290534919
0.9935481525695493
0.9935506236265117
0.9935481339984044
0.9935536086007157
0.9935559524214187
0.9935592296795629
0.9935586765781598
0.9935618388312929
0.9935640028798866
0.9935670900073674
0.9935711261736094
0.9935731218871419
0.9935743402261554
0.9935739620859739
0.9935736724764535
0.9935779765612859
0.9935838173898031
0.9935826950299163
0.9935843761492952
0.9935870133702028
0.9935862134378429
0.9935885817329664
0.9935904270430364
0.9935906819557482
0.9935928986945326
0.9935915637937668
0.9935910000904563
0.9935938196536807
0.9935927471620216
0.9935907058117756
0.9935903375767408
0.9935875839998378
0.9935862093799664
0.9935856448433308
0.9935855215334447
0.9935858337653766
0.9935864501579448
0.993584264181262
0.9935790985583821
0.9935748700068602
0.9935759316551555
0.9935742809088163
0.9935718983612936
0.9935668749568048
0.99356323296464
0.9935607153483118
0.9935583483349997
0.993556176146363
0.9935536620365187
0.9935589541071518
0.9935591135895978
0.993559201750727
0.9935619334520045
0.9935619751009271
0.9935636835139526
0.9935661401251431
0.9935676735658912
0.9935697341800883
0.9935704106098738
0.993573932323822
0.9935766312406087
0.9935761536162611
0.9935774909019413
0.9935729539151356
0.9935669427046341
0.9935699315084671
0.9935705740351489
0.9935695605325614
0.9935719930272386
0.9935736441591979
0.9935735097192787
0.9935722885885743
0.9935732360809697
0.9935714083207633
0.9935681047507109
0.993571056773195
0.9935755624824651
0.9935731530923029
0.9935726619115388
0.9935746166865475
0.993576415706189
0.9935785159113288
0.9935828841282615
0.9935826711615845
0.9935820791561797
0.9935824133791408
0.9935825802923353
0.9935775597659725
0.9935772820748254
0.9935803352575244
0.9935779892707645
0.993575884605398
0.9935768200520035
0.9935744584332282
0.9935776982960955
0.9935750744117695
0.9935711934843957
0.9935754818540226
0.9935750847750381
0.9935750522901571
0.9935743794468038
0.9935792042365799
0.993579193355348
0.9935772701818266
0.9935759396257414
0.9935754163699508
0.9935730643972752
0.9935745196962059
0.9935715162437213
0.9935717094138973
0.9935715322201073
0.9935676395211268
0.9935630093180802
0.9935598025645541
0.9935594051000849
0.9935628556052846
0.9935625869537481
