0.9911934060646523
0.9912451394604862
0.9927876881229857
0.9930482518976458
0.9932256709340143
0.9933895297638733
0.9937415484885332
0.9940975545086606
0.9938891740107642
0.9940355992222328
0.9938129470943746
0.9938221555445415
0.9936692086103239
0.9937139245625837
0.9937913581075
0.9938572090185132
0.9937309639497416
0.9937461893022079
0.9937714400568085
0.9937815872978112
0.9937217513647114
0.9936759593412724
0.9936001792103413
0.9936650956977986
0.993595067649957
0.9935674150144003
0.9935371671561468
0.9934131304834184
0.9933720714759113
0.9933518216855344
0.9933380484360587
0.993374810296258
0.9933260272250534
0.99329471578667
0.9933560552670848
0.9932535494403629
0.9932200498878183
0.9930932801339603
0.993079121807096
0.9931265135905389
0.99310783936612
0.9931392121787163
0.9930862569672388
0.9930406856072724
0.9930857642805817
0.9931374964700485
0.993106829207054
0.9930954576088153
0.9930989948075766
0.993047018136721
0.9929831272323315
0.993013350909967
0.9929827685355735
0.9929874704038026
0.9929871088275637
0.9929972769935835
0.9930347326292017
0.993057115199473
0.993065774687572
0.9930673328032481
0.9931438328275788
0.9930789818070376
0.9930832190780933
0.9930506072784759
0.9930664855706683
0.9930775004257308
0.993095143557809
0.9931515507522722
0.9931676884368983
0.9931447945492075
0.9931307138153737
0.9931236050936411
0.9931630195837006
0.9931789753353398
0.9932079015930178
0.9932003691241916
0.9932095520505424
0.9931829526204474
0.9931504391348375
0.9931368056461897
0.9931284927787376
0.9931214605151495
0.9931508058509617
0.9931798432701686
0.9931706754847953
0.9931583763831288
0.9931719246912488
0.9931872831893225
0.9932398520090784
0.9932544763892005
0.9932622589315319
0.9932655962150428
0.9932773077755207
0.9932916494915163
0.9932848993506764
0.9932743465119116
0.9932650737689483
0.9932778431474182
0.9932712539275779
0.9932837268424495
0.9932770168489846
0.993272926365798
0.9932478047566917
0.9932227940243475
0.9932036944384355
0.9931927490513911
0.9932377875459902
0.9932313273329064
0.9932153603533099
0.9932298406475976
0.9932402845899834
0.9932462895731475
0.9932608909470956
0.9932659852883111
0.9932819689564728
0.9932681428223707
0.9932534580958702
0.9932412016522167
0.9932340384690186
0.9932403124067103
0.9932568395760996
0.9932571271579688
0.9932490901116799
0.9932510462991648
0.9932606251517393
0.993266566367361
0.993271463212512
0.9932733057717771
0.9932932594759117
0.9932967523272078
0.9932949245450136
0.99330035763906
0.9933347665567783
0.9933557320960331
0.9933548497571256
0.993359796205376
0.9933724813044672
0.9933856711499759
0.9933930000280655
0.9933847772129563
0.9934115742788701
0.9934091015290036
0.993394545261232
0.9933960287306274
0.9933847278622931
0.9933755967912529
0.9933858792120153
0.9933722364278423
0.9933845445579679
0.9933836533121537
0.9933828381874052
0.9933662808213374
0.9933677881424523
0.9933486674687187
0.9933393979767915
0.9933463259265953
0.9933184331512579
0.9933378983064035
0.9933317212219352
0.9933501871020082
0.9933429988014709
0.9933414450082351
0.9933345126103286
0.993309190945171
0.9933083615698565
0.9933098520942124
0.9933103615453034
0.9933060393428114
0.9933034640299429
0.993304754426699
0.9933075701616011
0.9933053937985615
0.993310776242525
0.9933100283265932
0.9933206458887364
0.993306430286498
0.9932996398415658
0.9932930589693124
0.9932916358829942
0.9932936662021024
0.9932841098809135
0.9932836368107296
0.9932812524327748
0.9932843443129326
0.9932877616844532
0.993295131234916
0.9932930838407574
0.9932921115452414
0.9932952357387383
0.9932908077056629
0.9933020242759173
0.9933244046911928
0.9933162410064688
0.9933073784113895
0.9933123176861165
0.9933020563530627
0.9933137375802519
0.9933154270754447
0.9933328953741682
0.9933236815882357
0.9933313095905222
0.9933208934920356
0.993335064931599
0.9933315034917773
0.9933290878607647
0.9933458285303317
0.9933548462231764
0.9933522733148183
0.9933564465585535
0.9933440731010564
0.9933479243558017
0.9933489853552213
0.9933496685893903
0.9933597726164943
0.9933602951829906
0.9933560227612462
0.9933505878768288
0.9933534169125076
0.9933558409724308
0.9933664298348058
0.9933503434066274
0.9933636844488959
0.9933594247738816
0.993355183742406
0.9933445787202547
0.9933346836512652
0.9933429823851828
0.9933441621640436
0.9933582984414193
0.9933672856418999
0.9933764535173853
0.9933814549784418
0.9933840008966166
0.9933808293452837
0.9933851533381006
0.9934030165782338
0.9934051695237195
0.9934100553881448
0.9934186149875687
0.9934313998215761
0.9934212298882128
0.9934134281623989
0.9934122838719304
0.9934164646074328
0.9934169821035309
0.9934149276405643
0.9934082130367582
0.9934071313431917
0.9934143812749038
0.993413489686382
0.9934078604960884
0.9934086963333864
0.9934058902470805
0.9934142445049745
0.993405000127453
0.993406226087801
0.9934147978187058
0.9934167603181018
0.9934033842363315
0.9934171959838267
0.9934178989324263
0.9934137902968324
0.993412852641947
0.9934115100979345
0.9934177555583885
0.9934166031596774
0.9934094144606722
0.9934106531371297
0.9934045568536184
0.9934034685171986
0.9934056141929022
0.9934166355128837
0.9934213376163824
0.9934290054403779
0.9934268210745612
0.9934214715695247
0.9934117835519236
0.9934207886501195
0.993420409622744
0.9934210302489538
0.9934209990419753
0.993423789363133
0.9934074206715922
0.9934066405090057
0.9934113363898209
0.9934147837939112
0.9934099787089707
0.9934129610744481
0.9934212692172765
0.9934207090478949
0.9934259252591039
0.9934200758476326
0.9934256480159536
0.9934273243504419
0.9934241758443773
0.9934247561690883
0.9934191474582805
0.99341293836407
0.9934106754534873
0.9934119044394467
0.9934142767897017
0.9934021565029394
0.9934027421483481
0.9934117974143591
0.993400577952621
0.9933982834489662
0.9933970486117675
0.993391264758414
0.993387386950645
0.9933871610179339
0.9933823901110338
0.9933723077924206
0.9933751102714238
0.9933776841153885
0.9933754474895118
0.9933820634480426
0.993380286655687
0.993369386543173
0.9933674246895025
0.9933743464601471
0.993379328561266
0.9933803579891708
0.9933815346138712
0.993376394884716
0.9933741441350467
0.9933581494409686
0.9933664542606608
0.9933654475818696
0.9933563399527832
0.993356586242945
0.9933563754619437
0.9933581230577643
0.9933548059715066
0.993351337467711
0.993342837621547
0.9933453638090814
0.9933510797509628
0.9933557124091555
0.9933512591520017
0.9933582175824177
0.9933570230757804
0.9933532660575587
0.9933616076745604
0.993360271488806
0.993355434448248
0.993351827756067
0.9933472876754426
0.993352525080469
0.9933584571668225
0.9933657790590451
0.993363861941297
0.9933571124270141
0.9933615257126768
0.993368028784027
0.9933648746483467
0.9933667284313179
0.9933712965066721
0.9933617393039671
0.993365077931133
0.9933662990413236
0.9933717975895646
0.9933742877176222
0.9933685022182576
0.9933691746234392
0.9933696566353305
0.993370914154643
0.9933707044996691
0.9933719975480336
0.9933772142361114
0.9933795374247736
0.9933852563062325
0.9933821398110781
0.9933922426686533
0.9933907382322535
0.9933804466017077
0.9933831045660051
0.9933829515563183
0.9933895809893861
0.9933929233009452
0.9933921469814563
0.993389432384487
0.9933879426779627
0.9933810620380217
0.9933836689790889
0.9933831477512727
0.9933832029772469
0.9933830242439907
0.9933840079818659
0.9933877424989052
0.9933882603439657
0.993386198226422
0.9933823859625022
0.993391587693665
0.9933917484820713
0.9933890006008449
0.9933934580053083
0.9933912248158141
0.9933901239640311
0.9933894152954286
0.9933913727143198
0.99339500601936
0.9933954129038187
0.993404118122701
0.9934004321763474
0.9934027147216661
0.9934088606507943
0.9934103621091724
0.9934184678431789
0.9934160196771803
0.9934151795343508
0.9934187532282743
0.9934207787725415
0.9934199266419298
0.9934214765809806
0.9934164729247777
0.9934112100311748
0.9934095815669676
0.9934071905113643
0.9934067601329266
0.9934060712633349
0.9934106827765831
0.9934150075563816
0.993415016947634
0.9934119953779867
0.9934118411187525
0.9934065478952085
0.9934022880175427
0.9933978373022305
0.9933897218468878
0.993403943848798
0.9934083510464832
0.9934120300380881
0.9934058962736243
0.9934000943474293
0.9934066427775137
0.9934061834543984
0.9934079983895002
0.9934072707695445
0.9934065253222826
0.9934051602722015
0.9934064779338759
0.9934113585598908
0.9934116144808594
0.9934122957537461
0.9934140206648943
0.9934063888317946
0.9934061106940253
0.9933992235213195
0.9933944548732537
0.9933936438781478
0.993390933224324
0.9933885651012558
0.9933898349961722
0.9933841811901863
0.9933820851689472
0.9933762011385697
0.9933734649233494
0.9933821685566949
0.9933829832638931
0.9933787355593738
0.9933821126337041
0.9933826996527758
0.9933788675299822
0.9933751715774987
0.9933759388939564
0.9933845335172019
0.9933820625496095
0.99338127629326
0.9933859828388388
0.9933810021550177
0.9933818149879842
0.9933882596066455
0.9933914122860096
0.9933870828640701
0.9933854244818946
0.9933860720678559
0.993383110664606
0.9933883990986737
0.9933871617342961
0.9933892566463208
0.9933848242683254
0.9933818562843032
0.9933809715607214
0.9933809950903295
0.9933752980197135
0.993373499472006
0.9933703313670005
0.9933723954673572
0.9933729565978028
0.9933748159304646
0.9933765783462926
0.9933805101200934
0.9933795600023532
0.9933771723052469
0.9933744234371397
0.9933781900481755
0.9933748815050627
0.9933752830839797
0.9933748265480713
0.9933760126285094
0.9933713056831405
0.9933677538626854
0.9933691772579313
0.9933719868376096
0.9933672201513934
0.9933684401699587
0.9933645469251379
0.9933682194244043
0.9933655368796941
0.9933669090129376
0.9933619532329795
0.993366624040833
0.9933689065791055
0.9933714018295956
0.9933704871093314
0.9933698468959794
0.9933678674402086
0.9933667506578844
0.9933646419908956
0.9933574042149487
0.9933579678452844
0.9933631916169768
0.993366566813651
0.993363302938518
0.9933673383519411
0.9933677565085687
0.9933698964889501
0.9933713627432844
0.9933715814678591
0.9933719328869829
0.9933691334164997
0.9933719923034449
0.9933743252263642
0.993376851055716
0.9933754608425894
0.9933700647578614
0.993376277475382
0.9933802148452026
0.9933820521914944
0.9933845475460735
0.9933887200375346
0.9933857857884526
0.9933821576071921
0.9933852094357721
0.9933818795031111
0.9933822772041879
0.9933783723632669
0.9933782495296541
0.9933747119525457
0.9933729395036686
0.9933715199485932
0.9933704668225527
0.9933660570609874
0.993362837267544
0.9933628542262553
0.9933625568230082
0.9933583291141016
0.9933542875453126
0.993355464569587
0.9933486254701133
0.9933457405370838
0.9933416988997661
0.9933405508650165
0.9933403003977141
0.9933422544509701
0.9933414456802511
0.9933370311302407
0.9933398849588683
0.9933383508643107
0.9933396915658909
0.9933377710072541
0.9933397840639683
0.9933390438798444
0.9933327421818618
0.9933309855534778
0.9933319217410382
0.9933298975394835
0.9933311487152172
0.9933325449501671
0.9933311540570033
0.9933332445977201
0.9933346001613053
0.9933297330394674
0.9933246885261016
0.9933259553190426
0.993324089779375
0.9933187557096743
0.9933218258043609
0.993318679462802
0.9933183593897377
0.9933142512294181
0.9933133874658705
0.9933150884945159
0.9933174737380541
0.9933141713896045
0.9933115721885977
0.9933147442300005
0.9933160244703025
0.9933167330460684
0.9933152463501242
0.9933150967707403
0.9933220557591167
0.9933220529281664
0.9933195831643546
0.9933231791617309
0.9933216325309995
0.9933178872364442
0.9933137421654914
0.9933126900502178
0.9933161525463562
0.993317053359574
0.9933149838410033
0.9933187774699316
0.9933183657997459
0.9933157416839326
0.993314720813589
0.9933175293430414
0.993316191769608
0.9933161601884227
0.993309689121599
0.9933083848602571
0.9933084011314969
0.9933029123837427
0.9933039301187655
0.9933007802028517
0.9933022748857276
0.9932994177684984
0.9932985970789782
0.9933044963898577
0.9933068418489457
0.9933079653780442
0.9933041657206237
0.993303620234204
0.9933021019317597
0.9933003032937798
0.9932991238623997
0.9932963194998409
0.9932992191659561
0.9932977487559512
0.9932956407997465
0.9932956946106729
0.993293097756674
0.9932987395675525
0.9933020169234925
0.9933052973477392
0.9933071533803787
0.993309231677948
0.9933066395465053
0.9933140094564571
0.9933175115512445
0.9933120935330811
0.9933089769089292
0.993313090725291
0.9933187012403092
0.9933134533287025
0.9933155262790088
0.9933129435991324
0.9933148063426983
0.9933125085631872
0.9933117875609233
0.9933146111223028
0.9933149187221593
0.9933135120232275
0.9933139138222654
0.993313006285261
0.9933128072843884
0.9933122693018177
0.9933115483532339
0.993315810703096
0.9933214223840645
0.9933211468903147
0.9933219848691641
0.9933256956768862
0.9933213709369375
0.9933192272331235
0.9933197319112467
0.9933186795574752
0.9933236422085906
0.9933259985384245
0.9933252795888474
0.9933240713059136
0.9933202756735606
0.9933220447625296
0.9933236234218054
0.9933228399271199
0.9933238134003645
0.9933209360239253
0.993320391406386
0.9933177457246285
0.9933149287693527
0.993314164348767
0.9933168996231286
0.9933185809753909
0.9933177766550122
0.9933165930370678
0.9933183055558686
0.9933198316072092
0.9933256623428623
0.9933305311620422
0.9933340606210278
0.9933343426022463
0.9933315515325222
0.9933353228778968
0.9933331830816767
0.9933315035990022
0.9933292844941379
0.9933315813409597
0.9933321284230681
0.9933303836732497
0.9933293445683959
0.9933257646924517
0.9933284108475219
0.9933306475661389
0.9933315274496256
0.9933335550551307
0.993338588873962
0.9933401491697919
0.9933416823600573
0.9933365674710964
0.9933346141826478
0.9933319803382925
0.993332677125915
0.9933361979671765
0.9933351083733669
0.9933428137235545
0.9933458426777464
0.9933456329159563
0.9933426971625702
0.993342740556669
0.9933417505238199
0.9933461972984224
0.9933456208184775
0.9933435844211621
0.9933423099994045
0.9933447731423384
0.9933492128244633
0.9933495506514272
0.9933470247938222
0.993345513216592
0.9933435770509599
0.9933419508817558
0.9933393277918783
0.9933394162401092
0.9933377291616584
0.9933393917321794
0.9933386604987587
0.9933380809740502
0.9933391676264232
0.9933424360856614
0.9933415848405441
0.9933374716028256
0.9933373971685722
0.9933399915004718
0.9933416246414208
0.9933387231656545
0.9933363404272362
0.9933390009657289
0.9933377312624346
0.9933407148535709
0.9933403571578658
0.9933399736258471
0.9933382810798854
0.9933409810113819
0.9933395905832818
0.9933404291061166
0.9933407127253905
0.9933404471541749
0.9933412490067065
0.9933458369630245
0.9933433838747132
0.9933439455911083
0.9933466395546843
0.993347861277698
0.9933475764866789
0.9933452796317718
0.9933449247588604
0.9933458105470095
0.9933479950539921
0.9933481402726818
0.993345378549733
0.9933493379953074
0.9933521528590271
0.9933513328927918
0.9933501409104253
0.9933531463072565
0.9933509829048325
0.9933510759905728
0.9933520549939906
0.9933477164272877
0.9933481429239419
0.9933510999354443
0.9933511580210809
0.9933482082495815
0.9933455356704293
0.9933462295421943
0.9933456166248308
0.9933461225812978
0.9933481610799628
0.9933482678469362
0.9933487366940246
0.9933448959882136
0.9933451733449836
0.9933459485507101
0.9933466053756561
0.9933488336356964
0.9933499222116151
0.9933518530453692
0.9933548421802373
0.9933577863178075
0.993356673144283
0.9933558267896646
0.9933563733950809
0.9933543855239105
0.9933554067074221
0.9933560714295695
0.9933590447989692
0.9933553157835461
0.9933549026585338
0.9933508198555193
0.9933527818892036
0.993351725853062
0.9933493214667228
0.9933464965304594
0.9933475640448522
0.9933469134494908
0.9933487473836169
0.9933502548215123
0.9933495737991455
0.9933472120539829
0.9933455399593965
0.9933466699161572
0.9933461581306673
0.9933479698430299
0.9933472796163322
0.993346351028049
0.9933483007154852
0.9933484670603131
0.9933523037471843
0.9933523307842247
0.9933511862414067
0.9933551176702241
0.993361535830309
0.9933616055693865
0.993362690060991
0.9933616006868314
0.9933584687209659
0.9933577964155021
0.993360961568154
0.9933596601240293
0.9933605251072601
0.9933600054228279
0.9933592469645963
0.9933591188820207
0.9933601421411128
0.9933579677722275
0.9933570386478535
0.9933563846789789
0.9933540359718988
0.9933496397695225
0.9933471554278144
0.9933485920734082
0.9933456221215519
0.9933432789488604
0.993340979784698
0.9933412386438512
0.9933400050419217
0.9933384683380785
0.9933361594719903
0.9933328474364991
0.9933372714332747
0.9933392574690533
0.9933392613103765
0.9933411279679291
0.9933379166943721
0.9933416188955063
0.993344226832457
0.9933427688367328
0.9933409150068462
0.9933440829114504
0.9933472243312056
0.9933472870846707
0.9933458809092732
0.9933459585715094
0.993344948781436
0.9933472247737223
0.9933504271482732
0.9933535748944587
0.9933525307727912
0.9933520372846124
0.9933523755987371
0.9933550166479014
0.9933517753255456
0.9933553855741895
0.9933577474062207
0.9933564345272113
0.9933597381601011
0.9933585628611051
0.9933561788642646
0.9933565554774971
0.9933617526849138
0.9933633174402873
0.9933618891024739
0.9933598590331368
0.9933581969209628
0.9933576882823858
0.9933566304908695
0.9933583196468081
0.993358694632056
0.9933613603762231
0.9933601901216342
0.9933623582591715
0.9933587499861932
0.9933577243857864
0.9933582934401666
0.9933567935383525
0.9933551505977738
0.9933543814671159
0.9933510818402812
0.9933472076512578
0.9933456388555892
0.9933466431624777
0.9933452533901834
0.9933410157307273
0.9933386580768928
0.9933368640157887
0.9933347610339732
0.993330169459742
0.9933305327603908
0.9933302672243199
0.993329648720464
0.9933292059951814
0.9933306129627083
0.9933342695393317
0.9933334423994077
0.9933337215709139
0.9933358187041441
0.9933314692450009
0.9933327426231806
0.9933349098322138
0.9933356873531195
0.9933385807763554
0.9933370470322164
0.9933377840733826
0.9933398309504596
0.993337900419409
0.9933344479976582
0.993332702298725
0.9933339719846754
0.9933344011429039
0.9933336300861741
0.9933336957037044
0.9933320666941734
0.9933330514392796
0.9933332947771949
0.993330793233173
0.9933337690430876
0.9933354845362069
0.993337817950067
0.9933375100782054
0.9933366956408266
0.9933373824175789
0.9933410473221916
0.9933391426873991
0.9933394946216025
0.9933367428546185
0.9933395023708795
0.9933414548075603
0.9933409949665658
0.9933410588977339
0.9933411098308507
0.9933390542451579
0.9933405761950445
0.993340749628806
0.9933427863603447
0.9933423715714613
0.9933407720536833
0.9933407844452916
0.9933423764080993
0.9933405125453482
0.993335044352325
0.9933358138599777
0.9933343863171135
0.9933335885582566
0.9933330026851523
0.9933340147485361
0.9933330126590487
0.9933321189489088
0.9933283283176242
0.993328046696436
0.9933263748653469
0.9933256238188206
0.9933261509438387
0.9933238764625173
0.9933258565862249
0.9933247042945078
0.9933236155178345
0.9933227331891781
0.9933220476699487
0.9933206187924895
0.9933196684541497
