0.9845767460239412
0.989591621016307
0.9916526404708427
0.9925274956815718
0.9935914772877619
0.9934597277653392
0.9940635076741888
0.9938895949411398
0.9941171925769714
0.9942586280710621
0.9942861088501517
0.9944875794847852
0.9946694936802869
0.9946915019753012
0.9946924662864347
0.9944299716639876
0.9942647492074077
0.9943033624806651
0.9942366315797844
0.9943175677513363
0.9941602576213916
0.9942334647809831
0.9941965149025177
0.9941891249223258
0.9941726693293992
0.9940064409119931
0.9940061593265567
0.9939659819278065
0.9941033200169184
0.99398118753932
0.9939369532785123
0.9939792291556753
0.9939724771088837
0.9939605771948972
0.9939047301849757
0.9938363830943524
0.9938436977506394
0.993920351672832
0.9940271785537023
0.9940670580176331
0.9941494516890673
0.994217898957217
0.9942322179779813
0.9942887298159864
0.9943612681032897
0.9943776788114006
0.9942967577856658
0.9942995155959056
0.9942728852411065
0.9942204882376068
0.9942925269885804
0.9942987176392188
0.9942968844819186
0.9942846677510251
0.9942981771573467
0.9942739458146428
0.994244675261028
0.9942029035772981
0.9941563725770793
0.9941291397997991
0.99414936639256
0.9941453136559608
0.994193904323575
0.9941898647960854
0.9942001645459738
0.9941549587183128
0.9941544114894699
0.9941749190029797
0.9941443358287794
0.9941317559555338
0.9941688784991746
0.9941825705122247
0.9941365189631113
0.9941506687020522
0.9941885429161007
0.9941366844865777
0.9941698732181046
0.994171352454167
0.9941388771848001
0.9941541179339449
0.9941466597628443
0.9941552514780158
0.9941612460794151
0.994178682610094
0.9941989897484522
0.9942273058298006
0.9942736762294254
0.9942741497647714
0.9942935422647944
0.9942851257990973
0.9942322682967949
0.9941739570649887
0.9941131337198885
0.9941147215042747
0.9941199695764977
0.9941316830534119
0.9941418278080297
0.9941643912499745
0.9942149116576842
0.9942573221052117
0.9942267007290707
0.9942266036614209
0.9942497617832882
0.9942310419176063
0.9942310157653829
0.994212655490975
0.9942427498709961
0.9942641308330926
0.9942761858405682
0.9942558832262007
0.9942742967757316
0.9942920698615304
0.9942721964659552
0.9942415044502874
0.9942340512465465
0.9942553928588966
0.9942404935192726
0.9942673431671628
0.9942971387050662
0.9942898668794415
0.9942995809137316
0.9943283223369328
0.994364654265314
0.9944040695031843
0.994409498107595
0.9944108052819893
0.9944047910074815
0.9944079800650889
0.9944011418534392
0.9943710634392232
0.9943510835005637
0.9943428274344985
0.9943619666610551
0.9943534671746831
0.9943520278008491
0.9943459238371848
0.9943334032794288
0.9943271357756064
0.9943040562914708
0.9943220557392758
0.9943268060017536
0.9943038232924065
0.994317380237299
0.9943125314274461
0.9943030294603019
0.9943281066214021
0.9943178842337449
0.9943127031314796
0.9942848494668676
0.994310844057797
0.9943155292593725
0.9943295356194574
0.994323509602889
0.9943389490341796
0.9943544225877151
0.9943691821529012
0.99437846010407
0.9943777862972193
0.9943800464477671
0.9943737128184543
0.9943725289555252
0.994398750078891
0.9944045436759651
0.9944035614752814
0.9944130495379675
0.9944409070904124
0.9944427247822645
0.9944200566956319
0.9944486642185785
0.9944477753938774
0.9944418557084266
0.994446961520225
0.9944593688930937
0.9944441702762817
0.9944525838953571
0.9944527429659097
0.9944569116159353
0.9944716350936295
0.9944730615399711
0.9944491703816651
0.994437850896727
0.994419216020339
0.9944164723032579
0.9944023674129617
0.9944021111932281
0.9944019235970084
0.9944079346060318
0.9944320546523349
0.9944300672476608
0.9944304492257331
0.9944423100743802
0.9944627687247324
0.9944747533680504
0.9944657607532069
0.9944656336602465
0.9944983836320106
0.9945025529897633
0.9944965273748487
0.9944982648330822
0.9945162333959976
0.994509058943335
0.9945292876063935
0.9945124846129341
0.9945004357828954
0.9944939935499801
0.9944922861692881
0.9944830037670449
0.9944836028016776
0.9944864643864113
0.994496730881821
0.9944940035551685
0.9944839621697336
0.9945024387371144
0.9945041866694253
0.9945033692924936
0.9945065320326363
0.9945064813357261
0.9945199447898508
0.9945005358388077
0.9944986239493264
0.9945030407945974
0.9945033880439821
0.994497643314497
0.9944933344059022
0.9945044649575956
0.9945028501702534
0.9945020111409949
0.9945036091501676
0.994488185085956
0.9944798538072578
0.9944712738526417
0.994464379654244
0.9944721831363316
0.9944724945583351
0.9944564011363936
0.9944608804349047
0.9944541878678197
0.9944530031481443
0.9944311043614756
0.9944369940161749
0.9944481036324441
0.9944767690342814
0.994469738433193
0.9944681024638007
0.9944657066429
0.9944656144537068
0.99445281087922
0.9944597048404832
0.9944534698128726
0.9944520063282196
0.9944678612022688
0.9944640392532693
0.9944729994934031
0.9944754780512265
0.9944888305749121
0.9944920475131387
0.9944986501271801
0.9944943381496923
0.9945042654929666
0.9944890839207585
0.9944994110062676
0.9945191529735949
0.9945223473655191
0.9945106083642538
0.9945127153336959
0.9945160030313469
0.9945199435574751
0.9945156261876695
0.9945156510433635
0.9945174960118254
0.9945244718477572
0.9945210279798103
0.9945169554757006
0.9945023543991909
0.9945079067238768
0.9945055420219101
0.9945186675228463
0.9945025042372702
0.9945131376367321
0.9945051259358461
0.9945105009668463
0.9945107414156643
0.9945008368884691
0.9945101227034264
0.9945018430178874
0.9945051736984187
0.9945103685838405
0.9945138609419566
0.9945238006168114
0.9945343338786354
0.9945110723783265
0.9945180478846247
0.9945024522294325
0.9945086359038027
0.994498534368646
0.9945093208481357
0.9945215728177618
0.9945209027838334
0.9945224744691227
0.9945298718014086
0.9945310322735966
0.9945285291474735
0.9945294975611885
0.9945204580951303
0.9945273306071817
0.9945248886691315
0.9945154245923771
0.9945161754021742
0.9945172906844142
0.9945254983146243
0.9945265832532252
0.9945351112347136
0.9945252383625331
0.9945187307757897
0.9945166287224938
0.9945252899525714
0.9945255538402326
0.9945192506413469
0.9945171824441315
0.9945165709018945
0.994510040684495
0.9945185109676744
0.9945193946195073
0.9945235492625379
0.994519458097446
0.9945194116613479
0.9945216033678882
0.9945314768792138
0.9945294902390515
0.9945297367658952
0.9945357618830726
0.9945339083048406
0.9945309410589442
0.9945357635182633
0.9945391257861143
0.9945367543873479
0.9945303137902352
0.9945234294585448
0.9945265186041036
0.9945269378152404
0.9945276622279956
0.9945266146451478
0.9945299866248877
0.9945305371032261
0.9945310679300253
0.9945299957138051
0.9945226260207827
0.9945124254622165
0.994528597257425
0.9945289765596192
0.9945327377970633
0.994544018706332
0.9945372806142614
0.9945260615003915
0.9945225334985213
0.9945223003895496
0.9945282170697285
0.9945216952942078
0.9945231498804664
0.994516860479155
0.9945139815688897
0.9945185598219421
0.9945060266189808
0.9945039631479
0.9945077448163442
0.9945060535114798
0.9945059687136774
0.9945020773796466
0.9944974301379975
0.9945025186290543
0.9945046502533512
0.9945092265155111
0.9944936406277597
0.9944888671056331
0.9944935355495594
0.9944865062627163
0.9944813373170893
0.9944881382549465
0.9945017592368167
0.9945032032206387
0.9945031027487016
0.9945107946803792
0.994498948359538
0.9944866007599596
0.9944833168237422
0.9944913717056779
0.9944954279221991
0.9944935750394072
0.9944958785909919
0.9944925161163218
0.9944921675446923
0.9944863029863735
0.9944837584116997
0.9944919275505302
0.9944973975025049
0.9944909839205165
0.9944952513417372
0.9944940350176646
0.9944937288527069
0.9944991776165907
0.9944980576872676
0.9944960916313754
0.9944930196902211
0.9944957508392291
0.9944996681741792
0.9945067867157099
0.9945073816751473
0.9945132349156771
0.9945104326825827
0.9945087942702004
0.9945104873877364
0.9945149750357786
0.9945096924490873
0.9945110686964997
0.9945098123681211
0.9945047312627346
0.9945038785542382
0.9945093470278583
0.9945115063479228
0.9945043449441944
0.9945049102723568
0.9945038523325499
0.9944984838046766
0.9945097363640887
0.9945171909036393
0.9945160720354549
0.9945154560665185
0.9945244980559035
0.9945204592850061
0.9945223893552737
0.9945263782589749
0.9945218127704385
0.9945179415950454
0.9945157873535642
0.9945125429307435
0.9945159551469833
0.9945213306527895
0.9945228801644813
0.9945235730658509
0.9945236686421095
0.9945242043205668
0.9945289881886387
0.9945281094206054
0.9945231555683024
0.9945231772465916
0.9945235955279313
0.9945169930101733
0.994510305768917
0.994511146653241
0.9945159332457898
0.9945163774486243
0.9945120994838959
0.994514387576871
0.9945151674227596
0.9945113476856922
0.994503592009527
0.9945052109157024
0.9944975284440105
0.9944983650493568
0.9944960448891302
0.9944912076184836
0.9944905121533292
0.9944969661625924
0.9944954128580201
0.9945007977396144
0.994502188734367
0.9945049263713632
0.9945107706807222
0.9945107885514146
0.9945190905025512
0.9945150235952891
0.9945108686572253
0.9945127038938512
0.9945153430856832
0.9945045703860416
0.9945029903179211
0.9944993901926633
0.9944957134114111
0.9944944836363596
0.994488800151313
0.9944831612501777
0.9944866037547551
0.9944882550856053
0.9944893290928588
0.9944819912052894
0.99448230560884
0.9944876169681576
0.9944903199814372
0.9944921920737925
0.9944822686567729
0.9944811350748369
0.9944726104296494
0.9944795716747067
0.9944823155948227
0.9944854343274425
0.9944883169511105
0.9944891619256897
0.9944880377175254
0.994480251346261
0.9944813321487794
0.9944841340984834
0.9944767428175878
0.9944707962650531
0.9944723325963327
0.9944753882022555
0.9944765222426902
0.9944745947741728
0.9944760565316478
0.994472268937449
0.994469698565861
0.9944681019009842
0.9944669584588173
0.9944618169261424
0.994470230237131
0.9944623444207503
0.994459923635594
0.9944597956368054
0.9944581120707905
0.9944627550941306
0.9944667740714921
0.9944700761327854
0.9944691759182827
0.9944687594728445
0.9944670285591052
0.9944691186299158
0.9944681403126985
0.994468483432155
0.9944604688568872
0.9944580084529653
0.9944563971059761
0.9944546701312018
0.9944529514863817
0.9944505152206554
0.9944478150656769
0.9944521494340959
0.9944531472553119
0.9944593491432479
0.9944562523125523
0.9944525592768241
0.9944605927998454
0.9944560220750782
0.9944572893857256
0.9944507878302059
0.9944499278092815
0.9944514593557503
0.9944447164991125
0.9944433637244761
0.9944427926323236
0.9944441320732845
0.9944436655236782
0.9944387211717792
0.9944401499992157
0.9944377630691862
0.9944344091173682
0.9944325075769748
0.9944331852351334
0.9944365341611324
0.9944327209897483
0.9944335758619297
0.9944364015392042
0.994434397218464
0.994437247212822
0.9944363181372464
0.9944322854417799
0.9944331732856578
0.9944350953028626
0.994431731611908
0.9944289814346909
0.9944267186001446
0.994435196656717
0.994434159451689
0.994429727707339
0.9944287904555377
0.9944245926550421
0.9944294188453555
0.9944226430865132
0.994425873023525
0.9944236724558464
0.994417143758368
0.9944179465777241
0.9944123801398479
0.994404215745206
0.9944039313938015
0.9944013122702259
0.9944009266607045
0.9944027233835028
0.9944018234270604
0.9944089710958365
0.9944114398345434
0.9944121234146385
0.9944193454090673
0.994419263284839
0.9944178359274044
0.994418764708639
0.9944181550020765
0.9944141545126464
0.9944189378482415
0.9944182389261668
0.994415785879299
0.9944113917250599
0.9944052896268754
0.9944051991820029
0.9943991407789984
0.9944023169653716
0.9944006015007482
0.9944019008462256
0.9943949187694244
0.9943969802921712
0.9944014250750394
0.9944017348022907
0.9943970333097133
0.994401235426142
0.9944049266865327
0.994408312883231
0.994403374527064
0.9944077195669122
0.9944066872337634
0.9944069420165959
0.9944066869282384
0.9944039079359356
0.9944050373135331
0.9944035341059665
0.994404181889388
0.9944030310287663
0.9943973053999754
0.9943982249322668
0.9944032212723523
0.9944050249297095
0.994399003906767
0.9944010712719129
0.9944059587748553
0.9944029334769736
0.9944017422210162
0.9944029372028586
0.9944050913861568
0.994405553588714
0.9944009148546684
0.9944040973389618
0.9944015066346658
0.9943992126504285
0.9943977038571619
0.9943972371228987
0.994403998625171
0.9944044032629054
0.9944058357626113
0.9944019834817596
0.9944032059716235
0.9944107238603155
0.9944106929567934
0.9944161676766828
0.9944182112794849
0.9944180859728355
0.9944174833158986
0.9944190028022525
0.9944177404037416
0.9944178497546496
0.9944099501807879
0.9944055027441541
0.9944070846889147
0.9944040993346951
0.9944042377777476
0.9944069368528927
0.9944080082827207
0.9944073445692737
0.9944086193058703
0.9944130323536666
0.9944219471056918
0.9944256732944622
0.9944276376475476
0.9944207175520573
0.9944169914541273
0.9944104674742807
0.9944101990968235
0.9944077796547279
0.9944084896177573
0.9944108568951067
0.9944130927487747
0.994411003593462
0.9944130863292486
0.9944174037156814
0.9944193994851994
0.9944174648020262
0.994418407012523
0.9944146010132807
0.9944188917473222
0.9944170576272776
0.9944183483034881
0.9944243386743192
0.9944226351988134
0.9944234814326568
0.9944264314610357
0.9944252769115648
0.9944263606553396
0.9944227225681181
0.9944224529212096
0.9944220278385626
0.994420924285807
0.9944181663995869
0.9944150546679463
0.9944108498756966
0.9944096098682725
0.9944059449938486
0.9944017350138414
0.9944029097974391
0.9944077246591626
0.9944056460076584
0.9944068610274811
0.9944097208442753
0.9944061828260606
0.9944082439350096
0.9944075695633691
0.9944042920198459
0.99440637466306
0.9944042548220414
0.9944109007575668
0.9944120537952799
0.9944153197004211
0.994418970918998
0.9944263888564586
0.9944238387674851
0.9944185886630003
0.994423068690203
0.9944201810445326
0.9944185703813014
0.9944161059820021
0.9944113510280461
0.994413261546391
0.9944131772547173
0.9944143093162888
0.9944116384162917
0.9944186082215579
0.9944164608343761
0.9944206569214712
0.9944207312478464
0.9944239766691435
0.9944271823119577
0.9944328369869415
0.9944270490541137
0.9944283719939246
0.994433659689193
0.9944325262293461
0.9944325751113392
0.9944303326240393
0.9944297039195327
0.9944219708856248
0.99441782229426
0.994419482169798
0.9944206415075756
0.9944197732008703
0.9944197619697251
0.9944171859285345
0.9944219190223005
0.9944190408072178
0.9944226665515159
0.9944215107369155
0.9944223512153758
0.9944213373959088
0.9944165026413059
0.9944128528837619
0.9944136810571313
0.9944108394937167
0.9944076326817494
0.9944046549834481
0.9944039233154435
0.9944027606258731
0.9943999617720436
0.9943965347931345
0.9944019821532127
0.9943951038526161
0.9943959372854111
0.9943910639461053
0.9943871791153535
0.9943801059437891
0.994380619856034
0.9943784655127357
0.994380140872091
0.9943834516907252
0.9943819082009596
0.9943864400946685
0.9943916120960516
0.9943920776752481
0.9943948377110722
0.9943962550798386
0.9943972242199798
0.9943966909185035
0.9943989481903698
0.9943992244568949
0.9944014853542587
0.9944055522430207
0.994403730481747
0.9944026895769704
0.9944070127920773
0.9944041754241624
0.9944028868978046
0.9944032036793592
0.994404378822398
0.9943996055670696
0.994397583594415
0.9943989240617356
0.9943933061066282
0.9943971451561486
0.9944018797591394
0.9943993129174067
0.9943997610736566
0.9943996394448054
0.9943978558219216
0.994401642915923
0.9944023520556302
0.9944010686501584
0.9944011868181584
0.9944019504379966
0.9944042227304682
0.9944009112179829
0.9944001513622565
0.9943997022418584
0.9943991335275022
0.9943978692559373
0.9943989726317846
0.9944044571213039
0.9944027456529153
0.9944021275961805
0.994401487087305
0.9944038108842359
0.9944050184840861
0.9944096046821608
0.994404848457269
0.9944071226437519
0.9944077378440004
0.9944039779623801
0.9943981536433474
0.994398536111098
0.9943944458401955
0.9943956402374324
0.994394745055812
0.9943946674946397
0.9943958222436512
0.9943978323663102
0.9943941012458231
0.9943956782154605
0.9943965836430592
0.9943935273270773
0.9943943144784565
0.9943983166990003
0.99439746623593
0.994397859086665
0.9944010351357064
0.9944040803377284
0.9944011641646271
0.9944028913890436
0.9943997163350603
0.99440514406245
0.9944061386863653
0.9944038438019669
0.9944033497458753
0.9944028985434278
0.9944043155416502
0.9944051717362813
0.9944093871875592
0.9944110217026343
0.994408882052568
0.9944150438239839
0.9944134659962017
0.994414390097796
0.99441198501943
0.9944144988573135
0.9944168607142446
0.9944216974663754
0.994423504927695
0.9944208675697251
0.9944219220028381
0.9944245456029056
0.9944235361662069
0.9944241959682368
0.9944269122489218
0.9944274086608124
0.994428795503256
0.9944309861633933
0.9944303964246465
0.9944297442710106
0.9944302759590404
0.9944292193503922
0.9944256949358643
0.9944277508263283
0.9944260921253942
0.9944279462737674
0.9944265266747916
0.9944246156285553
0.9944226843018743
0.9944261768187656
0.9944250216078321
0.9944267169894415
0.99442566341483
0.9944244441994363
0.9944260032371653
0.9944286842187132
0.9944259961660908
0.9944276589544098
0.9944278397542543
0.9944305656340803
0.9944321593238266
0.9944358561459709
0.9944346916279773
0.9944389427257491
0.9944413378052573
0.9944394694508683
0.9944423287110107
0.9944422116344382
0.9944416020832659
0.9944424689205378
0.9944448911771113
0.9944470948082347
0.9944484503585551
0.9944472524846888
0.9944447484002433
0.9944456120908861
0.9944461337911977
0.9944447832230965
0.9944464738920704
0.9944475197533431
0.9944503197245961
0.9944516768754884
0.9944492794901247
0.9944495437139101
0.9944499958779472
0.9944504879151552
0.9944508567555905
0.9944479098861861
0.9944469608662296
0.9944482390142616
0.9944470357233466
0.9944457156662225
0.9944472795685763
0.9944480836766694
0.9944469063328384
0.9944456838558712
0.9944464759356088
0.994447712017132
0.9944472632308365
0.9944491704842912
0.9944497248040399
0.9944494960207093
0.9944535041076134
0.9944505908287237
0.9944504192392414
0.9944525332952907
0.9944558054276375
0.9944561168901106
0.9944587672347023
0.9944598805789537
0.9944630285841806
0.9944632380344619
0.9944611098673297
0.9944611096067396
0.9944605954590999
0.9944618704499312
0.994457249674258
0.9944581392249696
0.994458109251459
0.9944600221886043
0.9944624130256816
0.9944623031383912
0.9944638560047712
0.9944668490358146
0.9944685166633705
0.9944664419851913
0.9944657333732273
0.9944680870675905
0.9944661944234022
0.994467372788191
0.9944672994027142
0.9944661565142245
0.9944641376566897
0.9944605274392151
0.9944597328633302
0.9944591528919459
0.9944595656417108
0.9944578583009556
0.994460310921895
0.9944580501487401
0.9944607848693074
0.9944614761630838
0.9944610500702152
0.9944594016237497
0.9944606096333384
0.9944591531205178
0.9944592527480277
0.9944599809872658
0.994461666519304
0.9944594883849728
0.9944588290348626
0.9944578067436136
0.9944599806607578
0.9944577530400965
0.9944605519519581
0.9944574447829534
0.9944542831779093
0.9944565853528958
0.9944553054359092
0.9944580701387207
0.9944608521536678
