0.9842316406864047
0.9893956937691386
0.989395463407261
0.9901590423355155
0.9908648734303885
0.99097806156517
0.9911429588287375
0.9908950434775349
0.9910274048393022
0.9910306482086217
0.9914522621325166
0.9915890000054554
0.991798963356726
0.9918894747732719
0.9918630673851886
0.9915999917169726
0.9918464444189458
0.9917710593512999
0.991764349917502
0.9917860654010524
0.9919095855760811
0.9920610583574231
0.992150627257367
0.9922451822644219
0.9922051544434745
0.9923506545771503
0.9924415544417583
0.9924922530242618
0.9925520862321252
0.9926265716483295
0.9926566506644947
0.9925795080450069
0.9926269068866639
0.9926531873858094
0.9924981351070289
0.9925133899886908
0.9925193929840816
0.9925679327761071
0.9926566879725284
0.99262050304403
0.992733265131411
0.9927003401901647
0.9927104095205966
0.9927392111213292
0.9926743111820271
0.9926627732795704
0.9926610669122303
0.9926681230329187
0.9927106839519063
0.9927569299991561
0.9927682787455955
0.992752245480768
0.9927913088924137
0.9927702051942917
0.9927285770673551
0.9926964798148428
0.9926354595758428
0.9926234799542444
0.9926525519525468
0.9926791102522506
0.9926395261128286
0.9927061260368178
0.9926914648687544
0.9927248089347284
0.9926873106315901
0.9926541107204092
0.9925914585920251
0.9925766863059492
0.9925516342381271
0.992572294556881
0.9925592547234778
0.9926147245613317
0.9925703708138645
0.9925675689706766
0.9925315752505225
0.9925176420005959
0.9924727853637113
0.9925389884405205
0.9925495107455646
0.9925604760036889
0.9925740010880824
0.9925666299946739
0.9925896943781055
0.9925859336548959
0.9926050041722934
0.9926148696860175
0.9925839567376138
0.9925587639239966
0.9925347797950914
0.9924926287462882
0.9924863694329258
0.9924832408333579
0.9924799466950333
0.9924482795442329
0.9924615725865626
0.9924840814517061
0.9924914191095949
0.9925103700689908
0.9925204962560289
0.9924784092125679
0.9924940026786893
0.992508947768223
0.9925343709516551
0.9925413205235792
0.9925483919396655
0.9925594146884061
0.99248530355321
0.9924989413171939
0.9925294287681111
0.9925284030256601
0.992509304768082
0.9924954837053459
0.9924874249522289
0.9924781342537567
0.9924268508579391
0.992456977267722
0.9924493690134727
0.9924843319654962
0.9924563577941409
0.9924624881140274
0.9924691230721983
0.9924601136760417
0.9924551308686139
0.9924511881444898
0.9924012627557169
0.9924080871702897
0.9924240862373596
0.9924250086118709
0.9924092826420828
0.9923749435031552
0.9924088865697744
0.9924164612571005
0.9924041334440706
0.9923903543530268
0.9924011610411155
0.9923885783331252
0.9923600116559593
0.992338654168875
0.9923244460406738
0.992335114746008
0.9923195817228083
0.9923334918832498
0.9923335715225073
0.9923458064032444
0.9923495506550964
0.9923644269627298
0.9923534129421346
0.9923844005959558
0.9923705730881098
0.9923487160061044
0.9923234551626376
0.9923346472647937
0.9923060417349368
0.9923141831948732
0.9923220956662681
0.99232554234657
0.9923474013197644
0.9923309313029912
0.9923614864608067
0.9923719283795853
0.9923870026533674
0.9923935510054921
0.9923999991516796
0.9924184574309377
0.9924271888342624
0.9924126103196109
0.9924156103761504
0.9924095801490139
0.9924110573904864
0.9924209620943454
0.9924293989277475
0.9924367616192429
0.9924286657906017
0.9924472664144851
0.992426650187503
0.9924200302627805
0.9924106025197466
0.9924282150733558
0.992424045411166
0.9924020163443759
0.9923964029076006
0.9923942641669072
0.9924074639257223
0.9923918395957642
0.9923934938663085
0.9923940610436175
0.9924075890241346
0.9924008162783197
0.992397932459863
0.9924025339841632
0.9923853667481691
0.9923843174495449
0.9924073093988164
0.9924185393307798
0.9924182135849289
0.9924179502397181
0.9924098936540448
0.9924026037068637
0.992406484349476
0.9924153590515193
0.9924075945557089
0.9924043978015731
0.9923860040697998
0.9923779550332871
0.9923770916676596
0.9923660390420572
0.9923622306327349
0.9923654928759483
0.9923689834883661
0.9923781128863106
0.9923951588800677
0.9924089365825186
0.9924121318174561
0.9924166035832824
0.9924125070226406
0.992423045112018
0.9924182690744013
0.9924185877058322
0.9924083543827881
0.9923748366436587
0.9923823652441667
0.9923577945884134
0.9923631973387171
0.9923716038083016
0.9923646661846344
0.9923694993310223
0.9923603248687366
0.9923608162540863
0.9923751827481552
0.9923644544358318
0.992349417483295
0.9923426804203718
0.9923423645591226
0.992337025028675
0.9923253220589354
0.9923188947843795
0.9923206396400067
0.9923216520999052
0.9923076517152093
0.992300824907528
0.9922912150385494
0.9922912829921012
0.9922973583385698
0.9922923686920865
0.9922869996826815
0.9922878966635037
0.9922902323526913
0.9922901817139743
0.9922879857323003
0.9922916778420363
0.9922894808983992
0.992291867458011
0.9923012954023509
0.9922959078300911
0.9923054520912675
0.9922985480974817
0.9922865476676129
0.9922922924006292
0.9923014642100093
0.9922989332594582
0.9923002421632019
0.9922979344937015
0.9923096414040271
0.9923055842083238
0.9923009172325987
0.9923084151911209
0.9923135053151162
0.9923224601790015
0.9923148291201906
0.9923027572307568
0.9923023563931195
0.9922963462256287
0.9922858298954145
0.9922791414441516
0.9922675905602789
0.9922824782427336
0.9922740606813706
0.992281596613918
0.9922666508273801
0.9922600686749617
0.9922633364136924
0.9922584416336281
0.9922687630915457
0.9922652407850857
0.9922510893223017
0.9922376633045872
0.9922384928185103
0.992239458604752
0.9922283129355122
0.9922272385891228
0.9922216604178989
0.9922168867763725
0.9922042698797336
0.9922019313413094
0.9922092510031605
0.9922042963557004
0.992223543189537
0.9922122359264035
0.9922005239071364
0.9921974323643373
0.9921917359784728
0.9922058234544299
0.992200755714452
0.9921819214032399
0.9921919433137135
0.9921819774259877
0.9921763513198967
0.9921830170192799
0.9921849104619328
0.992182656427739
0.9921856787260069
0.9921903921033749
0.9921981512069473
0.9922049238406405
0.9922184274673271
0.9922060885872711
0.9922292951964777
0.9922420878885378
0.9922396969783511
0.9922312673813694
0.992216387461076
0.9922083677445052
0.9922117345908394
0.9922088338090425
0.9922082977876947
0.9922326923013899
0.9922384279800681
0.9922291729120603
0.992232460200773
0.9922314082830297
0.9922388067967555
0.9922327970157365
0.9922256966815736
0.9922127214618975
0.9922257225897092
0.9922256574619688
0.9922273971649667
0.9922264222217251
0.9922309380974289
0.9922350850029864
0.9922315323403905
0.9922326132107888
0.9922249937836298
0.9922243673901382
0.9922285351621286
0.9922261060872107
0.992229631256642
0.992238558266043
0.9922241932780507
0.9922158094903797
0.9922064267064988
0.9922166638176794
0.992215838225019
0.9922063403205189
0.9922180597367639
0.99221927755637
0.992217592619207
0.9922243920798189
0.9922305492419314
0.9922335818514252
0.9922267247985127
0.9922317532586856
0.9922461024948337
0.9922407888940288
0.9922423786766783
0.9922432199216563
0.9922366661591511
0.9922367251780647
0.9922303224278596
0.9922330517223636
0.9922310518085178
0.9922232787917519
0.9922287170780517
0.9922332010991657
0.9922385184494914
0.9922372181708392
0.9922328932605916
0.9922257036338019
0.9922184028375832
0.9922162168318589
0.9922225749666882
0.9922264042370298
0.9922300389764125
0.9922286406455589
0.9922267682261097
0.9922295326369471
0.9922285223494334
0.9922152867370617
0.9922121619492098
0.9922233517408267
0.9922230703867692
0.9922200401113144
0.9922159800788596
0.9922208599704955
0.992230516162115
0.9922376142349555
0.9922375769758975
0.9922285685379462
0.9922251467589324
0.9922251709453185
0.9922207939940414
0.9922206028809641
0.9922211618747059
0.9922266512908741
0.9922300835092219
0.9922286776947478
0.9922281348100827
0.9922337942902568
0.9922288286322427
0.9922246525551366
0.9922218748402101
0.9922231103064267
0.9922182644432576
0.9922102583791924
0.9922147196283512
0.9922223405317536
0.992233368146734
0.9922344630443668
0.9922365568245366
0.9922390746848034
0.9922374212560994
0.9922398866788597
0.9922493852170425
0.9922531898368583
0.9922595360184703
0.9922622643066321
0.9922679187273185
0.9922685749491272
0.9922814465563757
0.9922727902078397
0.9922678947678625
0.9922670828780662
0.9922693927924959
0.9922712372178659
0.9922763254959293
0.9922747380365297
0.9922626658041401
0.9922614799813563
0.9922581006166822
0.992267351132244
0.9922648110317099
0.9922593557571219
0.9922648484278396
0.9922656390040168
0.9922599618827646
0.9922669886843818
0.9922637737084737
0.9922747026940946
0.9922785579696434
0.9922819846400565
0.9922839076140532
0.9922946985658634
0.9922874809989887
0.9922881808825436
0.9922868666386696
0.9922906195827321
0.9922920149878505
0.9922810646703996
0.9922809912916598
0.9922897757397526
0.9922887550092779
0.9922842776978452
0.9922811453805561
0.9922855562916134
0.9922871490775654
0.9922854382441597
0.9922924881699745
0.9922965649424069
0.9922992429768367
0.9923030932116297
0.9923047376350205
0.9922980280736986
0.9922933067125037
0.992294902467667
0.9923081394418714
0.9923127312917578
0.992319369949619
0.9923184625370106
0.9923111429475988
0.9923080078775645
0.9923130872504444
0.9923110622401403
0.9923127530383071
0.99230887239529
0.992314129659939
0.992309042301129
0.9923152590675404
0.9923180627883519
0.992315355457444
0.9923180126370026
0.9923099204236743
0.99230297164696
0.992303724845945
0.992296662137639
0.9922947286906887
0.9922889406991765
0.9922869212826168
0.9922861436241148
0.9922758918094555
0.9922823938906895
0.9922922973135859
0.9922875516620935
0.9922878690617376
0.9922845747393987
0.9922862446616163
0.9922850854761477
0.9922872759030451
0.9922854676517633
0.9922889675205204
0.9922835911701167
0.992289613068192
0.9922805289238209
0.9922859792121607
0.992283855178218
0.9922759714075862
0.992280786026901
0.9922807423964702
0.9922755373317035
0.9922781169800368
0.9922831621743518
0.9922806114515623
0.992277433628903
0.9922810480822882
0.9922872576780558
0.9922895981821586
0.9922897514130589
0.9922879239243656
0.9922858991782915
0.9922889251200538
0.9922897600747828
0.9922906933549845
0.9922898970553127
0.9922830345971733
0.992284662344036
0.9922826798623854
0.9922862014407742
0.9922762874276707
0.9922661385533933
0.9922619292192588
0.9922603669953585
0.9922554196461445
0.9922564228631452
0.9922550009535767
0.9922547053453475
0.9922569728960149
0.9922574345912916
0.9922595307923096
0.9922547836354437
0.9922577597641814
0.9922565400800276
0.9922604354153406
0.9922624546884321
0.9922666599979663
0.9922719711275926
0.9922740925680279
0.9922730808121762
0.9922762858705388
0.9922861860168063
0.9922865003160951
0.992292297853321
0.9922984113426195
0.9923060381963773
0.9923052676437568
0.9923026880829726
0.99229843824922
0.9922970351972518
0.9922991343387603
0.9923039924535838
0.9923076174550275
0.9923037293727529
0.9922985941928789
0.9922974146955509
0.992296908748305
0.9923060994502405
0.9923077203255802
0.9923030965060368
0.9923078799605942
0.992305745592856
0.9923078009909186
0.9923106078795682
0.9923103823171048
0.9923148106495563
0.9923212816841448
0.9923229886484844
0.9923185894222322
0.9923229705393712
0.9923330281394447
0.9923274345896915
0.9923269903557984
0.9923271602378029
0.9923306625406548
0.9923278427978477
0.9923292517466866
0.9923259943830188
0.9923288735236077
0.992334611410232
0.9923275883154107
0.9923360379566993
0.9923326814153738
0.9923340270030083
0.9923290342584021
0.9923216770750529
0.9923218979741888
0.9923242490146998
0.9923256226011457
0.9923257164469594
0.9923306640857463
0.9923342782412476
0.9923393954050851
0.9923402090777649
0.992336003796049
0.9923389589783975
0.992336547637284
0.9923369680462807
0.9923353885904566
0.9923343249361672
0.9923327459499182
0.9923353834408979
0.9923380720131357
0.9923434150137083
0.9923454158761276
0.9923470560265583
0.9923459130481748
0.9923425059308372
0.992343068383231
0.9923374629805015
0.9923471102523516
0.992345908961773
0.9923398106873264
0.9923452896455536
0.9923464745987329
0.9923515300551231
0.9923475324346864
0.9923421804673012
0.9923441635434768
0.9923510737182668
0.9923525638085379
0.9923516934776622
0.9923525817199483
0.9923488341771173
0.9923482260944996
0.9923529109532281
0.9923458275398634
0.992344858407115
0.9923422723238331
0.9923452886918129
0.9923452311977039
0.992345418887286
0.9923413498049108
0.9923410518911902
0.9923437646182418
0.9923516576619285
0.9923464328662949
0.9923468663166064
0.9923487221633613
0.9923455103805542
0.992345350175773
0.992349316652332
0.9923525434016801
0.9923515369743927
0.9923520720455601
0.9923562940098284
0.9923622113962008
0.9923608264786847
0.9923642446392362
0.9923635214442644
0.992362601066795
0.9923617326285903
0.9923578341604761
0.9923546612801754
0.9923578231494871
0.9923541346729435
0.9923545521070298
0.9923599572560959
0.9923600464224931
0.9923607113914232
0.992358808507226
0.9923585650418263
0.992358334807594
0.992355694211279
0.9923573532130578
0.9923596703133953
0.9923603577060748
0.9923584813810892
0.9923546644991333
0.9923562010807895
0.9923558998575096
0.9923565303892719
0.9923611767400149
0.9923592524470766
0.9923582783878898
0.9923542961932543
0.9923530229639921
0.9923549615403763
0.9923617278432278
0.9923599274997562
0.9923575917227758
0.9923529557326523
0.9923513218178877
0.9923513337702335
0.9923580716338697
0.9923611006560572
0.9923536572166387
0.9923524650168039
0.9923541441527371
0.9923566227829796
0.9923531377019977
0.992352461433026
0.992358475196024
0.992357558803892
0.9923622990007236
0.9923573829788619
0.9923611772555964
0.9923614253640249
0.9923605394945259
0.9923563113750659
0.9923544096113773
0.9923502026083156
0.9923512383605394
0.9923544824052863
0.9923532841321107
0.9923572252943098
0.9923571978856721
0.9923620470794389
0.9923589457526419
0.992357040429725
0.9923577970652906
0.9923579954066439
0.9923605225892601
0.9923593070509378
0.9923519894502557
0.9923554094220092
0.9923566943799627
0.9923557979387956
0.992350667163836
0.9923454806592303
0.9923483892574643
0.9923527169367672
0.9923542578328307
0.9923567629249253
0.9923575136935289
0.9923608305855924
0.992360287002074
0.9923566948311703
0.9923559451212136
0.9923582806612343
0.9923585048207811
0.9923606481929823
0.992360385073879
0.9923622579544896
0.9923645497720059
0.9923660707336909
0.9923664494532736
0.9923605682162057
0.9923657758900907
0.9923689854184269
0.9923676564151439
0.9923695191230094
0.9923724975558071
0.9923712195985275
0.9923711423097158
0.9923784778960748
0.9923802141588122
0.9923833702312547
0.9923845039713849
0.992385958966824
0.9923865134045552
0.9923815738898655
0.9923782857752662
0.9923779071265489
0.9923753946219722
0.992372282691166
0.9923744909925525
0.9923781102964863
0.9923839917867756
0.992386945969969
0.99238464263962
0.9923833368765262
0.9923824625596699
0.9923866578237847
0.9923819520392804
0.9923804775758301
0.9923784251408739
0.9923771004883889
0.9923742674755228
0.9923777869849012
0.9923788861816426
0.9923764681329449
0.9923771522555135
0.9923777529992013
0.9923759284103193
0.9923772665952462
0.9923809190821983
0.9923808623468202
0.9923801025934373
0.9923832504521105
0.9923817729256215
0.9923817030572131
0.992377932675562
0.9923799068066876
0.9923842787074305
0.9923823537779579
0.9923817743684217
0.9923785450250755
0.992377016523687
0.9923713597457325
0.9923682681713074
0.992368120350232
0.9923677191479302
0.9923654993160916
0.9923681714696653
0.9923664952338096
0.9923689854338831
0.9923703195938464
0.9923701348733517
0.9923670983099886
0.9923680250188023
0.9923671205076781
0.992372653103598
0.9923717171268028
0.9923750315065577
0.9923793206791193
0.9923826370244213
0.9923809401434388
0.9923825887616711
0.9923803268100191
0.992377924184992
0.9923779974604136
0.992382364730104
0.9923849777813665
0.9923838808321793
0.9923867815911043
0.9923909394492364
0.9923889562552126
0.9923908036212716
0.9923851605683749
0.9923799342244047
0.9923771478740788
0.9923814731104694
0.9923817953650158
0.9923847642725393
0.9923808159282894
0.9923817260558097
0.9923827893327848
0.9923847076300295
0.992389630234816
0.9923933776194112
0.9923863855103744
0.9923874448685674
0.9923877824502216
0.9923899492574558
0.9923886094398313
0.9923872830558718
0.992384250120945
0.9923904846630915
0.9923934519370984
0.9923952113384523
0.9923959594234577
0.992396714907747
0.9923972239661942
0.9924004523723712
0.9924029315748439
0.9924062591577476
0.9924072926776075
0.992403783526036
0.9924026876864274
0.9924029211978965
0.992404363082199
0.9924069561927058
0.9924047877021219
0.992403357079506
0.9924042467359196
0.9924028266500772
0.9924006384859435
0.9923962409110122
0.9923955665830912
0.9923977152763296
0.9924026897977135
0.9924009212684425
0.9924009083315426
0.9924020968371695
0.9924032615013135
0.9924060442841974
0.9924084627197541
0.9924062721597817
0.9924068854696885
0.9924081114965021
0.9924104951158452
0.9924110699343213
0.9924119558668528
0.9924075993630165
0.992408293221852
0.9924047762821012
0.9924021029123611
0.9924033780591179
0.9923987940373126
0.9923985098587673
0.9923993943044641
0.9923980628363903
0.9923992087199037
0.9923981859683435
0.9923977738956001
0.9923994577589641
0.9924008592256618
0.9923991190056823
0.9923981145882008
0.9923954151628269
0.9923958456642326
0.9923937001383926
0.9923936716080238
0.9923925212514856
0.9923954207449118
0.9923979571328336
0.9923982408827923
0.9923984271726147
0.992397609679675
0.9924013072417132
0.992403168851573
0.9924067937855396
0.9924042739382963
0.9924073665797986
0.9924078205644283
0.9924144737677937
0.9924168985215623
0.9924178918138948
0.9924194279266741
0.9924221754496493
0.9924220578103846
0.992422990642379
0.992423034213291
0.9924208657778834
0.9924144606705803
0.992412080216416
0.992411379056821
0.992408800918416
0.9924070376057632
0.9924107403283287
0.9924074184576289
0.9924031021299762
0.9924034040696148
0.9923961128981742
0.9923999052294596
0.9924001087892023
0.9923956046531126
0.992396564841707
0.9924047204518492
0.9924017750485054
0.9923997184913477
0.9923986796643975
0.9923993610849197
0.992400129811073
0.9923991604809882
0.9923971495783739
0.9923944810898625
0.9923944810065021
0.9923896735132968
0.9923847289695864
0.9923837662636752
0.9923855670224834
0.9923855025164692
0.9923835741577204
0.9923787487850992
0.9923782524259228
0.9923776338792826
0.9923791430543338
0.992376743124751
0.9923709878937803
0.9923714307738705
0.9923735333548431
0.9923689574266545
0.9923696272433427
0.9923657496318403
0.9923661364995914
0.9923616523406472
0.9923658983835839
0.9923688551382581
0.9923683653883368
0.9923659597252581
0.9923638548462056
0.9923655073820754
0.9923635388501373
0.9923651222177519
0.992366244369599
0.9923652696508504
0.9923685184229201
0.9923714777964219
0.9923720516753726
0.9923744997465533
0.9923730867235899
0.9923733395724005
0.992375188886975
0.9923713890122747
0.9923761064256895
0.9923738356203788
0.9923716050041882
0.9923726176285931
0.9923721247538116
0.9923730321905356
0.9923756800970136
0.9923747987492525
