0.9882700848547675
0.9911271758818299
0.9931206744976645
0.993822180929526
0.9944539351570837
0.9945564496777696
0.9938440192839667
0.9937437507571757
0.9937064515602763
0.9939829916460295
0.9939387157141087
0.9937484859784453
0.9937949687854692
0.9936544870262624
0.9937266789364874
0.9937121547767126
0.9937303064569505
0.9935978386487573
0.9936981587094308
0.9938771842840822
0.9939905774103746
0.9941606296047484
0.9941480325340009
0.9941885123404232
0.9942395441860087
0.9943745746710007
0.9944819991869842
0.9944994782345082
0.9945865883815556
0.9946313597879153
0.9945685707188133
0.9946281037231062
0.9947077423146856
0.9947422417619797
0.9946548049488105
0.9946134916723727
0.9946106449593839
0.9946882311593962
0.9947629568354277
0.994763414177961
0.9946951342406961
0.9946783519434254
0.9947204945818742
0.9947789908767858
0.9947053741671378
0.9947114265325336
0.9946849466434342
0.9946098407750321
0.9946385798542198
0.9946147852083632
0.9945985653445613
0.9945830929479624
0.9945342181380581
0.9944716597459543
0.9944724417830767
0.9945255712932699
0.9945479357146929
0.9945798513619053
0.9946180375737305
0.9946154302279516
0.9945937486043125
0.9946302304690363
0.9946281818353105
0.9946391940709665
0.9946725241206967
0.9946884297028294
0.9946827259480597
0.9946981119075041
0.9946704167905692
0.994685078897263
0.9946858863195126
0.9946615264315641
0.9946591138876804
0.9946949824960863
0.9946664095665557
0.994655350613253
0.9946413579706745
0.9946542308806787
0.9946507839500994
0.9946368099290389
0.9946604844431621
0.9946842530924788
0.9946772664355129
0.9946629164600874
0.9947094249251743
0.9947136571169718
0.9946866643369043
0.9946695468370567
0.9946540614547262
0.9946377538489292
0.9946191102537774
0.9945912450262128
0.9945445823094969
0.9945468300433562
0.9945459866124882
0.994544383814604
0.994566078177793
0.9945893156160057
0.9946014663114523
0.9946107280924803
0.9946156238120427
0.9946186256423094
0.9946278301078061
0.9946279234095096
0.9946351433016423
0.9946618444726243
0.994622256906348
0.994628784102753
0.9946476452652447
0.9946204151274158
0.9946499489379454
0.9946382926837153
0.9946259007811591
0.9946467938132382
0.9946190280890448
0.994614172357714
0.9946014144875347
0.9945917412108729
0.9945707986618229
0.9945811889617732
0.9945734948216471
0.994577382906099
0.9945749736945263
0.9945804530557657
0.9945598362412664
0.9945824595590167
0.994564770066898
0.9945727538887706
0.9945856450794301
0.9945707541264935
0.9945630011197322
0.9945643533557652
0.9945773936292174
0.9945745564985844
0.9945504112351513
0.9945754619338238
0.9945936553075349
0.9945850067691093
0.9945822317961033
0.9945769072365671
0.9945730852185454
0.9945843135357917
0.994595995682049
0.9945845854083151
0.9945743793028055
0.9945603569668763
0.9945602199174493
0.9945569863604969
0.9945490648572644
0.9945438206142377
0.9945340632660055
0.9945149727858491
0.994500143535573
0.9944945440353737
0.99448722704765
0.9944932702715363
0.9944779723308745
0.9944717022888315
0.9944689063560609
0.9944664082051738
0.9944795011737273
0.9945115171397761
0.9944940006458308
0.9944976170551597
0.9944799742454302
0.994492450843339
0.9944871430145067
0.9944937051877485
0.9944879042224835
0.9944933362351743
0.99450817620367
0.9945138960187613
0.9945074954752985
0.994510922946616
0.9945035805952626
0.9944962471619813
0.9944883372978706
0.9945022517621144
0.9945032177101343
0.9944827229437458
0.9944858999083521
0.9944714742769032
0.9944870534237765
0.9944927720347744
0.9944951534186115
0.9944994462670205
0.9945040907687701
0.9944876897117735
0.9944682012996632
0.9944748298641721
0.9944708461408517
0.9944702218490844
0.9944756014185973
0.9944790523867169
0.9944826898341141
0.9944814739698491
0.9944872197843775
0.9944860129427097
0.9944968559500472
0.9945188782623893
0.9945160857008986
0.9945135311822199
0.994507909352574
0.9945080624165897
0.9944927335713543
0.9944888225019153
0.994491006662451
0.9944920685971286
0.9944999539744029
0.99450126605845
0.9944996711689867
0.9944974541957569
0.9945028942382412
0.994502763938257
0.9944948562981332
0.9944933881066438
0.9944959745936014
0.9945005300272107
0.9944987646359775
0.9944934628956431
0.9944941724110744
0.9944973352765503
0.9945098832006277
0.9945029023867062
0.9944880234014808
0.9944905688814433
0.9944709926320877
0.9944748782643535
0.994487967923026
0.9944904416046382
0.9944934229356323
0.9944924045017279
0.9945035817818022
0.9945086167119651
0.9944990120990724
0.9944876048021756
0.9944993304211553
0.9944816637253354
0.9944779705650497
0.9944712665222152
0.9944800177580337
0.9944875016136642
0.994477359199363
0.9944783512929596
0.9944689463500435
0.9944764539417157
0.9944726966127708
0.994464134362886
0.994468760206995
0.9944739072712341
0.9944681171038798
0.994455075794848
0.9944570331883795
0.9944547169465736
0.9944509552326476
0.9944569893149705
0.9944480796418965
0.9944433215881491
0.9944369947899939
0.9944330574459809
0.9944317113301896
0.9944380597105658
0.994445056256071
0.9944446145848996
0.994451330452448
0.9944611006529162
0.9944639469724891
0.9944706172898761
0.9944671512407246
0.9944616054598078
0.9944680844895092
0.9944714843336767
0.994464569799189
0.9944646993898135
0.9944614112020428
0.9944602184350942
0.9944572314843714
0.9944456803500569
0.9944396213799753
0.9944182882948724
0.9944122487656165
0.9944036471941202
0.994411405630343
0.9944076330313557
0.9944042508247739
0.9944006697982617
0.9944091023298908
0.9944148187543193
0.9944154082986926
0.994413452797954
0.9943983401090385
0.9943987537246675
0.9943929860253742
0.9943872610215556
0.9943759826473427
0.9943846414146902
0.9943913804490011
0.9943823732700708
0.9943776652380244
0.9943837550856531
0.9943752124377829
0.9943641925934027
0.9943601430141715
0.994353136215027
0.9943485545728408
0.9943432530843392
0.9943386060216804
0.9943382602351
0.9943344497451169
0.9943249474419616
0.9943211973604682
0.9943272340136574
0.9943301167380459
0.9943245306388057
0.9943316178429061
0.9943260034408518
0.9943372551960384
0.9943490803095645
0.9943553776750282
0.9943579598556025
0.9943467245892361
0.9943525809280082
0.994349782569931
0.99435724497973
0.9943586119413139
0.9943574071222946
0.9943598757856332
0.9943690536063089
0.994370106356232
0.9943682695354003
0.9943743801263087
0.9943764201042026
0.9943733689428343
0.994368487414893
0.9943771944268873
0.9943846025203168
0.9943791629167662
0.9943860551225255
0.994381414309834
0.9943804574498064
0.9943859512693896
0.9943836630556228
0.9943782871924134
0.9943727092141222
0.9943711354231446
0.9943644150523909
0.9943744114491302
0.9943770318720826
0.99437499592037
0.9943751711326124
0.9943707844352702
0.9943805447021012
0.9943815061132717
0.9943760162955704
0.9943813993268136
0.9943852218409891
0.994387257571504
0.9943903314463101
0.9943892936150212
0.9943783120547579
0.9943804648414367
0.9943832978978834
0.99438195253305
0.9943857144726455
0.9943924766796743
0.9943878291219851
0.9943857298471601
0.9943866979227212
0.9943819358697978
0.9943883206649047
0.9943942471029207
0.9943999198274223
0.9943996417282917
0.9944047176468093
0.9944090452157148
0.9944095500489789
0.9944004442741062
0.9943986096836511
0.9944000255042194
0.9944036978919918
0.9944029323872554
0.9944031626487934
0.9944030637106156
0.9944021069499828
0.9944052770616633
0.9944154675481607
0.9944180595282549
0.9944172256835564
0.9944125773651952
0.9944176090990444
0.9944223978244285
0.9944304929739423
0.9944379116960916
0.9944392930499535
0.9944379090286702
0.9944355147028422
0.9944373266350471
0.994433901599298
0.994442149903039
0.9944452857394322
0.9944383563327862
0.9944424185671568
0.9944456185641866
0.9944521307438423
0.9944457497693489
0.9944431910444342
0.9944398840554602
0.9944321412528816
0.9944296184358727
0.9944275610822496
0.9944228810764025
0.994429997020637
0.9944373364116091
0.9944371817475308
0.9944389460454802
0.9944296801022426
0.9944256216733851
0.9944239591227024
0.9944220463435584
0.9944220333774647
0.9944116404895949
0.9944120551664187
0.9944141215816089
0.9944169322557181
0.9944159294605417
0.9944214380130986
0.9944228847881511
0.99442430078365
0.9944330466618337
0.9944305904681202
0.9944309057059273
0.9944389281813059
0.9944411583784722
0.9944441820425461
0.9944465600853984
0.9944433895077615
0.9944367449102078
0.9944332649069904
0.9944349756349349
0.9944380340225991
0.9944422700061073
0.9944401275609132
0.9944377324765914
0.9944388285530358
0.9944400517925224
0.9944462557162582
0.994440132309787
0.994440316250047
0.9944466566626333
0.994437483834572
0.9944368925685556
0.9944372397788462
0.9944352736264466
0.994437101706976
0.9944350788800824
0.9944372631654016
0.9944397199742984
0.9944278491903169
0.9944286931598416
0.9944299706631207
0.9944341413411741
0.9944317631107348
0.9944382890406301
0.9944363970114691
0.9944307922634799
0.9944354798438975
0.9944293083251247
0.9944299601720612
0.9944298662636492
0.9944294997666117
0.994428402502138
0.9944329979368812
0.9944354854163886
0.9944384032902391
0.9944480522312839
0.994446139443141
0.9944473195148271
0.9944427095104569
0.9944389935246619
0.994433749974099
0.9944299495718313
0.9944277879229342
0.9944351721418068
0.994433464311337
0.9944370168273488
0.9944388285090545
0.9944474649049213
0.9944463148966228
0.9944494594785046
0.9944455889458751
0.9944449435150158
0.9944426192702767
0.9944410102202254
0.9944363782146151
0.9944402511093867
0.9944379610029888
0.9944388066654142
0.9944409481536272
0.9944421614756775
0.9944434776827807
0.9944418675845168
0.994436189481819
0.9944404675991342
0.994439687485186
0.9944406757794984
0.994436874865523
0.9944437606457148
0.9944406476682707
0.9944417368872706
0.9944422189605877
0.9944410516086956
0.9944393578200177
0.9944406147947656
0.9944394374200357
0.9944341823852794
0.9944345574891322
0.9944354271101337
0.9944318763787905
0.9944330024408138
0.9944346560807334
0.9944327983850993
0.994433315612606
0.9944397634655493
0.9944380731752234
0.994434256396482
0.9944347423077546
0.9944381497764095
0.9944355604260406
0.9944357175534437
0.9944360735192259
0.9944345032072529
0.994434931860932
0.9944345083499919
0.994435859080478
0.9944384873741804
0.9944414597877593
0.9944422581375032
0.9944371066726369
0.9944392673678438
0.9944441856400106
0.9944484480655807
0.9944487847396296
0.994449456223084
0.9944535374967415
0.9944532219945623
0.9944507754411126
0.9944527470154954
0.9944476806481758
0.9944478322712677
0.9944418358555663
0.9944432914215442
0.9944410249365101
0.9944416252870064
0.9944381664253631
0.9944444194435715
0.9944471529810902
0.9944426032062845
0.9944488450093759
0.9944489114424655
0.9944519712447605
0.9944559062685959
0.9944560479241378
0.9944574181876348
0.9944553561736755
0.9944572675679163
0.9944567615795056
0.9944631057455663
0.9944650627937806
0.9944699136107862
0.9944717669716174
0.9944711289589184
0.9944663812863251
0.9944640635044004
0.9944658731723064
0.9944675270415596
0.9944674068484994
0.9944725692070085
0.9944723747848001
0.9944733829374047
0.9944775592573327
0.9944767022271913
0.9944805369834282
0.994477371265398
0.9944751219233708
0.994471624806748
0.9944680382063316
0.9944710696854567
0.9944703494124304
0.994468812728742
0.99446708300345
0.9944685526977406
0.9944664963926804
0.9944618258141056
0.9944596881554287
0.9944563180601041
0.9944615057209504
0.9944589193618324
0.9944584298155187
0.9944566653485998
0.9944573413819477
0.9944544813419632
0.9944532933865545
0.9944540779441469
0.9944558245029204
0.9944575711944653
0.9944544152607587
0.9944499384725575
0.9944469816869944
0.9944500447261845
0.9944536643936587
0.9944506376909192
0.9944503522119493
0.9944493534125914
0.994451639774764
0.9944533500198404
0.9944545719757927
0.9944541200890769
0.9944582299146305
0.9944578368395932
0.9944625686683063
0.9944678377909235
0.9944699832846166
0.9944717479042415
0.9944681269873563
0.9944688300561537
0.994469144683056
0.9944659576333436
0.9944692417361747
0.9944705477641045
0.9944726779443875
0.9944741082121106
0.9944717134773368
0.9944659666411416
0.9944682575512555
0.9944704147110254
0.9944689921692633
0.9944704732742721
0.9944664048474914
0.9944663524186816
0.9944645493253791
0.9944653427575304
0.9944659620772108
0.9944660781142212
0.9944726546744831
0.9944762572911962
0.9944757115610052
0.9944815872333574
0.9944832779802275
0.9944839903855681
0.9944841451088338
0.9944846215007676
0.9944835426860259
0.9944812995844895
0.9944824137061342
0.9944825333548455
0.9944822196001485
0.9944834541415599
0.9944839064081344
0.9944861321197213
0.99448933346547
0.9944931497211927
0.99449536552091
0.9944960017387952
0.9944947803442731
0.9944931100024568
0.994492994092341
0.994494075092339
0.9944924417870302
0.994487894761182
0.9944864669157574
0.9944891636423527
0.9944890424691646
0.9944889088800889
0.9944920351935465
0.994492529275796
0.9944989233231399
0.994503711549594
0.994504663225701
0.9945038261115731
0.9945006077906826
0.9945000235566706
0.9944972019632886
0.994495706555028
0.9944932538937673
0.9944942289427021
0.9944936227839956
0.9944924610778917
0.9944909951077783
0.9944908905217521
0.9944937605694614
0.9944991321019698
0.9944935725213503
0.994488867654702
0.9944882383088578
0.9944887619389117
0.9944877817062293
0.9944864167171453
0.9944852101910157
0.9944842174116892
0.9944847797787343
0.9944853195968801
0.9944858956792703
0.99448651512648
0.994485392703635
0.9944867001857696
0.9944882492664467
0.9944857328758941
0.9944883999945721
0.994490960526628
0.9944945553493588
0.9944903625355733
0.9944922874429475
0.9944932226997351
0.9944943935428299
0.994492270601882
0.9944913131342911
0.9944908844262257
0.9944888552200292
0.9944920033181005
0.9944926811502822
0.9944908090846798
0.9944896170158198
0.9944918485898868
0.9944881617713266
0.9944898002557181
0.9944863774001631
0.9944846180441327
0.9944820820397995
0.994485945029638
0.9944840949606487
0.9944838734085106
0.9944833365657194
0.9944827030515622
0.9944855584696537
0.9944888572286961
0.9944885880241234
0.9944905473175594
0.9944917780834951
0.9944913231264347
0.9944920216886055
0.994494125648543
0.9944994296794516
0.9944993960622339
0.9944994158421656
0.9944997348430447
0.9944970296905375
0.9944959045480632
0.9944995189114505
0.9944993149741562
0.9945040835599722
0.9945076055469405
0.9945085117715172
0.9945108711082221
0.9945093368577745
0.994514066317182
0.9945138247678557
0.9945148797401064
0.9945159551494108
0.9945181160641976
0.9945157695845582
0.9945162762776877
0.9945187618080554
0.9945189781171485
0.994522929809084
0.994523789057845
0.9945216203927224
0.9945218909241282
0.9945247141067082
0.9945258139258788
0.9945259819035793
0.9945238920266312
0.9945273103182508
0.9945273311373826
0.9945259761125241
0.9945287201678144
0.994527511080872
0.9945272175336632
0.994526193790444
0.9945281544778728
0.9945266670111534
0.9945255264958209
0.9945220445207854
0.9945241999910625
0.9945221457461165
0.9945216780013525
0.9945176618940786
0.9945193492310304
0.9945226278031042
0.9945240321564853
0.994523570463521
0.9945217676170564
0.9945236486060595
0.9945237966440894
0.9945254157172764
0.994525347551589
0.9945257015522605
0.9945245289967284
0.9945273874836196
0.9945270446742748
0.9945279106086445
0.9945262946346506
0.9945289399117597
0.9945274123317002
0.9945279028365244
0.9945279485875796
0.9945257936548478
0.9945227620527768
0.9945252229087232
0.9945270177277337
0.9945281677473838
0.9945317009728281
0.994531460319527
0.9945341289326917
0.9945352529355019
0.9945338878061453
0.9945367219313772
0.994538168198552
0.9945372834301145
0.9945383277913392
0.9945383597331187
0.9945407758071572
0.9945418377082795
0.9945404222148039
0.9945432902620231
0.9945450287862969
0.9945409686711221
0.9945404890582731
0.9945431550512324
0.9945434232263273
0.994544548077521
0.9945442660345907
0.9945484228197191
0.9945481525311607
0.9945492523359444
0.9945479045433553
0.9945455960541809
0.9945445042187696
0.9945442135336058
0.9945446337800097
0.994545187143454
0.9945453290343447
0.9945409496736993
0.9945428729421075
0.9945425967840297
0.9945430375642799
0.9945433716378217
0.9945438420344868
0.994542620449734
0.9945432765567899
0.9945422129740481
0.994543416675968
0.9945448514695056
0.9945461576142323
0.9945421954107322
0.9945405733782205
0.9945408033577309
0.994538756681393
0.994539690225372
0.9945400972823876
0.9945382819002222
0.9945366131144807
0.9945396012896245
0.994538517444403
0.9945377789070181
0.9945376962383186
0.9945343006553109
0.9945388852802465
0.9945386412400489
0.9945391870051824
0.9945379491169148
0.9945395713697904
0.9945392184249767
0.9945397192138632
0.994538663671898
0.9945382670969732
0.994541291410993
0.9945438232241791
0.9945453032425841
0.9945423929265057
0.9945400120500708
0.9945380936745929
0.9945336630819864
0.9945334780886185
0.9945340791576482
0.9945366223457415
0.9945354917107132
0.9945350462537816
0.9945350977215761
0.994537117185658
0.9945350963374952
0.9945367696973048
0.9945370125292432
0.9945376152610569
0.9945377673685986
0.9945367798275782
0.994537589137056
0.9945374287852151
0.9945361915616604
0.994535287337304
0.9945348030327912
0.9945305624879726
0.9945316219498267
0.9945335919862394
0.9945323053626448
0.9945296660524581
0.9945287144903479
0.9945305684804336
0.9945312934649236
0.9945327948362753
0.994530813294742
0.9945314819698289
0.9945322423580523
0.9945313144314694
0.9945285683992304
0.9945269110973494
0.9945295007505315
0.9945280120288381
0.9945301653868105
0.9945315010138817
0.9945298282953005
0.9945308229839167
0.9945291224323412
0.9945250698392664
0.9945250118914345
0.9945245083113632
0.9945204197841799
0.9945211192132591
0.9945221328304905
0.9945231485121434
0.9945185301388754
0.9945197607033737
0.9945173668699927
0.994516006183556
0.9945136181169408
0.9945154959870989
0.9945147137946292
0.9945151216789142
0.9945137499584434
0.9945168245239631
0.9945163519795941
0.9945156237288015
0.9945179799187885
0.994519822321282
0.9945207565678169
0.9945220866473655
0.9945210758171509
0.994519437474895
0.9945191785454701
0.9945171353625744
0.994514385730991
0.9945165303693142
0.9945181088834574
0.9945214481078554
0.9945221608923486
0.9945233661460525
0.9945236801525703
0.9945238994245542
0.9945228106083206
0.9945258907917741
0.9945267601516411
0.9945238299383885
0.9945197496194044
0.9945175327209111
0.9945190488649649
0.9945201230367912
0.9945211655220916
0.9945180510614737
0.99451841616998
0.9945188533927729
0.994517677896592
0.9945178268729483
0.994519580171539
0.994517944185933
0.9945171955923374
0.9945182205269094
0.9945190246662896
0.9945194979495486
0.994519985907948
0.9945178510711193
0.9945198221429021
0.9945220424851764
0.994523488539692
0.9945239626952593
0.994523629217858
0.9945237211175024
0.994523470673866
0.9945246677909847
0.9945217349100762
0.994521623149277
0.9945216168185155
0.9945221034654343
0.9945176255345833
0.9945185787590092
0.9945185512517398
0.9945174785947729
0.9945151970006118
0.9945146657273866
0.994514873130264
0.9945153726367513
0.9945142801225857
