0.9779027838413498
0.9855504287760327
0.9873907568987433
0.9871824944265708
0.9878120597994909
0.9877591290084516
0.9888619877418976
0.9884704198337676
0.988453367858734
0.9885113450112867
0.9886502512587384
0.9891259736851801
0.9886087652918973
0.9888822159899286
0.9887082647531003
0.9882925659980409
0.9882767190595954
0.9886183337871803
0.9887233517810804
0.9887648755956386
0.9887381238416029
0.9889597415813642
0.9891533307692346
0.989254110891324
0.9891674978979651
0.9891252803668384
0.9891510644235677
0.9892408512198401
0.9894034809484954
0.98942844494491
0.9895116405532658
0.9894024590567595
0.9893114348438972
0.9893073858180762
0.9892958023236766
0.9893025568488649
0.9893261451284542
0.9894479375322632
0.9894495230723642
0.9894518692730334
0.9894608742232085
0.9894339242657515
0.9893516237588937
0.989326513608808
0.9893673300066441
0.9893455727439027
0.9893373605863678
0.9893232740295935
0.989305684455718
0.9894028295582032
0.9893438089982204
0.9893324370617002
0.9893435719446286
0.9893678141642344
0.9894163767934301
0.9894253008566064
0.989489738978082
0.9895043976986265
0.9895121382285754
0.9895503716785268
0.9895186930974763
0.9895477891199538
0.9896152363891174
0.9896149054117318
0.9896288426688925
0.9895947011172025
0.9896138903515425
0.9895552717052506
0.9895065138074456
0.9895340698797492
0.9895643287113205
0.9895585298038627
0.9895309721028848
0.989545896752762
0.9895188025253326
0.989528923010532
0.9894832948153712
0.989539296532338
0.9895532119968218
0.989550032616481
0.9895234893411885
0.9895531027274255
0.9895526624148792
0.9894968487229051
0.9894780855418266
0.9894562058904867
0.9894129232280634
0.9894588625580476
0.9893786959259558
0.9893656310612258
0.9893362068167243
0.9893033331143142
0.989308277714813
0.9893218914531703
0.9893421658722398
0.9893731665607229
0.9894072738191991
0.9894107299769889
0.9894013200182219
0.9894124852696469
0.9894152154976347
0.9893995926703704
0.9894154398654361
0.9894408504992873
0.9894279729488673
0.9894465802650153
0.989408399829713
0.9894036241550116
0.9894195472014857
0.9893862186580277
0.9893975449437585
0.9894361052843555
0.9893935594619838
0.9894247595890132
0.9894444132350425
0.9894715928521842
0.9894642645143085
0.9894871503245473
0.9895131360526697
0.9895161621162524
0.9895293947806559
0.9895555758802431
0.9895553160624054
0.9895507788545597
0.9895406388407326
0.9895502575124369
0.9895626386397047
0.9895215097809362
0.9895239701515166
0.9894846487389385
0.989481651092989
0.9895276843762745
0.9895319448065183
0.9894940137119632
0.9894976566962052
0.9894945207019643
0.9894730385743921
0.9894670588531276
0.9894630186346494
0.989473310417424
0.989487406605458
0.9894606020221997
0.9894549181234661
0.9894421003639884
0.989454925958191
0.9894607043853635
0.9894110551936011
0.9894168722124456
0.989410501003228
0.9893918420177563
0.9893913945299385
0.9893855792818349
0.9893806844919777
0.9893996004006375
0.9893648526020623
0.9893663925748893
0.9893664880943199
0.9893325516422817
0.9893751208645095
0.9893664864517887
0.9893752014756998
0.9893529691683851
0.9893768821582958
0.9894097864967097
0.9894069829533215
0.9893668588146235
0.9893825517279757
0.9893778100868753
0.9893883450804957
0.9893925953335536
0.9893899819240842
0.9893866131349098
0.9893853094583419
0.9893833643290967
0.9893850296478675
0.9893829886398416
0.9893570472028375
0.9893635221546997
0.9893678813932968
0.9893641841866456
0.9893591276089945
0.9893532643296042
0.9893779502364285
0.9893753949236116
0.9893768869736264
0.9893728357303142
0.9893890264956172
0.989392383425947
0.9893927109172126
0.9894109374850674
0.9893965627516509
0.9894118107117467
0.9894125422412934
0.9894103220111891
0.9894140055228129
0.9894233056438488
0.9894037899785683
0.9893894383317039
0.9893728960929181
0.9893927167509834
0.9894061945687068
0.9894084759163725
0.9894050492118007
0.9894253789657885
0.9894332413057356
0.9894372255940916
0.9894382465492163
0.9894437164295228
0.9894546807526917
0.989466127363843
0.9894753887138155
0.9894879860197107
0.9894885967630805
0.9894717905708575
0.9894658482584731
0.9894523831775558
0.9894459476997979
0.9894490766707588
0.9894449383864906
0.9894668644975619
0.9894920114389909
0.9894976447653309
0.9894812686458664
0.9894907896112156
0.9894942565674025
0.9895085401347556
0.9895030619115404
0.9895003266146976
0.9894875572111199
0.9894962958931184
0.9894850486717001
0.9894673087932845
0.9894690957524062
0.9894466304370726
0.9894227218644495
0.9894130832354368
0.989417063828771
0.9894167790554504
0.9894142330314241
0.9893992457011067
0.9894204185003392
0.989431624833466
0.9894236046342686
0.9894434701093986
0.989447513865525
0.9894523562242601
0.9894801498210659
0.9894643801860232
0.9894608293581081
0.9894600821570242
0.989479095612532
0.989471801736937
0.9894721294746225
0.9894594214474524
0.9894783565932618
0.9894833764917279
0.9894819976290312
0.9894717762649184
0.9894832164777274
0.9894773731390057
0.9894656430643426
0.9894562471003432
0.9894512747506304
0.9894544418500659
0.9894424609578382
0.9894532630199202
0.9894701717002272
0.9894685134719213
0.9894762833163463
0.989479754910412
0.989471164246063
0.989466444595934
0.9894540277647456
0.9894546653142501
0.9894443308648976
0.9894521952805289
0.9894645425149063
0.9894542715989025
0.9894543004747703
0.989451066014247
0.9894410541433076
0.9894363272773015
0.9894384861506679
0.9894412846117235
0.9894196311035887
0.9894214697325054
0.9894474650276195
0.9894466409429983
0.9894352035534947
0.9894280621093673
0.9894207388927577
0.989409023642857
0.989424183858135
0.9894183273204489
0.9894180073946752
0.9894121550982858
0.9894172693491665
0.9894161330832728
0.9894143859671459
0.9894015272982185
0.9894096806294902
0.9894246680042657
0.9894244342032251
0.9894271543044548
0.9894360698016924
0.9894351945445851
0.9894396383451538
0.9894366101618924
0.9894304205410416
0.9894293578668218
0.9894325392135301
0.9894311034813382
0.9894233277907405
0.9894285929312955
0.9894140156596332
0.9893928298506691
0.989394705758281
0.9894042993733811
0.9894024671140185
0.9894027409897608
0.989400917038534
0.9893886792758289
0.9893913517937449
0.9894012876324039
0.9894099251921415
0.9894318690411003
0.9894457760869758
0.9894484179838604
0.9894542455144477
0.9894519024470155
0.9894504261470493
0.9894553931799274
0.9894683729736835
0.9894669391464317
0.9894719494484681
0.9894809995340307
0.9894818539321458
0.9894716923009381
0.9894760836999621
0.9894617655171971
0.9894651622435516
0.9894661307201381
0.9894662248973365
0.9894684972194703
0.989463593951243
0.9894653241297969
0.989459036423056
0.9894585490482939
0.9894571087525716
0.9894686090719296
0.9894722239794178
0.9894786850411631
0.9894789056531148
0.9894690376907174
0.9894618349289093
0.9894494769492941
0.9894488757680159
0.9894484394926624
0.9894464621963023
0.9894353016927573
0.9894279821291221
0.9894354797151371
0.9894331713264708
0.9894330183748861
0.9894241185791092
0.989433658174481
0.9894448137725127
0.9894506771986807
0.9894415231545771
0.9894441328035743
0.989450222971866
0.9894652796971712
0.9894609300151065
0.9894608547587203
0.9894790488979807
0.9894743922743805
0.9894752635298555
0.9894702648021001
0.9894769312769219
0.9894707661097287
0.9894546338454289
0.9894581242465755
0.9894686871699793
0.9894686582682619
0.9894688188330147
0.9894667631691076
0.9894687809806194
0.98946061277519
0.9894657788735769
0.9894625294424172
0.9894662729723257
0.9894741157266282
0.9894696262827241
0.9894666945168955
0.9894664225184729
0.9894683925903341
0.9894719702426917
0.9894830224622828
0.9894799624631978
0.9894798385858505
0.9894785453188463
0.9894741017638148
0.9894703460144251
0.9894659642102863
0.9894716725975432
0.9894760011643962
0.9894662411170778
0.9894646852834483
0.9894591949163151
0.9894447863151823
0.9894470646787171
0.9894345693117561
0.9894299201821783
0.989439887640844
0.9894417234881925
0.9894459304834862
0.989447564814419
0.9894531055437737
0.9894643128391072
0.9894716659065056
0.9894738127409793
0.9894716493410733
0.9894784799718005
0.9894836002101024
0.9894871224475201
0.9894896659987679
0.9894923490186337
0.9894991085728492
0.9894995283141969
0.9894907297071278
0.9894768592540258
0.9894810441536568
0.9894789081759741
0.989470433242583
0.9894742184836582
0.9894671388239521
0.9894665132952357
0.9894730603355711
0.989475374854407
0.9894686376473644
0.9894668341793671
0.9894600820675802
0.9894604979770885
0.9894701639008305
0.9894738669077943
0.9894809996755968
0.9894815701260521
0.9894933443377766
0.9894949169352264
0.9894951804883901
0.9895004836010616
0.989506294636369
0.9895105024184616
0.9895254580919456
0.9895184697369913
0.9895169743659967
0.9895262424928846
0.9895249703303758
0.9895233096074721
0.9895133887637563
0.989507836742465
0.9895100810410691
0.9895187964092103
0.9895301477576635
0.9895215353968277
0.9895186640956727
0.9895169074612423
0.9895249971373598
0.9895349516373617
0.9895430002512192
0.9895407501593533
0.9895310583197027
0.9895320172376597
0.9895242020335747
0.9895333469237662
0.9895312752440274
0.9895320358459979
0.989530963830196
0.9895405381614578
0.9895408901537763
0.9895457998215687
0.9895383806472314
0.9895437101684974
0.9895447798387476
0.989542310114824
0.9895373918944267
0.9895364960417478
0.9895288858479047
0.9895299603682495
0.9895315100408617
0.9895287795773807
0.9895179547222751
0.989522282974562
0.9895324968248975
0.9895393195205604
0.9895354605759603
0.989539491641991
0.9895363427466226
0.9895399549257125
0.9895406396698396
0.9895365811729017
0.9895410341313641
0.9895477036860257
0.9895351082775035
0.9895354922971356
0.9895331444326141
0.9895368122969572
0.9895419317983977
0.9895402290920314
0.9895318719887357
0.989529396539917
0.9895345643375916
0.989534553332924
0.9895441763751804
0.9895425755338647
0.98954838379032
0.9895541555617645
0.9895572363417975
0.9895583365081713
0.9895620100517526
0.9895603864404042
0.9895457290752191
0.9895358386934658
0.9895336207105966
0.9895296261738094
0.9895278646587389
0.9895276756722431
0.9895276675854474
0.9895234702801862
0.9895148898936384
0.9895228893747703
0.9895125358100472
0.9895189659810406
0.9895178697262287
0.9895147681531463
0.9895150000085672
0.9895194295597647
0.9895148613428605
0.9895079644209036
0.9895050216792363
0.989503786707433
0.9895076164587584
0.9895066821337714
0.989503888336477
0.9895035001114443
0.9895074089140911
0.9895065622651882
0.9894990668811302
0.9895013670829068
0.9895015107284507
0.9895053507760808
0.9895145926346232
0.9895145721870597
0.9895156301288
0.9895215694040633
0.9895220820204444
0.9895304548019528
0.9895268093419642
0.9895207250993239
0.9895232991032541
0.9895290449089191
0.9895348406863507
0.9895357071929343
0.9895280862572763
0.9895270484639742
0.98954124580835
0.9895432656438076
0.989542643905178
0.9895460629702271
0.9895461051837156
0.9895455193382003
0.9895415024230357
0.9895503345300624
0.9895431605798961
0.9895447569981742
0.9895409623288343
0.9895404931359097
0.9895427496902633
0.9895370128287068
0.9895479050684489
0.9895444819362621
0.989546378902822
0.9895531742374234
0.9895553891376062
0.9895554688674026
0.9895580331686983
0.989564602562326
0.989557179158475
0.9895626870579074
0.9895665153038748
0.9895662625698018
0.9895650974056445
0.9895658717805526
0.9895682435110349
0.9895731262898341
0.9895818784490998
0.9895715874614582
0.9895698627276661
0.989564533155482
0.989561294458576
0.9895591188167803
0.9895521641378937
0.9895503318124215
0.9895531465819284
0.9895534938594751
0.9895603692118637
0.9895671996947437
0.9895622572272641
0.9895692434637324
0.989566830053709
0.9895726364884843
0.9895721813640488
0.9895704619939549
0.9895723382139648
0.9895728999576235
0.989573678562453
0.9895741694857659
0.9895743722014202
0.9895656198210583
0.9895669118192243
0.989564959251436
0.9895613397230325
0.9895602447707935
0.9895628714920851
0.9895586480413759
0.9895551168807791
0.9895617442911419
0.9895664627906074
0.9895621387846764
0.9895589655000891
0.98955919106536
0.9895657633227295
0.9895683448285012
0.9895656094397606
0.9895642275018708
0.9895658789726823
0.989569535684112
0.9895691233696401
0.989572172348532
0.9895720621470188
0.989572145748202
0.9895768386951863
0.9895746061892893
0.9895736206797819
0.9895736442704164
0.9895696143684167
0.9895682119946626
0.9895633381970103
0.9895578215166381
0.9895534007827218
0.9895619690804675
0.9895647091893991
0.9895649483871611
0.9895610050198304
0.9895623569820217
0.9895613235118819
0.9895608547884333
0.9895584682946296
0.9895596035170809
0.9895599487964305
0.9895536430741694
0.9895536188079527
0.9895474275013043
0.989551485184714
0.9895540843017563
0.989554555614184
0.9895525065206341
0.989552663360116
0.9895504541886806
0.9895463811598049
0.989547445249694
0.98953785467073
0.9895359978564572
0.9895438643630281
0.9895427046044669
0.9895381980888037
0.989539184536332
0.989532233914539
0.9895296967114527
0.9895276794103808
0.9895257990720092
0.9895275775898537
0.9895230478926951
0.9895202289257453
0.9895210340675401
0.9895233913795364
0.9895204680300358
0.9895254001210493
0.9895248058136832
0.9895256886083786
0.9895202184853299
0.9895172386894492
0.9895126018590078
0.9895129954507073
0.9895137909656458
0.9895132942768715
0.9895156723299587
0.9895103130585082
0.9895087070798322
0.9895059672482679
0.9895069372748214
0.9895153091997785
0.9895078904695459
0.9895039403811651
0.98950366090563
0.9895024091235031
0.9895029351502678
0.989500774778928
0.9895038397667256
0.9895091427100746
0.9895106157817032
0.9895064946987453
0.9894991651568527
0.9894971666212512
0.9894893672598885
0.9894881628377872
0.9894949563245058
0.9894944663404868
0.9895012543984518
0.9895079509054232
0.989514866074113
0.9895175743752932
0.9895129789900895
0.9895162954784688
0.9895146848445746
0.9895133373273062
0.9895141046289652
0.989521182123149
0.9895228510464074
0.9895247605514973
0.9895249185218717
0.9895270444453801
0.9895341427006372
0.9895409945818284
0.9895439987661541
0.9895392149090534
0.989542082284155
0.9895372972470368
0.9895443031784251
0.9895454837091103
0.9895421146952904
0.989544434860382
0.9895406497656684
0.9895444264634403
0.9895463674382811
0.9895470451723636
0.9895497695648945
0.9895543994667153
0.989554706988647
0.9895620237462175
0.9895623975453474
0.9895659999046225
0.9895597679210416
0.9895567847571272
0.9895620848725882
0.9895657391014654
0.9895649321236571
0.9895624710641563
0.9895621104246113
0.9895631031937488
0.9895557129190161
0.9895585738570396
0.9895652312833855
0.9895676646487254
0.9895624047070857
0.989566293270314
0.9895631389081561
0.9895583315380572
0.9895541029987849
0.9895602428821405
0.9895606767811365
0.9895577437305569
0.9895496179802928
0.9895529383987756
0.9895476428685015
0.9895474510600168
0.989546264370522
0.989546494742069
0.9895476187541622
0.9895429477683721
0.9895414773602464
0.9895395588929611
0.9895420789603848
0.9895439291644287
0.9895449802470403
0.9895483996951044
0.9895491411607967
0.9895482809480304
0.989545546010301
0.9895442259236085
0.9895392705702434
0.9895355017002146
0.9895368972475673
0.9895288645787266
0.9895324434985713
0.9895334269876065
0.9895292088354303
0.9895247414418041
0.9895231639537883
0.9895260147989046
0.9895237536356607
0.9895206770591118
0.9895177670326781
0.9895109571506411
0.989506342578114
0.9895038940087738
0.9895014087459825
0.9894978622441947
0.989494083927389
0.9894980153350362
0.9895022885732474
0.989493775580136
0.9895010530847717
0.9895029485302864
0.9895029671110421
0.9895062152473408
0.9895113383620018
0.9895141888040172
0.9895210928298485
0.9895201896158202
0.9895201509063802
0.9895209267741111
0.9895148449298642
0.9895058024290202
0.9895155618589193
0.9895158433604114
0.9895109000100402
0.9895096441858081
0.9895051038380178
0.9895042234693611
0.9895046077089599
0.989502257919914
0.9895033719391253
0.9895061947564864
0.9895096042921137
0.9895046242139329
0.9895049117120721
0.989503617276663
0.9895002397905964
0.989502178571804
0.9894996375822354
0.9894972640811693
0.9894940083662332
0.9894936507660902
0.9894892882890455
0.9894885841048616
0.9894924096199822
0.9894870547194285
0.9894888904226162
0.9894910867790311
0.9894987582491246
0.9894975105225563
0.9894984946956104
0.9894994378236855
0.9894957261529925
0.9894945559777383
0.989493985345141
0.989494521278172
0.9894976317174069
0.9894997373134743
0.9894952732721367
0.989494289743148
0.9894941494833155
0.989493038247034
0.9894921098944734
0.9894912713818905
0.9894927616196832
0.9894888889533282
0.9894917430613369
0.9894916947919874
0.9894952801913667
0.9894983300420299
0.9894938199979396
0.9894991986528534
0.9894935379370103
0.9894908041346989
0.9894920873151387
0.989491081876124
0.9894897018672629
0.9894874246527265
0.9894879197381954
0.9894818644477157
0.9894864923979677
0.9894880400515934
0.9894895260649311
0.9894865545316404
0.989482792223441
0.9894820755189512
0.9894843027900303
0.9894839504696908
0.989486474053387
0.9894913749025553
0.9894891135487371
0.9894894984359469
0.9894892776134534
0.9894852777048451
0.9894915415279795
0.9894928647696358
0.9894933546856611
0.9894960599534
0.9894939857888498
0.9894946712455908
0.989495927575706
0.989501862479543
0.9895070007919731
0.9895092595541567
0.989506649336548
0.9895102947107266
0.9895085651021456
0.9895106090443523
0.989504549489985
0.9895080180854129
0.9895132120049365
0.9895125333329359
0.9895126911432476
0.9895130216155253
0.9895118569964081
0.9895148751264692
0.9895169188067605
0.9895178967480113
0.9895163979222882
0.9895164452952663
0.9895197946170823
0.9895198993842559
0.9895228994561848
0.9895262536920195
0.9895344136704967
0.9895345136333693
0.989533997425179
0.989532492474779
0.9895330898629568
0.9895312108762354
0.9895310475939506
0.9895290911733716
0.9895306476541271
0.9895278103686163
0.989529326566299
0.9895259530854568
0.9895233371588137
0.9895171804294386
0.9895166495105808
0.9895237904680596
0.9895225529559303
0.9895209165029272
0.9895252684109581
0.989527862584759
0.9895300714420349
0.9895280211998085
0.9895313921482847
0.9895326600102996
0.9895318698371406
0.9895308504306114
0.9895361052735001
0.9895329447794509
0.9895323878744497
0.9895324078677336
0.9895300372871482
0.9895321488365281
0.9895317800460244
0.9895300790540399
0.9895306663081428
0.9895275565726619
0.9895302171726924
0.9895305657225272
0.9895312776891709
0.9895276597277097
0.9895298046196717
0.9895259196543749
0.98952110007876
0.9895200482768741
0.9895162702070203
0.9895149937542231
0.9895141087399153
0.9895091466287762
0.989507010536037
0.9895066980411876
0.9895076718342911
0.9895086517282172
0.9895130784646692
0.989516832824762
0.9895122472678489
0.9895134799592256
0.9895139840899705
0.9895141278418106
0.9895138459939645
0.9895116759889396
0.9895111384951641
0.9895178693774993
0.9895165545297893
0.9895180947529632
0.9895211536028324
0.989519939482664
0.9895199610029259
0.9895198226759948
0.9895175315395095
0.9895201196255113
0.9895176444289643
0.989515911670922
0.9895186688054627
0.9895211985540175
