0.9817239158385384
0.9854813172642599
0.9889845272928777
0.9894945580819532
0.9894679638975972
0.989410444463696
0.9896803643628538
0.990370494387006
0.9907511448426436
0.9902455304971863
0.990739848855263
0.9907847200393411
0.9908021368847314
0.9907753608357476
0.9906698745994628
0.990635134512886
0.9905534200893902
0.9905838683249304
0.9908116724907146
0.9908200467518455
0.9907999096025075
0.9909211312707998
0.9910136774215194
0.9910849745845757
0.991125755627837
0.991048516042508
0.9911151035797486
0.9910991015256281
0.991147534527748
0.9912300391947347
0.9912463391964222
0.9910896873261
0.991114988424652
0.9910348590284404
0.9910547398696555
0.9909853763610129
0.9908990818767585
0.9910439765679238
0.9910587277129022
0.99108863784769
0.9909782044089814
0.9909935992637413
0.99104355791634
0.9911957304546942
0.9911973120433328
0.99122994390858
0.9911401557129157
0.9910709705029103
0.9911167157635224
0.9912191926661734
0.9912552290698179
0.9913515566242203
0.9912865342180536
0.991289522758593
0.9912748203768786
0.9912506488430348
0.9912073727914894
0.9911559624277867
0.9912118381225157
0.9911914624616973
0.991134429222718
0.9910863278452868
0.9910029981384042
0.9909259472517785
0.9910346086405774
0.9910418739439074
0.9910382517908074
0.990992548581819
0.9910521827486403
0.9910283670357941
0.9909831281562016
0.9910250309118981
0.991054116645844
0.9910560179494116
0.9910319808933358
0.9909836378943623
0.9909628954151096
0.9909356116229417
0.9909775158646225
0.9909874811731206
0.9909852366482196
0.9910340244514021
0.9910680609319326
0.9910744564508962
0.9910711335444631
0.9910910829900839
0.9910780241458846
0.9911437173264707
0.9911259204894945
0.991092790237608
0.9911037107004222
0.991083248978581
0.9911160100355582
0.9911223014244963
0.9911148438222196
0.9910869938818176
0.991100606070545
0.9910637139638575
0.9910494250239645
0.9910563969750339
0.9910472827516438
0.9910516972533765
0.9910767056165559
0.9910617133846749
0.9910666295976062
0.9910750119513904
0.9910528266413335
0.9910264366766636
0.991063205115027
0.9910806290195232
0.9910521701852608
0.9910230243416106
0.9909883925929355
0.9909536848789731
0.990966072354697
0.9909328378328233
0.9909364599218538
0.9909542116719331
0.9909602963895684
0.9909425132548274
0.9909429414025512
0.9909396188067956
0.9909132118861368
0.9909414795896485
0.990923541786632
0.9909539957916303
0.9909658161603686
0.9909971581560802
0.991006653060662
0.9909962482154496
0.9910068778903212
0.9909991758437274
0.9909361466641073
0.9908960282773992
0.990889545647021
0.9908823725559733
0.9908785292864944
0.9908494565339954
0.9908605075431481
0.9908760602546437
0.9908775308104546
0.9909332896880749
0.9908883092897162
0.9908919079367844
0.9909137512894747
0.9909219803213731
0.9909145192116197
0.9909048015671538
0.9908879066844825
0.9908894286982552
0.9908927705845717
0.9909115226970306
0.9909219744402591
0.9909650195025578
0.9909360297567341
0.9909233057317327
0.9909262611802204
0.9909116585634246
0.9909252213989319
0.9909164682444468
0.9909173702882844
0.9909069879747222
0.9909095863455574
0.9909125463921447
0.9909252367352375
0.9909022957474489
0.9908735096783847
0.9908750917352236
0.9908608342436553
0.9908655298982405
0.9908579989948665
0.9908758089762089
0.9908768064623942
0.9908800761499128
0.9908966035080498
0.9908717547488229
0.9908727338836832
0.9908759105477615
0.9908878827331562
0.9908751097898427
0.9908887407617027
0.9908942543751499
0.9908880990987732
0.9908872767324435
0.9908850302518991
0.9909108880145266
0.9909089166608215
0.9908990698603012
0.9909115404270893
0.9909179645020981
0.9909027641709162
0.9908914774415023
0.9908758490875692
0.9908733713050472
0.990882502548976
0.9908816441365116
0.9908870853040223
0.9908646623812157
0.9908569272436447
0.9908328417766119
0.9908212946707973
0.9908046566865287
0.9908149043519654
0.9908313425600802
0.990824229442498
0.9908513975552702
0.9908524065471018
0.9908463859779653
0.9908488297149503
0.990842053064799
0.9908376157288593
0.9908505632010542
0.9908691839169507
0.990883613976516
0.9908960946117717
0.9909151861578551
0.990919824028199
0.9909236274346905
0.9909330014193485
0.9909561221702964
0.9909654145270554
0.9909780157226175
0.9909636944615633
0.9909311142167979
0.9909147830343505
0.990924217923721
0.9909264644190181
0.9909346056733968
0.990943668707772
0.9909542921059661
0.9909742506008782
0.9909682815186865
0.9909464756134443
0.9909340481067144
0.990926490745683
0.9909460451240204
0.9909403913678675
0.9909589462502103
0.9909642933146435
0.9909717994098928
0.9909831283865704
0.9909782166853153
0.990971384806777
0.990975001320883
0.9909486148074725
0.9909399744644771
0.9909596123408309
0.9909532070653521
0.990957533472336
0.9909716031464568
0.9909745034526541
0.9909816067887369
0.9909859169729404
0.990961478581416
0.9909661217612017
0.9909689471925612
0.990966368685542
0.9909740407269868
0.9909619074742584
0.9909718293039899
0.9909796645840293
0.9909618687026138
0.99095882110976
0.9909628166398966
0.9909481587036758
0.9909348429618691
0.9909412688941303
0.9909385137399285
0.9909576754188519
0.9909585940260196
0.9909637906254432
0.9909665130476967
0.9909526813136631
0.9909570407171236
0.990952790244574
0.9909572891519066
0.9909593023571288
0.9909693118432598
0.9909739923506975
0.9909697093159356
0.9909845386466702
0.9909863768734821
0.9909872379769415
0.9909901891785535
0.9909732537990609
0.9909602370429422
0.9909577531228569
0.9909663192989582
0.9909665192074606
0.9909684453728708
0.9909573852014185
0.9909521833504256
0.9909630534271082
0.9909537003843801
0.9909569114712171
0.9909757497158229
0.9909576526471646
0.9909596659785261
0.9909611153004217
0.9909587583390199
0.9909534593171456
0.9909733548626344
0.9909606967743045
0.9909705315856712
0.9909734928313535
0.9909858411468087
0.990993432551122
0.990990358987035
0.9909976247275593
0.9910054849729208
0.9910205088303031
0.9910171820952745
0.9910081239482026
0.9909948415980566
0.9909948397682771
0.9909903224522354
0.9910003837568933
0.9909894481175471
0.9909839767828975
0.9909828907042637
0.990996990733986
0.9910092949953292
0.9910231188030779
0.9910325056995005
0.9910380732314812
0.9910477711246823
0.9910551021947334
0.9910551219294311
0.9910549730440826
0.9910633541085848
0.9910677646326326
0.991057711172697
0.9910536787827693
0.9910517242156076
0.9910560007671994
0.9910628253632595
0.9910635019694111
0.9910614696372918
0.9910603366096391
0.991056125587756
0.991064191229774
0.9910617206765852
0.991054064852459
0.9910536304878494
0.991061881437117
0.9910577844274028
0.9910586759180164
0.9910628855139478
0.9910576295972455
0.9910556047945359
0.991057662475661
0.9910565649519008
0.991047892523976
0.9910462195600211
0.9910434469175596
0.9910616323158349
0.9910737388956744
0.9910652729263679
0.9910769157959689
0.9910837577492876
0.9910902536534747
0.9910991008611865
0.9910978143101842
0.9911084759467881
0.9911007803044384
0.9910928677800701
0.9910990141345443
0.9910946168266641
0.9910920581404862
0.9910846462739189
0.9910896867012288
0.9910846208413425
0.9910946932604463
0.9910904515910413
0.9911019833834759
0.9911059586256559
0.991110746837993
0.9910983177368522
0.9910907732510893
0.9910865519987063
0.9910895464557414
0.9911004184931731
0.9911023046623699
0.9911053082083664
0.9911007296619658
0.9911018832276149
0.9911050582983518
0.9911099382977362
0.9911044395291067
0.9911054549235723
0.9911097473149302
0.9911021848849374
0.9911146069786729
0.9911089161683374
0.9911140386318339
0.9911187928988144
0.9911070103252437
0.9911101493671689
0.9911095512489518
0.991113792117693
0.9911019048041766
0.9911058601839782
0.9911048323711692
0.9911152430940083
0.9911212151728246
0.9911137292914874
0.9911153723520635
0.9911184222553816
0.9911154399758442
0.9911183928233438
0.9911134324015621
0.9911108124641511
0.991113777072967
0.9911311756796449
0.9911230776242663
0.9911127379031459
0.9911183967209466
0.9911189070950756
0.9911364262857851
0.9911394757379646
0.9911350076578007
0.991135713756738
0.9911223595865923
0.9911309431845101
0.9911269825137339
0.9911305044207354
0.9911128559455878
0.9911178593666397
0.9911273235294239
0.9911327176573155
0.9911420041478705
0.9911474134859191
0.991151740502796
0.9911644720860441
0.9911779513400069
0.9911854480987151
0.9911840775083097
0.9911889624200614
0.9911919034602527
0.9911978188756116
0.9912020620629278
0.9912084884166323
0.9912175425928391
0.991217986649815
0.9912148803658513
0.9912073414343543
0.9912099572487373
0.9912031407380246
0.9912015491736259
0.9912047768569204
0.9912066446298422
0.9912072605875923
0.9912005707769876
0.9912081901066285
0.9911974498113731
0.9911921822069123
0.9911881810534923
0.991186035488461
0.9911756279692896
0.9911747971541303
0.9911834370853237
0.9911868549467261
0.9911898077369596
0.991186894556713
0.9911828392804519
0.9911822552974159
0.9911811276458762
0.9911859126137162
0.9911776440257271
0.9911754930211474
0.9911922091213582
0.9911862567027371
0.9911806600142635
0.9911786308045576
0.9911752524907724
0.991174492694744
0.9911667829024665
0.991174580784429
0.9911762620743311
0.9911786232439281
0.9911791103386597
0.9911753401091925
0.9911764708545561
0.9911669188185194
0.9911695688815331
0.9911703864551199
0.9911812476281788
0.9911774269396928
0.9911756431686011
0.9911749788042196
0.9911688836507717
0.9911678644420792
0.9911620645560758
0.9911610234663044
0.9911645120158395
0.9911694107800896
0.9911675414889531
0.9911649241387759
0.9911630897608803
0.9911586859373921
0.9911691419534252
0.9911705091200277
0.9911731834977674
0.991169070368178
0.9911708136825792
0.9911709126182513
0.9911713730121127
0.9911778633011216
0.9911813711470892
0.9911749557971259
0.9911660516807167
0.9911687916534765
0.9911644576738673
0.9911595573256361
0.9911590681591773
0.9911660470672072
0.9911673507805787
0.9911680979145997
0.9911659725754866
0.9911685782783032
0.9911686927173686
0.9911693204484956
0.9911645318722265
0.9911693160391901
0.9911636870514302
0.9911588324221668
0.9911467376745322
0.9911485185494379
0.991147288292679
0.9911368203277681
0.991132555291406
0.9911386610291438
0.9911428340027582
0.991149925650715
0.9911511268294252
0.9911508351645077
0.9911527716067516
0.9911462717654109
0.9911427539846658
0.9911462806523984
0.9911507799565951
0.9911521394869733
0.9911498170001819
0.9911526877033248
0.9911457558231264
0.9911449619146383
0.9911481082983591
0.9911488516123586
0.991152160681989
0.9911506050521111
0.991142809171845
0.9911463662628751
0.9911565148688575
0.9911628405395014
0.9911534491910402
0.9911531775072122
0.9911599676358651
0.9911583124637163
0.9911594500447762
0.9911471153113577
0.9911478807871497
0.9911533176164612
0.9911543136119255
0.9911573698830959
0.9911572908967416
0.9911651536315448
0.9911667119072167
0.9911651089682942
0.9911617851830882
0.9911602229238108
0.9911586374328174
0.9911560834241863
0.9911534395835004
0.9911571069540901
0.9911624073309814
0.9911607522679114
0.9911621650160708
0.9911604398102245
0.9911617834649576
0.9911612688623496
0.99116440134381
0.9911641867122232
0.9911637301163914
0.991162620541399
0.9911636394559522
0.991169248787719
0.991167230822764
0.9911586425463831
0.9911555572210314
0.9911520469215976
0.9911646218867053
0.9911641261387583
0.991169825209194
0.9911667548743142
0.9911676753333466
0.9911703608986779
0.9911741213784312
0.9911725603613462
0.9911715169695549
0.9911709435747095
0.991173690386154
0.991173535115786
0.9911664139158973
0.9911651575777296
0.9911631747660646
0.9911681491434153
0.9911690274515722
0.9911658832551731
0.9911603896025631
0.9911527374303516
0.9911544246420146
0.9911512996823596
0.9911549615314934
0.9911554374973917
0.9911564149492118
0.9911482244840057
0.991139738686287
0.9911436915339418
0.9911562681197315
0.9911626059397403
0.9911593398163344
0.9911565059193932
0.9911547685428975
0.9911477954517428
0.9911463513057694
0.9911449035700758
0.9911401388051945
0.9911360215405224
0.9911352350572539
0.9911420031181148
0.991144929234701
0.9911424255885749
0.991146087788849
0.9911445525966516
0.9911445518417842
0.9911446924451002
0.9911441849443957
0.9911437767523101
0.9911480298184622
0.9911435933860931
0.9911481168294707
0.9911394566169808
0.9911446908417012
0.9911428426740386
0.9911403686599858
0.9911400933552675
0.9911394937156085
0.9911418029309251
0.9911522751392642
0.991144277766233
0.9911472126313569
0.9911419113182033
0.9911441223008912
0.9911443260279189
0.9911461697179013
0.9911468172406855
0.9911392935431105
0.9911393222507751
0.9911406455536351
0.9911426838159167
0.9911326639915645
0.9911344409424884
0.9911313702796068
0.9911400413328971
0.9911356018697811
0.9911349506237335
0.9911350367661703
0.9911385489231868
0.9911416606645308
0.9911428335828003
0.9911406079576397
0.9911397485816393
0.9911409133646037
0.9911382192994093
0.991139087469734
0.991133352001873
0.9911362310785677
0.9911368533936218
0.9911362980569831
0.9911313595892646
0.9911269601469084
0.991130024075159
0.9911273606593589
0.9911228738718713
0.9911237567008957
0.9911273381908188
0.9911322137343863
0.9911332688799136
0.9911393968623817
0.9911387274675406
0.9911328856331444
0.9911326773572386
0.991128511307248
0.991128143402441
0.9911220813609147
0.9911262740882942
0.9911270030804222
0.9911207310606523
0.9911208772294958
0.9911228813174259
0.9911276155581785
0.9911235933302797
0.991122804897446
0.9911221945321718
0.9911249643280252
0.9911283666321045
0.9911288830596083
0.9911327661731251
0.9911285734538358
0.9911155626095041
0.9911080938658258
0.9911086155482934
0.9911039331628623
0.9911138549643383
0.9911136259333927
0.9911071829192388
0.9911038512785852
0.9911027276630604
0.9911008404569304
0.9910980623437251
0.9910993046978395
0.9910917366922395
0.9910893846111458
0.9910843880400934
0.9910825029786203
0.9910900481152629
0.991087717138826
0.991088921224118
0.9910930012837929
0.9910989796667908
0.9910966238939684
0.9910987575020118
0.991094505937824
0.9910945675841084
0.9910908071408397
0.9910912983975402
0.991092082977433
0.991095331269726
0.991097594799079
0.9911048739899085
0.9911020481426303
0.9911008387120754
0.9911071293183016
0.9911036365278683
0.9911024918843706
0.9910998195341938
0.9911032105112371
0.9911080352141363
0.9911073631546259
0.9911041818965655
0.9911035996247453
0.9910996297383105
0.9911035734828264
0.9911032521589827
0.9910987279787512
0.9910925447881309
0.9910931157544491
0.9910990150993733
0.9910990338272002
0.9911021112767042
0.9911029017650775
0.9911036754334418
0.9911076633989165
0.9911118095693177
0.9911189799194426
0.9911227281567301
0.9911245209485079
0.9911251234807642
0.9911279211290457
0.9911310648489977
0.9911323068030344
0.9911401012382784
0.991144598176233
0.9911393043416125
0.9911363294432993
0.991133054316326
0.9911352356832844
0.9911364232042373
0.9911411439588993
0.9911438428003959
0.991142313297898
0.9911416883224822
0.9911461376608218
0.9911441778347021
0.9911507943350002
0.9911544220046731
0.9911546713048629
0.9911543915025759
0.9911527469667211
0.9911442358775917
0.9911469426027922
0.99114500549418
0.9911434466519947
0.9911456853345668
0.9911428472794944
0.9911445695814666
0.9911406349988334
0.991138554259193
0.9911382701020028
0.9911357674311653
0.991133916106345
0.9911415198176812
0.9911373043469366
0.9911378992830849
0.9911352187916384
0.991134973532195
0.9911347284967509
0.9911354196354408
0.9911343898966278
0.9911337858552243
0.991132504204183
0.9911336313448017
0.9911289255049337
0.9911321318345822
0.9911319274682456
0.9911383659148923
0.991141331058612
0.9911422229116108
0.9911432761329336
0.99113901656983
0.9911394054919705
0.9911402727969004
0.9911424345388095
0.991144703329174
0.9911387870224931
0.991137269941167
0.9911348696367499
0.9911373317063426
0.9911356965989582
0.9911310391639198
0.9911382199547275
0.991138542699566
0.991141807504981
0.9911400840278843
0.991137635950312
0.9911354324636279
0.9911352821996459
0.9911357259650168
0.9911331627435872
0.9911350386170762
0.9911343003242993
0.9911328324897384
0.9911349820329697
0.9911378463577262
0.9911397151326968
0.9911347117390398
0.9911293598637078
0.9911284604522099
0.9911273722892509
0.9911305777797541
0.9911259303180509
0.9911279430593837
0.9911273706777167
0.9911272106462491
0.99113128327878
0.9911311907682642
0.9911331044830214
0.9911342700793555
0.9911382113849149
0.9911380584739199
0.9911373164374102
0.9911344538099196
0.991131994956896
0.9911335278119386
0.9911335346670427
0.9911373259538873
0.9911356119047775
0.991133136421145
0.9911298193200908
0.9911307192497503
0.9911237015408266
0.9911234925437427
0.9911210672479184
0.9911238752615061
0.9911252340798555
0.9911229042619968
0.9911204252991869
0.9911204524173928
0.9911229664576588
0.9911228438852138
0.9911225625034015
0.9911266820818603
0.991126956307246
0.9911291603425829
0.9911314176397727
0.9911292771614678
0.9911319428309691
0.9911344122968012
0.9911362322041771
0.9911322008334319
0.9911387797395462
0.9911377260995383
0.991134652268706
0.991137214623141
0.9911345921760822
0.9911369303672496
0.9911371702836558
0.991137077126055
0.9911389571164508
0.9911377660003553
0.9911419475747977
0.9911492985259545
0.9911509492381168
0.9911511449625428
0.9911446117015107
0.9911424885035568
0.991142249574478
0.9911394406974487
0.9911358619626883
0.9911327589747856
0.9911362862455033
0.9911377906023653
0.9911348948644406
0.9911314654208607
0.9911339216994363
0.9911351107717221
0.9911340638258973
0.9911366333627186
0.9911351804374088
0.9911331628123955
0.9911279261575775
0.9911241632980609
0.9911236632874505
0.9911245692012933
0.9911242446428441
0.9911233331809084
0.9911243128898612
0.9911224806835426
0.9911198509777666
0.9911202051082212
0.9911122055831948
0.9911065609450141
0.991105851993932
0.9911070914862657
0.991106907367118
0.991104249514956
0.9911056685564654
0.9911070740032909
0.9911095923163525
0.9911112381641098
0.9911162973949847
0.9911201601497714
0.9911152871091722
0.9911118087824765
0.9911082528315384
0.991107415710501
0.9911049793353907
0.9911026710004386
0.9911037949901057
0.9911060406155999
0.9911028934510262
0.9911038659268437
0.9911021296365247
0.9911046803967783
0.9911044481158304
0.9911000484821543
0.9910999198871792
0.9911028575846992
0.9911029700271389
0.9910997015183916
0.9911074278287406
0.9911028440327416
0.9911050726834454
0.9911076254829788
0.9911071690538978
0.991105379257099
0.9911066868411087
0.9911035352178841
0.9911041631394327
0.9911041348611113
0.9910986905284148
0.9910981246919843
0.9911056405765051
0.9911059175366235
0.9911083281188022
0.9911084295343119
0.9911108322775185
0.9911111859666292
0.9911083717506295
0.9911089990311619
0.9911086897305748
0.9911084485398849
0.9911143767654778
0.9911134600585486
0.9911134694286808
0.9911100533190823
0.9911079166737099
0.9911113737711508
0.991109994816284
0.9911079396571949
0.9911115621807215
0.9911131036300782
0.9911128622573161
0.9911125575730316
0.9911115128480931
0.991108545789753
0.9911063237144461
0.9911085471272228
0.9911103449089151
0.9911099611130368
