0.9756563387028186
0.9794528716004202
0.9848689407969081
0.9854222991548927
0.9854901488987733
0.9853501485769501
0.9854800496187993
0.9856000750421784
0.9861085009802225
0.9855524889927167
0.9860777317273672
0.9869981010341344
0.9863915743741042
0.9866923933573913
0.9869140908127041
0.9872276624964297
0.9873168142214661
0.9870389109508533
0.9871434804023633
0.9870313808567207
0.9866124212521897
0.9866523026414298
0.9866846278780865
0.9868477367955464
0.9865461885004766
0.9865617820995473
0.9865154045624049
0.986576600934677
0.9867224502368025
0.9868813411410814
0.9868414286789995
0.9868065551143553
0.9867664234551116
0.9867481604057287
0.9868430026008056
0.9868699887777106
0.9867665654680537
0.9867374280354909
0.9866994830124222
0.9867832912569109
0.9867536440549117
0.9868903500074361
0.9869931558284119
0.9870561559571231
0.9870564723396618
0.9869919093384344
0.9870448383018293
0.9869970112131782
0.9869950194674177
0.9870544578449383
0.9871090112869777
0.9871375622125432
0.9870787846859287
0.9869532162102038
0.9870327580725596
0.9871603269591737
0.9870923180927573
0.9869994275835993
0.9871788591126098
0.9870288899187565
0.9870564413877763
0.987012519526529
0.9868825618284884
0.9868850066962137
0.9869777609701823
0.9869153818621128
0.9869116246316644
0.9868298862888321
0.9867808664529385
0.9867803416811466
0.9867941086094133
0.9868995671231877
0.9869160377228721
0.986929787735895
0.986896040624792
0.986855188708084
0.9868844156361025
0.9868975467663954
0.986948646598444
0.9869900894393903
0.987047336898176
0.9870226049959796
0.9870151240396278
0.9869954891124816
0.9869894565738846
0.9869770565709827
0.986911250930773
0.9870121746096607
0.9870385854230682
0.9869777350446427
0.9869419445191232
0.9869847435990033
0.9869921574053762
0.9869912021344344
0.9869963718524579
0.9869988878647767
0.9870042775994967
0.9869661330259958
0.9869549771514913
0.986991092597929
0.9869475348014607
0.9869824308931088
0.9870156951521755
0.9869439519397952
0.9869074468834768
0.9869580397275592
0.9869667562926736
0.9869814365296228
0.9870377972529499
0.9870683492116782
0.9870238541433313
0.9869990481423674
0.9870262016137855
0.9869913870677232
0.9870166118186298
0.9870248841273894
0.9869995415691734
0.9869951261075365
0.9869320764439569
0.9869705646627948
0.9869749823759426
0.9869796730206248
0.9869681201090009
0.9869529077755619
0.9869347215097629
0.9869258671005917
0.986919518467424
0.9869316502806716
0.9869225073178766
0.9869955334515167
0.9870083779067775
0.9869869305136394
0.9869337394715988
0.9868949082204063
0.9869254456542977
0.9868944770717685
0.986918651371422
0.9869067779780808
0.9869134732460971
0.9869263997093152
0.9869375755272657
0.9869949453972292
0.9869612194547704
0.9870272904506008
0.9870475042105196
0.9870718001837899
0.9870819038641776
0.9870774583795099
0.9870278878523663
0.9870230941381045
0.9870403378622584
0.9870449798191281
0.9870419970040246
0.9870440461881385
0.9870461091045616
0.9870245934790881
0.9870199168974189
0.9869994980613171
0.9869790990780308
0.9869532549468665
0.9869623844447649
0.9869544050424948
0.9869514286525908
0.9869715218668357
0.9869914583346123
0.9869675695474731
0.9869842097544822
0.98701142883251
0.9869809953216355
0.9869851501056083
0.9869869100767078
0.9870178956504784
0.9870031612031186
0.987003773003248
0.9870120147296104
0.9870338285535175
0.9870214626052108
0.9870394087604416
0.9870298787904047
0.9870210989621556
0.9869956377102883
0.9870092896280117
0.9869931579137027
0.9870038115813519
0.9869513010380205
0.9869805892899917
0.9869969505677009
0.986970585740885
0.9869798959596395
0.9870076452235712
0.9870001248761469
0.9869669706906298
0.9869446874746908
0.9869633096394061
0.9869467109446095
0.986945522430803
0.9869842191854797
0.9869853568936979
0.9869907010247021
0.9869519793270738
0.9869654086858297
0.9869550259626587
0.9869715570572601
0.9869828430887936
0.9869945121110688
0.9870223175895257
0.9870199465247395
0.9870153374800907
0.9870246537112755
0.9870300318254605
0.9870016504267363
0.9870408305541649
0.9870373237083374
0.9870349398161377
0.987024030932129
0.9870313359618552
0.9870332365155146
0.9870373568129607
0.9870524109999133
0.9870669938935015
0.9870834477818847
0.9870838017845946
0.9870840509893599
0.9870730393216339
0.9870665229837357
0.9870765715907288
0.9870932306884395
0.9871000563261999
0.9870835173487579
0.9870888880505626
0.9870980866823091
0.9871052985420037
0.9870973315221413
0.9870979041450662
0.9871059921702728
0.9871150953184822
0.987096425951424
0.9870960823720423
0.9871051918864161
0.9870929104633238
0.9871098111646627
0.9871256650666623
0.987123605627922
0.9871047925818692
0.9870564342955417
0.9870549023836914
0.9870568935630863
0.9870448290247436
0.9870515230705538
0.9870717295647207
0.9870634213205886
0.9870557838642099
0.9870428163963989
0.9870230847984395
0.9870319325667268
0.9870428562691885
0.9870628370177491
0.9870682242278819
0.987077814099056
0.9870864371645367
0.9870989504616413
0.9870700573247227
0.987055187095537
0.9870564808030233
0.9870475528171738
0.9870679876103756
0.9870725586048984
0.9870509668556913
0.9870691681961592
0.9870618021642165
0.9870765480789924
0.987077445455763
0.9870818323474788
0.9870702980943987
0.9870958960480875
0.9870867921622843
0.9870838109524596
0.9870691460175833
0.987063065170693
0.9870697440391785
0.9870773067877214
0.9870800482641168
0.9870587397276074
0.9870590221672108
0.98705929963486
0.9870560139447151
0.987051086295337
0.9870533888741004
0.9870624338152051
0.9870637363112131
0.9870438846124397
0.9870260127004513
0.9870229858935188
0.98699644647408
0.9870032371221628
0.987001178839565
0.9870020205014838
0.9870042082338925
0.9870246112317367
0.9870144449648175
0.9870166398159617
0.9870181008245761
0.9870234986171705
0.9870369913029579
0.9870596571176863
0.9870537607552365
0.9870762575411121
0.9870777846698408
0.9870852040747284
0.9870994875520157
0.9871097915394716
0.9871092214461127
0.9870991944705213
0.9870876879339945
0.9871099552616404
0.987129350938606
0.987151534077359
0.9871513115102896
0.9871561198739774
0.9871682310948121
0.9871664811747602
0.98718241647702
0.9871955764199247
0.9872071379497701
0.9872211754572761
0.9872271755889119
0.9872487561315196
0.9872478181793184
0.9872399321728816
0.9872473645953382
0.9872278662147824
0.9872230522468792
0.987223399111552
0.9872282534417886
0.9872397782657089
0.9872445753970778
0.9872411300473449
0.9872469941011571
0.9872604364204284
0.9872721448213786
0.9872783009298594
0.9872821370179193
0.9872834749872754
0.9872861192043241
0.9872948128255445
0.9872862587864292
0.987277313622886
0.9872823753922715
0.9872768122470205
0.9872694641317827
0.9872728182970839
0.9872676676067313
0.9872677316023932
0.987260509646113
0.9872711450441443
0.9872827486826069
0.9872834920203989
0.9872612714853259
0.9872560003742529
0.9872548821816541
0.9872549140948628
0.9872494067984154
0.9872438255400315
0.9872441950762187
0.9872325169691853
0.9872348794623187
0.9872514745209549
0.9872428203882513
0.9872481425287362
0.9872394791491885
0.9872290712441392
0.9872182793917518
0.9872161312449205
0.9872064321685566
0.9872122619412864
0.9872233270562905
0.9872307105998912
0.9872270328005691
0.9872179497261778
0.9872129143622869
0.9872038929350269
0.9872103009263826
0.9872115345246619
0.987213641612195
0.9872091079751124
0.9872025952399907
0.98722302124643
0.9872173256765916
0.9872197564000704
0.9872250060660701
0.9872310084016471
0.9872290005879355
0.987241373897992
0.9872335740417437
0.9872402919272784
0.9872364870981102
0.9872310428667653
0.9872273572505776
0.987229042046498
0.9872330246772849
0.9872362626738308
0.9872351386249378
0.9872396979601789
0.9872299401656943
0.9872401155844636
0.9872282045781493
0.9872384467512726
0.9872401271261325
0.9872425553685578
0.9872556616121184
0.9872502329926978
0.9872560568916257
0.9872433725584083
0.9872428820300592
0.9872410626431583
0.9872280264020858
0.9872278195978236
0.9872121786692739
0.9872300894229706
0.9872337792301156
0.9872358699994527
0.9872350719052344
0.9872252231769972
0.9872251894849862
0.9872164036935968
0.9872205458620591
0.9872263360725598
0.9872151746366622
0.9872156926218434
0.9872413953942679
0.9872604189953947
0.9872638811681653
0.987264802172739
0.9872630260722602
0.987263885291967
0.9872650335474781
0.9872595992354538
0.9872557183317521
0.9872549583193923
0.9872517073093962
0.9872509573179883
0.987252803680121
0.9872658471125806
0.9872735770679597
0.9872852284850153
0.987291185139403
0.987296069751875
0.987290736327126
0.9872883176318525
0.9872851502923397
0.9872794238233147
0.9872770107492108
0.9872710383276473
0.987263289330299
0.9872538945518607
0.9872492564252614
0.9872482030153372
0.9872419839502383
0.9872349131294936
0.9872217318960912
0.987227668178584
0.9872382725482353
0.9872368156977299
0.987237200421456
0.987243522882286
0.9872484023965732
0.9872425542554149
0.9872631059295282
0.9872545370554158
0.987245847077705
0.9872607610491204
0.9872551814726773
0.9872479818659019
0.9872482453351451
0.9872421102788865
0.9872408742739586
0.9872394005951408
0.9872446778243332
0.9872494738791727
0.9872608818590751
0.9872565884431355
0.9872601081524309
0.987263604819991
0.9872450681254352
0.9872432632873898
0.9872452911173721
0.9872556006707398
0.9872625514283468
0.9872623958948198
0.9872678762845172
0.9872474971562655
0.9872398732597684
0.9872382545261463
0.9872281050162164
0.9872266202904063
0.9872262842550683
0.9872266425545478
0.987223415707717
0.987226514032037
0.9872158337117094
0.9872253345200979
0.9872180524884279
0.9872195407790421
0.9872123976241705
0.9872149123170926
0.9872121682270568
0.9872143338321846
0.9872157212757587
0.9872160325118867
0.9872172468532476
0.9872043375562416
0.9872142061137825
0.9872104340750649
0.987217513393858
0.9872174200873401
0.987225991113744
0.987223184563879
0.9872224614397649
0.9872303781187716
0.9872299582618119
0.9872481659533792
0.987243250178201
0.9872356901318536
0.9872389972058061
0.9872318424615851
0.9872225753529017
0.9872196730272003
0.9872116731034911
0.9872043154563136
0.9872134071307944
0.9871997446685843
0.9872096696814563
0.9872150319344535
0.9872257880248646
0.987221025415728
0.9872290218526429
0.9872190969002558
0.9872152136784236
0.9872132696349118
0.9872077440131036
0.9872136985771652
0.9872196899780337
0.9872245738167253
0.9872165852435708
0.9872145587137166
0.9872092090139343
0.987216318963717
0.9872103035532936
0.9872109075497194
0.9872108955218167
0.9872104248140419
0.987207785993651
0.9872216160078993
0.9872303371946985
0.987232006077135
0.9872279109802449
0.9872256349938646
0.9872235598677044
0.987236460036646
0.9872305893344806
0.9872285657840105
0.9872334655381998
0.9872310149998685
0.9872342085724639
0.9872338407279214
0.9872442837567249
0.9872498992773503
0.9872466901086681
0.9872365285649464
0.987235895396176
0.9872458132011509
0.9872453704725855
0.9872447885289694
0.9872500006047461
0.9872531139423677
0.9872580431924298
0.9872531170243132
0.987254275865079
0.9872489443162863
0.9872429574351305
0.9872487465299341
0.9872499029954745
0.9872462791366043
0.9872402659010002
0.9872375201439887
0.9872458783229403
0.9872399260357826
0.9872366054475464
0.987235378238875
0.9872333371947801
0.9872340387559856
0.9872366471953795
0.9872332289855399
0.9872360932073854
0.9872383427360327
0.9872492380555444
0.9872525390321543
0.9872592467907131
0.9872596648540374
0.9872548146302377
0.9872523957525258
0.9872525476819625
0.9872610989948369
0.987257640092821
0.9872584657611267
0.987266760886822
0.9872550965696356
0.9872575210080653
0.9872526935031547
0.987240957383375
0.987237188071565
0.9872370940598557
0.9872354255700552
0.9872388608934539
0.9872449083727728
0.9872376180054759
0.9872323903957453
0.9872418300708998
0.9872465054068976
0.9872468296265803
0.987243273894297
0.9872514722639129
0.9872520684167836
0.9872519358113756
0.9872480765017274
0.9872481414604196
0.9872382080514803
0.9872345943573612
0.9872330109810864
0.987233711339154
0.9872355085199361
0.9872286485716361
0.9872400127032492
0.987239556268164
0.9872391286959724
0.987235012164298
0.9872388196999301
0.9872417710161233
0.9872403528875479
0.9872391455603283
0.9872316795878062
0.9872368629184496
0.9872388055147676
0.9872250903899359
0.9872210787908052
0.9872118068852913
0.987209814013375
0.9872138835537057
0.9872280894001263
0.9872076890315575
0.9872195284783597
0.9872101793460158
0.9872053020694744
0.9872075970661403
0.9872103131529756
0.9872127825150934
0.9872031137225095
0.98720995668078
0.9872170257241343
0.98721514929791
0.9872121131476919
0.987212600754639
0.9872171723422182
0.9872214166243718
0.9872175011380797
0.9872153240645791
0.9872144335276599
0.9872140679711626
0.9872245644876745
0.9872235765115588
0.9872195809933232
0.987212616108514
0.9872195942885328
0.9872212707545917
0.987221595055008
0.9872190112788006
0.9872280313811035
0.9872275477018932
0.9872355479377909
0.9872361039088734
0.9872261810769097
0.9872204463812987
0.9872136906745018
0.9872161349629459
0.9872116426621391
0.9872135769057248
0.9872163999407233
0.9872234976422588
0.9872327249540939
0.9872328565734688
0.9872350900493319
0.9872283977643905
0.9872267967481149
0.9872195966940852
0.987221142911387
0.9872245736641447
0.9872269788931685
0.9872270048044228
0.9872262414261042
0.9872243275312075
0.9872304205125596
0.987227835132888
0.9872305186128836
0.9872360650522778
0.9872423899489295
0.9872489496453143
0.9872480698966317
0.9872361092470584
0.9872373091119772
0.9872350088274595
0.9872308007585031
0.9872386446811479
0.9872354005994529
0.9872434094107775
0.9872366762573777
0.9872268048879917
0.9872248432544837
0.9872198852140323
0.9872273514306401
0.9872212968971609
0.9872266577560183
0.9872233122821362
0.9872239115648682
0.9872271557255436
0.9872264042368387
0.9872326729880326
0.9872294258117934
0.9872237610739684
0.9872272981819907
0.9872209115363854
0.9872189439529183
0.9872180535893699
0.98720824074605
0.9872005756257892
0.9871953698162426
0.9871927913788208
0.9871914499244379
0.9871868014273003
0.9871826094543998
0.9871919604054888
0.9871901439779391
0.9871836042580248
0.9871821165790079
0.9871809587625273
0.987181308065144
0.9871733303682689
0.987175040167735
0.9871769856441502
0.9871768060333322
0.9871696940354039
0.9871667536409101
0.9871688603254403
0.9871693760106588
0.9871634122319698
0.9871673238183961
0.9871664351223854
0.9871678792846761
0.9871740172209001
0.9871707015769895
0.9871803583336461
0.987184907410515
0.987186604510382
0.9871912926147678
0.987191888984113
0.9871966793579934
0.9871960952275174
0.9871943629738805
0.9871895668002063
0.9871936608691899
0.9871976541486365
0.9871938866170528
0.9871978814610901
0.9872051919667971
0.9871991885344845
0.987195877118482
0.9871991037128834
0.9871953676470261
0.9872009262142406
0.9872032530127761
0.9872109256681553
0.9872042712355432
0.9872112636432093
0.9872119421665444
0.9872076095903971
0.9872077280158477
0.9872074112217569
0.9872064113878681
0.9872110042810093
0.9872054530265914
0.9871964083250874
0.987200136828015
0.9871955126057994
0.9871904810635782
0.9871946022806873
0.9871865262365712
0.987180741886315
0.9871752632560427
0.9871709230983473
0.9871717681684409
0.98716508111608
0.987164752287126
0.9871680952050718
0.9871590245594426
0.9871525568271972
0.9871480761825441
0.987145987081529
0.9871457321138201
0.9871552063478729
0.98715419816645
0.9871543065793373
0.9871569988126285
0.9871491051661931
0.9871461346988805
0.9871475943990654
0.98715065103324
0.9871518206733332
0.9871545776594947
0.9871584786778922
0.9871570442105105
0.9871456022098555
0.9871426795636434
0.9871515720176698
0.9871510950156716
0.9871487729140087
0.9871466527341981
0.9871474383607161
0.9871455789562897
0.9871400692304002
0.9871415360193596
0.987134742553975
0.9871418779975154
0.9871309836816908
0.9871334510821554
0.9871319555952264
0.9871276196290217
0.9871250299375206
0.987127351188685
0.9871270542821808
0.9871281078627532
0.9871279715211542
0.9871323386994814
0.9871326883094919
0.9871430670789761
0.9871421601824716
0.9871411814041559
0.9871364216458371
0.9871320944565676
0.9871382317587075
0.9871357892257097
0.9871307489930026
0.9871216659248117
0.9871179754887981
0.9871172368852997
0.9871194594851995
0.9871308640538992
0.9871241584385534
0.9871293102017447
0.987131762534768
0.9871357736882593
0.9871409619126172
0.9871477174222099
0.9871439599291836
0.9871456380295273
0.9871494073878282
0.9871512005758245
0.9871542406998948
0.9871534610273008
0.9871512145218304
0.9871532575764995
0.9871587185726992
0.9871571417839444
0.9871610239317004
0.9871570106971769
0.9871652129749886
0.9871626690609514
0.9871548564289454
0.9871496147130046
0.9871552975330817
0.9871627121518695
0.9871661542420348
0.9871686125646624
0.9871681010235512
0.9871694633460274
0.9871656072336094
0.9871656586431132
0.9871669719636179
0.98716512896122
0.9871593592477621
0.9871599240395609
0.9871652583049844
0.9871626278238153
0.9871554796646942
0.9871570730900951
0.9871634621603039
0.987160115524382
0.9871628469926818
0.9871642167693042
0.9871729596882183
0.9871761980309192
0.9871724848517307
0.9871743509226923
0.9871798529329974
0.9871787824125793
0.9871779761133459
0.9871798178979504
0.9871773714936412
0.9871768759927316
0.9871734836378879
0.9871656204498375
0.9871609437451865
0.9871593025180837
0.9871586850819657
0.9871590478465814
0.9871582323860706
0.9871599425061607
0.9871623534860747
0.9871626698118412
0.9871641583678603
0.9871672344752991
0.987166329155978
0.987164100809308
0.9871609114191879
0.9871597479156232
0.9871659447472678
0.9871562251364983
0.9871540799902054
0.9871582652364311
0.987156790062127
0.9871562511192374
0.9871504088725249
0.9871546691376589
0.9871483401483664
0.9871493646432932
0.9871523238394857
0.9871572494879581
0.9871514010461536
0.9871518835854652
0.9871514280626674
0.9871529667840527
0.9871505671029054
0.9871480056600825
0.9871491984017391
0.9871403867243653
0.9871398504946247
0.9871373125426155
0.9871401217552503
0.9871413646544738
0.9871450934322124
0.987145625700898
0.9871483604623926
0.987153986046226
0.987150113269387
0.9871457509132517
0.9871509054719746
0.9871507215588377
0.9871487997512257
0.9871467904996958
0.9871495107281051
0.9871506303879718
0.9871485784546269
0.9871518294228281
0.9871485873795147
0.9871504022414304
0.9871505441192667
0.9871498543745519
0.9871521368464706
0.9871569877768998
0.9871524099147271
0.9871494301159347
0.9871467242729552
0.9871477144242482
0.9871494713431958
0.9871596657561384
0.9871593062380161
0.9871588105667748
0.9871597679145181
0.9871629504179961
0.9871644376097902
0.9871672773408954
0.987166769599701
0.987168438067327
0.9871658823006091
0.9871748693476746
0.9871699447085469
0.9871683960733342
0.9871659611883128
0.9871561241957129
0.98715489555885
0.9871557458231298
0.9871555835939887
0.9871614859887784
0.9871566137529609
0.987155898563967
0.987150458008735
0.9871509394516075
0.9871552898378769
0.9871516994506372
0.9871549815774792
0.9871517767069272
0.9871473881737887
