0.9768547669486797
0.9817367632731635
0.9881948283531129
0.988043898435889
0.98849761215093
0.9885414851308215
0.9892100919002472
0.9889222779701237
0.9889267530772538
0.9886871664761745
0.9890343698259557
0.9895692907949488
0.9894734359461906
0.9896472753499335
0.9896541922388311
0.9896511455509959
0.9896090856772425
0.989265878107378
0.9890459433585819
0.9889399867833409
0.9886441415342521
0.9888505182305117
0.9890348490739498
0.989173173218073
0.9890788373697339
0.989030051345608
0.9888862931455255
0.9887703427015756
0.9888342274100909
0.9889905305026041
0.988949203045073
0.9887934729532458
0.9887900906048595
0.9889254034115688
0.9890654072213785
0.9891379125583698
0.9889726143973973
0.9890371662728566
0.9890994574178138
0.9890548240715187
0.9889878205965272
0.9890803024572853
0.989218512072892
0.9893015067193229
0.9892355020982571
0.9891257878330606
0.989252114756233
0.9892630815272558
0.9893026857551827
0.9892780149925353
0.9893044957422508
0.9892825282767215
0.9893175459365668
0.9892466711153863
0.9893203889547363
0.9892718764496343
0.9893438844453899
0.9893340597095198
0.9894732972399555
0.9893064391888011
0.9893492192453661
0.9892876174892685
0.989248432833228
0.989249669377911
0.9893110331912275
0.9892928444220196
0.9892581799287643
0.9891957195521812
0.9892036453567984
0.989297335131337
0.9893965531570176
0.9894440222657892
0.9894136225064531
0.9893578281627543
0.9894463438016811
0.9894254926514741
0.9893911362230015
0.989391350321996
0.9894159173861931
0.989400669199058
0.9895033637249987
0.9895049240027965
0.9895010278597496
0.9894544692823961
0.989457218239199
0.9894729192199306
0.9894563190742829
0.9895470265859191
0.9896064222361609
0.9895581627775922
0.989565274419447
0.9896432471802653
0.9896367591388118
0.9896462860277904
0.989668188609273
0.989669128683109
0.9896947279814552
0.9896914894834519
0.9896680448329593
0.9896823422935073
0.9896547461241046
0.9896240928398179
0.9896853011119728
0.9895857600776162
0.9894955836712225
0.9895279296290255
0.9895402852804451
0.9895479149797766
0.989575383005422
0.9896025891688921
0.9895766585724801
0.9895884713055599
0.9897072310088375
0.989707646317983
0.9896987205729503
0.9896164563500807
0.9896035241871468
0.9896611095566993
0.9896365161430768
0.9896366997224227
0.989606356092771
0.9895649575589839
0.989559179627587
0.9895533922701251
0.9895133633215705
0.9894945990639178
0.9895184638706229
0.9895005916397608
0.9895014583451345
0.9895652618708716
0.9895886715278206
0.9895777862628377
0.9895228528608977
0.9894961487048326
0.9895390229432206
0.9895263468217946
0.9895522262032389
0.9895621812378981
0.9895499614155232
0.9895650033547585
0.9895849331120874
0.9896262551641751
0.989606427942203
0.9896505123952211
0.9896661261573463
0.9896651068075881
0.9896655682162269
0.9896331738573649
0.989575195959597
0.9895291460581537
0.9895728388255951
0.9895743625331171
0.9895668586054766
0.9895385166376114
0.989553693704498
0.9895463470158787
0.9895269444078436
0.9895464452665702
0.9895140339783284
0.9895066273534909
0.9894788261575809
0.9894202814293586
0.9894206189463218
0.9894582919212462
0.9894608345389769
0.9894385761609694
0.98941064138687
0.9894094487580437
0.9894139673613461
0.9894452481659289
0.9894650933376569
0.9894833609148647
0.9894781348383004
0.9894313963293839
0.9894371460482809
0.9894478396205927
0.9894535874057294
0.9894364115920935
0.9894132016983515
0.9894055703986702
0.9893911358594248
0.9893991658638795
0.9893811493020871
0.9894057937971171
0.9894338434470049
0.9894306193823004
0.9894148625970794
0.9894020564613597
0.9893991756214385
0.9894136054635299
0.9894022894612521
0.9894011429122851
0.9893946622711797
0.9894044384790759
0.9894067241837193
0.9894024578028106
0.9894224739554933
0.9894613510106505
0.9894760227534422
0.9894783727507741
0.989506059651818
0.9894808664093978
0.9894774708227415
0.9895066590101352
0.9895179312586024
0.9895193318849679
0.9895268934374825
0.9895413895332668
0.989521971636566
0.9895370700851657
0.989532692280522
0.9895525917022683
0.9895788277591505
0.9896040107209203
0.9895949627607532
0.9895937114828737
0.9895848985395508
0.9895803101894936
0.9895861243425911
0.9895778256431015
0.9895926821483522
0.9895900166663795
0.9895805374643443
0.9895635475086542
0.9895361968992731
0.9895280419402355
0.9895627826324445
0.9895777937527762
0.989565940990739
0.9895770819325616
0.9895813461022972
0.9895605942933813
0.9895263055895167
0.9895359264614326
0.9895330070492765
0.9895353632720167
0.9895082103872279
0.989512411053582
0.989537023774703
0.9895455860436407
0.9895377927049799
0.9895429218706484
0.9895296859101912
0.9895146964469566
0.9895090143690572
0.9895162574025209
0.9895124323300889
0.9894865279823847
0.989502854366412
0.9895159528849189
0.9895330113889919
0.9895210500563046
0.9895139559697738
0.9895007033832423
0.9894995438998943
0.9894990097499187
0.9894900960408075
0.9894674851632363
0.9894698899414524
0.9894588728852527
0.989465832063304
0.9894657256896421
0.9894472202072138
0.9894405148927929
0.9894420289368084
0.9894643472377697
0.9894557534894652
0.9894493514917737
0.9894618119898363
0.9894419790221298
0.9894453268319615
0.9894422337362029
0.9894508751073087
0.9894604270223512
0.989465757634769
0.9894639741493272
0.9894643650677064
0.9894370282130203
0.989449401693802
0.9894598319964971
0.9894724789835496
0.9894725349021113
0.9894805693513459
0.9894923826505895
0.9894910278578756
0.9894770776476761
0.9894969793386602
0.9895060232034698
0.9895009907361758
0.9894914082277355
0.9894748818765892
0.9894568188916409
0.989440643753893
0.9894363307908254
0.9894206566638747
0.9894111034436076
0.98941335903234
0.9894149035996702
0.989429256577587
0.9894158501014401
0.9894187628740063
0.9894170132186646
0.989445212957681
0.9894588016582214
0.9894754820704489
0.9894639294807775
0.9894726331697222
0.9894709946498139
0.9894950578377516
0.989496646281862
0.9895078011698186
0.9895084391257475
0.9894853079576815
0.9895062227980522
0.989518578054389
0.9895337024279044
0.9895519955716066
0.9895409886021356
0.989552445641022
0.9895576861822551
0.9895526463772569
0.9895618876701837
0.9895716570715549
0.9895832959754618
0.9895798778281448
0.9895861242153814
0.9895991295353298
0.9896089406463134
0.9896003350553815
0.9895995465773302
0.989589585304266
0.9895961991240627
0.9895910871660074
0.9895900158812626
0.9895898707809714
0.9895901747143496
0.9895857773100339
0.9895924320159778
0.9896138438157326
0.9896190690296899
0.9896172628130736
0.9896133739050956
0.9895992941454894
0.9896051223548462
0.9896003594683247
0.9896049947710879
0.9895962274490783
0.9896051682545721
0.9896058724438147
0.9896051766858424
0.9896209947831951
0.9896092931441515
0.9896024599631651
0.9895898110251916
0.9895932202298948
0.9896038877519344
0.9896062733206952
0.9895824622891248
0.9895791878282383
0.9895721446249498
0.989577901861412
0.9895685221691092
0.9895651594466158
0.9895520148367107
0.9895388671214642
0.9895218723003043
0.9895334768932765
0.9895248699788153
0.9895187301807534
0.9895027218833444
0.9895138645500017
0.9895060358929113
0.9895021296279561
0.9894913960495278
0.9894908402683418
0.9895004549272131
0.9895035602289464
0.9895033511592239
0.989496403548968
0.9894770056472157
0.989482354303147
0.9894873249722961
0.9894894752189655
0.989495777635345
0.9894820862279187
0.9894639226794838
0.989484212788988
0.9894740077294791
0.9894777918406664
0.9894875714254391
0.9894864262489175
0.9894834082353449
0.9894846678153266
0.9894618480124022
0.9894569720172814
0.9894491319502597
0.989427653448982
0.989425068508911
0.9894241712946663
0.9894271360364657
0.9894346014670915
0.989436601730945
0.9894396234369519
0.98943334801468
0.9894488079390964
0.9894427629894001
0.9894484183817742
0.9894480850724395
0.9894447612382873
0.9894581578153406
0.9894606006287173
0.9894812181338911
0.9894697972978547
0.9894653541551673
0.9894661078194089
0.9894708456139734
0.9894703314770886
0.9894523251349131
0.9894683241838093
0.9894687587128248
0.9894664049677155
0.9894689064312996
0.9894628507906708
0.9894645805331632
0.9894548923763093
0.9894517649938199
0.9894615781324813
0.9894682492817852
0.9894814259775191
0.9894905619280321
0.9894929914313765
0.9894837386577422
0.9894894143088
0.9894912913646886
0.9894985374647759
0.9895027824776002
0.9895077973138052
0.9895180146024268
0.9895163850816886
0.9895200898548663
0.9895075838679439
0.9895147084922586
0.989519878709633
0.9895252516840762
0.9895416893376429
0.9895533754065906
0.9895492061134281
0.9895331043527853
0.9895250088809683
0.9895302448107139
0.989536868491765
0.9895191059903046
0.9895160857843939
0.9895173224467569
0.9895127506389145
0.9895126094844678
0.9895135275741208
0.9895112573696262
0.9894917569818878
0.9894823531971327
0.9894787408527871
0.9894840827636794
0.9894802955940636
0.9894813666349195
0.9894797962636397
0.9894695374412216
0.9894480785702472
0.9894567884770045
0.9894474747900618
0.9894421934527324
0.9894487408277651
0.989438263688176
0.989425169930752
0.9894241630083572
0.9894172627203393
0.9894185628636785
0.9894214297483744
0.9894291807007829
0.9894255056800836
0.9894188180945255
0.98941400941328
0.9894281170445294
0.9894371090990598
0.9894259046294894
0.9894237937824634
0.9894223044306985
0.9894336834356084
0.989432875720685
0.9894519500093943
0.989449953552588
0.9894481099876953
0.9894426117809747
0.9894409702243075
0.989436147899641
0.9894305755182763
0.9894290033291568
0.9894291093242669
0.9894275394920006
0.9894334590431856
0.9894173519707793
0.9894322915228998
0.9894237376656567
0.9894187897276481
0.9894094520041875
0.9894171240896199
0.989414433861453
0.989421063807984
0.9894171958828042
0.989407469215429
0.9894180490998447
0.9894182134629232
0.9894210521083359
0.9894244035905638
0.9894222236078216
0.9894149667986233
0.9894114377392432
0.9894187362512409
0.9894061467998047
0.9894028623076505
0.9893924480032545
0.9894049055056574
0.9894032105644538
0.989390944561511
0.9893809934261084
0.9893705533728746
0.9893696729864115
0.989368909880414
0.9893703021927236
0.989354821913079
0.9893622003181797
0.9893636775743012
0.9893707612862362
0.989372680304836
0.9893858514739888
0.9893800334944923
0.9893832793240873
0.989375378960418
0.989371427715028
0.9893673493206026
0.9893593979638483
0.989370530503618
0.9893726752399916
0.989377802829571
0.9893803774481527
0.9893899633946667
0.9893801099912097
0.989374391234656
0.9893617239883
0.9893665249875405
0.9893658331053448
0.9893669249845928
0.9893720915576646
0.9893868001822874
0.9894011004555626
0.9894040077160078
0.9893956766819693
0.9893902222990331
0.9893858677375043
0.9893872457991765
0.9893827783704361
0.989384957690734
0.9893827434088794
0.9893817488463363
0.989384404503108
0.9893861027007853
0.989393033031336
0.9893920078564505
0.9893969415285114
0.9893954730393064
0.9893957436446081
0.9893975972599678
0.9894035030395362
0.9894003608752617
0.9893993873479388
0.9893986992835381
0.9893984155941599
0.9893929521923243
0.9893906706303524
0.9893810052926942
0.989378998664648
0.9893918926528421
0.9893966246592587
0.9893956831006568
0.9893844135161086
0.9893967191675298
0.9894038957627324
0.989402049284204
0.9893970503180294
0.9893897639700863
0.989378985473315
0.9893812151338696
0.9893908148349644
0.9893848948562872
0.9893775553187305
0.9893865149027948
0.9893962067830561
0.9893866490702603
0.9893863202152976
0.9893992709353269
0.9894037236271463
0.9894074049051687
0.9894156943354224
0.9894299555786215
0.9894280972818175
0.989429134140499
0.9894304510355069
0.9894197197335222
0.9894187801768427
0.9894226634326662
0.9894141473680254
0.9894040824563083
0.9894022135562838
0.9893983934613845
0.9893998134110835
0.9894071490270948
0.9894108959985021
0.9894088853588714
0.9894161445605231
0.9894143503495699
0.989412116643061
0.9894144727708941
0.9894199422127612
0.9894213319209548
0.9894214663282183
0.9894144591971902
0.989414787302593
0.9894128197132154
0.9894084106952882
0.9894064577752817
0.9894079563575199
0.9894181409718353
0.9894107129197042
0.989415404213113
0.9894178825515048
0.9894150282237952
0.9894117393715812
0.9894118012611157
0.9894134157091901
0.9894002649863908
0.989400283489394
0.9893977864175275
0.9894040736803471
0.9894121895278294
0.9894127218133564
0.989405411412636
0.9894002298117218
0.9893979211535223
0.9894030996037644
0.989411723415324
0.9893993806500194
0.9894070727350578
0.9893992696499473
0.9893964578762325
0.9894000221814013
0.9894028390476342
0.9894099686486734
0.9894118769634171
0.9894184695612424
0.9894198982449189
0.9894119826079203
0.9894064392494091
0.9894086310666306
0.9894027080021336
0.9893989706847025
0.9894028875724938
0.9894024403682324
0.9894108212995377
0.9894042650316542
0.9894152198824431
0.9894149619910018
0.9894049228980233
0.9894060726298887
0.9894090268979279
0.9894123723113643
0.9894132360977101
0.9894163588056633
0.989419305932981
0.9894092772502528
0.9894133720080057
0.9894188624378857
0.9894225663403087
0.9894230150447294
0.9894192604940205
0.9894190608535676
0.9894229225921072
0.9894222934524542
0.9894241959390484
0.9894284826451821
0.9894374070141819
0.9894345957419193
0.989428241395507
0.9894307516091368
0.9894291422898192
0.9894219629413151
0.9894263781278844
0.9894233919619092
0.989424769255422
0.9894310273395192
0.9894243550185468
0.9894195010025976
0.9894218876147166
0.9894187586078118
0.9894165689287049
0.9894110250360578
0.9894229919500601
0.9894189012363929
0.9894115691869521
0.989402967140319
0.9894005130730793
0.9893987507661169
0.9893857325886936
0.9893914973421707
0.9893937742261328
0.9893977749789229
0.9893933900981665
0.9893919378641769
0.9893908964613392
0.9893874792666231
0.989393335053278
0.9893887002877311
0.9893875924349227
0.9893797134096927
0.9893817646433075
0.9893786335453733
0.9893780002672024
0.9893793515502869
0.9893735662715618
0.9893652774487324
0.9893700333815334
0.9893639601380941
0.9893572714432834
0.9893630052813891
0.9893582390804232
0.9893539204614369
0.9893587482411803
0.9893556240031033
0.9893559975090134
0.9893456405429407
0.9893393610647665
0.989347350763124
0.9893487247000349
0.989341875196125
0.9893409055061496
0.9893442874601723
0.989354030060682
0.989349343453378
0.9893527169843181
0.9893449043827799
0.9893365685984172
0.9893266425626019
0.9893293283159997
0.9893247294651906
0.9893231461616895
0.9893178269366139
0.9893229735118428
0.9893252647425934
0.9893250801936471
0.9893266386859578
0.9893207628680354
0.9893284794751779
0.9893352256723309
0.9893412283443022
0.9893462241482931
0.9893566660324887
0.9893652212278972
0.9893588097494345
0.9893607839901839
0.9893563383905812
0.9893641233617734
0.9893663153354201
0.9893662045940966
0.9893662420830305
0.9893666687579153
0.9893625750818026
0.9893630834387327
0.9893629281543651
0.9893662660196567
0.9893703155899377
0.9893709967696089
0.9893787098448241
0.9893669198587678
0.9893660191315508
0.9893678930041733
0.989370121251605
0.9893674446862415
0.9893637620212592
0.9893660003114878
0.9893672453381878
0.9893676743806886
0.9893646454089583
0.98936433031299
0.9893638341446173
0.989354346401764
0.9893563604069886
0.9893607558029174
0.9893531430052935
0.9893451568612596
0.9893454147073704
0.9893458647919007
0.9893396837115342
0.9893387999448097
0.989337208483304
0.9893350542978546
0.9893338219858977
0.9893279298928033
0.9893205072008276
0.989319158456989
0.9893283169253395
0.9893333491018926
0.9893337364420406
0.9893284760317947
0.989326206464592
0.9893208687344381
0.9893232260010296
0.9893296843674421
0.9893303473038965
0.9893327289289985
0.9893366954319703
0.9893425914647213
0.9893371378740656
0.9893415371633832
0.9893485542361774
0.9893562968028697
0.9893591719537993
0.9893596912934194
0.9893619575879328
0.9893647590503192
0.9893583267167193
0.9893546447124085
0.9893548647571285
0.989357589578664
0.9893550367532262
0.9893505549753341
0.9893515351923268
0.9893469300838893
0.9893464277364499
0.9893420902159535
0.9893438618487864
0.9893426212384635
0.98934593243419
0.9893496267048271
0.989352614850631
0.9893529124000686
0.989349250535854
0.989348964527105
0.9893530950914512
0.9893475560789438
0.9893567779927127
0.9893572043366274
0.989354879751855
0.9893569996289735
0.9893494939517835
0.9893483963579186
0.9893459947881706
0.989354877203066
0.989341416285551
0.9893486193778782
0.9893525877398579
0.9893593921219105
0.9893641787356193
0.9893688362736354
0.9893679264135846
0.9893731649033048
0.989377754448496
0.9893759432310099
0.9893757643062151
0.9893781304380261
0.989382304819575
0.9893809997392689
0.9893866599866721
0.9893851796449002
0.9893857324352962
0.9893770423077598
0.9893762528413791
0.989378193652895
0.9893720509843447
0.9893738804724557
0.9893740889230364
0.9893796745254139
0.9893821613040318
0.9893848471089737
0.9893901992600654
0.9893899415221796
0.9893843292683908
0.989386825120324
0.9893917907522508
0.9893928265340421
0.9893899984712538
0.9893894032212124
0.9893913510975378
0.9893910634573794
0.9893876613385182
0.989390395893657
0.9893909710345208
0.9893888286104907
0.9893893752228191
0.9893908086735955
0.9893940749768675
0.9893929676858387
0.9893911630214354
0.989392046208423
0.9894002780921574
0.9893994969792179
0.9894020507852515
0.989413474630251
0.9894054264081872
0.9894065190823276
0.9894006285241764
0.9893957257350432
0.9893877304491505
0.9893848199557685
0.9893835884926251
0.9893787507452703
0.9893766949787328
0.9893765465071289
0.9893745891710976
0.9893772174325717
0.9893821968354535
0.9893886473458556
0.9893863479073292
0.989378587569056
0.9893739860439617
0.9893767185117417
0.9893806910861216
0.9893714409647201
0.9893676427958569
0.9893712282910556
0.9893765948931518
0.9893740939373519
0.9893745267860544
0.9893757255117128
0.9893841405549431
0.9893833717742023
0.9893823657251445
0.9893822618036209
0.9893815246415203
0.9893836057279467
0.9893791879017761
0.9893735603089261
0.9893698025864666
0.9893690527106078
0.9893779731946805
0.9893797262553697
0.9893798943600534
0.9893776391746625
0.9893783115172564
0.989378419634046
0.9893762438828415
0.9893792384766243
0.9893746065347696
0.9893803699264279
0.989375502138368
0.9893740551871593
0.9893737426750472
0.98936908830925
0.9893747155587644
0.9893790004481463
0.989375024610959
0.989371927645803
0.9893674614060103
0.9893679939692843
0.9893686183591129
0.9893718071706701
0.989366864235284
0.9893690658825083
0.9893666124692413
0.9893669997665565
0.989367015164228
0.9893662052195552
0.9893665451978441
0.9893614525630678
0.9893622637537213
0.9893718020677115
0.989374605233332
0.9893703691323809
0.9893690392639152
0.9893744328075651
0.9893766572665986
0.9893771760555994
0.9893732924296312
0.9893782432297561
0.9893786987230185
0.9893812883221711
0.9893788642455323
0.9893771341689673
0.9893755700503151
0.9893776895004552
0.9893759072234802
0.9893735839426016
0.9893739337757838
0.9893782284037704
0.9893764472500477
0.9893747611715152
0.9893679924463509
0.9893704457915318
0.9893680488235722
0.9893712820905326
0.9893717383230201
0.9893708378667145
0.9893764415570099
