0.9733561150787065
0.9765134870671328
0.9829793534923692
0.9821949465480464
0.9834823332969096
0.9839313180384031
0.9855663990095253
0.9842431284811378
0.9845904907978108
0.9840757741161139
0.9845208574524591
0.984633244508498
0.9845120471646654
0.9846848915789025
0.9847747408064247
0.9852734833448685
0.985247699906005
0.985064696766248
0.9847009839167772
0.9846488275906907
0.984522427992873
0.9848597096093588
0.9849768937100511
0.9852820381727909
0.9854307476254819
0.9853115229348979
0.9852512100839775
0.9848914519899875
0.9851293235665075
0.9853301079341804
0.9853463595092193
0.9851559726096694
0.9850806824852059
0.9849674816044893
0.9850488115082309
0.9850104326183061
0.9849924493974139
0.9851535762529003
0.9852397753082758
0.9851742999250344
0.9849274994777922
0.9851253666557719
0.9853281272270645
0.9854372640356911
0.9853373438323761
0.9853291476210129
0.985406139704737
0.9855467132555346
0.9854916218799187
0.9855140892444629
0.9855953107597212
0.9855602233410266
0.9856270754387376
0.985682437004447
0.9857486282975101
0.9856470514007977
0.9855937578761814
0.9855901513596117
0.9856764946078538
0.9854981154069099
0.9855250686263501
0.9854711653920136
0.9854016510928534
0.9854483841161759
0.9855047045168267
0.9855134537837403
0.9855208558439981
0.9854300024553618
0.9854457167523148
0.985440063121883
0.9855133057154432
0.9855431053627145
0.9854963511098729
0.9854696674251983
0.9854920653998639
0.9854083181711051
0.9853720384886336
0.9853804130406404
0.9854278155861529
0.9854124697918173
0.9854586866738884
0.9854517193433935
0.9854612416637074
0.9854555404836874
0.985434981887904
0.9854713092687696
0.9855279524522363
0.9855822492741977
0.9856509160110712
0.9855647614522671
0.9855707222842
0.9856019791172012
0.985626528857947
0.9856097806640027
0.9856136701058665
0.9856030512125843
0.985654767416521
0.9855935165660877
0.9855543111248495
0.9855756443308996
0.9855497932903496
0.9855137716699053
0.9855609380675212
0.9854666165148506
0.9854574233473573
0.9854602744814617
0.9854762593391454
0.9854613449732105
0.9855297124789942
0.9855755857672348
0.9855434421584924
0.9854899250273506
0.9855405874126464
0.9855177156007188
0.9855410336742946
0.9855053803531288
0.9854655496377773
0.9854990803871756
0.9854610951662273
0.9854677684220897
0.9854848754121945
0.9854608519036017
0.9854900798405501
0.9855060574074463
0.985486763645973
0.9855030621253913
0.9855176938550267
0.985548017126817
0.9855065410941412
0.9855566881470094
0.9855806256788604
0.985572257808013
0.9855465581519385
0.9855265489646972
0.9855641887789238
0.9855741126870073
0.9855703237568303
0.9855488923262494
0.9855456027377628
0.9855761473755236
0.9855910331536267
0.9856300224077617
0.9856077010223844
0.9856159271701428
0.9856378393473396
0.9856390413659503
0.9856470705476463
0.98565375131372
0.9856059563049844
0.9855577983121334
0.9855787497919613
0.9855535251343436
0.9855740405758948
0.9855555302529914
0.9855711294846636
0.9856058036229347
0.9856157335160746
0.9856249054934201
0.9855941100530704
0.9856041873569634
0.9855789164147799
0.9855250230672643
0.9855000766122248
0.9855222386180047
0.9855328745992189
0.9855067318636833
0.9855031242504267
0.9854879988515395
0.9854987207293281
0.9855064799573764
0.9855170151165561
0.9855276637890776
0.9855113722593057
0.9855047683860712
0.9855123377346764
0.9855333439120354
0.9855376214338263
0.98550648557885
0.9854891124495706
0.985516068400062
0.9855126148547249
0.9855235444832467
0.9855100451534801
0.9855570678982674
0.9855477938123607
0.9855588231939142
0.9855180645624876
0.9854818344929088
0.9854538259724765
0.985486108620367
0.9854736172750062
0.9854771904472092
0.9854902899431217
0.9854977222936042
0.9855133458974474
0.9855123372614156
0.9855472485324909
0.9855675030144854
0.9855630616958532
0.9855589390992829
0.9855694897169733
0.985562113099815
0.9855546847326293
0.9856004206652789
0.9855986658419408
0.9855846086395739
0.9856030754979381
0.9856223116618158
0.9856151014254018
0.9855988662699189
0.9855688265670062
0.9855671815529295
0.985592759792536
0.9856268681621947
0.9856107804727353
0.985631534757101
0.9856354856002791
0.9856378674170915
0.9856669986208529
0.9856499327593881
0.9856759352829935
0.9856690605534808
0.9856636489568394
0.9856357699752738
0.9855988697989687
0.9856227547992497
0.9856533551436522
0.9856375817248346
0.9856308540774698
0.9856509910819404
0.9856405018681069
0.9856440305329823
0.9856220162551924
0.9856219867942989
0.9856280348746707
0.9856395882478574
0.9855977893507477
0.9855932018829342
0.9856041828959736
0.9856176829692992
0.9856219026118107
0.9856196306336749
0.9856192545345998
0.9855903270845633
0.9855688018369335
0.9855694272755121
0.9855786421482066
0.9855615164428745
0.9855920148395795
0.9856099682977629
0.9856278653879199
0.9856050021221358
0.9856272720464859
0.9856170075549032
0.985612871479085
0.9856066245690184
0.9855968234236393
0.98559044007253
0.9855894287061089
0.9855960373693768
0.9855984551017397
0.9855954860150802
0.9855945736182466
0.985591030886165
0.9855915046125532
0.9856084426698893
0.9856021805614968
0.9855960796425437
0.9856179099733746
0.985609008395864
0.9856213963027858
0.9856067943724686
0.9856249088840742
0.9856500969848707
0.9856437342435761
0.9856280162325584
0.9856355531694239
0.9855949193021479
0.9856131966690211
0.9856291438784118
0.9856461353819254
0.98563747531437
0.9856297859505282
0.9856311875388194
0.9856296659100386
0.9856245210386612
0.985633208936199
0.9856415410019734
0.9856548415181896
0.9856288899564687
0.9856106001242654
0.9856080198332107
0.9856123075487998
0.9856018995820081
0.9855637686706397
0.9855581223380058
0.985554085623189
0.985559369248342
0.9855689763560175
0.9855630550965564
0.9855748272587933
0.9856042551085954
0.9856132764603545
0.9856188592777472
0.9856182922276573
0.9856154967785311
0.9856186461755625
0.9856254413035549
0.9856490000769543
0.9856626025054047
0.9856720435587285
0.9856601848494128
0.985633238141789
0.9856497766924678
0.9856648468818698
0.9856974835182114
0.9857117721619573
0.9856956484380404
0.9857007938442581
0.9857064378069329
0.9856940239128981
0.9856916326687696
0.9856995758351352
0.9857114266954496
0.9857076246035624
0.9856904293093769
0.9856994370887172
0.9857026295168922
0.9857053537606978
0.9857112953268247
0.9857129468115133
0.9857027942610395
0.9856984518403189
0.9856926786320983
0.9856940836378063
0.9856954146996528
0.9856870584797304
0.9856909309238233
0.9857219063165584
0.9857246152193311
0.9857239460990773
0.985724301997292
0.9857233509514215
0.9857166174520637
0.9857155892228097
0.9857096850042073
0.985700974467674
0.985714538152049
0.9857240103655899
0.985737557058703
0.985740535262277
0.9857256787113781
0.9857208671660281
0.985702509324618
0.98570718808299
0.9857290031456328
0.9857323078103494
0.9857093592953212
0.9857156977890547
0.9857366996925232
0.9857438173884338
0.9857384240007327
0.9857445453075152
0.9857337594914468
0.9857385390801361
0.9857189581792393
0.985729186642795
0.9857100938418645
0.9857027170369184
0.9856983435749601
0.9857115759935953
0.9857041295314203
0.9857143444430717
0.9857115846763648
0.9857053466266014
0.98570114695971
0.9857053867857212
0.9857099453083301
0.9857002395977424
0.9856831999857831
0.9856802070279466
0.9856924165306816
0.9856896789686213
0.9856963923955999
0.9856920585632392
0.9856872746411918
0.9857024301819769
0.9856939068639132
0.985697328647848
0.9857007132940765
0.9857080007323216
0.9857113659073518
0.9857160132928763
0.9857099015436211
0.9856995049668575
0.9857013541310532
0.985688826262823
0.9856992501171563
0.9857152372193652
0.9857356911569427
0.9857266989892384
0.9857247355913568
0.9857292481935123
0.9857107673640346
0.9857206303240525
0.9857124620114383
0.9857152742062095
0.9857293144585588
0.9857124548995968
0.9857218725443602
0.9857343655699704
0.9857472166979659
0.9857442587821399
0.9857445526283868
0.9857443286179188
0.9857479463398551
0.9857358809463116
0.985730631630191
0.9857389459101134
0.9857430838467913
0.9857377631361479
0.9857516590427725
0.9857389778214906
0.9857385760100635
0.9857310264161914
0.985713128203909
0.9857284273679764
0.9857384563252974
0.9857474999660621
0.9857587287026062
0.9857648301411904
0.985756177558069
0.9857557761914623
0.9857460349529529
0.9857525747602531
0.985764099141926
0.9857673338303361
0.9857739929831297
0.9857800337523903
0.9857841481906708
0.9857696629137087
0.9857862441133698
0.9857906846604526
0.9857904346843432
0.9858073087695965
0.9858088468443837
0.9857949936770689
0.985792341895585
0.9857915997627087
0.9857929810532486
0.9857979656442689
0.9857868251067914
0.9857837468262949
0.9857861143476689
0.9857802943811883
0.9857819780287201
0.9857788367362318
0.9857733421076081
0.9857652393542359
0.9857605695287425
0.9857626535928073
0.9857642947291892
0.9857606235001953
0.9857543415717834
0.9857548750225984
0.9857495229050828
0.9857328252299505
0.9857373745679566
0.9857244724153735
0.9857219096146683
0.9857208083909635
0.985713588848053
0.9856915165131215
0.9856948039315448
0.9856949026475657
0.9856923241705031
0.9856974339966108
0.9857026986248113
0.9857072861196527
0.9856996517633901
0.9857057975927879
0.985714110505051
0.9857242156850715
0.9857085547492714
0.985710037507783
0.9857097956329066
0.985739526169197
0.9857384823167576
0.9857516031287376
0.9857569132334565
0.9857590440107888
0.9857537977518733
0.9857528069913112
0.9857471113712817
0.9857368670048711
0.9857489275649063
0.985745050332412
0.9857417318348718
0.9857410394924743
0.9857221572600944
0.9857378588817072
0.9857358338977609
0.985731983623541
0.9857254897565123
0.9857271587975261
0.9857099444979607
0.9857119501999783
0.9857150434682574
0.9856984542378994
0.9856967096692999
0.9856946968440975
0.9856902195269509
0.9856856811068344
0.9856757923600012
0.9856626705323926
0.98565904199182
0.985662820897269
0.9856662379397632
0.9856767537101142
0.9856589750657008
0.9856645212696286
0.9856761741038442
0.9856618254534091
0.9856472195082561
0.9856435250580671
0.9856630802699328
0.985651699839845
0.9856378840855993
0.985619687477873
0.9856227418726407
0.9856202631342628
0.9856241557517232
0.9856226285273315
0.9856345433689674
0.9856246825935171
0.9856289598008321
0.9856273777249082
0.9856170981353001
0.985615127082954
0.9856161365749566
0.9856106175649756
0.985614549237472
0.9856266802354817
0.9856375771270021
0.9856394798078143
0.9856232623145182
0.9856223764336576
0.9856063364378459
0.9856140548336958
0.9856078800795653
0.9856122015644745
0.9856169023745337
0.9856264427587487
0.9856390456221537
0.9856518571766996
0.9856336623178411
0.9856401822374646
0.9856329507528154
0.9856358011523199
0.9856246839385162
0.9856332245100307
0.9856283402753162
0.98563039663643
0.9856290798827064
0.9856287882826
0.9856353749604165
0.9856413291755045
0.9856426983767226
0.9856353280510203
0.9856320080787966
0.9856376263102797
0.9856442498751814
0.9856401686087922
0.9856378688627129
0.985641678114861
0.9856342574716204
0.9856272263825305
0.9856360785586417
0.9856190594228011
0.9856217688127404
0.9856362773238914
0.9856394260493461
0.9856400141370193
0.9856309317520319
0.9856356804519001
0.9856393469882317
0.9856287336552506
0.9856162788274961
0.9856048436709072
0.9855927324089114
0.985593631175738
0.9855944571889235
0.9855860901706385
0.9855796453511636
0.9855871392679066
0.9856022960126529
0.9855938958858366
0.9855880624495612
0.9855993984888615
0.985605812913981
0.9856151804479852
0.9856218610780555
0.9856332280212959
0.9856311056608943
0.9856375316269884
0.9856360224490773
0.985619716226334
0.9856218675230793
0.9856299838361421
0.9856259323105042
0.9856087400579769
0.9856051063789126
0.9856086772046683
0.98561352961177
0.9856125699597932
0.9856143485723933
0.9856071453586516
0.9856135927689865
0.9856059854374443
0.9856104822504014
0.9856140733639726
0.985622533345661
0.9856211424426929
0.9856132975348542
0.9856085051315432
0.9856088301719214
0.9856059018254905
0.9855935388164675
0.9855980302284382
0.9855959218599842
0.9856147524541357
0.9856059381625485
0.9856107003328735
0.9856083358477081
0.9856080914863802
0.9856134265844376
0.9856132541291817
0.9856148633483933
0.9856063042386753
0.9856105392953841
0.9856078477587347
0.9856136521154699
0.9856156385009621
0.9856192289466945
0.9856074181232083
0.9855938544477911
0.9855838007180898
0.9855913597719906
0.9855927459279631
0.9855751815423509
0.9855861446123497
0.9855751895329835
0.9855707404766026
0.9855714413306442
0.9855707517820546
0.9855760693345564
0.9855681468318536
0.9855731619507959
0.9855707604711346
0.9855663941526961
0.9855744115882745
0.9855718761172255
0.9855664822858858
0.9855619212145109
0.9855626568843987
0.9855670648951877
0.9855730330025074
0.9855727608602438
0.9855777942559165
0.9855819136310661
0.9855694318165503
0.9855790561316806
0.9855926257704015
0.985591462962023
0.9855906548649629
0.985595658545073
0.9855993268563635
0.985590862356738
0.9855989474189945
0.9856105420037231
0.9856183103887974
0.9856220592065169
0.9856148857129254
0.9856194208055082
0.9856253621833401
0.9856263715865242
0.9856389130692713
0.9856460545497929
0.9856491179124964
0.9856531538244371
0.9856472344155311
0.9856532658517585
0.9856501569812026
0.9856403538805806
0.9856494669451376
0.9856520047447317
0.9856426422285773
0.9856486745998847
0.985642685684896
0.9856388741552183
0.9856449645597023
0.9856386595727271
0.9856395197485895
0.9856409006053973
0.9856455326875667
0.9856501551857546
0.9856507072859889
0.9856405181925304
0.9856424033372699
0.985640939883209
0.9856366610080215
0.9856397625834956
0.9856369086386831
0.9856387601507742
0.9856393551506264
0.9856381926425594
0.9856320487344341
0.9856315056418121
0.9856420926552417
0.9856461563706361
0.9856447008624386
0.9856419051184886
0.9856429599395383
0.9856478079793256
0.9856472248104325
0.9856483424412769
0.9856447437688649
0.9856458587996029
0.9856512047603786
0.9856526466737676
0.9856466948350836
0.9856489601500045
0.9856339297735739
0.9856287917080252
0.9856377015029022
0.9856384786843967
0.9856342681434165
0.9856297818357369
0.9856243813100072
0.9856345080401128
0.9856339785272646
0.985626715223032
0.9856291208891164
0.9856336166734537
0.9856451234991435
0.9856418652384243
0.9856482015928394
0.9856436304828262
0.9856375066661448
0.9856230120051731
0.9856244628909931
0.9856231059384375
0.9856177404278366
0.985617056526917
0.9856238368942992
0.9856230886744416
0.985623586992572
0.9856210784216499
0.9856153975641657
0.9856236485422848
0.9856283764024529
0.9856374466448741
0.9856421290787543
0.985653314837079
0.9856696355968118
0.9856670679493729
0.985670565936118
0.9856702644970231
0.9856741708575765
0.9856776052363025
0.9856867554494881
0.9856845861641523
0.9856860344631712
0.9856901896719736
0.9856789686862825
0.9856718712498705
0.9856741593750229
0.9856741398607164
0.9856768977287688
0.9856819512827378
0.985671238729333
0.98567351718882
0.9856769775963949
0.9856755343857834
0.9856750706716101
0.9856666905363266
0.9856671046349208
0.9856694309300951
0.9856681438680341
0.9856709008616973
0.985673054235297
0.9856769930050804
0.9856685065764406
0.9856726953602544
0.9856746814574724
0.9856692405594598
0.9856682367854078
0.9856697958822841
0.9856680184863137
0.98566337029235
0.9856682939332261
0.985669296361175
0.9856682714119701
0.9856681410198599
0.985665117569217
0.9856577857847885
0.9856587104042007
0.985667668796173
0.9856690131351102
0.9856712161029528
0.9856711390255296
0.9856758205048102
0.9856730706588464
0.9856751227365855
0.985678286800264
0.9856845073798854
0.9856833005787731
0.9856838008596639
0.9856884199273027
0.9856823607799324
0.9856867722585598
0.9856947941743993
0.9857022093726528
0.9857004206143423
0.9856971856545543
0.985705159143327
0.985713377004155
0.9857071048644037
0.9857047961847899
0.9857073108512995
0.9857211509651872
0.985716139604754
0.985705229772988
0.9857053542002455
0.9857009252446908
0.9857027888575166
0.9857029321464038
0.9857032087879043
0.9857038813537726
0.985703128078746
0.9857137462791908
0.9857112339710822
0.9857183272869174
0.9857154588565855
0.9857203797212908
0.9857204515083159
0.9857140774903629
0.9857205106526031
0.9857184225497462
0.9857150542406603
0.9857077198980828
0.9857078071330931
0.9857064945816374
0.9857006552968912
0.985707843401114
0.9856938679234957
0.9856992753778044
0.9856992731031936
0.9857085575131072
0.9857145733395406
0.9857220860907664
0.9857217910948959
0.9857287656332614
0.9857352298694495
0.9857337147000825
0.9857332418394685
0.9857303868977241
0.9857344073903497
0.985729375670469
0.9857338856066973
0.9857275978143023
0.9857213747887404
0.98570892084333
0.9857066921064158
0.9857076775748729
0.9857060764729457
0.9857026368220647
0.9857079552499782
0.9857132530733693
0.9857174423394354
0.985721073050441
0.9857273834363897
0.9857259230297616
0.9857156583238685
0.9857215143074938
0.9857250322303458
0.9857293555383982
0.9857297667427513
0.9857365222974859
0.9857448088846958
0.9857463967990268
0.9857416605816716
0.9857488391849175
0.9857520027896429
0.9857464583732829
0.9857507412255602
0.9857537028991572
0.9857552418281799
0.9857537646778003
0.9857532146359863
0.9857540128472958
0.9857602493481706
0.9857580133320991
0.9857585122862511
0.9857703950495534
0.9857622213439637
0.9857601634554967
0.985753759616403
0.985742964097204
0.9857325410805148
0.9857296806532406
0.9857279682366782
0.9857223413383803
0.9857191716119054
0.9857229609773542
0.9857191274064832
0.9857285919237752
0.9857380226050508
0.9857475709636282
0.9857441887350232
0.9857392497293582
0.985738702381582
0.9857400565779241
0.9857392713863097
0.9857324448790243
0.9857250169865049
0.9857281739828583
0.9857374856417283
0.9857370006893369
0.9857274149221636
0.9857250352856989
0.9857314629890869
0.9857290040518051
0.9857271282308859
0.9857282582483161
0.9857312205023266
0.985731012383296
0.9857253755881017
0.9857226388177615
0.9857169602448521
0.9857172552202007
0.9857252438807361
0.9857267310136728
0.9857235853843093
0.9857188341951029
0.9857143561671395
0.9857113658505691
0.9857046139193926
0.9857138565615657
0.9857074149442595
0.9857062155295838
0.9856976079977608
0.9856988861591484
0.9857005987832084
0.9856916048109963
0.985702006224547
0.9856964230344732
0.9856903981630629
0.9856875017608332
0.9856843350228647
0.9856782342124143
0.985678342458344
0.9856831700969463
0.9856794856948939
0.9856799360343298
0.9856802561350876
0.9856800122026202
0.9856840803152015
0.9856793852648941
0.9856843389959685
0.9856805900754196
0.9856796829481865
0.9856875730340003
0.9856891119404342
0.9856880124346041
0.9856816741350205
0.9856864515123279
0.9856941738513354
0.9856920753523467
0.9856929197050301
0.9856966415614492
0.9857006256867523
0.9856987692173454
0.9856963694365604
0.985689724483929
0.9856898213211313
0.9856871273603585
0.9856811088346445
0.9856788955768606
0.9856798070262209
0.9856834803505791
0.9856825972445226
0.9856856454989482
0.985677688555173
0.9856816423614791
0.9856795554797739
0.9856837379806865
0.9856863055128869
0.9856861701584864
0.9856890425329956
