0.9779878996167894
0.9808907067401806
0.9863245146438702
0.987647846708962
0.9886054205726501
0.9878879495690454
0.9880727835310007
0.9881142948084243
0.9886340933505084
0.9882154160155339
0.9884160577180664
0.9886135989295887
0.9888841668132249
0.988725211234666
0.988647882276732
0.9889030009670746
0.9889698216178038
0.9887161418051587
0.9885174852692813
0.9884365908826164
0.9880990295911982
0.9882418875145805
0.9884046772687717
0.988494338476158
0.9884691338291292
0.9883241642961967
0.9883196918174136
0.988192288250137
0.9882928819663874
0.9883440615990248
0.9882663234041683
0.9881196240054814
0.9880605349465911
0.988099273789437
0.9882240280585644
0.988197295031402
0.9880782297333295
0.9881560828034345
0.9881359486526249
0.9881705340513601
0.9881189146932401
0.9881856911849963
0.9882485367946348
0.9883524114777923
0.98830191430636
0.9881986603728469
0.988214666443002
0.9882107788914535
0.9881725733814855
0.9882104725671598
0.9882985722787027
0.9882827177362985
0.9883669635863832
0.988334010614728
0.9883470870050137
0.9883994038718412
0.9883941416497111
0.9883757417639827
0.9885260166187629
0.9884267183330452
0.9883881494601536
0.9883348403743336
0.9882880937805459
0.9882829808982235
0.9883321685307235
0.9883118788224863
0.988279113290979
0.9882855903890266
0.9882773441286488
0.9883394621256554
0.988360357276562
0.9883724660854968
0.9884208699176615
0.9884307699131334
0.9884594634680486
0.9884169060045586
0.9883549773815873
0.9883562174805032
0.9883687607972043
0.9883464078699143
0.9884143003314415
0.9883982000337208
0.9883982866266842
0.9883580296825644
0.9883042912950515
0.9883375788647981
0.9883211723278
0.9883832247162386
0.9883805903188586
0.9883424163022844
0.9883193547944238
0.9882807148609095
0.9883465664015394
0.9882932019325334
0.9882756759473295
0.9882737688005183
0.9882862718291803
0.9882550388268955
0.9881833556536278
0.9881818629005634
0.9881722736034281
0.9881815330550927
0.9882514166583131
0.9881937608767771
0.988158511305813
0.988223448956704
0.9882719709560056
0.9882434732337588
0.9882657910160679
0.9882643515046886
0.9882310493617616
0.9882212416390934
0.9882317358698253
0.9882292842165769
0.9882187916004507
0.9881556905509863
0.9881426724366996
0.9881895304722712
0.9881459393721626
0.9881458564411018
0.988171843295542
0.9881659462918991
0.98815165309642
0.9881597275997036
0.9881261986632961
0.9881344181826371
0.9881406245915523
0.9881511025582627
0.9881366200094832
0.9881710053048361
0.9882007625236059
0.9881843692404526
0.9881472277019477
0.9880993476018644
0.9880990125716698
0.9880763722072171
0.9880706372436318
0.9880501741224724
0.9880707037884118
0.988105027115483
0.9881142784835829
0.9881307460218822
0.9880896944000077
0.9881334359715757
0.9881662415606329
0.9881715540941649
0.988159518355502
0.9881383865095872
0.9880996503767293
0.9880788585316942
0.9881058147440026
0.9881267916159893
0.9881459084731521
0.9881332405505632
0.9881329731953142
0.9881425150512405
0.9881105450118737
0.9881235120569503
0.9881111232470109
0.9881327561022655
0.9881036632255663
0.9880656947589851
0.9880756951425533
0.9880978589435142
0.9881251818077836
0.9881325879095081
0.9881536875125286
0.9881397351655297
0.9881405912249749
0.9881463730577008
0.9881323004189184
0.9881648695091227
0.988181006735117
0.9881666370494917
0.9881602862531542
0.9881452636115491
0.9881340460977565
0.9881156090266374
0.9881265910942069
0.9881212392832314
0.9881111101628506
0.9881124236268864
0.9880983124707092
0.9881347175940698
0.988153160399138
0.9881760282638435
0.9881735622219263
0.9881713632020618
0.9881575728816921
0.988188249386519
0.9881619430063796
0.9881393794767077
0.9881164856170258
0.9881187652610077
0.9881077550966985
0.9881372662879729
0.9881585737320591
0.98816638822616
0.988166202512194
0.9881634719756116
0.9881800395371998
0.9881715489698345
0.9881658839981584
0.9882033921707644
0.9882120981376287
0.9882313722694479
0.9882423662728638
0.9882447335115198
0.9882352125978889
0.9882247155890184
0.9882107759622714
0.9882270300894438
0.9882403009112797
0.988250962526106
0.9882548493327682
0.9882507905145412
0.9882475588094228
0.9882541046113343
0.9882883550286748
0.9882964375521047
0.9883226552711474
0.9883401062394711
0.988325878735871
0.988297939414252
0.9882936845290723
0.9882918388966098
0.9883183696048179
0.9883311901621752
0.9883028507541439
0.9883062686621709
0.9883045599016526
0.9882801930604238
0.9882666319698369
0.9882579782032124
0.9882686154632586
0.9882754096593095
0.9882734241751663
0.9882723556557675
0.9882957616828119
0.9882983357869207
0.9882945992202683
0.988298128767765
0.9882836225811602
0.9882829505257533
0.9882727049426682
0.9882716779897933
0.9882698751073095
0.9882673579653644
0.9882796254759297
0.9883033715529281
0.9883226011224822
0.988308330996876
0.9883191157767186
0.9883063068772832
0.9883090664151463
0.9883272580541721
0.9883135530575465
0.9883152856107751
0.9883129943510535
0.9883092973108567
0.9883066236253785
0.9883080932912006
0.9882980411652172
0.9882945929660208
0.9882946177945525
0.9883110860626598
0.9882952785730126
0.9882844734158649
0.9883190966364785
0.9883070804057348
0.9883254563926016
0.9883084863766166
0.9883027439785277
0.9883022321377656
0.9883099409857539
0.9883119181240381
0.9883070148693096
0.988306381489705
0.9883254488701837
0.9883302741823349
0.9883470546898183
0.9883402733228848
0.9883356244284086
0.9883313180188098
0.9883189474801647
0.9883012783450585
0.9883010989568227
0.9883111463147408
0.9883191049399831
0.9883269539682009
0.9883127270139197
0.98830357641712
0.9883040175194823
0.9882924864244221
0.9882766080655564
0.9882810011500124
0.9882907502719084
0.9882857210564824
0.9883107311734028
0.9883125384189169
0.988312386169254
0.9883227422981894
0.9883260140934587
0.9883413965226935
0.9883659073771847
0.9883664113842614
0.9883749056109227
0.9883695915079076
0.9883845997608262
0.9883855721997671
0.9883832963764771
0.9883973284018138
0.9883859245964961
0.9883844095867662
0.9883879179749822
0.9884041625397003
0.9884184865413752
0.988408792298297
0.9884053316239951
0.9884070278937617
0.9884045102372699
0.9884032610749846
0.9884036878826807
0.9884031508084968
0.9884011229416261
0.9884135408820317
0.9884232471575062
0.9884350612556214
0.9884361830516851
0.9884364158459523
0.9884290116192184
0.9884303582773477
0.9884274849204223
0.9884227959163624
0.9884299129248818
0.9884186592986223
0.9884106286574085
0.9884049095051026
0.9884163635002231
0.9884136846159631
0.9884198091899815
0.9884183899492174
0.9884125130163587
0.9884050431378474
0.9883985481553436
0.9884013370856091
0.9883946938611449
0.9884040888160212
0.9884010107965087
0.9883977681370142
0.9884058399816328
0.9883994181985183
0.988403183368628
0.9883921605665245
0.9883987311352886
0.9884143218383948
0.9884157151638194
0.9884045372144249
0.9883989899758309
0.9884051808290372
0.9884033570272374
0.9884026561439307
0.9884024931702896
0.9883890036204679
0.9883853411789285
0.9883770114301312
0.9883819391232114
0.9883798436386447
0.9883803171574442
0.988361381675073
0.9883699094797993
0.9883585944887799
0.9883680281544442
0.9883550244732363
0.9883552603962403
0.9883584646378555
0.9883541857834581
0.9883485775719989
0.9883431570273085
0.988328115198797
0.9883267185032973
0.9883373698758648
0.9883350506505681
0.9883295669680198
0.9883280134566351
0.9883287064841785
0.9883245838785955
0.9883085157015189
0.9883185051767852
0.9883288769980316
0.9883288629911633
0.9883370187551006
0.9883343443960924
0.9883239813999369
0.9883205633259731
0.9883344357132459
0.9883223027760011
0.988330648262008
0.9883268740502087
0.9883267353932826
0.9883354033432162
0.9883319486116677
0.9883399833053044
0.9883386466416705
0.9883431610477142
0.9883448932185905
0.9883532710365986
0.9883554161594874
0.9883587540451467
0.9883707264808141
0.9883698634048401
0.988370858667634
0.9883601536697555
0.9883627427981543
0.9883652636006364
0.9883720219927951
0.9883692031370079
0.9883527053320279
0.988375967180959
0.9883766461023689
0.988370391869238
0.9883747349953356
0.9883577299075117
0.9883643650911899
0.9883468759692602
0.9883578019274053
0.9883572394709458
0.9883632554608479
0.9883681839630512
0.9883715843113019
0.9883728258428669
0.98838050964844
0.9883858369630473
0.9883872098427811
0.9883966522540892
0.9884020514682279
0.9883957182006059
0.9884031064788582
0.9884054274612208
0.9884083747942234
0.9884051394755327
0.9884174792772101
0.9884196554326595
0.9884203951208717
0.9884325227401112
0.9884377418323744
0.9884294759706446
0.988414889279257
0.9884049093248677
0.9884096406613627
0.9884146358155429
0.9884116512867054
0.9884026236848631
0.9883991061743753
0.9883896488999452
0.9883917419436314
0.9883977191237715
0.9883876208509023
0.9883758557062894
0.9883707735034085
0.9883719866681913
0.9883790057641735
0.9883750748017024
0.9883663307626832
0.9883678352549076
0.9883666425360782
0.9883611016070865
0.9883729332239762
0.9883627337743844
0.988364074213207
0.9883771401297646
0.9883711144253101
0.9883546241703639
0.9883453128395652
0.9883458712694675
0.9883409855679884
0.9883355745909398
0.9883367443204426
0.9883326654704974
0.988332779924747
0.9883302573111544
0.9883346454638782
0.9883476690555097
0.9883412792438006
0.9883468285846063
0.9883449665725279
0.9883564275322851
0.9883524801506431
0.9883591331652507
0.9883649401597483
0.9883548451157689
0.988350483795048
0.9883503494400174
0.9883436993402673
0.9883392618074869
0.9883382917203762
0.9883380331632903
0.9883347617762741
0.9883380902917799
0.9883338524946138
0.9883425394528731
0.9883435785175785
0.9883430677991346
0.9883402604511561
0.9883383728445869
0.9883438527870057
0.98833878481065
0.9883420953322153
0.9883433805789849
0.9883426664188075
0.9883373654570715
0.988335989379802
0.9883315317954584
0.9883275558728074
0.988319610344301
0.9883117647101043
0.9883167825989622
0.9883085743991847
0.9883168143702782
0.9883127838895824
0.988312863394912
0.9883131188340667
0.9883093180123317
0.9883036210614395
0.9882976910328757
0.9883007888642972
0.9882959845060991
0.9882952588055834
0.9882947679007964
0.988295291627081
0.9882880080969297
0.9882941897971581
0.9882979669669129
0.9883072975829461
0.9883000752954783
0.9883012153642596
0.9882971997963962
0.9882924524201615
0.9882877467099409
0.9882904960152915
0.9882980130961879
0.9882957464082406
0.9883035478243347
0.9883010834788534
0.9882997499930104
0.9882818421896277
0.9882828535462883
0.9882796743814667
0.988283554154231
0.988271606186465
0.9882746137863583
0.9882749704344421
0.9882851556269702
0.9882966036200231
0.9882884416962476
0.9882766001183492
0.9882767799117007
0.9882695844407692
0.9882675052432648
0.9882669473301301
0.9882635800339626
0.9882704176167503
0.9882672553878348
0.9882716603944026
0.988281277569222
0.9882826858572703
0.9882893721729856
0.9882933041747709
0.9882919675931765
0.9882878013793004
0.9882845605083074
0.9882858634764046
0.9882815443468718
0.9882837160239559
0.9882851321895141
0.9882767268357753
0.988276421491634
0.9882779043979312
0.9882700869549685
0.9882727698689965
0.9882730351547235
0.9882796735267008
0.9882892232551428
0.9882860541358863
0.9882958740053913
0.988294732668102
0.9882858981843532
0.9882915729840251
0.988281462703492
0.9882784017939432
0.98827615641533
0.9882733647999423
0.98827577894064
0.9882750505407244
0.9882748801823497
0.9882764183197411
0.9882704613546719
0.9882704363648765
0.9882733608459995
0.9882746125869134
0.9882818063975822
0.9882946045813155
0.9882951279586875
0.9882871254130421
0.9882914999607917
0.988289291835008
0.9882770988634169
0.988277929567857
0.9882801632993683
0.9882716146771698
0.9882672582283539
0.9882637790093552
0.9882621015555787
0.9882578767172351
0.9882619633580723
0.9882595839025642
0.9882607497772062
0.9882656547384022
0.9882698789182295
0.9882753953050045
0.9882710376422774
0.9882760459492639
0.9882773713929287
0.988277681699516
0.9882690474142743
0.9882709038890306
0.9882706961562063
0.9882658885845333
0.9882628906301895
0.9882630746240282
0.9882723618020416
0.9882633026428153
0.9882721597857473
0.9882707596182989
0.9882693934802164
0.9882730437595135
0.9882741992565117
0.9882698695657121
0.9882628796750006
0.9882638505947112
0.9882656668701324
0.9882679215214898
0.9882811632359593
0.9882826060557268
0.988277970424946
0.9882699262057998
0.9882646732990467
0.9882717295364625
0.9882814603185811
0.988271806998518
0.9882852234656627
0.9882759422538969
0.9882827735444815
0.9882859568496587
0.9882870122303008
0.9882882293507472
0.9882886062903639
0.9882897876742678
0.988286372783616
0.9882814466336662
0.9882766396657479
0.9882755589800869
0.9882707693291919
0.988262949261868
0.9882668840558118
0.9882665988670639
0.9882677912562478
0.9882622594943582
0.9882790429145566
0.9882779391887688
0.9882710583437218
0.9882715988651797
0.9882755014123412
0.988277513842821
0.9882804228335387
0.9882775919739599
0.9882808688111041
0.9882804961731524
0.9882840792335201
0.9882862726045828
0.9882896731265627
0.9882927424342212
0.9882846334189253
0.9882828120534359
0.9882785059967252
0.988280655058205
0.9882788985020783
0.988278522830353
0.9882820168141438
0.9882808571273008
0.9882791277554077
0.988279004456255
0.9882761565270165
0.9882753382599492
0.9882733561266647
0.9882728190990568
0.9882732612407646
0.9882767005667976
0.9882691342541047
0.9882668125646904
0.9882679083405265
0.9882640711857131
0.9882664616800768
0.9882679843286194
0.9882773213583493
0.9882732120963034
0.988271798370123
0.9882726552274145
0.9882690559742118
0.9882669944589441
0.9882597205382418
0.9882612020014138
0.9882589892742104
0.9882626598534189
0.9882581892619531
0.988256608642182
0.988254538871474
0.9882521205206649
0.9882597701815711
0.9882543017305795
0.9882543322392044
0.9882507427507093
0.9882517926210569
0.9882414886144072
0.9882428516283446
0.9882470222855996
0.9882397128466047
0.9882338014365643
0.9882357471614375
0.9882358887850307
0.9882294259377756
0.9882316191006486
0.9882291902558455
0.9882251375539224
0.9882223420594786
0.9882213237209074
0.9882248106094413
0.9882164679190955
0.9882109801034379
0.9882205285205453
0.9882197089971735
0.9882173774846602
0.9882204383742663
0.9882191840739519
0.988219684768669
0.9882103859778846
0.9882138766495808
0.9882121680155905
0.9882155581137252
0.9882034193955846
0.9882040833769326
0.9882020579907929
0.9882050617771325
0.988200310738336
0.9882006208139161
0.9881932202229791
0.9881961499474787
0.9881974756685625
0.9881969560743956
0.988201892320662
0.9882043442376678
0.9882085306172741
0.9882131807222146
0.9882199809649114
0.988226710916388
0.9882255334762678
0.9882241928126589
0.9882232200809068
0.988223418967785
0.9882247675859365
0.9882281592799625
0.9882299977886152
0.9882351082816034
0.9882346747344634
0.9882326572416017
0.9882317334118055
0.9882256854017678
0.9882259008833224
0.9882238667746641
0.988229462325345
0.9882200385426887
0.9882224618932075
0.9882271270679732
0.9882244229453047
0.9882211829265776
0.9882240475443025
0.9882264072808091
0.988227945040162
0.9882277291101292
0.9882206069224881
0.988229107135313
0.9882258225753848
0.9882256922131151
0.9882288091763947
0.9882304372224071
0.9882281727162325
0.9882251564218411
0.9882215288583585
0.9882158621774108
0.9882094060932833
0.9882123582768971
0.9882209720762012
0.9882175450283079
0.9882162261094288
0.9882124738359357
0.9882101303337227
0.988210397001515
0.9882191769212635
0.9882167195995756
0.9882245620951403
0.9882209927220373
0.9882214824264017
0.9882206957602622
0.9882276420529241
0.9882339811791899
0.9882350325522832
0.988231741362407
0.988232357649394
0.9882340750629311
0.988230164926908
0.9882280756957966
0.9882402067358993
0.9882470154797462
0.988248795582939
0.9882459708206287
0.9882455406824587
0.9882435664126993
0.9882427742572605
0.9882474183364723
0.9882439993618456
0.9882502527505741
0.9882485763490528
0.9882418141030397
0.9882408452692072
0.9882378662923452
0.988243588947981
0.9882454695730984
0.9882435819774
0.9882432640461258
0.9882436170970909
0.9882494734556397
0.9882524123520984
0.988255052001384
0.9882574064184005
0.9882575481788702
0.9882533716142784
0.9882487939179941
0.9882509361749185
0.9882499650461413
0.9882492856468811
0.9882469286584689
0.9882501127986931
0.988247841277272
0.9882445907898961
0.9882492477512884
0.9882412985872692
0.9882379883528992
0.9882406541169185
0.9882523428519983
0.9882545711304951
0.9882562162658813
0.9882562666842771
0.9882616294375581
0.9882637128814066
0.9882654517385933
0.9882628497552701
0.9882639489183341
0.9882680990197578
0.988270701676581
0.9882708792522318
0.9882677313235537
0.9882639740921447
0.9882634854879075
0.988264910939959
0.9882645258960513
0.9882627722353545
0.9882606137096589
0.9882599426084014
0.9882612484255213
0.9882651663174891
0.988266637509737
0.9882708914426412
0.9882746029216963
0.9882677620054879
0.988268335629179
0.9882721800421894
0.9882751517771887
0.9882783827389076
0.9882801979602434
0.988281783191477
0.9882823584605737
0.9882817596517679
0.988280738209947
0.9882794220989856
0.9882789647652799
0.9882840045747987
0.9882818504484169
0.9882834356215136
0.988284247524996
0.9882862911475683
0.9882866619825539
0.988294023776959
0.9882967180229794
0.9882987012370733
0.9882996924914454
0.9882963523790407
0.9882984108941166
0.9882938674782141
0.9882881908323874
0.9882803123900362
0.9882795287380343
0.98827729013896
0.9882739563215189
0.9882694525355272
0.9882643642258795
0.9882591716748945
0.9882670362327313
0.9882724226145395
0.9882744473098972
0.9882761859261757
0.9882709549714632
0.9882637383942494
0.9882656450751767
0.9882677400672754
0.9882655978979655
0.9882630815733089
0.9882718484610651
0.9882718735844883
0.9882714717110429
0.988267711527508
0.9882667310378132
0.9882684303302453
0.9882707212042933
0.9882705744622589
0.9882725655408786
0.9882730713846631
0.9882716254652336
0.9882690507266402
0.9882688656145334
0.9882648911484871
0.9882664765861822
0.9882689145573696
0.9882695147823035
0.9882707827983093
0.988270367398634
0.9882697062287235
0.9882699233695378
0.9882695016893891
0.9882770008815359
0.9882774441033086
0.988276207490419
0.9882753481701534
0.9882769852123474
0.9882794810967391
0.9882809564076017
0.9882845894683496
0.9882906024070104
0.9882864667287405
0.9882856527432609
0.9882880877416012
0.9882880858980251
0.9882875484042981
0.9882943497932762
0.9882935592180804
0.9882967204761324
0.9882925900442353
0.9882966077761733
0.9882974439320732
0.9883005119522668
0.9882984893503086
0.9882914485504896
0.9882929461127429
0.988297817443958
0.9883018267088384
0.988301888599988
0.9883000500781908
0.9883004537649118
0.9882968724244862
0.9882974126436519
0.9882959179084394
0.9882981814045017
0.9882967612958778
0.988301727645348
0.9882990727831875
0.9882977141971219
0.9882963287821214
0.9882947901868397
0.9882957735332542
0.9882939241956967
0.988295221624812
0.9883012163205042
0.9883056692598694
0.9883039445683383
0.9882997941358949
0.9882989540459993
0.9882986136520012
0.9882995674175347
0.9882990082759316
0.9882995999676903
0.9883014017458396
