0.9785782209390766
0.9852343541289257
0.9899126501196284
0.9907342582739359
0.9905364961160523
0.9905837978922113
0.9909270792693082
0.9909158617664526
0.9914812371811584
0.9910336355036304
0.9916169805295185
0.9918375439132324
0.9915473716609889
0.991611550620706
0.991805695693414
0.9917342421556058
0.9917997283913083
0.9916145652379169
0.9918595768597345
0.9917278421543401
0.9916000689261182
0.9917075670756132
0.9916499138569168
0.9916919394959647
0.9915309687956582
0.9915111189081897
0.9916090930576167
0.9916871354469193
0.9915847311716603
0.9916310713615664
0.9917292732529992
0.9916648602303069
0.9917382821454078
0.9917189347431491
0.9917686573466311
0.9917881120201956
0.9918437817040435
0.9918447572226652
0.9918578413357644
0.9919461295530243
0.9919023151151662
0.9919028158494027
0.9919188550885516
0.9919801708382242
0.9919736462816273
0.9920009813821568
0.9919811290337147
0.9919184069538434
0.9919649207677197
0.9919765234894407
0.9920438042932069
0.9920309789427567
0.9919622898022975
0.9919526543809181
0.9920280998932709
0.9920788556575518
0.992024945132253
0.9920272788771648
0.9921212424813227
0.9920902698375329
0.9920796060173777
0.9920652090032185
0.9920412231482187
0.9920132358599917
0.9920688172019795
0.9920406274233885
0.9920341240436176
0.9920143063090403
0.9919922341185033
0.9920051205026723
0.992048734268303
0.9920748722515518
0.9920936909295317
0.9921502164299336
0.9921514991352373
0.9920856978972941
0.9920673290870509
0.9920463137088612
0.9920351409735468
0.992062786864936
0.9921246284222645
0.9921542552720932
0.992115171083229
0.9920809324425869
0.9920732327250782
0.992118205333965
0.9920410660117968
0.9920913634425819
0.9920760316035891
0.9920263300530675
0.9920296213744157
0.9920522285746165
0.9920698199023597
0.9920831694311272
0.9920582725103877
0.9920367664812976
0.992030346934048
0.9920268508736882
0.9919913459605109
0.9920553301304862
0.9920299279806077
0.9920576092765784
0.9921004503637684
0.9920545889942636
0.9920144039644566
0.9920366626894924
0.9920454782975703
0.9920526169028239
0.9920330118983197
0.9920197399864381
0.9919962683880377
0.9919519165256004
0.9919498214842754
0.9919523828872434
0.9919486566708741
0.9919297085333459
0.9919109410560203
0.9919366092336144
0.9919328831662821
0.9919172494315895
0.9919025392896758
0.9919070971312154
0.9918927221122988
0.9918624118796746
0.9918364842191006
0.9918259246127616
0.9918503218748508
0.9918601360481273
0.9918609073961379
0.9918896406650665
0.9918829870897983
0.991900178787934
0.9918666444583752
0.9918553293287992
0.9918650261927147
0.991847651814923
0.9918706378018805
0.99185152001641
0.9918617896893046
0.9918712684009939
0.9918647117705527
0.9919170683067592
0.9918688216779645
0.9919160810053159
0.9919251414305575
0.991922781069908
0.9919195159289325
0.9919116447064815
0.9918820121327587
0.991882398440387
0.9918945448152027
0.9919064597867933
0.9919114469750482
0.9919148628089741
0.9919072566123324
0.9918885234544467
0.9918685470195124
0.9918573557757211
0.9918497191004938
0.9918065901985806
0.9918113581502629
0.9918006146779756
0.9917863211049593
0.9917966855208317
0.9918071772181984
0.9917873104473133
0.9917959233676957
0.9918126966867076
0.9917844505478352
0.9917903382835137
0.9917921879162639
0.9918001931464655
0.9918026361749224
0.9917882064503589
0.9918045501286112
0.9918022140607969
0.9917926973272372
0.9917875724048836
0.9917972726495912
0.9917852984299808
0.9917718213077815
0.9917799447263752
0.9917646318977482
0.9917655373540686
0.9917530144415061
0.9917791150447676
0.991782691112285
0.9917637936670294
0.991763452854846
0.9917786353189197
0.9917608930720317
0.9917350354822282
0.9917254263328921
0.9917349222557637
0.9917377027214784
0.9917504712513524
0.9917630775610898
0.99175530806916
0.9917570056022569
0.9917482575631112
0.9917346634332569
0.9917444913350063
0.9917441772657875
0.9917422271786125
0.991749883930634
0.9917782542520512
0.9917726249265421
0.9917789573788509
0.9917915616556726
0.9918006599417546
0.9917894485154921
0.9918114063926406
0.9918208061204129
0.991826504054156
0.9918241212880109
0.991827115271861
0.9918305760502288
0.9918216959142101
0.9918278065427382
0.9918299775621573
0.9918358689711309
0.9918597970982128
0.9918583550340694
0.9918458210469775
0.9918449906297688
0.9918437252142412
0.9918615391731699
0.991861787235726
0.9918553490241285
0.9918512266260889
0.9918820819656385
0.9918825542012282
0.9918905885066841
0.9918814481869653
0.9918805466066202
0.9918800638299577
0.9918715286621046
0.9918765098009644
0.9918701896297629
0.9918610849050681
0.9918650107580771
0.9918800064480638
0.9918700879137604
0.9918589132065744
0.991835593265286
0.9918225246229614
0.9918189573593973
0.9918016344136718
0.9917921877849948
0.991811974286962
0.9918189527454984
0.9918305152886555
0.9918250687924407
0.9918109531608029
0.9918247292399429
0.9918346256248539
0.991858068829099
0.9918540350837218
0.9918443016366126
0.9918338260933395
0.9918385419955921
0.9918129018552237
0.9918075297229876
0.9918083029388095
0.9918150411307882
0.9918118027643997
0.9917931981672541
0.9917680327957722
0.9917788014581408
0.9917750469899219
0.9917795362808395
0.9917691331257538
0.9917626712641369
0.9917608275430436
0.9917781178512294
0.99177813953368
0.991789819140095
0.9917912088878721
0.9917918779740322
0.9917980051769587
0.9917996154632243
0.9918019637760211
0.9918050013394235
0.9918028808414834
0.9918045670296882
0.9918067020996679
0.9917956302942352
0.9917908751330732
0.991790561456472
0.991780759349953
0.9917630653816545
0.991764409402536
0.9917593127228996
0.9917536915778529
0.9917598187974406
0.9917648619122655
0.9917647298947913
0.9917697612536117
0.9917868089861727
0.9917806181999073
0.9917820197955675
0.9917757312776224
0.9917816438719655
0.9917954894405998
0.9918120454735554
0.99182188561911
0.991831818119064
0.9918350623429476
0.991844191563346
0.9918542403780577
0.9918573702169655
0.991857868529763
0.9918521558668558
0.991824720097204
0.9918394442479502
0.9918468478523302
0.9918555754454256
0.9918578697499385
0.9918547840915092
0.9918528727597763
0.9918587768122831
0.9918539225180671
0.9918701321375297
0.9918772509251487
0.9918901828560974
0.9919120456466125
0.9919049164114855
0.9919153691744024
0.9919075213447794
0.9919070571499661
0.9918949548649374
0.9918861427535057
0.9918735405022298
0.9918703023937574
0.991868583044976
0.9918720670688062
0.9918799554482517
0.9918765099622779
0.9918900103276524
0.9918963175228253
0.991897769270026
0.9918985839624109
0.9918890124864118
0.9918872625014761
0.9918786801591447
0.991886476084022
0.9918872805438003
0.9918924407846955
0.9918888282636191
0.99188389425098
0.9918943330519877
0.9918913112170388
0.9918830419953948
0.9918879101168306
0.9918898583804124
0.9918980285080811
0.9919068802038952
0.9918935722027339
0.9918962706701949
0.991890179299725
0.9918805808061042
0.9918859169058035
0.9918880272721528
0.9918863902331884
0.9918887110257038
0.9918849376203556
0.9918837172254334
0.9918811301849019
0.9918812232801871
0.9918854451779157
0.9918847214148553
0.9918829241901734
0.9918796047763081
0.9918723639777401
0.9918708972320738
0.9918775143547542
0.9918864277759736
0.9918872529957903
0.9918856360050048
0.9918789503001657
0.9918774374142403
0.991874547419722
0.9918743036987628
0.9918723138278039
0.991859831235383
0.9918618670659346
0.9918593004421483
0.9918567576822319
0.9918629821065928
0.9918644184459837
0.991861860863542
0.9918564036568029
0.9918639173820673
0.9918664955909178
0.9918648923307724
0.9918618724647289
0.9918598237693843
0.9918481930031388
0.991844408783093
0.9918532228073148
0.9918530299455803
0.9918498498577979
0.9918536367885528
0.9918597181473687
0.991862281601834
0.9918549944053713
0.9918686744468195
0.9918701371279777
0.991866050613461
0.9918769652103469
0.9918703563006676
0.9918679701218365
0.9918705679560725
0.9918751926533649
0.9918695143989974
0.9918602026611102
0.9918604101651883
0.9918484678613566
0.9918524593106894
0.9918533846202214
0.9918538333530008
0.9918566853037247
0.9918555976178366
0.9918535220833962
0.991846094120423
0.9918500250244907
0.9918540582761989
0.9918520607849164
0.9918529528205491
0.9918581502668848
0.9918714738072517
0.9918784458111203
0.9918785840764827
0.9918841860178296
0.9918837389073863
0.9918832867101343
0.9918798449884566
0.991882841920594
0.9918785413696384
0.9918785731842248
0.9918801246861598
0.9918877419779384
0.9918955839851107
0.9918980931043834
0.9919043862456328
0.9919076379558793
0.9919076684849256
0.991901629421196
0.9918977894796124
0.9918979131590852
0.9918948777525997
0.9918955277662921
0.9919009365618269
0.9918999990632782
0.9918968280320065
0.9918819932813602
0.9918821229632904
0.9918802535938361
0.9918793945557487
0.9918817419380386
0.9918859592067554
0.9918907558521296
0.991891178949668
0.9918891785432413
0.9918950734568006
0.9918939100719397
0.9918901177288859
0.9919001875955036
0.9918982680724256
0.9918959127552937
0.9919074493762683
0.9919032962510688
0.9918994743375783
0.9918985878949587
0.99189246508148
0.9918900161342091
0.9918860281787323
0.9918891780551852
0.9918888650354036
0.9918915933940221
0.9918862821148097
0.991890483495286
0.9918935920242608
0.9918811876914337
0.9918831057004923
0.9918784938374463
0.9918841834858674
0.9918872407831147
0.9918864746319143
0.9918907906942119
0.991881171310042
0.99188228775484
0.9918761338127946
0.9918716002848247
0.9918701483451834
0.9918693340837764
0.9918740015854365
0.9918773051462577
0.9918836513139858
0.9918843236736278
0.9918856680140409
0.9918903169059362
0.9918975667233968
0.9918825656937581
0.9918810382865652
0.991882380295752
0.9918790696800827
0.9918870442658918
0.9918836327268152
0.9918900887842048
0.9918775953333548
0.991882950932712
0.9918804236965704
0.9918758681162375
0.9918715511736924
0.9918741830045985
0.9918738197897848
0.9918663077343302
0.991874043890154
0.9918711098794449
0.9918801853962365
0.9918720982157108
0.9918667212342255
0.9918712137455632
0.9918633793646628
0.9918592702267823
0.9918489926964488
0.9918456462416375
0.9918477704239479
0.9918509331894935
0.9918442874579245
0.991847942556227
0.9918555675752535
0.9918573222054092
0.9918579836860343
0.9918591829587945
0.9918621045223337
0.9918581188083289
0.9918574747866941
0.9918539507166637
0.9918561207457318
0.9918552440726068
0.9918551954866507
0.9918515404880398
0.991846967012228
0.9918404141678916
0.9918434424340502
0.9918383499086327
0.9918465747229411
0.9918435446969947
0.9918420646660692
0.9918479973851939
0.9918554060413602
0.9918615300900078
0.9918609646863287
0.9918647001438059
0.991862651131777
0.9918574365725651
0.9918581423536752
0.9918548664630721
0.9918511440901341
0.9918506911059248
0.9918456974035919
0.9918551485635294
0.9918553766957399
0.9918542619219358
0.9918508219538071
0.9918463852368649
0.9918475696292667
0.9918558743311868
0.9918578951455531
0.9918637433362532
0.9918638842173457
0.9918677331531901
0.9918774317849367
0.9918764397935418
0.991875534331852
0.9918740776998846
0.991878882843662
0.9918781730626489
0.9918771714714151
0.9918757733664176
0.9918816654393168
0.9918781253654168
0.9918818027066442
0.991885159362714
0.9918826944604168
0.9918856644558827
0.9918815836951349
0.9918810432184485
0.9918811343327687
0.9918801521699292
0.9918817758381178
0.9918832654347176
0.9918820863524678
0.9918832044439759
0.9918836736496616
0.9918895398305084
0.9918902988633987
0.9918845730730083
0.9918855036546366
0.9918874123001297
0.9918949957530737
0.991888723829465
0.9918904250181956
0.991899997582071
0.9918948751586456
0.9918969132275741
0.9918862131862487
0.9918789531167713
0.9918788225562477
0.9918775414424826
0.9918783846567611
0.9918722432649844
0.9918685595308643
0.9918663596214086
0.9918662832966555
0.9918741813949239
0.9918817438645915
0.9918820489753538
0.9918782883525313
0.9918807401897975
0.9918785833513912
0.9918762125414684
0.9918758782190048
0.9918793766678998
0.9918784294328163
0.991877546302025
0.9918751345736262
0.9918776447115504
0.9918736232283738
0.9918672101601153
0.99187149299714
0.9918656474459588
0.9918658025266652
0.9918630407906515
0.991867851745865
0.9918686809750692
0.991872779004865
0.9918727215904612
0.9918704412360205
0.9918719133575186
0.9918747484014815
0.9918699608234866
0.9918709729273171
0.9918695794805436
0.9918738908836546
0.991878694706047
0.9918839212054495
0.991871743240969
0.9918707410406981
0.9918598721169172
0.9918597342342907
0.9918635596635524
0.991866344994283
0.991866801314257
0.9918675858344297
0.9918675434611471
0.9918755030245495
0.9918757777621587
0.9918715124442452
0.9918700263703004
0.9918718311889421
0.9918783686887775
0.9918749743619589
0.9918717372667045
0.9918686785529978
0.9918755068471428
0.991877169047149
0.9918701764218532
0.9918719186736317
0.99186639946059
0.9918693739651114
0.9918722546709727
0.9918744818267988
0.9918695169593723
0.9918667076664816
0.9918667126382151
0.9918702486966453
0.9918642184704096
0.9918594924239446
0.9918563536921994
0.9918503150356438
0.9918492971658377
0.9918444627796006
0.9918451646859693
0.9918390682228342
0.9918370145588562
0.9918396584673038
0.991833414535568
0.9918365953122974
0.9918318863564816
0.9918355047564659
0.9918311000231109
0.9918264864684464
0.9918262846043903
0.9918247364608842
0.991824055945845
0.9918247346984396
0.9918226544492986
0.9918263137015884
0.9918259872785314
0.9918327190816411
0.9918315599177908
0.9918366005906021
0.991843631646569
0.9918464288511976
0.9918480470617782
0.991847990558581
0.991843239361667
0.9918432789890762
0.9918513584639311
0.9918485404658989
0.9918560133168768
0.9918517246722046
0.9918463550856671
0.9918459363610844
0.9918423668648161
0.991843900350146
0.991842509463047
0.9918439616322847
0.9918408790821011
0.9918416285800433
0.9918395926456418
0.9918397003262743
0.9918457304382325
0.9918411254821463
0.9918375089605093
0.991842801382412
0.9918412268727523
0.9918403170415103
0.9918446707302343
0.9918465842818582
0.991839226600752
0.9918375764581737
0.9918370006978922
0.9918351149277334
0.9918383637069715
0.9918358577794046
0.9918422641463945
0.9918387607470616
0.9918347168083034
0.9918353133557349
0.9918349051519362
0.9918336715302022
0.9918326838337687
0.9918316533299817
0.9918379403664801
0.9918377794859355
0.9918323089007915
0.9918299563927558
0.9918295662028964
0.9918340776489375
0.9918317310607374
0.9918330176054558
0.9918270974882583
0.9918318197272399
0.9918378549438297
0.9918393453749671
0.9918454007408888
0.991846166497728
0.9918464497247068
0.9918540390329726
0.991855941355208
0.9918601010340885
0.9918595956322989
0.9918562291518115
0.9918526362100574
0.9918512787278408
0.9918517241111344
0.9918533033793836
0.9918525832640221
0.9918602493610154
0.9918580201807363
0.9918613488830581
0.9918618735513538
0.9918546610668947
0.9918558455047248
0.99185476666795
0.9918527258089435
0.9918503332853195
0.9918523686927566
0.9918529015870714
0.9918561052003834
0.9918584281405617
0.9918589707171256
0.9918608886858113
0.9918618248207907
0.9918645080754892
0.9918592588760571
0.9918624738461437
0.9918582527648853
0.9918583980283463
0.9918630106724349
0.9918587049229948
0.9918573868654196
0.9918570679116331
0.9918518602554856
0.9918520921236486
0.9918443195606149
0.9918413883856612
0.9918450873520426
0.9918383470034212
0.9918370664514214
0.9918387773647924
0.9918367065571975
0.991839965550248
0.9918420830084195
0.9918414703003622
0.9918429671481264
0.991836755862548
0.9918375007085803
0.9918365307075353
0.9918375022944028
0.9918372187568484
0.9918394699301494
0.9918414165709664
0.9918405820637902
0.9918430718815312
0.9918399827030618
0.9918403917963271
0.9918415992811005
0.9918414204775098
0.9918393989966472
0.9918414999726882
0.991838501135747
0.9918366443298491
0.9918351182174471
0.9918355565710812
0.9918306707522235
0.9918338178551009
0.9918318055570298
0.9918323011179617
0.9918310805759529
0.9918297078740087
0.9918296673444641
0.9918324693615082
0.9918355805937599
0.9918368415592911
0.9918373139780373
0.991838248262694
0.9918429798647547
0.9918497704653925
0.9918485953736745
0.9918474112195292
0.9918444315502758
0.9918405179202693
0.9918425531961099
0.9918423218923876
0.9918419970262626
0.9918391785431038
0.9918377607607584
0.9918417976293955
0.9918427105593105
0.9918465491688072
0.9918465008234119
0.9918498669011554
0.9918536163835568
0.991853240769531
0.9918563965892367
0.9918628146373568
0.991863756123357
0.9918636409212559
0.9918690130382061
0.9918672209895787
0.9918711807136921
0.9918742222687231
0.9918708569877707
0.9918719405459689
0.9918736123750861
0.9918747139639211
0.9918753771117634
0.9918761573306927
0.9918829089341394
0.9918818716028093
0.9918815172766831
0.9918812747805936
0.9918812145210889
0.991879283476896
0.9918810865378759
0.991879050642318
0.9918792272178707
0.9918824232985632
0.9918806772685711
0.9918798062021645
0.9918758497978718
0.9918805973376568
0.9918788304818419
0.9918786735312792
0.9918792785480767
0.9918799333252294
0.9918755855861316
0.9918760181664216
0.9918787049899278
0.9918811617642356
0.9918796285810323
0.9918760081253433
0.9918799602808301
0.9918798593836777
0.9918793951323669
0.9918827250475112
0.9918863721796329
0.9918898671158851
0.9918896986757175
0.9918870889896443
0.9918900303912086
0.9918895568489228
0.9918824025496126
0.9918793633883092
0.9918785485831413
0.9918810656645267
0.9918807027305991
0.9918787125271823
0.9918793862192969
0.9918787705890573
0.9918779467852139
0.9918795444970072
0.9918803187943196
0.9918825650888295
0.9918827062755741
0.9918800148178417
0.9918794410937598
0.9918767944115034
0.9918804988784151
0.9918767780982501
0.991870425181527
0.9918685610315504
0.9918695188418615
0.9918703944843904
0.9918756599598004
0.9918786209625928
0.9918786446785058
0.9918788790575841
0.9918777595099618
0.9918763389721755
0.9918784512744
0.991881912504375
0.9918844381781224
0.9918809779339826
0.9918834538818511
0.9918886319919408
0.9918871372676369
0.9918814586341594
0.9918851523753386
0.9918853765071487
0.9918859250971279
0.9918825978522391
0.9918857023510992
0.9918820430694221
0.9918829693223208
0.9918851224524784
0.9918848074053466
0.9918872645322397
0.9918889553940499
0.9918893297145195
0.9918904464465876
0.9918914560572105
0.9918938509791404
0.9918965848476717
0.9918967023681113
0.9918973766912024
0.99189671044662
0.9918937384525398
0.9918943831883879
0.9918976735972689
0.9918975866145683
0.9919007942691805
0.9918992183514189
0.9919046209553474
0.991899541978752
0.9918977104558321
0.9918991990248345
0.9919079401514274
0.9919058303306173
0.9919044505313013
0.9919034949048791
0.9919029235074984
0.9918993096180865
0.9918993562476283
0.991898957509649
0.9919011090725092
0.9918981715523149
0.991904107829955
0.9918984763772818
0.9918947443741865
0.9918937780146005
0.991890590541834
0.9918898844597125
0.9918895967884303
0.9918888151355391
0.9918888912690405
0.9918876575847817
0.9918840417281611
0.9918819822505472
0.9918837004469433
0.9918849680170816
0.9918839290870818
0.9918843829683002
0.9918808903805588
0.991877107180611
