0.9761532837020415
0.9819678486474429
0.9859641870521652
0.9871332173532692
0.9883406779165126
0.9888043847992746
0.989229378270284
0.9894199941862453
0.9893222987637195
0.9887851208397994
0.98937551629519
0.9898245251042509
0.9899150327362634
0.990136464098272
0.9901136127323472
0.9902148095173763
0.9903545022051997
0.9903835477490446
0.990460965787409
0.9904167833064162
0.9904228005737119
0.9905507129353505
0.9906471125244782
0.9906812994383533
0.9905554891053079
0.9905634847321196
0.9905323343493619
0.9904862449469023
0.9904614678527653
0.9904740645241403
0.9904004803412095
0.9903010376677963
0.9903262981519727
0.990430017375537
0.9905272910966956
0.9904937309420793
0.9904384866506066
0.9905019155069391
0.9905578693975975
0.9905650548824881
0.990442597834338
0.9904164561436112
0.990464301542011
0.9905450701854086
0.9905192382272531
0.9904490334942517
0.9903295244086574
0.9903429530431821
0.990382784380513
0.9904581318842479
0.9904731625529712
0.990499616868284
0.9904623350119296
0.9905096392002101
0.9904385205619582
0.990462198925137
0.9903885588191222
0.9903290006212648
0.9904370157260887
0.990383340479594
0.9904282291818278
0.9903838339302681
0.9903324165891487
0.990254153234564
0.9903117717469798
0.9902225278541955
0.9902177966687641
0.9901562053328888
0.9901849029082662
0.99014716666055
0.9901156352438613
0.990157878135274
0.990160057458422
0.9901482838874255
0.9901124923263992
0.9900796316557043
0.9900506697360939
0.9900323836824644
0.9900396399314366
0.99006562943447
0.9901050401629804
0.9901206139303218
0.9901527995524166
0.9901399954173075
0.9901223289244565
0.9901293300034881
0.9901155476576614
0.9901903250684446
0.990194502873145
0.9901770342350883
0.9901527404485436
0.9901330928005945
0.9901813635314233
0.9901480213632351
0.9901113826781933
0.9900854324483628
0.9901063504429319
0.9900760822276327
0.9900360645506691
0.9900516595514651
0.9900235186100966
0.9900217281597979
0.9900709505782223
0.9900962042037252
0.9900915097578226
0.9900929002223833
0.990109960549922
0.9901046654623936
0.9901311145539804
0.9901634298325979
0.99014567027709
0.9901061781160322
0.9900987989268423
0.9900843871074767
0.9900728692200852
0.9900632953115168
0.990062303504474
0.9900754530521243
0.9900376514134851
0.990043111496464
0.9900672108301274
0.9900519611585257
0.9900392604882996
0.9900649856799183
0.9900480816972275
0.9900635997768247
0.9900802382148182
0.990118665317246
0.9901342701116848
0.9901457062417404
0.9901824609746049
0.99017349813801
0.9901331548682987
0.9901101649256452
0.9901182587759509
0.9900834515710313
0.9900695022976043
0.9900551955117793
0.9900698051205947
0.9900894319088607
0.9901182340352511
0.9901628314237415
0.9901171362675175
0.9901239618524259
0.9901620938250868
0.9901826431717207
0.9901795083252888
0.990186947926935
0.9901661969798037
0.9901624928685443
0.9901565088982355
0.9901555706607906
0.9901738223812921
0.9901885928193784
0.9901813306226395
0.9901793689376506
0.9901748562078478
0.9901719131308052
0.9901920372697162
0.9901898598038594
0.9901729020485217
0.990162021135744
0.9901627207726738
0.990169206408283
0.9902002556336711
0.9901839480911807
0.9901876945767658
0.9902001186157992
0.9902000854852536
0.9902073161475005
0.9902121873333267
0.9902462727036614
0.9902481057172483
0.9902410890938671
0.9902355022761807
0.9901976300587286
0.9901938648704011
0.9901846602246969
0.990183963879524
0.9901906250790041
0.9901835363069508
0.9901969380994238
0.9901810761267328
0.9902145668111593
0.9902090340262416
0.9902228576146829
0.9902276024883869
0.9902110956173747
0.9902092788766125
0.9902080817192395
0.9902007869165563
0.9901778264801193
0.9901619554539537
0.9901581652728856
0.9901646872174884
0.9901944254187393
0.9902059756542138
0.9902050399508819
0.9902096304647087
0.9901806191848768
0.9901840596081829
0.990182533272026
0.9901997149023939
0.990244188572553
0.9902416287560822
0.9902632025105532
0.9902780172622546
0.9902731421794659
0.9902690384409035
0.9902747795189896
0.9902782268477716
0.9902771399980587
0.99028955662732
0.9902903845666111
0.9903010998839843
0.990311398801364
0.9903054645521966
0.99030483830484
0.9903188216080694
0.9903347391995515
0.990342474290092
0.9903401643087382
0.9903322056165693
0.9903123329858197
0.9902985419147532
0.9903076144508653
0.9903103871362893
0.9903124939929422
0.9902975994022897
0.9903076576979315
0.990315922131631
0.9903161733799791
0.9903027537309693
0.9903136352860369
0.990319031586062
0.9903401602313555
0.9903306562730476
0.9903289719182533
0.9903402402670666
0.9903253915737433
0.9903291120523517
0.9903336411809488
0.9903200782212411
0.9903208468975533
0.990295862757462
0.9903004995082088
0.9903142962484474
0.9903175223370331
0.9903248789683415
0.9903415665471773
0.990359715809236
0.9903612466816308
0.9903597565158851
0.9903482428523733
0.9903455386942224
0.9903511554321814
0.9903411298957524
0.9903478857573955
0.9903362860198663
0.9903299904710535
0.9903363963614801
0.9903207136963182
0.9903130607246355
0.990307642098903
0.9903062893393793
0.9903116255172131
0.9903101724253064
0.9903020495407717
0.990322233207645
0.9903137466940537
0.9903364803267171
0.9903404460999699
0.9903201160875396
0.9903215262327977
0.9903101003882335
0.9903123169681841
0.9903062587094783
0.990302923160926
0.990307635461168
0.9903070263178406
0.9903189277946499
0.9903263872900367
0.9903266379035595
0.9903297662571087
0.9903170370728046
0.9903123320978602
0.9903007528110388
0.9903122398786314
0.9903077924067973
0.9903085716469578
0.990292789697721
0.9902937530736249
0.9902889605052421
0.9902843018620313
0.9902707453779055
0.9902862509365211
0.9902813958503229
0.990280860857982
0.9903014088340221
0.9902843767372568
0.990282904901075
0.9902922157611177
0.990285069218728
0.9902943761045757
0.9903103230784943
0.9903153602514341
0.9903355805238041
0.9903330315589693
0.990332866940979
0.9903363408458644
0.9903411538749168
0.990349728012264
0.9903368735157508
0.9903248620930147
0.9903395009341767
0.9903385968744501
0.9903468809078194
0.9903386603635799
0.990328730223842
0.9903316081864002
0.9903363226545145
0.9903457348212327
0.9903553645925425
0.9903686516541207
0.9903792269008458
0.9903929509351013
0.9904041911548641
0.9904009501175506
0.9903976863190458
0.9904036944433507
0.9904107136524639
0.9904039967390246
0.9903898845972676
0.9903867645293021
0.9903829695007422
0.9903774779505535
0.9903748535461395
0.9903767919360466
0.9903770425909226
0.9903812391792218
0.9903892410096607
0.9903830644087538
0.9903961072052978
0.9903926897995583
0.990401103449108
0.990399945583611
0.9903878299206137
0.990393047589004
0.9903908571939987
0.9903878082054735
0.9903783433342844
0.9903703910011303
0.9903627578960728
0.9903622451917271
0.9903707671029501
0.9903883367794978
0.9903957027763272
0.9903910442665703
0.9903884236712143
0.9904013180723573
0.99040293780235
0.9903976587775265
0.99039940313448
0.9904025965874397
0.9903961683410655
0.9903878453436475
0.9904007827017618
0.9904024572834788
0.990407483701343
0.9904009413574877
0.9904029853727334
0.990398179233918
0.9904006320518952
0.9903870052681149
0.9903955164912887
0.9903922955544485
0.9903871155724213
0.9903885562274625
0.9903885506412256
0.9903812190861029
0.990379668998152
0.9903955178568316
0.9903982441125373
0.9903927788356427
0.9903893485277463
0.9903910300581051
0.9903980238097708
0.9903938368800222
0.9903854863692385
0.9903870675839563
0.99039370155115
0.9903930022125312
0.9903985029152532
0.990391066680006
0.9903941503889948
0.9903838060331295
0.9903746008111786
0.9903856522344813
0.9903791044399279
0.9903772022037693
0.9903689639427404
0.9903728608748189
0.9903750480316373
0.9903748199841447
0.9903844331337152
0.9903930173511908
0.9903951958582364
0.9903860307317681
0.9903817895184456
0.9903789840673148
0.9903736367551278
0.9903698202884194
0.9903766916321861
0.9903788413325841
0.9903705853687723
0.9903611305596774
0.9903602952457178
0.9903636772322639
0.9903817883209434
0.9903854372075966
0.9903819102609527
0.9903906613871295
0.9903836169926352
0.9903798511830435
0.9903776590699009
0.9903782161128918
0.9903770645774247
0.9903842272374461
0.9903936749349972
0.9903976062748449
0.9904089648102888
0.9904175979645757
0.9904097073143149
0.9904099499829481
0.9904120860451933
0.9904177794046097
0.9904187129492148
0.9904186753873767
0.9904211602227169
0.990424368889241
0.9904253807427245
0.9904253756543713
0.9904321711633389
0.9904293619748167
0.9904286593395326
0.9904235546114581
0.9904156236434114
0.9904049429642324
0.9904034544758036
0.99040982140653
0.9904161448665345
0.9904126814022184
0.9904115895330289
0.9904064389526972
0.9904033033062071
0.9903971317758302
0.9903918443018602
0.9903948667553352
0.9903818378796162
0.9903710534657119
0.9903715759331033
0.9903786143487092
0.9903819977411059
0.9903809345853678
0.9903822398368913
0.9903837224738256
0.9903776256276005
0.9903863664428371
0.9903716235039343
0.9903657296564572
0.9903765287401588
0.9903758830169059
0.9903740505863473
0.9903682018535007
0.9903603481615185
0.9903618459451325
0.9903526438629047
0.9903600813651078
0.9903664113337484
0.9903685025484561
0.9903701732621407
0.9903686056482701
0.9903743078306382
0.9903697728824802
0.9903656365693098
0.9903686367813587
0.9903780835556556
0.9903653027098036
0.9903667321957074
0.9903579999410209
0.9903595557124074
0.9903615310178402
0.9903612458762401
0.9903624016768052
0.9903616933342934
0.9903639432494901
0.9903580774999555
0.9903588390170315
0.9903556533038333
0.9903485581746329
0.9903563597691383
0.9903564491584185
0.9903611950697201
0.9903601545786347
0.9903626907547793
0.990356063349883
0.9903571023501118
0.9903565322306698
0.9903582909617137
0.9903594158169203
0.9903533563585598
0.9903493167754454
0.9903451879833801
0.9903509659200329
0.9903456010919992
0.9903568616058762
0.990358694373833
0.9903618873405333
0.9903691000651865
0.9903717994090273
0.990369176955746
0.9903706948831325
0.9903718547201409
0.9903701482287858
0.9903668026888862
0.9903645866445449
0.9903566451860452
0.9903576206580184
0.9903575346553831
0.9903622654413299
0.9903530509457047
0.9903580833636655
0.9903577952035763
0.9903659810744097
0.9903605239465634
0.9903619362766186
0.990361705981393
0.9903559903019776
0.9903572195073146
0.99036215923912
0.9903653626807425
0.9903707046392359
0.990369613658014
0.9903753944989229
0.9903723096288145
0.9903726584724339
0.9903826040436788
0.9903804775783431
0.9903768022478124
0.990373423072311
0.9903676558862102
0.9903704230744943
0.9903813691905811
0.9903856940353384
0.9903830742888632
0.9903762094632242
0.9903773988786402
0.9903752255431388
0.9903821918382725
0.9903754940154335
0.9903715410094911
0.9903761341854421
0.9903807015199366
0.9903798037909868
0.9903868499270015
0.9903940760897112
0.9903986123111689
0.9903980587587298
0.9903952078395247
0.9903940711484939
0.990398563983054
0.9903979229645815
0.9904001494938299
0.9903967316053625
0.9903967449560052
0.9903974661960775
0.9903993114622436
0.9903993545438926
0.9904006372533394
0.990401668411909
0.9904066307437123
0.9904050371568984
0.9904080259480968
0.9904062997669999
0.9904044179608715
0.9904110216672505
0.990405757587443
0.9904050886215592
0.9903987486684195
0.9903909005868232
0.990401538003948
0.990398815857975
0.9904016605704572
0.9903974697508466
0.9904003036226506
0.9904021570723017
0.9904005168414552
0.9904058718963895
0.9904015615371123
0.9904001656082481
0.9904044708836424
0.9904102077635558
0.9904089440960161
0.9904097428075928
0.9904122798083356
0.9904143159059067
0.9904097310812657
0.9904108842193527
0.9904023584377559
0.990392086469106
0.9903885353365195
0.9903870956495182
0.9903894487703693
0.9903847200084995
0.9903867711949624
0.9903779887377788
0.990376712766904
0.9903817306664451
0.990388254258082
0.990392494546498
0.9903915916398516
0.9903898705476756
0.99039031218379
0.990385152884743
0.9903835806412343
0.9903866032049664
0.9903850183508153
0.9903776155869509
0.9903834620943435
0.9903825172886622
0.9903836267095666
0.9903812603665413
0.9903863161705
0.9903868835051425
0.9903873432610825
0.9903848797734593
0.9903832834493107
0.9903850497380438
0.9903813002298344
0.9903818396460804
0.9903821511063898
0.9903776798480971
0.9903822817631445
0.9903813243268311
0.990376954378981
0.9903784157977447
0.9903770336037104
0.9903850917263832
0.9903904482055473
0.9903803655359694
0.9903858564079708
0.9903789113832941
0.990382303831826
0.9903846491587768
0.9903848092408566
0.9903809709400924
0.9903759295020358
0.9903784746146832
0.9903788823772776
0.9903777676723567
0.9903766304891201
0.9903788878707201
0.9903721461672613
0.9903741841846018
0.9903731109989233
0.990364163879677
0.9903624078228621
0.9903598472423438
0.9903673519410414
0.9903693696785902
0.9903705044151514
0.9903695460806473
0.9903701064705277
0.9903691640404606
0.9903667836321944
0.9903622789908734
0.9903713500122501
0.9903701030801964
0.9903740609795867
0.9903722094682194
0.9903681384309005
0.9903706081986475
0.9903648802776615
0.9903614272716619
0.9903616936126026
0.9903622994749716
0.9903712220837988
0.990373579227086
0.9903820464236702
0.9903840513645088
0.9903800630420792
0.9903770714065505
0.9903716725342395
0.9903683522454865
0.9903644885237166
0.9903576073424144
0.9903611955613809
0.9903588549271096
0.9903585498316096
0.9903614559902839
0.990363679337756
0.9903601399947135
0.9903556872097119
0.9903619329153959
0.9903654857719207
0.9903657869115278
0.9903658033430769
0.9903626022769167
0.9903647274191634
0.9903538880678611
0.9903463948714821
0.990347687061789
0.9903512023754478
0.990358693348876
0.9903515746624647
0.9903449672122576
0.9903396075013932
0.990339345325885
0.9903413958476094
0.990337519405748
0.990338146954177
0.9903349071148773
0.9903367449971925
0.9903305731646135
0.9903295423497321
0.9903369319215191
0.9903359320827031
0.9903363597717263
0.9903374445154087
0.9903405869333045
0.9903394192946193
0.9903389242667512
0.9903353133954355
0.9903376127042053
0.9903311005943022
0.9903317486625174
0.9903323162116122
0.990328794292168
0.990326931732951
0.9903344401106638
0.9903300574233785
0.990327913712935
0.990331570351073
0.9903286070145088
0.9903258364885528
0.990321122333014
0.9903242419435098
0.9903221918203179
0.9903183197351646
0.99031077844538
0.990312836430789
0.9903129936818084
0.9903086129917267
0.9903034515464567
0.9902995793955073
0.990295478156061
0.9902935297850566
0.9902958890923711
0.9902974907297327
0.9903006641269855
0.99030378521739
0.9903077167872297
0.990308194628176
0.9903103338890913
0.9903152767170955
0.9903180923084288
0.9903180630678532
0.9903171011108252
0.990318516407406
0.9903226058015467
0.9903214742609966
0.990322232961862
0.9903283290123166
0.9903263545713656
0.9903177040102368
0.9903173444223176
0.99031531731015
0.9903174628719446
0.9903199637059411
0.9903229606869947
0.9903191901680469
0.9903218001833964
0.9903247166710897
0.9903236415252732
0.9903233690516836
0.9903263413503139
0.9903249890101473
0.9903279847670607
0.9903239138957622
0.9903163328240554
0.9903208692824965
0.9903213464768816
0.9903206410599531
0.9903209871634531
0.9903158267725273
0.9903180019566936
0.9903182807490247
0.9903175949456072
0.9903179364636244
0.9903144759922676
0.9903154297885156
0.9903201974218162
0.9903136749823248
0.9903138557866918
0.9903092243541812
0.9903105941403906
0.9903072574843663
0.9903123807272617
0.990312747366728
0.9903132275633648
0.9903122569281584
0.9903097616056571
0.9903067817423283
0.9903126880122629
0.9903152647436776
0.9903147394759263
0.9903155960781499
0.9903122801017371
0.9903158985730313
0.9903112871832672
0.990311990521242
0.9903165431812041
0.9903190240581775
0.9903206380645336
0.9903157459814685
0.9903200386647067
0.9903179590266912
0.9903177725547752
0.9903163677077945
0.990313589229619
0.9903213228261595
0.9903237949961327
0.9903205010845243
0.9903222916840608
0.9903221954764184
0.9903262800102482
0.9903291528396393
0.99033235560671
0.990327608361291
0.9903287573413211
0.9903329413644363
0.990330494732176
0.9903328075219326
0.9903317909051864
0.990330667326305
0.9903287711502756
0.9903271081460288
0.9903294438658509
0.9903292244143228
0.9903267868739429
0.9903214226674789
0.9903204324057495
0.9903222619281942
0.9903194323028617
0.9903225818191189
0.9903193388459027
0.990316996911936
0.9903175995562351
0.9903268680768186
0.9903278964454726
0.9903263854189926
0.9903227463606941
0.9903227147974039
0.9903254418530629
0.9903238126852559
0.9903266567536422
0.9903239619311265
0.9903263756713381
0.9903290437433275
0.990328837056744
0.9903250607753653
0.9903229977046487
0.99032235336894
0.9903290668150826
0.9903308629209205
0.9903272977604947
0.9903231133241222
0.9903223658121996
0.990325110459994
0.9903265920003247
0.9903324512997663
0.9903338344450979
0.9903354826117626
0.9903354691383022
0.9903317870729444
0.9903335743214988
0.9903368260187101
0.990333966658559
0.9903319838351717
0.9903303647765013
0.9903310321058162
0.9903317065542688
0.9903298189297104
0.9903329960769537
0.9903291274653572
0.9903303974464992
0.9903334287963893
0.9903345809647529
0.9903349205740891
0.990335144229563
0.9903349482392463
0.9903432864684633
0.9903452574336777
0.9903431776576418
0.9903418456017622
0.9903412024199454
0.9903429998498343
0.9903362214584883
0.9903313902632492
0.9903303180059
0.9903315614463144
0.9903271163912951
0.9903225419389433
0.9903188844958875
0.9903207909064702
0.9903216193120684
0.9903223583668309
0.9903222048197567
0.9903244477745083
0.9903205169668694
0.9903123272052038
0.9903042439403875
0.9903000968642698
0.9903001374612397
0.9902993735756593
0.9902955269988758
0.990299301850087
0.9903015346942075
0.9903054060789114
0.9902982477554565
0.9902965020577325
0.9902949276401709
0.9902925654804529
0.9902945362572367
0.9902923276836254
0.990287549979671
0.9902877184137637
0.9902898966369752
0.9902882602419776
0.9902859571040716
0.9902868561934169
0.9902901233011905
0.990287443515855
0.990285555265917
0.9902827173123416
0.9902835822275197
0.990283572548328
0.9902846156364578
0.9902837826492279
0.9902848924950697
0.990287776943232
0.9902868433394897
0.990287278685858
0.9902870412917579
0.990286004475615
0.99028367935334
0.9902848105375929
0.9902863814490759
0.990286561349017
0.990283755063086
0.9902879128818552
0.9902812367512787
0.9902870849701264
0.9902878650166326
0.9902875160932761
0.9902883385550768
0.9902922900323461
0.9902934849548095
0.9902943828853555
0.9902948773205711
0.990292574645068
0.9902931341854043
0.9902979512026264
0.990301401379501
0.9903005093385879
0.9903027686344423
0.9903050467425137
0.9903062042187847
0.990302183168058
0.9903037175164103
0.9903047566172946
0.9903059605778102
0.9903108089449122
0.9903049412505824
0.990308421454952
0.9903043976556102
0.9903025078103711
0.9903047513728014
0.9903041268053728
0.9903011116605384
0.9903055861578316
0.9903052766799535
0.990306476454182
0.9903072981893821
0.9903062913520838
0.9903035128103689
0.9903066598290515
0.9903082988287298
0.9903118823522855
0.9903123895532625
