0.9756131970987185
0.9816845826686806
0.9861893486953418
0.9872181699942729
0.9878393034280678
0.988538057112098
0.9891631238927522
0.9891271399137597
0.9896681477865136
0.9891705100977579
0.9897874225623167
0.9903592002207734
0.9905936024068971
0.9905833886047254
0.9903749398362952
0.990366819454742
0.9903722863171481
0.9904064923550872
0.9903910318349953
0.9902728592005806
0.9901704386656041
0.9901892802460807
0.9902995161896998
0.9902095831993102
0.9901194978782688
0.990064435079017
0.9901339416019352
0.9901080685491345
0.9901348426909757
0.9902332255170017
0.990186394878056
0.990100989674255
0.9901062935436348
0.9901421739720279
0.9902448769441587
0.990169278511447
0.9901735716272523
0.9901477221056605
0.9902479437142789
0.9902401286966867
0.9901184996680648
0.9900916809853575
0.9900859167587543
0.99015098588171
0.9901058381358375
0.9900848078507788
0.9901038223261804
0.990135813108088
0.9901631009814306
0.990250190341045
0.990335322172328
0.990335363556761
0.9903767557031308
0.990392133397388
0.9903693961999269
0.9904794591491529
0.9905074060364232
0.9905042995163066
0.9905747412777683
0.9905000474426431
0.9905105600019877
0.9904182022508586
0.9904223521410142
0.9903761345274549
0.9903849702569677
0.9903288082879018
0.9903046203478736
0.9902061581637378
0.9902331593396552
0.9902640040713044
0.9903053058349495
0.9903013282525813
0.9902963632401066
0.9902791800196105
0.9902431647019764
0.9901995111721987
0.9901418298577992
0.9900976968894055
0.9901077530583304
0.9901080009875639
0.990162080848132
0.9901168990960982
0.9900891652359081
0.9900943197126695
0.9900392753306227
0.9900810208722703
0.9901006080288934
0.9901406282858026
0.9901523561897797
0.9901656803852419
0.9901602423338637
0.99016269428959
0.9901986416769641
0.9901630878198806
0.9901073257058515
0.9900768703729651
0.9900910389751172
0.9900595990967814
0.9900104165502506
0.9900174091313815
0.9900490263509907
0.9900789737520369
0.9901532335282787
0.990150540830799
0.9901535634037798
0.9901643466369147
0.9901786035295586
0.9901382478663653
0.9901621455157287
0.990162566001181
0.9901217905714007
0.9900720651631578
0.9900734728130544
0.9900555068748573
0.9900611742929274
0.9900540868053308
0.9900169267986099
0.9900434151599945
0.989984220406473
0.9899867124023676
0.9899731145972883
0.9899667303810669
0.98992910832632
0.9899695488288097
0.9899843796066871
0.9899940337893821
0.9900080431768998
0.9900152733517131
0.9899903154904042
0.9900273919061627
0.9900577492140219
0.9900292883360671
0.9899980879646368
0.9899519326638311
0.9899443512124665
0.9899285695858238
0.9899190694450162
0.9898931085150535
0.9899306991634902
0.989940889937304
0.9899501055653804
0.9899919413119708
0.9899381299660786
0.9899798671704821
0.9900083871431173
0.9900276641477163
0.990020271941167
0.9900064463397176
0.9899621262255153
0.9899467570973618
0.9899671550828311
0.9899921295745261
0.990033749699911
0.9900163577178412
0.9899987189836355
0.9899951236914106
0.9899840575667748
0.9900052047155437
0.9899894796724792
0.9899739450716488
0.9899387088640119
0.9898986286034459
0.9898994885860369
0.9899334134531308
0.9899502229219959
0.9899390443308824
0.9899248450251756
0.9899171951813343
0.989917723660152
0.9899266132678588
0.9899351703300392
0.9899693359377971
0.9899817862426668
0.9899569627335643
0.9899664385070497
0.9899399404823058
0.9899325325803263
0.9899291757250888
0.9899296754531951
0.9899166481635115
0.989923325020784
0.9899278997419901
0.9899338075470909
0.9899635906369747
0.9899746764873985
0.9899775737042079
0.9899755929674705
0.9899669593031872
0.9899619238587426
0.9899650485602448
0.9899441824472758
0.9899407984118792
0.9899391821072391
0.9899356844049934
0.9899515663648326
0.9899733878515966
0.9899928542425982
0.9899997134999973
0.9900176200112616
0.9900135930589526
0.990013400672966
0.9900203856678428
0.9900034949911292
0.9900464578768821
0.990042423829156
0.990061937473776
0.9900818223431085
0.9900965920802682
0.9900924423672148
0.9900930354302186
0.9900826315999535
0.9900861187924815
0.9901052754983516
0.9901104020055206
0.9901008395379037
0.9901270250387604
0.9901199033773947
0.9901185339976506
0.9901433238373752
0.9901725759908079
0.9901772190551424
0.9901727579225772
0.9901532356121399
0.9901311159507821
0.9901355235423234
0.9901557078835572
0.9901836151343184
0.9901825170752157
0.9901577812489927
0.9901762059276217
0.9901874570122052
0.9901722440346054
0.9901636168783176
0.9901661896063276
0.990159979311775
0.9901665731835977
0.9901579003939042
0.9901605777576215
0.9901479720687263
0.9901395263692545
0.9901483477413553
0.9901471172008487
0.9901210136894095
0.99011590533107
0.9900936469180392
0.9901046671666007
0.9901141427235186
0.9901134785035349
0.990127189739023
0.990147779375331
0.9901635579129355
0.9901491876544866
0.9901450797598318
0.9901388431084372
0.9901376197397451
0.9901358377325992
0.9901100324546503
0.990111362729781
0.9900989836738003
0.9900878370196794
0.9900959434603712
0.9900851026357068
0.9900799076751975
0.9900839494567907
0.99006696563297
0.9900761125520541
0.9900767660811873
0.9900763383023555
0.9900994681371461
0.990106824610738
0.9901279769913776
0.9901133632948592
0.9901019040048962
0.9900976382371268
0.9900899415663709
0.9901003741753989
0.9901031506512288
0.990108012230981
0.9901237924130187
0.9901302856017734
0.9901462957125733
0.9901460610788929
0.9901435392851886
0.9901460695336641
0.9901254492751699
0.990121300803782
0.9901212683104506
0.9901397351712883
0.9901398692865944
0.9901386425226062
0.9901257215102215
0.9901201925046081
0.9901189623241604
0.9901143849552122
0.9901001522463629
0.9901180557584945
0.9901143562022697
0.9901009260629522
0.9901226739021182
0.9901196965500769
0.990112073534916
0.9901243215752881
0.9901146016046628
0.9901300785183281
0.990147091768818
0.9901555255770224
0.9901629629539352
0.9901494433070633
0.9901572437248453
0.990160683867502
0.9901723944581582
0.9901778385801143
0.9901627725222413
0.990161152573114
0.9901695419661212
0.9901734329208831
0.9901807152707504
0.9901829023914467
0.9901753736855514
0.9901795080132789
0.9901847011965631
0.9902048956766367
0.9902095376113664
0.9902055115817125
0.9902061364642928
0.9902151250663822
0.9902369806824638
0.9902389905459192
0.990229085871756
0.990229912697991
0.9902283827037247
0.9902217910009586
0.9902103545455205
0.9902153592412863
0.9902283750306677
0.9902213994856907
0.9902224548467806
0.9902211854299028
0.9902247784691448
0.9902205912293144
0.9902196016385525
0.9902217109490521
0.9902256723859465
0.9902232324468886
0.9902250663404155
0.990228250097348
0.9902162559037165
0.9902181036410278
0.9902188230401372
0.9902235711566739
0.9902254185395418
0.9902139391545023
0.9902144944704521
0.9902116878850559
0.9902181837460571
0.990232640502979
0.9902347975251083
0.9902191445884435
0.9902221146181706
0.9902262703240902
0.9902325211285121
0.9902308210072571
0.9902352143205189
0.9902461711472982
0.9902415831842302
0.9902375727724608
0.9902500837849061
0.9902394337476056
0.990239775628571
0.9902281989170126
0.9902460115349837
0.990240835223399
0.9902549870617346
0.9902422176131297
0.9902476202274559
0.9902386603515941
0.9902451811153938
0.9902509766762685
0.9902481988906423
0.9902451733817178
0.9902363934917077
0.9902435239541169
0.9902389090209518
0.9902403871152295
0.9902340587930033
0.9902382018189355
0.9902335694105499
0.9902237945608182
0.9902238791377583
0.9902254997675619
0.9902248865872548
0.9902102731290301
0.9902183161551574
0.9902129433054517
0.9902125077917945
0.9902087337285143
0.990197996086729
0.9901991635082045
0.990193201343898
0.9901957878310447
0.9901955064888218
0.9901988562287163
0.9902058100809032
0.990214225105735
0.9902195736934103
0.9902177826252883
0.9902160153316467
0.9902082312786059
0.9901977751892161
0.9902098015230355
0.9902035250482663
0.9901996589518669
0.9901989457153393
0.9902096094414321
0.9902038048628308
0.9902023438148653
0.9902100947730161
0.9901991993723694
0.9902098991190537
0.9902095062296032
0.9902096392172142
0.9902135398205714
0.9902002528583463
0.9902021516994081
0.9901945800233382
0.9901950306137381
0.9901938480038919
0.9902001647166034
0.9902134117473286
0.9902159899400517
0.9902166439299651
0.9902205908710835
0.9902159282625843
0.9902269931995977
0.9902283934186901
0.9902294526047676
0.9902236060181113
0.9902361728270869
0.9902335550121788
0.9902457289174142
0.9902431937310244
0.9902438838666826
0.9902450394034741
0.9902383178041021
0.9902431878800463
0.9902455316130736
0.9902393407740263
0.9902246265451792
0.9902146200225256
0.9902127809343106
0.9902205073253728
0.99021488902244
0.9902119413568582
0.9902116397854338
0.990207502307829
0.9902088221992695
0.9901972405475931
0.9901925209165224
0.9901812046997046
0.9901813976945388
0.9901827091976849
0.9901842568419067
0.9901780783966737
0.9901697771490076
0.9901624814173519
0.9901542134661968
0.9901456568744007
0.990147126030537
0.9901324623926209
0.9901296353543079
0.9901351896223187
0.9901297945374024
0.9901168119476191
0.9901107152509347
0.990105860854209
0.9901089789945867
0.9900983304113506
0.9901091880638525
0.990111826080539
0.9901119364294249
0.9901111888766366
0.9901211431638884
0.9901260202490061
0.9901226288610497
0.9901250828671055
0.9901129887006234
0.9901200046774996
0.9901169013014007
0.9901192184783157
0.9901140454139779
0.9901153342163203
0.9901136933466229
0.9901171251221673
0.9901140385693243
0.9901052212750017
0.9901120444374255
0.9901161840010843
0.99011416319043
0.9901119405186428
0.9901065062599336
0.9901102540301665
0.9901090268487637
0.9901076078753207
0.9901001468116964
0.9901040430311278
0.9901063574233498
0.9900991781614733
0.9901027851354426
0.9900964988625295
0.9900944596742954
0.9900894425857473
0.9900893531735525
0.9900830607266915
0.9900856571441085
0.9900852497980914
0.990080011113727
0.9900847713018456
0.9900746270985369
0.990082769199368
0.9900797792779333
0.9900778071309068
0.9900827533072373
0.9900796917979904
0.9900815316975489
0.9900715511016707
0.9900718357657528
0.9900655887395262
0.9900733200542586
0.9900756725014034
0.9900803099964334
0.9900691797182011
0.9900744478006952
0.9900690498990358
0.9900801270592541
0.9900841335122144
0.9900889083709143
0.9900858310855657
0.9900813278918126
0.9900860353668098
0.990094375377997
0.990101362031043
0.9901041363897907
0.990107151779803
0.9901102154245346
0.9901058300298886
0.9900988608498661
0.9901011664292757
0.9900984628850638
0.9901036505832547
0.990097948421168
0.9900912632239974
0.9900934200600658
0.9901026132847781
0.9901110100375239
0.9901132504702707
0.9901056179894112
0.9901082160117929
0.9901008568647967
0.9901014783265445
0.9900954012421033
0.9900931434037455
0.9900987015889393
0.9901021878006623
0.9900981959123131
0.9901010727066922
0.9901090000513001
0.9901105545017864
0.9901086260804233
0.9901075558939003
0.9901077910870992
0.9901053653883438
0.9901093065523852
0.9901099268836632
0.9901072739002381
0.990101713492577
0.9900992422666245
0.9900998965422411
0.9901053895133008
0.9901007945562741
0.990100875188811
0.9901028852399659
0.9901012276675771
0.9901053131448905
0.9901094028376248
0.9901174071682142
0.9901135466582069
0.9901062161542095
0.9901103852125143
0.9901045471509002
0.9901026200498505
0.9901038665074181
0.9900978799177538
0.9901035034919096
0.9901053735385682
0.990105544885383
0.9901068461796975
0.9901077357682796
0.9901107125139006
0.9901068457513958
0.9901058891219676
0.990111581841612
0.9901151830149829
0.9901156547538519
0.9901129827926042
0.9901152269781508
0.9901082041854002
0.9901041599144672
0.9901083622894685
0.9901106583730147
0.9901034474986407
0.9900975791939405
0.9900978735852244
0.9900932114431709
0.9900954536758815
0.9900966245729051
0.9900857932709871
0.990086075376898
0.9900927311394965
0.99009965388525
0.9900995932419392
0.9900949652003259
0.9900970392557685
0.9900979151834096
0.9900889722073841
0.9900827770626607
0.9900793512631934
0.9900764170646975
0.990070407340568
0.9900754294308908
0.9900743326567196
0.990085666748129
0.9900826493344482
0.9900899530395699
0.9900928873622431
0.9900937082428637
0.9900919380000573
0.9900899102872827
0.9900895042540849
0.9900813976953733
0.9900725847161705
0.9900734824241263
0.9900701758453669
0.9900760951224223
0.990071613762329
0.9900716752462091
0.9900711329909586
0.9900699882371898
0.9900778383542388
0.9900850982312142
0.9900742743130378
0.9900784502853227
0.9900713820426084
0.9900741074046455
0.9900755278837905
0.9900807593291657
0.9900844236340285
0.9900819191334922
0.9900902244046915
0.9900918743114203
0.9900929727118349
0.9900875529165902
0.9900922331865116
0.9900919097176081
0.9900928431933542
0.9900923595275941
0.9900929596918999
0.9900948409086803
0.9900917250605659
0.9901024603636314
0.9901067690681358
0.9901042746338197
0.9901010805092197
0.9901041455158415
0.9901034218836001
0.9901043177512376
0.9901001403805516
0.9901062293716983
0.990101225680671
0.9901005453742782
0.9901009110883211
0.9900986140254349
0.9900987256843967
0.9900935995852465
0.9900859173768142
0.9900765781901486
0.990073539405048
0.9900789079362893
0.9900795957910935
0.9900785503221715
0.9900767277381131
0.9900719210409598
0.9900660925796401
0.9900617055964439
0.9900545814789996
0.9900504286259912
0.9900413001976442
0.9900371184011578
0.9900356652259973
0.9900289709260146
0.990033482914181
0.9900346369369387
0.9900376077618516
0.9900400804679348
0.9900401857284661
0.9900516671822661
0.9900490473132147
0.9900492961714639
0.9900490444910952
0.9900517500698217
0.9900437043495444
0.9900434332479969
0.9900442601562387
0.9900478461401315
0.9900540042228755
0.9900500336224008
0.9900440509813366
0.9900416205608673
0.9900368211738898
0.9900386516653185
0.9900343719024989
0.9900313284613704
0.9900301213270334
0.9900308988020348
0.990017351069101
0.9900152101496688
0.9900185248803876
0.9900148420332111
0.9900103912688273
0.9900126996794695
0.9900174458765354
0.9900112488265953
0.9900135290438054
0.9900069746717484
0.990005340185748
0.9900023270206892
0.9899987548311379
0.9899972267544368
0.9899899608260638
0.989985612070026
0.989993256817752
0.9899901671133493
0.989990196850653
0.9899927161813536
0.9899895245198435
0.9899863724644095
0.9899847695187289
0.9899812266357986
0.9899772935365145
0.9899752476481238
0.9899668576574452
0.9899644125132244
0.9899592681968042
0.9899609839159719
0.9899586879852671
0.989958369680912
0.9899568112072686
0.9899591559718692
0.9899565190991647
0.9899629053644659
0.9899678703534098
0.9899728794814008
0.9899809303201372
0.9899833273776981
0.9899860255270121
0.9899883056323131
0.9899891112029365
0.9899913419685855
0.9899905861276362
0.9899879523831097
0.9899904601037807
0.9899926390183706
0.9899954777129761
0.9899990009662945
0.9899982149489399
0.9899947149915779
0.9899954319059117
0.9899924225124523
0.989988446402014
0.9899881589776559
0.9899922733413292
0.989984854711948
0.9899851607111958
0.9899868136590816
0.9899881738875473
0.9899866516202839
0.9899823755919356
0.9899879098605204
0.9899911888532554
0.9899911717455311
0.9899859259843071
0.9899887681300016
0.9899862495483366
0.9899850120058701
0.9899827780632222
0.9899823642594089
0.9899798944769861
0.9899758379762682
0.9899710606004934
0.9899671334388443
0.989961843153296
0.9899668339734761
0.9899691335020058
0.9899612711012259
0.9899594016433876
0.9899584839599042
0.9899622145015543
0.9899642008206793
0.989967242492717
0.9899669837051058
0.9899702475796028
0.9899679033005894
0.9899705455167026
0.9899687047932578
0.9899724077626254
0.9899773410002781
0.9899765161385351
0.9899759181294194
0.9899815524407571
0.9899831059390843
0.9899846697408455
0.9899818043428175
0.9899898306951901
0.9899928769066544
0.9899952748055687
0.9899882034491487
0.989992612077765
0.9899888272179472
0.9899818214064394
0.9899852675768241
0.9899847005232405
0.9899887316222267
0.9899895931010112
0.9899834934889794
0.9899804720569867
0.9899754259032246
0.9899759574874137
0.989974464793549
0.9899778588320487
0.9899805605466109
0.9899799671185481
0.9899837929323709
0.9899846767879129
0.989985023802806
0.9899863828833232
0.9899880915010635
0.9899843247033131
0.9899844891493785
0.989984283077704
0.9899838880413795
0.9899802744519541
0.9899748021124368
0.9899771295704756
0.9899791053480144
0.9899818450940531
0.9899847234628462
0.9899802730264508
0.9899813527193547
0.9899827621869765
0.9899884368460066
0.9899951395483466
0.9899940628302446
0.9899907883102823
0.9899911418869349
0.9899920947730825
0.989994678503925
0.9899978948326429
0.9899942460106346
0.989995270308989
0.9899963131390527
0.9899959056925137
0.9899918799251985
0.9899896878843965
0.9899874851148269
0.9899873388049556
0.9899824536560062
0.9899787539742643
0.9899779878322968
0.9899817113767593
0.9899839243223754
0.9899883897866607
0.98999448265013
0.9899963132633242
0.9900024870214849
0.9899968166963681
0.9899948818614929
0.9900011322992606
0.9900046117525163
0.9900029812355562
0.9900036746588203
0.9900023146056337
0.9900032564925451
0.9900029326456169
0.9900035142695591
0.9900019639672184
0.9899987041988627
0.9900045544342165
0.9900020816802128
0.9900040439086862
0.9900051031181343
0.9900063443398522
0.9900074865904248
0.9900123091463435
0.9900127807304382
0.9900142842337954
0.9900131156486146
0.9900104131698836
0.9900163983862798
0.9900099958960175
0.9900049751465241
0.9900000284557541
0.9900087654902296
0.9900065647513187
0.990000193905352
0.9899962309332374
0.9899934920910369
0.9899917135819898
0.9899971869363211
0.990000935287142
0.9900019038993213
0.9900016932093505
0.9899933709112346
0.9899906705948538
0.9899946261254493
0.9899914751001424
0.98998940594792
0.9899869683608736
0.9899870125996094
0.9899872897863012
0.9899865421818405
0.9899861582732828
0.9899828510412608
0.9899860098336591
0.9899880123317443
0.9899870245826778
0.9899832459177317
0.9899805600066388
0.9899789079521852
0.9899810120802109
0.9899810070432332
0.9899765303044031
0.9899773820674832
0.9899803623577289
0.9899792089639141
0.9899802022580635
0.9899842934694555
0.9899806192319229
0.9899786228161315
0.989979484033414
0.9899842716679422
0.9899841548642373
0.9899840853173317
0.9899841595569068
0.9899878592369729
0.9899860877775478
0.9899835967906582
0.989986871869453
0.9899874326452001
0.9899898082385209
0.989988133014019
0.9899793385967229
0.9899822049142882
0.9899802174422624
0.9899855126594072
0.9899834516726564
0.9899881086494351
0.989987161428914
0.9899905038819999
0.9899874032537019
0.9899904455812681
0.9899931038222775
0.9899892155886566
0.9899928970797224
0.9899993249178941
0.9900035421400487
0.9900035220018714
0.9900069461832184
0.9900099461037932
0.9900117642632194
0.9900107289552778
0.9900134819119824
0.9900117321223542
0.9900116967892105
0.9900145453140423
0.9900120362151674
0.9900123928976226
0.9900125948496987
0.9900151118900345
0.9900191726631226
0.9900198511648819
0.9900176948317995
0.9900210906619522
0.9900251806282678
0.9900263627235995
0.9900222032459332
0.9900206144496496
0.9900208481290866
0.9900235232862973
0.9900178834329212
0.9900177165646004
0.9900197719972137
