0.975993901818273
0.9806050624964217
0.9847218158781592
0.9854393926689368
0.9867956977547931
0.9868093452912652
0.9874110506624273
0.9878792919724254
0.9879818095802498
0.9875875127532578
0.9879242679405498
0.988388348138901
0.9887435205587486
0.9886651732468945
0.9887877944509137
0.9890073218497656
0.9889326586003633
0.9888143126977568
0.988920710069763
0.9888893093107466
0.9887387584517284
0.9888848556886249
0.9889970861905005
0.9890245158117995
0.9889989056554815
0.9888652990429444
0.9889289653080002
0.9888411253548065
0.9890146232795723
0.9890270271296283
0.9889980196351118
0.9889760991267007
0.9890414643963793
0.9891620728755948
0.9891896879427137
0.9892450892412583
0.9892016578327036
0.989135201054707
0.9891967128858721
0.9892198909122728
0.9891000609904989
0.9891033354869345
0.9891020621168826
0.98917238009456
0.989289629136361
0.9892076676347623
0.9892253049005845
0.9892395299397095
0.9891973052150885
0.9892609068041726
0.9893222587407371
0.9893022619024326
0.9893392324592666
0.9893554239670477
0.9893050282774171
0.9893615389559535
0.9893606888332865
0.9894116357616627
0.9895458242543839
0.989425340129124
0.9894018804102895
0.9894164100255105
0.9894115411765533
0.9893642946294912
0.9893906532884247
0.9893618265853774
0.9893739809643365
0.9893615382804852
0.9893599068087889
0.989390163357489
0.9893864691443921
0.9894350033425201
0.9894119401303231
0.9894164858048077
0.9893674660586705
0.9892717285129397
0.9892428877743581
0.9892499650638998
0.989257635821744
0.9892416632458609
0.9892468004987107
0.9892039082621777
0.9891773466107672
0.9891945887645379
0.9891481394528143
0.9891756102842958
0.9891350504104703
0.9891497763123046
0.9891743839369491
0.9891838229917859
0.9892053007200794
0.9891408378298874
0.9891706143369877
0.9890796890519002
0.9890381465344829
0.9890115561901817
0.9890057688846133
0.9889587906180957
0.9889188320184802
0.9889275503240428
0.9889545089313048
0.9889975368750068
0.9890704775354566
0.989041568700207
0.9890861790598607
0.9890987035275921
0.9891448321599081
0.9891504788662012
0.9891619517032579
0.9891507719498012
0.989138789071988
0.9890750071322717
0.9890754482072495
0.9890743670111274
0.9890605877726535
0.9890416284296806
0.9890220174773602
0.9890539541138873
0.9890477088125573
0.9890255713220617
0.9890538810560137
0.9890315315141635
0.9889924782763003
0.9890167347613603
0.9890347023372374
0.9890482513905526
0.9890397193990327
0.9890681903789991
0.9891028261451198
0.9891154851719284
0.9891761066164748
0.9891432710340797
0.9891140866529848
0.9890922763782568
0.989075498626246
0.9890467025623064
0.9890155902095511
0.9890096828390963
0.9890316535618159
0.9890909641258386
0.989097382564098
0.9891366742092107
0.9890894267830728
0.9891021527176751
0.9891341709288238
0.989135412699789
0.9891434314871531
0.9891284763918686
0.989100390783089
0.9890726103312938
0.9890988206525951
0.9891070422901292
0.9891236851972797
0.98912483207709
0.9891022149989902
0.9891101519157434
0.989105523539801
0.9891232891610633
0.9891488668078067
0.9891675761125049
0.9891493493394118
0.9891291755145869
0.9891241552813202
0.9891560274115125
0.9891852135701557
0.9891870173392185
0.9891880067791023
0.9891832462591031
0.9891838464382218
0.9891984254773174
0.9891994371837882
0.9892473044017797
0.9892614729184229
0.9892569012822992
0.9892283655913104
0.989201321902746
0.989184448166072
0.9891636354711025
0.9891491820689741
0.9891686922031135
0.9891633210666645
0.9891651305930147
0.9891670583836147
0.9892089833503375
0.9892178748534503
0.9892235589382912
0.9892085987098138
0.9892097261005516
0.9891964195970453
0.9891908140229386
0.9891726280422252
0.9891648466816898
0.9891634778001738
0.9891399001135877
0.9891291313735114
0.9891581086644106
0.9891966377720824
0.9892013936298016
0.9892183418693132
0.9891892690238036
0.9891975365946948
0.9892206194154358
0.9892206034805104
0.9892417588386629
0.9892337767411876
0.9892562119533179
0.989277359058351
0.9893114502190871
0.9893011245833683
0.9893048092675192
0.989298054445043
0.9892969618947994
0.9893101879307805
0.989307756707463
0.9893275636845004
0.9893198883173243
0.9893088901377192
0.9893120211105036
0.9893341577127908
0.9893568430244905
0.9893707598120555
0.9893601495273477
0.9893471298442834
0.9893402445271593
0.9893379587643936
0.9893246501383477
0.989332624125579
0.9893372269441554
0.9893210595164987
0.9893350924717847
0.9893396411219286
0.9893453355028816
0.9893340234411764
0.9893342676605564
0.989337469207748
0.9893567225289501
0.9893617760125339
0.9893495092292662
0.9893685303899613
0.9893688348778129
0.9893846391018588
0.9893898126079878
0.989358563563735
0.9893591911888089
0.9893447272795075
0.989359735416815
0.989372588903906
0.9893654401501546
0.9893743481380709
0.9893930380155438
0.989407166275998
0.989392776959984
0.9893976595767545
0.9893939289039927
0.9893969189970797
0.9894015605000201
0.989388911789665
0.9894004130430407
0.989390315858389
0.9893988378751178
0.989409887222834
0.9893963251755148
0.9893847809885442
0.9893842678323554
0.9893739582805309
0.9893646898589562
0.989348002828024
0.9893376250976558
0.9893610944116163
0.9893479972875651
0.9893724421665696
0.989367378427744
0.9893519176228861
0.9893374876627328
0.9893357655628404
0.9893466387468682
0.9893392207600712
0.9893474880265278
0.9893448426932959
0.9893456891519226
0.9893501770068472
0.9893432848998914
0.9893349820656919
0.9893293523419951
0.9893221463225043
0.9893113840430995
0.9893106145219176
0.9893188663359614
0.9893264221950328
0.989316034429151
0.9893072778677703
0.9892921427835489
0.9892772653248677
0.9892759288703696
0.9892675384526992
0.9892827885615245
0.9892718942730252
0.9892696772549087
0.9892805932395816
0.9892809503967045
0.989277579267265
0.9892898149816611
0.989280547817904
0.989297816360646
0.9893223261970596
0.9893323632484025
0.9893460027075749
0.9893364398180399
0.9893358421461167
0.9893420034401311
0.9893399098342284
0.9893577761266529
0.989354258039585
0.9893480477222399
0.989359885256806
0.9893504951378456
0.9893593508775551
0.9893506441896146
0.9893461094846201
0.9893565855240123
0.9893550125653237
0.9893691611986459
0.9893849980190006
0.9893757624292931
0.9893788469825704
0.9893865860163139
0.9894116289248737
0.9894227483867186
0.9894198335210528
0.9894235577011609
0.9894341082304954
0.989431176428195
0.9894134007389646
0.9894096226482629
0.9894138835698779
0.9893974906037786
0.9893845879453851
0.9893826415907019
0.9893950670038646
0.9893986149268105
0.9894062556717348
0.9894063912426623
0.9894189920390205
0.9894113854222817
0.9894185125032992
0.9894135304567605
0.9894026642367992
0.9894105236448563
0.9894137295683798
0.9894173267947967
0.9894210489640823
0.989419138783285
0.989413624711439
0.9893994125145611
0.989399063294202
0.9894135244974132
0.9894199702078911
0.9894300123946259
0.9894256223106839
0.9894434023350811
0.9894346575095745
0.9894272913948392
0.9894293126304705
0.9894313223786646
0.9894226715505064
0.9894223269004377
0.9894271922735545
0.9894291451645787
0.9894191293795899
0.989401444902922
0.9894076745644833
0.9894037912885653
0.9894094669074711
0.9893939506799627
0.9894031265266383
0.9893901311427629
0.9893841491617789
0.9893910699801097
0.9893799436768339
0.9893716395164686
0.9893587500111823
0.9893691933698874
0.9893684834143026
0.9893606846697413
0.9893578813874055
0.9893627413008325
0.989345925080846
0.9893461749270238
0.9893481700555578
0.9893464065105438
0.9893464412000836
0.9893514356016091
0.98935411845031
0.9893536270888887
0.9893488921344186
0.9893539360728896
0.9893405960263135
0.989345640946063
0.9893254321001663
0.9893139420747226
0.9893203162878476
0.989322298063364
0.9893266962564444
0.9893266906111988
0.9893380515521497
0.9893466495561412
0.9893440300288767
0.9893404905823344
0.9893408433511015
0.989351917915941
0.9893426146954638
0.9893301240765079
0.9893332636396152
0.9893377114308936
0.9893368557978138
0.9893408129155554
0.989348348173801
0.9893409759204814
0.9893612458062941
0.989361747471641
0.9893602175162974
0.9893663071337089
0.989357412913098
0.9893569086531933
0.9893423768308947
0.9893460541627469
0.9893480213825423
0.9893564397256144
0.9893675697060816
0.9893649099220985
0.989374049787645
0.9893740297785191
0.9893661331573451
0.9893734928932397
0.9893745964459607
0.9893802061246546
0.9893752758439817
0.9893842279417191
0.9893784955555074
0.9893869246511321
0.989385890141584
0.9893905762805499
0.989391257286848
0.98939010641048
0.9893977754234153
0.9893947838272252
0.9893877330101081
0.989372571322546
0.9893613292884114
0.9893684323520946
0.9893680207771378
0.9893631330692718
0.9893533926084426
0.989350422244566
0.9893443077714061
0.9893476900986518
0.9893498918277999
0.9893477814817021
0.9893307013639783
0.9893225220682222
0.9893220420855483
0.9893329250053992
0.9893344104458337
0.9893239986269559
0.9893244635236461
0.9893259308827487
0.989324161799027
0.9893388190200061
0.9893234571731924
0.989323803732811
0.9893392903574038
0.9893461217163388
0.9893341591859256
0.9893287557224361
0.9893246070466656
0.9893334385911345
0.9893236069241235
0.9893279640269841
0.9893218144693273
0.9893248150161946
0.9893192275394496
0.9893321104714011
0.9893408641541005
0.989336356993903
0.9893397393915264
0.9893306410379051
0.989333439917442
0.9893280726438645
0.9893356211086579
0.989325550743813
0.989313590511449
0.9893187846731679
0.989312737935557
0.9893070361254834
0.9893043569896373
0.9893099978621779
0.989307797226446
0.9893110215970314
0.9893078151220487
0.9893058916102776
0.9893074848685651
0.9893027540752913
0.9893070472065905
0.9893026902380625
0.9893060250516845
0.989312052723423
0.9893097208224431
0.9893124837303179
0.9893222648284552
0.9893219682766977
0.9893109684556696
0.9893011416543847
0.9892927652039458
0.9892913956937619
0.9892863875536364
0.9892895158699818
0.9892963541981918
0.9892963844278407
0.9892978315363428
0.9892962196631435
0.9893009558593239
0.989299429757933
0.9893051126440909
0.9893031998543989
0.9892962878023739
0.9893017334495905
0.9892949475444793
0.9892971930873762
0.9893021633495287
0.9893046995745327
0.989304059576469
0.9893011218096135
0.9892998253762288
0.9893071325727323
0.9893111935682959
0.9893043556972796
0.9893079902639509
0.9893082767722694
0.9893061821660137
0.9893137107287905
0.9893131129791222
0.9893163327612265
0.9893163806569468
0.9893156008319848
0.9893059553143582
0.9893001749552333
0.9893028569242295
0.9893063516777371
0.9893072677802673
0.9893008924647629
0.9892960970233743
0.9892986909107057
0.9893087403982079
0.9893097633137871
0.9893023036380018
0.9892895237738059
0.9892845317811497
0.9892836584567868
0.9892812221056608
0.9892763649941849
0.9892677459172424
0.9892752578726909
0.9892764385956143
0.9892759184633826
0.9892905311051956
0.9892958549503269
0.9893040523178492
0.9893063090177114
0.9893052716395693
0.9892993914002604
0.9893000817239874
0.9892964298132277
0.9892961253930408
0.9892997416248195
0.989292845842706
0.989285415099572
0.9892830343870233
0.9892846493581768
0.9892839005367755
0.9892827463982353
0.9892819511691828
0.9892785985389023
0.989282822430468
0.9892866098457335
0.9892912343969387
0.9892872147554891
0.9892773863721385
0.9892778145471967
0.9892691458699714
0.9892552016557968
0.9892600165136006
0.98926016047246
0.9892636999657284
0.9892659130403822
0.9892721294955282
0.9892682041708409
0.9892693800703829
0.9892815754282007
0.9892799736075486
0.989270402315057
0.9892721582615687
0.9892831988942395
0.9892820464858553
0.9892865662741358
0.9892888841169244
0.9892901285914442
0.9892866889880995
0.9892910731268668
0.9892940351878966
0.9892863093420386
0.9892821769410562
0.9892787331800561
0.9892829823248745
0.989282072495747
0.9892766407947119
0.9892661478742226
0.989270796408671
0.9892721307138386
0.9892716292352205
0.9892779271508197
0.9892832676697563
0.9892838369249009
0.9892837519576435
0.9892773238090992
0.9892716868623267
0.9892693592034242
0.9892735344779073
0.9892663057290608
0.9892665281808203
0.989263947446258
0.9892623774027501
0.9892649094310978
0.9892717756014996
0.9892703765804238
0.9892711477298983
0.9892688713268012
0.9892690793495287
0.9892697666977438
0.9892687779365359
0.9892702938222201
0.9892689027860672
0.9892683003248127
0.989272784913813
0.9892744803442568
0.9892739792903537
0.9892751205854398
0.9892741261498489
0.9892769904796238
0.9892839002825449
0.9892797967780107
0.9892847829984465
0.989278329756776
0.9892871055978937
0.9892898542722326
0.989286644200251
0.9892827331778656
0.9892806997355372
0.9892841452728354
0.9892798232291218
0.9892834418237964
0.9892824704361549
0.9892838036085642
0.9892754179166631
0.9892770128879693
0.9892791483285241
0.9892777273594099
0.9892774640413182
0.9892751384444962
0.9892884842954683
0.9892865152634929
0.9892895676178568
0.9892870802339678
0.9892910320128845
0.9892895321730981
0.989291674193403
0.9892846538317764
0.9892902143410992
0.9892883336694767
0.9892960088035483
0.9892974169535624
0.9892947281935527
0.989298759485452
0.9892903245608459
0.9892894598561547
0.9892864540666538
0.9892866573156384
0.9892889557072656
0.9892882109340652
0.9892876320630055
0.9892870399691149
0.9892924127297631
0.9892907397786441
0.9892896683852463
0.9892924257391418
0.9892878758193727
0.9892872004590204
0.9892875884712549
0.9892883446864831
0.9892763415238639
0.9892801102542462
0.9892768564498928
0.9892748972690879
0.9892747713064274
0.989279766764789
0.9892859827892725
0.9892806269401302
0.9892794069037653
0.9892756818147098
0.9892746485721895
0.9892697426678452
0.989265001233238
0.9892646625880684
0.9892624463641965
0.989266176915709
0.9892641690755266
0.9892608370765035
0.9892574000754608
0.9892581977137237
0.9892614451879789
0.9892535651390545
0.989250431506571
0.9892479722555073
0.9892485916807225
0.9892348211367451
0.9892335139308525
0.9892384776242767
0.9892314413059564
0.9892332551029058
0.9892355797612323
0.989242702656472
0.9892368981962916
0.9892413648555373
0.98923715060109
0.9892355608808313
0.9892288741096668
0.989225427060136
0.9892250929418664
0.9892168223565712
0.9892158571065838
0.9892215019718441
0.9892220668317524
0.9892242733791452
0.9892257881879241
0.9892264866678782
0.989217527842953
0.98921388643002
0.9892150889835678
0.9892157935973834
0.9892174007069288
0.98920584413195
0.9892049491782471
0.9892026666403949
0.989204985867091
0.9892023466816063
0.9892019324928771
0.9891947164518833
0.9891940050981416
0.9891958747956034
0.9892043857956333
0.9892108996143666
0.9892193268026311
0.9892258862198581
0.9892269669238472
0.9892257558473035
0.9892327386369216
0.9892356841782328
0.9892305688205274
0.9892297262975469
0.9892224465438051
0.9892227183774711
0.9892274786714494
0.9892287843322892
0.9892342603187245
0.9892313283612157
0.9892283241792384
0.9892307272916954
0.9892248828008118
0.9892238909994739
0.9892212473632285
0.9892192935375749
0.9892140794353398
0.9892162338126331
0.9892199599909224
0.9892143430359246
0.989206185072726
0.9892113018756337
0.9892113015962432
0.9892163644151015
0.9892179474363455
0.9892095039751018
0.9892144034337642
0.9892115833388303
0.989214017713002
0.9892127961913985
0.9892145130469029
0.9892136027352002
0.9892107788438804
0.9892056972908344
0.9892057681005776
0.9892001643412686
0.9892002775048863
0.9892063122781434
0.9892012928068845
0.9892000179474562
0.9892004143557608
0.9892034134703883
0.9892019492707415
0.9892055599030275
0.989206963981538
0.9892108467784613
0.989209558727196
0.989206744496437
0.9892033792657619
0.9892087646069995
0.9892086028813094
0.9892044216862069
0.9892009940496864
0.989203735602424
0.9892024710832109
0.9892000061705811
0.9891995320047055
0.9892082260642473
0.9892135382689966
0.9892159936222967
0.9892087277262507
0.9892155915861753
0.9892116112032624
0.9892103332936709
0.9892117808484585
0.9892050226927015
0.9892047134279259
0.9892044758690506
0.989202583735877
0.9892020771884795
0.9891981988024612
0.9892004904375776
0.989202171462437
0.9892054445413445
0.989204772648976
0.9892103309661866
0.9892106673683471
0.9892090588037378
0.9892172443186524
0.9892161563250601
0.9892172205839601
0.9892159459277877
0.9892195781654662
0.9892182948943369
0.9892187874073107
0.9892175275466918
0.9892109613652965
0.9892146747819649
0.9892162976682394
0.989219106346135
0.9892239576840002
0.9892212470402442
0.9892164467150136
0.9892152615833378
0.9892248540690776
0.9892250474298561
0.9892271250400998
0.9892252152055302
0.989223750386664
0.9892270272117067
0.9892303504125292
0.9892318105644352
0.9892323380971512
0.9892365658073691
0.9892412615497803
0.9892407819796992
0.9892335045283782
0.9892350408403338
0.9892388536249985
0.9892404338278649
0.9892395447781117
0.9892349744521138
0.9892313018294427
0.9892261862550168
0.9892251660355161
0.9892285601740642
0.9892337911757653
0.9892362772635435
0.989240212703898
0.9892367727464484
0.9892299760928612
0.9892332897779456
0.98923533108562
0.9892367909345544
0.9892332621720514
0.9892270960033419
0.9892293088699352
0.9892311582238928
0.9892274368351416
0.9892276613031281
0.9892266573811413
0.9892301613197453
0.9892277080744261
0.9892292726099913
0.9892274809438238
0.989229021479987
0.9892297643125704
0.9892328033222312
0.9892377257436112
0.9892356881182948
0.9892343369324774
0.9892365150570902
0.9892419217361116
0.9892351450104168
0.9892317939585461
0.9892325854033213
0.9892355534716053
0.9892338722766169
0.9892297687892941
0.9892234983211026
0.9892225864509316
0.9892227372770198
0.9892238765409441
0.9892261448973018
0.9892266854303536
0.9892256772904927
0.9892202028171606
0.9892154949515727
0.9892147920569377
0.9892092384609957
0.9892057269069982
0.9892027017076577
0.9892065563066288
0.989204146676128
0.9892036590054452
0.9892018446246535
0.9891982216503604
0.9891984720339633
0.989199466526585
0.9891996481233347
0.989199186170989
0.9891998742479062
0.9891965414464862
0.9891962409696641
0.9891959438931279
0.9891930282960979
0.9891978675617515
0.9892000805697784
0.9891978173831776
0.9892003763913135
0.9892007042759975
0.9891975357207616
0.9891984986395601
0.9892006430745973
0.9892053053240494
0.9892080630894968
0.9892060289625163
0.9892077703391969
0.9892110144868372
0.9892122159145528
0.9892123753177403
0.9892136978570335
0.9892158905509574
0.9892146234106147
0.989212724285786
0.9892116102825194
0.9892096692627407
0.9892027675869304
0.9892113687873371
0.9892107995269622
0.9892122232955305
0.9892084055993359
0.9892142851734893
0.9892134668561927
0.9892198645440761
0.9892185292935407
0.9892160617981213
0.9892186069948298
0.9892223950420264
0.9892271824623955
0.9892294388420132
0.9892311227920016
0.9892327539512544
0.9892338812898236
0.9892281886592689
0.9892273988204493
0.9892302920926237
0.9892305110286711
0.9892348253777461
0.9892315436018249
0.989233220422883
0.9892308375585545
0.9892324434497213
0.989235512169174
0.9892342638588568
0.9892327355036723
0.989238651089237
0.9892435943421225
0.9892412246453265
0.9892409847077338
0.9892388214506561
0.9892387971352935
0.9892396076197886
0.9892406538830193
0.9892436230559154
0.9892431683867786
