0.9762927389862357
0.9786703515921328
0.9830145901210301
0.9852047998555704
0.9868595682007337
0.9865815323274919
0.9882173731824405
0.9881429867805327
0.9886256561291504
0.9879695062066413
0.9885131190254536
0.9890930674929304
0.9888458859835326
0.9888831321002262
0.9890741360038066
0.9895486156855704
0.9896603980737788
0.989476363764578
0.9891686184455575
0.9889836792820857
0.988669397687459
0.9889795648119016
0.9891794955267083
0.989218205724451
0.9889942359614037
0.9888399931828974
0.9887390005997111
0.988526599807383
0.98871756104469
0.9887903718505235
0.9887037268365702
0.9885845634658297
0.9885919769081268
0.9886667262070309
0.9888094969039627
0.9887974196816436
0.9887517731951778
0.9888156997565977
0.9888264597667014
0.9889173060789225
0.9889095455325201
0.9889602761339223
0.9889806712335228
0.988966389847922
0.989005598860647
0.9888486307120399
0.9888660882396965
0.9888592407845722
0.9887969589280129
0.9887593537682609
0.9889157846482041
0.9888984644198114
0.9889668565779727
0.9889532930206385
0.9889436301845457
0.9889520286399952
0.9890155864622509
0.989032892008602
0.9891979487917091
0.9890980864894756
0.9891410224721696
0.9891270873659646
0.9891466554091886
0.9891096395708777
0.9891486668006939
0.9890914249260535
0.9891017810504523
0.9890562724889332
0.9890358771620013
0.9890679856652979
0.9891115695566236
0.9891668581805478
0.9891215933391845
0.9891143828359045
0.989154302530882
0.9890772450842532
0.989063625663103
0.9890626401881243
0.9891096666756294
0.9890816979162592
0.9891372721947848
0.9891132562130887
0.9891314591005111
0.9891124145595591
0.9890787713446456
0.9891041577913848
0.9890870605162093
0.9891384299203563
0.9892240211117141
0.9892164489506212
0.9892188715667338
0.989212286181578
0.9892280020273391
0.989148214905666
0.9891588846943108
0.9891090687159281
0.9891438477140111
0.9891321512142871
0.9890786008594982
0.9890712339118839
0.9890727211268313
0.9890769108156667
0.9891564189103346
0.9891141269854534
0.9891001995700874
0.9891399359784955
0.9892146664059212
0.9891970725008248
0.9892203852429298
0.9892199467019318
0.9891922303533945
0.9891769060661456
0.9891925212504051
0.9891996405822495
0.989193019950819
0.9891379330601813
0.9891404236347254
0.9891775623198302
0.9891621491128352
0.9891834136351517
0.9892088081001261
0.989211753618472
0.9892004168582837
0.9892124271159906
0.9891825567534593
0.9891592219161904
0.9891729170449147
0.9891919973546935
0.9892153462831941
0.9892667980438132
0.9892720475819742
0.9892625515403987
0.9892255835822555
0.9892261896083502
0.9892286750122391
0.9891841125712791
0.9891982637220658
0.9891884254330108
0.9892478886943478
0.9892593064841284
0.9892739014947243
0.989294810199391
0.9892292117006206
0.9892766089448841
0.9892906256277895
0.9892926581736873
0.9893028466394373
0.9892572977376051
0.9892045682825302
0.9891551167492764
0.989203018151851
0.989209465146769
0.9891998150961976
0.9891957058284016
0.9891935606571676
0.9892304886369088
0.9892029166453562
0.9892388674501408
0.9892280658659612
0.9892228264394853
0.9892049518630351
0.9891864012227966
0.9891775511533131
0.9892213786208052
0.989245043830647
0.9892284578607592
0.9892332703936133
0.9892484207915617
0.9892621260972468
0.9892819648759531
0.9893065060326913
0.9893521911337323
0.9893540498269817
0.9893379262154767
0.989316947920737
0.9892983042345377
0.9893135763635312
0.9892863692009284
0.9892676457541522
0.9892663938780235
0.9892249174845983
0.9892083478324526
0.9891800530747197
0.9891963119451496
0.9892088755085785
0.9892089963489274
0.9891781026347618
0.9891785845891177
0.9891507356704741
0.9891672887898131
0.9891607764593611
0.9891316862181813
0.9891194229297037
0.9891096626267235
0.9890946341459157
0.9891045851258138
0.9891358829053717
0.9891705126419281
0.9891919831754907
0.9891912461359579
0.9892140104065683
0.9892075712463595
0.9891991315914015
0.9892412155219987
0.9892675532049389
0.9892870415908097
0.9892939299020966
0.9892956409065551
0.9892810060536926
0.9893002087967472
0.9892842838201743
0.9892888603949606
0.9892992424387786
0.9893003151806
0.9892943091902794
0.9892669146625114
0.9892521706059598
0.9892554177459733
0.989288058881987
0.9892880861097442
0.9893100900081991
0.9893176456567878
0.9893008768343285
0.9892775337987086
0.989256628811267
0.9892506873428549
0.9892614006510144
0.9892786471463457
0.9892294543570621
0.9892308687143444
0.9892221127919492
0.9892143559576122
0.9891882471280994
0.9892054447929088
0.9892097655233285
0.9892274081321523
0.9892231747086223
0.9892253008669053
0.9892395740822884
0.9892315356617374
0.9892217804336091
0.9892516553152092
0.9892172253211781
0.9892193097569071
0.9891950378143709
0.9891968057922373
0.9891937277391089
0.9891813995215922
0.9892028197199976
0.9892291129767556
0.9892465993512555
0.989233621141961
0.9892346262537529
0.9892313399728102
0.9892298837414567
0.9892568982166388
0.9892465067612836
0.9892375119969989
0.9892222372718944
0.9892143244535757
0.9892247695689643
0.9892117128186697
0.9891926699177577
0.9891647430553302
0.989159325255096
0.9891657967338514
0.98915037828184
0.9891437463106624
0.9891644912602163
0.9891464353745266
0.9891424352863787
0.9891412821768217
0.9891458179029418
0.9891396906219337
0.9891288323916743
0.9891256162694688
0.989115643573515
0.9891079022056691
0.9891169485337719
0.9891197121026816
0.9891311869312087
0.9891326388600467
0.9891294363018561
0.9891316905527454
0.9891205416268564
0.9891136869336689
0.9891284154594827
0.9891446355281649
0.9891598276238696
0.9891489491817873
0.9891251051014599
0.9891205102641238
0.989119487274706
0.9891208330542587
0.9890965526211799
0.9891055596197568
0.9891156332445025
0.9891207618829022
0.9891388576069267
0.9891146695103832
0.9891055886908762
0.9890986867011983
0.9891076061780425
0.9891220162942982
0.9891446872617347
0.9891392528365395
0.989155342375106
0.9891504970798572
0.9891576416285972
0.9891559987308814
0.9891635657980119
0.9891704801308066
0.9891419178135026
0.989142366935623
0.9891539581976835
0.9891615622270997
0.989175052470679
0.9891497504681973
0.9891532010159801
0.9891620705010893
0.9891587188268602
0.98916191753423
0.9891534473998779
0.9891636878497426
0.9891497291199942
0.9891605563175917
0.9891660335085574
0.9891711837393148
0.9891654655223875
0.9891671061966789
0.9891708163416884
0.9891764290364445
0.9891699516023891
0.9891613785216744
0.9891604831919606
0.9891516542867277
0.9891359170514272
0.9891318491302687
0.9891501575278852
0.9891521133398748
0.9891572243136245
0.9891640389477632
0.9891776707778734
0.9891738285262567
0.9891762364342582
0.989169128646646
0.9891469999515661
0.9891486030987224
0.9891473191214825
0.9891508491002119
0.9891525643657519
0.9891518610888035
0.9891625566399832
0.9891406017477427
0.989145781081333
0.9891657549453138
0.9891655903443244
0.9891563512507027
0.9891485153615015
0.9891514310640501
0.9891503398716546
0.9891339553239273
0.9891301620422684
0.9891255776322193
0.9891191325162768
0.9891053255091303
0.9891238677103459
0.989111759904613
0.9891058729696072
0.989098540768191
0.9891094846605825
0.9891034668631202
0.9891118802001843
0.9891087780016269
0.9891201601432651
0.9891208524114524
0.9891233057398761
0.9891292939718014
0.9891300500481299
0.9891081478912861
0.9890967934056855
0.9890974722042573
0.9890993489704724
0.9890904949772926
0.9890909485037247
0.9890903171926652
0.9890872263001546
0.989079834629493
0.9890824713331386
0.9890816345896054
0.989080492626244
0.9890832615191251
0.9890734256915685
0.9890559389300756
0.9890454856471252
0.9890486604868913
0.9890342761732528
0.9890432750006446
0.9890371788904455
0.9890208216551228
0.9890223605116183
0.9890229657709044
0.9890214984611692
0.9890168934259621
0.989019662330493
0.9890259691250131
0.9890306305287405
0.9890268903032159
0.9890305065355086
0.9890399096161484
0.9890443486138817
0.9890504699592375
0.9890437872119499
0.989046881725867
0.9890456489632559
0.9890359868064652
0.9890293701597962
0.9890190509553701
0.9890360074173737
0.9890284558597886
0.9890275604523581
0.9890317640841625
0.9890246787136587
0.9890274893288157
0.9890190702837377
0.989018140231179
0.9890144120231659
0.9890211675303914
0.9890365766077469
0.9890464626435301
0.9890560402555229
0.9890548767583273
0.9890497070550482
0.9890474594501495
0.9890494153782947
0.9890458628387672
0.9890492888153006
0.9890599860467668
0.9890667553249685
0.9890745776484573
0.9890676074322848
0.9890733524508071
0.9890661474515553
0.9890647167339511
0.9890855360528968
0.9890867646066496
0.989081491326121
0.9890631983445142
0.9890462000196958
0.989056837434008
0.9890620978269342
0.9890523605055703
0.9890502154431641
0.9890533825134049
0.9890567445181413
0.9890670687227504
0.9890665197910815
0.9890617999010413
0.9890553747230115
0.9890473476682483
0.989050522545088
0.9890521243608988
0.9890451432949874
0.9890476896363802
0.9890568057888379
0.9890569081737862
0.9890473435812899
0.9890687512047253
0.9890603651941744
0.9890607042521389
0.989070639918401
0.9890718874102348
0.9890758044659698
0.9890625294280406
0.9890604148895412
0.9890607529736272
0.9890573136992777
0.9890594954004538
0.9890583487760177
0.9890589897285909
0.9890567981103376
0.9890714626584385
0.989089048186637
0.9890897716164648
0.9890881847986381
0.9890844836271568
0.9890963608443442
0.9890855716722374
0.9890947364209908
0.9891041744050231
0.9890968474853242
0.9891000437124455
0.9890981032959444
0.9890962121946232
0.9890876407466518
0.9890890266838576
0.9890860123207523
0.9890791895005124
0.9890803574155814
0.9890789521163558
0.9890877429979765
0.9890813010118075
0.9890766320810785
0.9890716823989734
0.989077352282686
0.9890771019400083
0.9890689186857433
0.9890696273397025
0.9890685081892073
0.9890784065887578
0.9890750264824286
0.9890687519891821
0.989069207620782
0.989071284331296
0.9890531956006676
0.9890568882436127
0.9890660962346026
0.9890700657757475
0.9890706963074832
0.9890701757609253
0.9890704165150532
0.989068772776788
0.9890659545000847
0.9890590025386269
0.9890481907657432
0.9890479279496903
0.98903965367688
0.989038965560839
0.989037129070044
0.9890464231734342
0.9890482297674396
0.9890530791229579
0.989050269933457
0.989057972228653
0.9890539612117152
0.9890593211969032
0.9890558476582978
0.9890543024583053
0.9890545166738144
0.9890546580211328
0.9890568157099685
0.9890548634699908
0.9890582667534272
0.9890589032885582
0.9890589020849649
0.9890488964465929
0.9890471501711591
0.9890411780705234
0.9890420422347556
0.9890309100274505
0.9890381408642853
0.9890416353501337
0.9890553514980527
0.9890654436508387
0.989070821387065
0.9890604476691595
0.989055456207436
0.9890519987168627
0.9890524720888016
0.9890562476285139
0.9890516550029012
0.9890524032603056
0.9890540555813708
0.9890597329374086
0.9890715219195997
0.9890752850507187
0.9890831972065772
0.9890868072199968
0.9890902640565937
0.9890883332915658
0.989091188328203
0.98909414484384
0.9890918817893685
0.9890965258407312
0.9891018320167829
0.9890941095165103
0.9890917796625996
0.9890890704018309
0.9890843749200764
0.9890776476582422
0.9890848128372683
0.989088687686901
0.9890952136867526
0.9890865297776525
0.9890957788945145
0.9890969273088286
0.9890903346458388
0.9890954597674505
0.9890902108244761
0.9890799293686096
0.9890857740257278
0.9890906420887514
0.9890915766724389
0.9890894269106625
0.9890933816866478
0.9890985691647877
0.9890990574987747
0.9890991466845898
0.9891019179919123
0.9890989271166699
0.9891045882798604
0.9891123465370435
0.9891184221184738
0.9891195357099808
0.9891256596902323
0.9891207946170826
0.9891089900002163
0.9891114194231935
0.9891163509803133
0.9891102086640441
0.9891038967188619
0.9891081201370682
0.9891073691718487
0.9891069642985901
0.9891093282669885
0.9891028938597998
0.9891055569926221
0.9891056290251994
0.9891033414418058
0.9891058586423308
0.9891086468717931
0.9891106275223261
0.9891098816529638
0.9891100230310507
0.9891045021339036
0.9891042474695947
0.9891061351788839
0.9891028660646515
0.9891002686173473
0.9891005986302532
0.989105588773574
0.989106665841697
0.989113673614704
0.9891142984974497
0.9891154684896323
0.9891140712026362
0.9891120350246371
0.9891121530132769
0.9890992491929906
0.9890988724016413
0.9890909488685942
0.989094566500095
0.9891052760538247
0.9891039651983302
0.9890975898390852
0.9890965209977558
0.9890909874853333
0.989095888895219
0.9891068590283513
0.989099169505455
0.9890992809298931
0.9890876722064247
0.9890885625097245
0.9890881218300961
0.9890825794747399
0.9890837734156701
0.9890847295491937
0.9890884500168533
0.9890871152280477
0.9890878212676921
0.9890903740287037
0.9890842158914007
0.9890822916744708
0.9890771378180203
0.9890829584924522
0.9890824931207459
0.9890776089789268
0.9890703501572227
0.9890841742373806
0.9890846270950556
0.989079584556297
0.9890740988412817
0.9890752977913435
0.9890766241883688
0.9890781957176976
0.9890781741391023
0.9890770844392431
0.9890663734071982
0.9890724570850533
0.9890790634427498
0.9890782873401464
0.9890787670824481
0.9890689882887028
0.9890672008954967
0.9890683519355695
0.9890663129607172
0.9890642086557735
0.9890712254845554
0.9890763733059581
0.9890773220409899
0.9890730738791728
0.9890684568300666
0.9890681900613728
0.9890606440541186
0.9890555328128328
0.9890541098975042
0.9890537147400067
0.9890626733453634
0.9890528678293716
0.9890519140566241
0.9890516345299969
0.9890496622847832
0.9890534308202219
0.9890571789588074
0.9890663261540217
0.9890624698694771
0.9890554225182673
0.9890502501477844
0.989051705239625
0.9890486090444809
0.9890442604976601
0.9890487014706135
0.9890461917301713
0.9890496225116908
0.9890477511762003
0.9890430699899991
0.9890374783543585
0.9890364778601654
0.9890395675481338
0.9890360200075271
0.9890340461914727
0.9890334074685703
0.9890305983010019
0.9890250766259409
0.9890267847968609
0.9890255166755163
0.9890230157549724
0.9890181928619697
0.9890213322182432
0.9890271936305457
0.9890258591249536
0.9890301671114754
0.9890258485411543
0.9890240163902579
0.9890226225200889
0.9890176581288527
0.9890134744555535
0.9890054777108939
0.9890003418013998
0.9890024830603404
0.9889985310590738
0.9889932964740155
0.9889929787151057
0.988993269667513
0.9889884647630702
0.9889792843783406
0.9889834332165849
0.9889804962769235
0.9889751039512797
0.988966157650297
0.9889681243631148
0.9889686063248646
0.9889641262730258
0.988960452590998
0.9889641845955469
0.9889621114930818
0.9889622552355462
0.9889640289838042
0.9889681677333342
0.9889720709331759
0.9889772101901836
0.9889810123784053
0.9889824662407769
0.988989046781639
0.9889976513608992
0.9890017777121219
0.9889972378081594
0.9889921392249684
0.9889959591257967
0.988999156464196
0.9890033846390766
0.9890070112443762
0.989011006807565
0.9890148202697064
0.9890111986376204
0.9890093314417426
0.9890040177579811
0.989007664885015
0.9890083629749487
0.9890113532753757
0.9890027343994376
0.9890058296386877
0.9890081552775052
0.9890111767068563
0.9889989149165127
0.9889987639817598
0.9889957964325763
0.9889987737953322
0.9890005903764744
0.9889923313297084
0.9889990486106444
0.9889986948248064
0.9890015723169426
0.9889963034662496
0.9889955300872061
0.9889934998850922
0.9889899965577793
0.9889885463557546
0.9889876251803117
0.9889840413610759
0.9889844816830027
0.9889905572644992
0.9889887064885173
0.9889922918203203
0.9889838404482596
0.988986092212081
0.9889851482838705
0.9889970112118031
0.9889977092258646
0.988999590797621
0.9889958514307199
0.9889938545633423
0.9889917961466339
0.9890021854917056
0.9890096560232716
0.9890080461849582
0.9890018212235592
0.988996936256196
0.9890025460267663
0.9889979567505633
0.989001685685432
0.9890103486967321
0.9890162736595762
0.9890184330887974
0.9890139518871385
0.9890179934124407
0.9890164670729544
0.9890144697262818
0.9890180921674055
0.9890111191504856
0.9890110297860998
0.9890085508590138
0.9890031961300745
0.9890008293287151
0.9889944524252366
0.9889950209675968
0.9889976735930193
0.9889989181798091
0.9890002666350554
0.9890029248843807
0.989007423961208
0.9890041734414722
0.9890044428624724
0.9890034418702179
0.9890065075980888
0.9890115991649033
0.9890064888979714
0.9890060304885108
0.9890078839082469
0.9890049349985321
0.9889983653771295
0.9889968767370152
0.9889939419454111
0.9889960308528867
0.9890028336873191
0.9889913127781881
0.9889905483731717
0.9889902425850807
0.9890014129960836
0.989001426193535
0.9890046474909207
0.9890007690345596
0.9890082563606106
0.9890123526633128
0.9890163938026036
0.9890105253002218
0.9890101976945709
0.9890116121497026
0.9890134985951015
0.98901768318077
0.9890110597946669
0.9890065866088018
0.9890026563921825
0.9890058940510692
0.9890024419039369
0.9889957835495002
0.9890002581415651
0.9890026493603264
0.9890063344938892
0.9890067121613161
0.9890073024683431
0.9890105602449908
0.9890131371040104
0.9890073907060797
0.9890052715098352
0.9890088555919306
0.9890101885240614
0.9890080926638692
0.9890063868708592
0.9890049668728087
0.9890048559090847
0.9890010781085996
0.9890011283270883
0.9890013446299465
0.9889900700636093
0.9889912702919812
0.9889879134450819
0.9889911539944226
0.9889913900532981
0.9889898695818893
0.9889922729461009
0.9889987976028762
0.9890022046332713
0.989003825398915
0.9890105346184991
0.9890074408912216
0.9890109832682841
0.9890047702440291
0.9890026859796153
0.9889982649461925
0.9889989159239179
0.9889986732545936
0.9889968288587632
0.9889935931468469
0.9889889441647112
0.9889850664665284
0.9889944001657451
0.9889948400428625
0.9889983959952068
0.9890021711449801
0.9889935862257854
0.9889864040189817
0.9889876947161613
0.988987405241428
0.9889840013992942
0.9889816491393258
0.9889836839304297
0.9889858090707346
0.9889889574443481
0.9889833945402576
0.9889827253122532
0.9889843289410765
0.9889852612658723
0.9889844257956503
0.9889844787005145
0.9889827741446563
0.9889789812967069
0.9889720641181832
0.9889700292843847
0.9889644927160259
0.9889679126313181
0.9889708865606225
0.9889685705796593
0.988969741337678
0.9889681630008509
0.9889708212016808
0.9889730308592123
0.9889761352034566
0.9889797552175648
0.9889823492194936
0.9889889480429428
0.9889836105328593
0.9889848143016398
0.988983133379455
0.9889834117365053
0.9889855465042257
0.988989480228626
0.9889864645720482
0.9889874867594997
0.9889855591303213
0.9889821943103823
0.9889777444978837
0.988981817256316
0.9889799044726285
0.9889800500518156
0.9889823909047043
0.9889891468524482
0.9889876403688849
0.9889891899068038
0.9889934212948635
0.9889881562778536
0.98899211664847
0.9889961170974069
0.9890009655595423
0.9890011670640376
0.9890006592790934
0.989003355478668
0.9889995697413133
0.9889977791790499
0.988996679502308
0.9890010403120139
0.9890016673369302
0.9890048364542164
0.9890032149922325
0.9890054963205162
0.9890045959422644
0.9890027671618842
0.9890016718203343
0.9890009648431954
0.9890026069635536
0.9890089232993718
0.9890137809754099
0.9890180110848791
0.9890137138276649
0.9890132709476361
0.9890136701883905
0.9890202208098865
0.9890187493752932
0.9890196250767296
0.9890230435293083
