0.44595065780652227
0.5334024253623404
0.645892037321101
0.7398103798693458
0.7939937902318217
0.8333525288895359
0.8599822674522847
0.8771729564671109
0.8939312652997755
0.9057711797425768
0.912325829025201
0.9184791075150713
0.9249445490901861
0.9279868201478896
0.9309664994900869
0.9337117572928156
0.9361130325209263
0.9383857783892585
0.9411435896244504
0.9433644579962422
0.9450222499223331
0.9456191679137583
0.9464646456466632
0.9466814764522515
0.9477980251210089
0.948029633283234
0.9487281945214384
0.9494913399672619
0.9500192585063972
0.9507545128482046
0.9514400397971008
0.952130777687821
0.9527893056712287
0.953048989226954
0.9532381750325021
0.9536558820372183
0.9539730749943395
0.9541438177876195
0.9542563324875417
0.9540818627874702
0.9539732881470254
0.9539838849527632
0.9541115402461721
0.9540199199567911
0.9539663795503729
0.9537890793357331
0.9534949897407952
0.9533802577261247
0.9531332141926819
0.9533478333899146
0.9531633188433255
0.9529931807342316
0.9528906746484143
0.952589597780311
0.9524300434162725
0.9517389181863262
0.9513951662560949
0.951446036281808
0.9512554046560802
0.9512498625182844
0.9514779457736533
0.9516153606669959
0.9519979082476434
0.952243086730523
0.9524821620712004
0.952805619976633
0.9529491655103445
0.9530655043485343
0.95320586796233
0.953113533264591
0.9529252185436639
0.952692125021608
0.9526167939155862
0.9525059646702526
0.952218639484209
0.9520008995762486
0.9517832861128999
0.951683340494235
0.9512359908634083
0.9511835491260998
0.9511447377290979
0.9510508645929728
0.951079862591374
0.9509234776291101
0.9508927740142266
0.9506248623471414
0.9506936713297262
0.9508660054508425
0.9509941544909851
0.9511556357999068
0.9510691250001251
0.9510238620904725
0.9509474126724689
0.9510281306737105
0.9508573239406416
0.9505791029944254
0.9501871467863167
0.9498813587881806
0.9496619093690185
0.9493342287140225
0.9493503558317794
0.9494652105063403
0.9495656468858715
0.9495823486092325
0.9496270547638497
0.9495375956567649
0.9493435263845132
0.949058496518437
0.9489640509672045
0.9488622465985618
0.9489261935053638
0.9488727184194327
0.9487789336631677
0.9488305317236444
0.9489746738918285
0.9489467318933923
0.9489271141118507
0.9488878534808178
0.9487839208494108
0.9486871621398322
0.9485481459601717
0.9482459437117362
0.9482566830357456
0.9481881923025933
0.9481016067753751
0.9480372272977031
0.9480653797292237
0.9481800027815009
0.948337103563338
0.9483381956319393
0.9485432074359095
0.9485194501240083
0.9484581836058591
0.9484196757065757
0.9484468535101495
0.9486062604301247
0.9485020657495217
0.9484636139919479
0.9483851531006025
0.9483469075852378
0.9483257590838171
0.948429129314921
0.9483213518453809
0.9482713315998605
0.948321063199812
0.9483135820429871
0.948459733491165
0.9485362941319077
0.9484026066856077
0.9483567940200078
0.9483737875478215
0.9482913443480211
0.9481262070495069
0.9479536803292321
0.9478208171897031
0.9477236848786071
0.9476664571375695
0.9476324232464274
0.9476926116936167
0.9476458673856547
0.9476216740401013
0.9475103460980354
0.9474671511126845
0.9474309618468687
0.9473347918096007
0.9472479364251998
0.9472779289298947
0.9473926681574967
0.947471621701918
0.9474618438820082
0.9475313900467334
0.9476499413216652
0.9476665245189768
0.9477549423519205
0.9479697575874115
0.9480897891980813
0.9481527753822888
0.9481429107593735
0.9482173193094959
0.9483421549383194
0.9484220574882573
0.9484701370087638
0.9484649560976209
0.9483407042631935
0.9482588435836288
0.9481212097339478
0.9481924924517784
0.9482447708177583
0.9483446587949342
0.9484985966755173
0.9484948122066222
0.9485583332836977
0.9486898124015104
0.9488283203179947
0.9490228884764109
0.9490571247757564
0.9491515096475686
0.9492007243921465
0.9492977035674237
0.9493770699002828
0.9494604635706398
0.9494967958828274
0.9495822943277531
0.9497148314360455
0.9499048528303442
0.9501044243652632
0.950268461386264
0.9503886257883597
0.950493449266953
0.9506143818624765
0.9507572328773285
0.950852953931633
0.9510257264882693
0.9511435533181072
0.9512350652558794
0.951313771139409
0.9513240968236466
0.9512903148698975
0.9512595793118935
0.9511950851849214
0.9511591019897994
0.951080905527089
0.9510531334135405
0.9511153530592531
0.9511030834885705
0.9510924183691398
0.951061242309651
0.950929111123394
0.95080094748966
0.9507623524883845
0.950660652154283
0.9505280064128387
0.9503739297695348
0.9502787674873574
0.9502047228394308
0.9501897106834096
0.9501870859482782
0.9501868290643612
0.9501217944750171
0.9500622454065877
0.9500070935614425
0.949916118345493
0.9498574169823851
0.949742864148714
0.9496209366403537
0.9495724232464564
0.9495678441881116
0.949539676136745
0.9494945739284547
0.9494296212532527
0.9494050205659509
0.9494276126722765
0.9494719413806358
0.9495191788201661
0.9496002167024944
0.9496657941793403
0.9496459714962554
0.9496446521010373
0.9496307028556725
0.9496038935849492
0.9495715781676989
0.9495480656995803
0.9494686687914218
0.9493763198013107
0.9494165797700664
0.9494673229525743
0.9495428910243526
0.9496457421434726
0.9497457563878485
0.9498876026450176
0.9500312184767573
0.9501528091031023
0.9502126036627146
0.950328189208932
0.9503510743265424
0.9504061914079948
0.9505150148471851
0.9505939613543833
0.9506460792810111
0.950702669953007
0.9507466171670945
0.9507823260447403
0.9508659812345012
0.9509051568677604
0.9509147301222605
0.950886306924112
0.9509142996696571
0.9510106237304775
0.9510315512670909
0.9511189726029522
0.9511194872958819
0.9511416606081301
0.9511407635096454
0.9510666184260267
0.9510344686346555
0.9509481618924575
0.9508764506119082
0.9507990924973257
0.9507908221967937
0.9507861576293761
0.950796944397146
0.9508019824686308
0.9507415463310422
0.9506607123058067
0.9506061837387683
0.9505756699070369
0.9505185288755553
0.9505039724310501
0.9504787684245709
0.9505126488943451
0.9505227295720463
0.9505666273727914
0.9505981401514331
0.9506305994075852
0.9506307170282586
0.9506663407292195
0.9506989645873907
0.9507317560570007
0.9507697927475683
0.9508188527790721
0.9508821115461323
0.9509373347222912
0.9509295560972546
0.9509013779138248
0.9508832565325708
0.9508985829140771
0.9508613402694417
0.9508813519639434
0.950854350378481
0.9508981399385789
0.9509948633556633
0.951042098479536
0.9509922238733739
0.9510079544718493
0.9510346891094809
0.951062158091871
0.9510805906196445
0.9510726711344208
0.9510934618342339
0.9510535904756305
0.9510590509840549
0.9510581032646337
0.951079753509784
0.951053508839731
0.9510716537258682
0.9511213150642307
0.9511498225121419
0.9511849790205441
0.9512062584149433
0.9512308870830255
0.9512531046727997
0.9512573824881729
0.9512869287303881
0.9512932366266136
0.9513146188076936
0.9513279106097187
0.9513771401644127
0.9513929626147813
0.9514311492175352
0.9514561566381713
0.9514701130500332
0.9515167524480638
0.9515392096655281
0.9515975213653611
0.9515890856106178
0.9515822020452473
0.9515747690430271
0.9515886384710133
0.9515815971844186
0.9515546753203102
0.9515371238922009
0.9515175362936745
0.9515014862453529
0.951506413847818
0.9514918501122308
0.9515074633281074
0.9515013420761036
0.9515268698851308
0.9516158438730724
0.9516230453612492
0.9516343390102341
0.9516495048280317
0.9516405109705369
0.9516352933822955
0.9516094115311817
0.9515947621385209
0.9515836262474451
0.9515716382731518
0.9515919512558328
0.951543497004872
0.9515556234970605
0.9515063692142417
0.9514863244975491
0.951493074789784
0.9514957850679978
0.9514907056265943
0.9514745528028155
0.9515067669469646
0.9515644788438572
0.951583159367604
0.9516556047500673
0.9517337450486537
0.9517408145043346
0.9517027869297039
0.9516681801166808
0.9516112574151497
0.9515493998930742
0.9514856656799379
0.9514314771405409
0.9514132546416874
0.9513799971530527
0.9513451625236038
0.9513229926350221
0.9512952635960296
0.9513085742267314
0.9512910740997618
0.9512623266628885
0.951232631392299
0.9512335450492673
0.9512219082486274
0.9512259537885314
0.9512073495429036
0.95122203536773
0.9512235182299225
0.9512003466250993
0.9512289715709394
0.9512414273161562
0.9512755589939006
0.9513210825931682
0.951373863778165
0.9514071797258246
0.9514050544598169
0.951409684424399
0.9513984383784411
0.951355766191615
0.9513106071281163
0.951282585885728
0.9512787227561208
0.9512618006116622
0.9512717014888011
0.9512738517175445
0.9512614834824142
0.9512519050209234
0.9512873222509057
0.9512827260772604
0.9513087526420941
0.9513085733855048
0.9513456301149096
0.951389756381189
0.951411312084615
0.9514393827529942
0.951450272197792
0.951447701100251
0.9514270476530186
0.9514559817285151
0.9514706950437186
0.9514874386692437
0.9515177814830863
0.9515148179032733
0.9514988152895771
0.9514934601799773
0.9514989756842924
0.9514699399513441
0.9514547305863148
0.9514714529720869
0.9515084711910912
0.9515246385907599
0.951529430611777
0.9515347657238115
0.9515527172922936
0.9515672707451138
0.9515785691900153
0.9515925577220481
0.9516043229649049
0.9516118902965051
0.9516257994255926
0.9515924977780947
0.9515839145172589
0.9515685904956178
0.9515707809902575
0.9515387803259544
0.9515350970413149
0.9515659767180743
0.9515915961758521
0.9516286040072337
0.9516107785433724
0.9515576020166427
0.9514998404335591
0.9514590860444335
0.9514651506507601
0.9514373447550555
0.9514296867695604
0.951433293772939
0.9514387602286861
0.9514396333076014
0.9514774473692256
0.9514818532262493
0.9514743423627465
0.9514894159293229
0.9514906216405538
0.9515153838337428
0.9515607731779969
0.9516051628436141
0.951690787546559
0.9517871264585483
0.9518887985492273
0.9519688306180902
0.95201763515001
0.9520741892359793
0.9521077750060682
0.952147552029919
0.9521665272447545
0.9521679604575772
0.9522496896945007
0.9522986857638494
0.9523073568911453
0.9523152537470787
0.9523229058750964
0.9523220606652287
0.9523392637064338
0.9523606803481085
0.9524013216932381
0.9524104408379926
0.9524317664840469
0.9524363777378181
0.9524574731027765
0.95243549883844
0.9524482595216488
0.9524658254210474
0.9524785822115327
0.9524728282453016
0.9524510447124583
0.9524522986859416
0.9524974001444537
0.9525328094985616
0.9525716527142019
0.9525754976362789
0.95257541483379
0.952526325858568
0.9525134382356805
0.9525024670654106
0.952497015127217
0.952485311683803
0.9524895251895048
0.9524575950414145
0.9524479444499959
0.9524143752481871
0.9523822001956064
0.9523664100793051
0.9523408196607381
0.9523195282591471
0.9523289530050444
0.952335430596626
0.9523408073382698
0.9523445404447046
0.9523354735436992
0.9523116811634346
0.9522733789068051
0.9522644698265095
0.9522512129354285
0.952260777517968
0.9523016309435771
0.9523263572731668
0.9523557938283816
0.9523740849855719
0.952390721954195
0.9524080719927543
0.9524178894051953
0.9524568967466888
0.9524810045090699
0.9524873157827122
0.9524892846424726
0.9525038348266356
0.9525077640783947
0.952557809101781
0.9525825697744018
0.9526016330590054
0.9526334909161854
0.9526664169605727
0.9527030806453888
0.9526913710241425
0.9527007217988036
0.9527058558831109
0.9527169183580325
0.9526879109476487
0.9526398733306186
0.9525975145245984
0.9525572960880017
0.9525341227929428
0.9524870970595019
0.9524518281832598
0.9524217070914989
0.9524060396394031
0.952388376335607
0.952401748439841
0.9524177682108539
0.9524111055090032
0.952354561055917
0.9522914642312514
0.9522728396153902
0.9522554142836112
0.952239584102105
0.952223167232758
0.9521961170457959
0.9521412451271274
0.9520840945213439
0.9520412227462132
0.9520055875635651
0.9519944065691058
0.9519736152573446
0.9519257121027532
0.9519006744198231
0.9519048193879008
0.951924196844007
0.9519400639939478
0.9519603727166515
0.9519552530831367
0.9519550181246961
0.9519622712668854
0.9519443800673959
0.9519374748430866
0.9519399401086419
0.9519442763721943
0.9519496004282746
0.9519530377710708
0.9519602663720043
0.9519504747981147
0.9519639250735223
0.9519684953024831
0.9519568981006529
0.951948993490704
0.951946023884709
0.9519442382998644
0.9519599232493373
0.951975582109335
0.9519872438495323
0.9520176978931482
0.9520658470969481
0.9520737114003838
0.9520750134223739
0.9520704530434595
0.9520677929988347
0.952086154148618
0.9521073625590363
0.9521416953797681
0.9521887591308635
0.9522080595570925
0.9522170572139265
0.9522135080146832
0.9522068425800168
0.9522062647790379
0.9521827594418879
0.9521706435307746
0.9521483764190668
0.9521528312178938
0.9521474516550614
0.9521317647971971
0.9521266337765704
0.9521125219190725
0.9521352069853609
0.9521481551276421
0.9521232182454201
0.9521314922163088
0.9521311298478516
0.952138536292443
0.9521404609822401
0.9521400973381211
0.9521458074278606
0.9521388352872124
0.9521340272572058
0.9521011645728363
0.9520884916549237
0.9520843489742913
0.9520629915484258
0.9520518229967092
0.9520593656412879
0.9520982284543399
0.9521240364551757
0.952144063083844
0.9521569746746553
0.9521427964073486
0.9521431198012922
0.9521653249379525
0.9521901093111365
0.9522144532265713
0.9522348854264964
0.9522833830668727
0.9522870967261258
0.9522836679786361
0.9522984097395263
0.9523075769844237
0.9523261479970154
0.9523279847128622
0.9523212912087526
0.9523058729474626
0.9522980983262032
0.9522749614052892
0.9522522853616975
0.9522198675435227
0.9521812866142025
0.9521340231332623
0.9521190576235781
0.9521130750011592
0.9520894959496684
0.952059638145114
0.9520623445969798
0.9520465967511913
0.9520330732818615
0.9519803806648687
0.9519410963189614
0.9519220122815859
0.9518948496270421
0.951850631772774
0.9518396775619974
0.9518077529360225
0.951785556694576
0.9517654248602491
0.9517674285257618
0.9517645488447464
0.9517447321423085
0.9517296894169587
0.9517202217063803
0.9517198246596948
0.95172461156102
0.9517337977844755
0.9517287875230878
0.9517403675934752
0.9517576477894756
0.9517704945438948
0.9517774125742148
0.951805932891216
0.9518280520579001
0.9518655252756465
0.9518798203979162
0.9518998927550177
0.9519067284023618
0.9519102054468378
0.9519211275884344
0.9519111755119324
0.9518892150177107
0.9519010147209582
0.9519315381205907
0.9519870952134479
0.9520231660504148
0.952047176453904
0.9520927779926863
0.952107705751739
0.9521412407573917
0.9521634770772942
0.9521957033331538
0.9522187526911629
0.9522323509918801
0.9522517554716244
0.9522834778120625
0.9523228327710377
0.9523226490035257
0.9523601997399955
0.9523868757370733
0.9524188586514741
0.9524197413607242
0.9524379984326489
0.9524494590800541
0.9524563322675256
0.9524714178511526
0.9524849698972798
0.9524943488836433
0.9524991662828438
0.952490948436276
0.9524681399044379
0.9524779129891497
0.9524803565444353
0.9524586275820883
0.9524354568509682
0.9524277631202532
0.9524413799617854
0.9524656282971412
0.9524770273606695
0.9524715090032562
0.9524733680405884
0.9524869727747595
0.9524764071153231
0.9524684257312693
0.9524854534288091
0.9525002989956285
0.952530448805361
0.9525418250695286
0.9525454255743114
0.9525692335042643
0.9525621623845123
0.9525496298163302
0.9525528771586566
0.9525310425955276
0.9525131727107128
0.9525115174391271
0.9524982428293048
0.9525093977287734
0.9524880243720276
0.9524417178673961
0.9524014636920428
0.9523754264409007
0.9523729556630915
0.9523438288002465
0.9523317373519471
0.9522974141423247
0.9522799533584292
0.9522635077295116
0.9522400583377597
0.952239105562696
0.9522233880950791
0.9521995531272948
0.9521773199251646
0.9521238625599209
0.9520784029367819
0.9520334354372975
0.9520033259898772
0.9519906260319391
0.9520005446464052
0.9519988797269798
0.9519733421505585
0.9519794465534336
0.9519632395976113
0.9519679951667298
0.9519910951720967
0.9520294245100656
0.9520575955098761
0.9520883398381103
0.9521025943848025
0.952121170442356
0.9521289407784395
0.9521396956326543
0.9521572354003898
0.9521786126030202
0.9521781116899459
0.9521930174290039
0.9522129998404174
0.9522419298052972
0.952270780535952
0.9522929230397965
0.952306821556161
0.9523047506767378
0.9523015793358653
0.9523112767639018
0.9523251302189756
0.952327459826842
0.9523208848236627
0.952337938697451
0.9523384732162987
0.9523476464914751
0.9523866942107418
0.9524159897155978
0.9524477901147115
0.9524633882996513
0.9524689852373652
0.9524435816224389
0.9524279458963152
0.9524418263211935
0.9524611352479354
0.952472717492835
0.9524782076106877
0.9524913059885965
0.952485451993827
0.9524760773206324
0.9524760403303771
0.952482762900106
0.9524785346586778
0.9524888174814984
0.952479388059292
0.9525136213543233
0.9525435133178425
0.9525573073414472
0.9525800608321117
0.9525954105732255
0.9525847548698116
0.9525919290086616
0.9526077545289505
0.952621275484489
0.9526316523930402
0.9526480653107936
0.9526394899950815
0.9526436640854928
0.952646874677703
0.9526608461380413
0.9526764519595278
0.9526992941443171
0.9527356599106683
0.9527413013070294
0.952744390123972
0.9527562365065896
0.9527648154159415
0.9527736304768873
0.9528045954073504
0.9528268836431767
0.9528495528282819
0.9528734457504328
0.9528815904329466
0.9528877713927644
0.952922999355575
0.9529628527917777
0.9529645961542693
0.9529662505487831
0.9529493445829924
0.9529417949025585
0.9529563312244912
0.9529484097320573
0.9529451127382541
0.9529766001761228
0.9529868581300234
0.9529886953571678
0.9529827686755861
0.9529616918750781
0.9529461264821629
0.9529369011192187
0.9529355380161059
0.9529429907700713
0.9529416014966554
0.9529449890783468
0.9529631742152445
0.9529925286505744
0.9529917256960032
0.9530004137750773
0.9530094512486639
0.9530219743316101
0.9530182336690498
0.9530123518938423
0.9530155158043933
0.9530331624425695
0.95305292369953
0.9530622980261669
0.9530528589313038
0.9530598911567164
0.9530685225622301
0.9530609597899462
0.953042445975553
0.9530308069640815
0.953004123186553
0.952985918256397
0.9529546875647577
0.952915923718035
0.9528757471389885
0.952843448543617
0.9528458772317198
0.9528465534894053
0.9528638717636343
0.9528686926441889
0.9528872275359196
0.9528873978370602
0.9528762094470599
0.9528587377297497
0.9528388814879387
0.9528331964004122
0.9528444065231538
0.952849280533785
0.9528422980333373
0.9528270302877776
0.952814609583959
0.9528062698548448
0.9528048978487259
0.952799921805366
0.9528049154301431
0.9527982119527811
0.9528032080848894
0.9528066445465663
0.952813914306776
0.9527965795557655
0.9527795928307001
0.9527604674250824
0.9527535290260822
0.9527641371536003
0.9527824004125685
0.9528110098499001
0.9528235278759026
0.9528556588117785
0.9528854629273893
0.9529122528136235
0.9529165437273973
0.9529315227961309
0.9529478384505128
0.9529582107226229
0.9529609644955191
0.952951540817307
0.9529384001744976
0.9529272656191544
0.9529069632540962
0.9528889259402437
0.9528912497337391
0.9528742583843401
0.9528755841319879
0.9528769324159615
0.9528742460375947
0.9528661469222592
0.9528411747139127
0.9528312149349727
0.9528180551858421
0.952800061535851
0.9527878412715545
0.9527834561952899
0.9527638787166557
0.9527521190391373
0.9527403764749188
0.9527375462762174
