0.522720866891401
0.5865646893207487
0.692728681552169
0.7638642946818466
0.8064168749294017
0.8365027526565924
0.8513226173108622
0.8659183072386477
0.8816689805128562
0.8938980437380536
0.9004977504818524
0.9067741575264056
0.9132933783793662
0.9159732087283188
0.9205346983564269
0.9238924464212924
0.9252411258159012
0.9268072161264235
0.9287894363981077
0.9305784685061836
0.9316663594642483
0.9324566665517894
0.9335476593118879
0.9347795279187547
0.9365444555915758
0.9364320723699987
0.9370390599180534
0.9377713377188585
0.9387502119721448
0.9390799160584746
0.9390329182849196
0.9391532509735732
0.9397782515793061
0.9397879624473369
0.9405471606503994
0.9417534377581959
0.9427367806303317
0.9433502103807574
0.9445486533598024
0.9445940292754883
0.9451733886038058
0.9455352824988288
0.9459699277790063
0.946124656226449
0.9466409033449893
0.947436252782442
0.94771611721788
0.9478994544618036
0.9484298778930109
0.9484861452751309
0.9487337473537287
0.9487363230839722
0.9491235918961329
0.9494703261616937
0.9496274195288604
0.9495682966461486
0.9497957746016434
0.9501231054839048
0.9502092055785626
0.9504509520552401
0.9506205438720434
0.9502870668170956
0.9500400926473065
0.9499881628870018
0.9497858846813125
0.9498290712016071
0.9494233892002001
0.9492048894796868
0.9492075178431736
0.9490019882138491
0.9487688818385024
0.9484436249005408
0.9485992147142152
0.9486703928135565
0.9486690925434657
0.9487355656624533
0.9488196851588662
0.9490584517231299
0.9490016677104106
0.949372732042773
0.9498845039705885
0.9501727593004061
0.9505992995923503
0.9509099434712814
0.9511052159104197
0.951319561024573
0.951551618983803
0.9515980807713061
0.9517233290296835
0.9519523678020753
0.9522175069481162
0.9524716917436621
0.9526479286441308
0.9527728329497042
0.9527206451407044
0.9526816529266464
0.9525977631323195
0.9524967268504744
0.9524803917009066
0.9523965251160568
0.9524240297953234
0.9525273130648043
0.95252975157838
0.9525561880511276
0.9525466748178443
0.952357464929043
0.9520636761290892
0.9520624120380375
0.9522570560658659
0.9522524657407309
0.9522538576962806
0.9522685082037868
0.9524414184824066
0.9527361884216811
0.9530586563468747
0.9530934549207164
0.9528958214002141
0.9527276969476568
0.9526734022833376
0.9527742836881906
0.9525801984665653
0.9524707640370242
0.9525043159550162
0.9524239348829423
0.9523592843774088
0.9521922365508202
0.952072318804007
0.9520897464327188
0.9519991701222613
0.9519633295303932
0.952082500754679
0.9520557906553891
0.9521242106954737
0.952270207882921
0.9522942523589928
0.9522899109659088
0.9522978394396461
0.9522816848309168
0.9523341946921559
0.9523709188882433
0.95248105287159
0.952572053612671
0.9526729573653744
0.9527146702395362
0.9526848069934385
0.9525858074512951
0.9526045648628394
0.9526507525563931
0.952460213680347
0.9523953030121093
0.9522295298434188
0.9521814846547565
0.9521630486754953
0.9521861739420359
0.9521443233360884
0.9522494197075787
0.9523849498967535
0.9524958984385972
0.9525379603329406
0.952598241443445
0.9526099099266038
0.95265904353386
0.9527686218873833
0.9529251409735925
0.9530014638476738
0.9530951172001758
0.9532143584073048
0.953307589025945
0.9532618871421172
0.95330231453477
0.9534556029500003
0.953588654640632
0.9535631807445741
0.9538132253161549
0.9539756340984147
0.9541026453026019
0.9542655606601149
0.9543745337210835
0.9544531074445826
0.9543672539989131
0.9542486556545597
0.9541670201614133
0.9540562883588591
0.9539768964731221
0.9539796708755689
0.954007620246717
0.9540994178487452
0.95420259083975
0.9543114232343535
0.9545047181950744
0.954599694788773
0.9546183288325907
0.9546866486479519
0.954806615148727
0.9549602248158955
0.9550999102700035
0.9551802706892384
0.9552238415408705
0.9552282603218964
0.9552983844500733
0.9552797533887915
0.9553669405101466
0.9554818866846727
0.955616823355648
0.9557534236907814
0.9557567658618292
0.9557866647982424
0.9556875879994624
0.9555964821580962
0.9555862276580835
0.9555581204580499
0.9555357772072632
0.9556659266254316
0.9557181028947151
0.955758654723048
0.9557973852350741
0.9558822606997712
0.9559126800214645
0.9560017580002347
0.9560970446378689
0.9560953990611448
0.9561405407165221
0.9561846660915685
0.9562091307944122
0.9563220490042674
0.956440078638648
0.9565642059724524
0.956697251561765
0.9566883146140566
0.9566334211501196
0.9565582253269658
0.9565329253615524
0.9565298749388843
0.9565369587484324
0.9564708054143694
0.9564147695282402
0.9564485436692929
0.9565037511233391
0.9565475998082463
0.9566154215971311
0.9565871290102941
0.9565755811914827
0.9565879956217677
0.9566140319514513
0.9566346096874919
0.9567004718131031
0.9567128824095532
0.9568168303302789
0.9569278686983521
0.9570195018598636
0.9570341272806504
0.9571181545725248
0.9572197618872325
0.9572586159398666
0.9573201061943654
0.957364309933948
0.9573566800494139
0.9573758274560439
0.9573816685532253
0.9574215541673887
0.957539376783271
0.9576163996543655
0.9575903368737515
0.9576200839829976
0.957647707839633
0.957677441271747
0.9577003927699191
0.957712035054266
0.9577061714225372
0.9577602682962888
0.9577460868614093
0.9577654210232219
0.9577310424771875
0.9577219406684291
0.9576273738073103
0.9576131993922421
0.9576578134625604
0.9576982395590923
0.9576864001621037
0.9576594546739773
0.9576334596900623
0.9576395529071304
0.9576289625826248
0.9576115123508379
0.9576535699244442
0.9576510479452095
0.9575918660403675
0.9575634068114697
0.9575265262903674
0.9574854495987509
0.9574121501109278
0.957390640263021
0.95733491477827
0.9572674082778521
0.9573089780112698
0.9572997384563596
0.9572594312342368
0.9572253472798493
0.9572344490993473
0.9572171362846827
0.9572367246566249
0.9572236361161465
0.9571807887575663
0.9571508802458754
0.9571716188950647
0.9571237186221134
0.9570777185823969
0.957018647151412
0.9569507731642206
0.9569332739483886
0.9569111148944206
0.9568787450406252
0.9569205026692362
0.9569383065334034
0.9569407791279742
0.9570365908582342
0.9571176402199882
0.9571625962518425
0.9572226704886153
0.9572084242375835
0.9572004610189481
0.9571723122453544
0.9571140711535505
0.9570173828778418
0.9569519629491328
0.9569563933653967
0.9569696847809778
0.9569483791909688
0.9569105814784443
0.9569679216847102
0.9570373832397873
0.9570718278084474
0.9570517083343709
0.9570841907082059
0.9571136819713747
0.9571574301894269
0.9571868011665905
0.9571839791843189
0.9571279594054156
0.9571146226987132
0.9571153193867749
0.957136415785156
0.9572025724542265
0.9572400518841281
0.9573076433743455
0.9573939069154312
0.9574084193694637
0.9574638162638754
0.9575262438319562
0.9576058314133431
0.9576926901959429
0.9577987262988625
0.9578563091218802
0.9579367176931806
0.957965389560192
0.9579199293819718
0.9579414927932043
0.9579546211030674
0.9579952933208287
0.9580216331061965
0.9580123459287014
0.9580381584525338
0.9580528546311361
0.9581124588413419
0.9581455887909265
0.9581225799809159
0.9581691549032921
0.9581747897731072
0.9581370179534364
0.9581257542907673
0.9580874036543808
0.9580883634756524
0.9580814870766113
0.9581435317388933
0.9581197175847476
0.9581018169798521
0.9580406000565075
0.9580277929920614
0.9580436706351589
0.9580765227802157
0.9581077472192686
0.9581705796585344
0.9581836879606797
0.9581761383868213
0.9581390076023851
0.9581392021238323
0.9581592769627602
0.9581642164275626
0.9582037584702344
0.9582574919363525
0.9582957650918223
0.9583285793284957
0.9584267157889516
0.9585036895781928
0.9585359707597665
0.9585426608320466
0.9585706416841243
0.9586240700354866
0.9586857552921485
0.9587323064102617
0.9587654644960738
0.9587996000313287
0.9588561029847912
0.95888868941024
0.9589325032653917
0.9589341016042716
0.958906208335656
0.9588845849087767
0.95884938640099
0.958845649055089
0.9587716002833108
0.9586925750223689
0.958676615355395
0.9586285081724931
0.9586436767968821
0.9586622774962504
0.9587103135322192
0.958739660625553
0.9588054398559227
0.9588886274253303
0.9589432394653423
0.9590168977503881
0.9590296881847307
0.9590822406250548
0.9591041342234489
0.9591449998524453
0.9591984080685791
0.9592320927240608
0.9592745132281032
0.9592850860385069
0.959298101688695
0.9592652786378093
0.9592576169597863
0.9592097108209187
0.9592086030755657
0.9592095507413401
0.9592108096016997
0.9592262625920205
0.959236708541341
0.9592617315072293
0.9592967800964584
0.9593151825318679
0.9593642234642161
0.9594055448430777
0.9593942497194689
0.9594049083610267
0.9594295550056088
0.9594500276225711
0.9594825595331059
0.959523424842565
0.9595738634436884
0.9595960040380976
0.9596417700768985
0.9596310134054167
0.9596513945273144
0.9596728493864057
0.9596969083493789
0.9596975766314993
0.9597359468349598
0.9597824734720113
0.9598108421870841
0.959817907861649
0.9598242188112435
0.9598440828481596
0.9598259247587458
0.959800073319944
0.9597674849623972
0.9597423888934246
0.9597349170253728
0.9596904009794296
0.9596469085618287
0.9596013830802851
0.9595909354239847
0.9596348688147471
0.959672350292139
0.9596618860204265
0.9596165120291623
0.9596303898604007
0.959674640302627
0.9597058232339009
0.9596949520527559
0.9597101077062764
0.9597050436695923
0.9596501970590723
0.959651167007564
0.959661479115174
0.9596578842158363
0.9596473415219948
0.9596463280319519
0.9596588933716431
0.9596551839819594
0.9596498185813465
0.9596547496787291
0.9596442734407514
0.9596276962702123
0.9596305364381581
0.95961847260893
0.9596150406797948
0.9595892169978856
0.9595273668761899
0.9594731351237374
0.9594587711425974
0.9594183245068099
0.9593775455150575
0.9593592744133578
0.959357635080259
0.9593700532032321
0.9593907048809645
0.9594314341540093
0.9594520145693765
0.9594503505207451
0.9594707108147512
0.9594607540106083
0.9594826631094454
0.959501385618483
0.9595106692132203
0.959500797022568
0.9594947719445598
0.9594579598868557
0.9594231960237243
0.959397308211139
0.9593819375170215
0.9593928485922779
0.9594064965001731
0.9594356107033523
0.9594336889437977
0.9594312632661237
0.9594225460730307
0.9594179568548161
0.9594227252150453
0.9594320050653798
0.9594270847759288
0.9594525826190101
0.9594898495614832
0.9595496214340558
0.9595962216487107
0.9595991145754247
0.9596167973542016
0.9596248800500184
0.9596147509360232
0.9595934688013082
0.9595981196648464
0.9596391177421817
0.9596665304157598
0.959657936225199
0.9596826044439356
0.9597115903670853
0.9596991123925324
0.9596965148138024
0.9596827817187371
0.9596693978788449
0.9596736598129181
0.959711298497134
0.959736632611956
0.9597241979829345
0.9597185860312455
0.9597011049864963
0.9596679643482582
0.9596820968799117
0.9596816797808153
0.959693936762017
0.9596938099648216
0.9597051013546251
0.9597159741009477
0.9597340063615218
0.9597719108386054
0.9598102186220245
0.9598361717455449
0.959846675780674
0.9598402942067611
0.959806880260021
0.9597779109489919
0.9597652358148202
0.9597595596071644
0.9597737410439446
0.9597973135010683
0.9598592179162039
0.9598980819491446
0.9599441167525138
0.9599619879651832
0.9599863092943056
0.9600238212669432
0.9600607435060573
0.9600600458036901
0.9600507201486375
0.9600529121748848
0.9600636488608713
0.9600821117353644
0.9600958417597841
0.960114603395965
0.9601497989295579
0.9601594423257938
0.9601710721576548
0.9601967528496641
0.9601886428240757
0.9601920704474558
0.96021696094766
0.9602052214550231
0.9602147613292629
0.960263291163078
0.9603080445128193
0.9603320029870089
0.9603710029078586
0.9604155020851325
0.9604485803540178
0.9604774804217744
0.9604652316867948
0.9604606837942355
0.9604818783494059
0.9604706444979785
0.960450289343693
0.960518524333804
0.9605471874387967
0.9605673026123468
0.96060806447116
0.9605860941318389
0.9605647076215705
0.9605432952074331
0.9605625642348631
0.960558508048606
0.9605290436412558
0.9605404034356408
0.9605733362864716
0.9605769650662808
0.960571412904155
0.9605496733923494
0.9605022870721113
0.960492371742263
0.9604823502402
0.9604311877851719
0.9603955308928254
0.9603883044881872
0.9603919339347958
0.9603841811636833
0.9603639382734138
0.9603427826174286
0.9603474439877264
0.9603688071055853
0.9603713419687477
0.9603638427732338
0.9603566604022689
0.960320131075744
0.9603089969539034
0.9603110334194304
0.960312547006191
0.9603228227386449
0.9603531478466715
0.9603520741171182
0.9603714995066711
0.9603361607214121
0.9603107169279225
0.9603062137955573
0.9603375424720573
0.9603697284937068
0.960387715129024
0.9603882967836389
0.9603844095407591
0.960399026299684
0.960377706717422
0.9603857581167523
0.9603971289872331
0.9603912339394334
0.9603858747597043
0.9603888952774169
0.9604189675527114
0.9604553951253869
0.9604933754625223
0.960503610121487
0.9605294737894503
0.9605555049860852
0.9605518393608694
0.9605579504476488
0.9605662253239972
0.9605728810840746
0.9605867271874154
0.9606144261976848
0.9606272779423367
0.9606354803894326
0.9606530866477065
0.9606639135761321
0.9606670566778291
0.9606915107285551
0.9607174113774857
0.9607468056801302
0.9607671996366793
0.9607623165777244
0.9607821687812571
0.9607982817286734
0.9607855327549372
0.9607969505338388
0.9608146315965599
0.9608273169734731
0.9608619093405415
0.9608829559367434
0.9608855069556799
0.9608921227988815
0.9608898178388535
0.9608833702763254
0.960898821959656
0.9609384269135186
0.960960308263844
0.960962342218406
0.9609811697070064
0.961015975930384
0.9610132102033693
0.9610468452426751
0.9610822158705603
0.9611196218474791
0.9611185457885942
0.9611052815018412
0.9611265275309826
0.9611351214446003
0.9611277163717458
0.9611566337144329
0.9611780910931591
0.9611620234556489
0.9611641856597898
0.9611679196509304
0.9612089662036417
0.96125737234002
0.9612946421033183
0.9612967717875203
0.9613083041434678
0.9613274290004038
0.9613530220688954
0.9613328750657838
0.9613195228681173
0.9613101205982282
0.9613230015176739
0.9613132545542723
0.9613111756090036
0.9613050985326692
0.9612927735008181
0.9612769611440947
0.9612732132125926
0.9612724721982407
0.9612812869081124
0.961306630205179
0.9612976587520811
0.9612838277798741
0.9612829164382992
0.9612789007936968
0.9612720213187271
0.9612641782085468
0.9612741122099102
0.9613190346373159
0.9613343552094226
0.9613897579016394
0.961431802137851
0.9614689301170073
0.9614989888474876
0.9614992972814083
0.9615156094587843
0.9615436801001357
0.9615455031639036
0.9615425917614718
0.9615393945231374
0.9615496527886952
0.9615446348815562
0.9615402953771748
0.9615650927542704
0.9615817770135413
0.9615897932861152
0.9616011590560637
0.9616144823748736
0.9616184855809085
0.9616241886908671
0.9616284199447819
0.961597073035077
0.9615869134988505
0.9615953937494155
0.9616149968663708
0.9616177651491022
0.9616206362757814
0.9616167224276702
0.9616333846738074
0.9616534536708042
0.9616749783743386
0.9616966457620871
0.9616979382172437
0.9617181777353937
0.9617287442208472
0.9617640562676877
0.9617984704355215
0.9618278513665645
0.9618414386181007
0.9618394212744166
0.9618397621207715
0.961823246216684
0.9618128026877251
0.9618153927649349
0.9618232917470328
0.9618020377214473
0.9617983103363186
0.9617709887922145
0.9617483412397292
0.961724428441188
0.9617066438231392
0.9616761372618791
0.9616560840838031
0.9616489863716405
0.9616028260191823
0.9615710527262686
0.9615344651904636
0.9615116240314504
0.9614942277148835
0.9614781791524272
0.9614708311452684
0.9614856850553408
0.9614865859683603
0.9614920283831304
0.961497559595895
0.9614715854784709
0.9614540010003786
0.9614500283868729
0.9614443208558
0.9614620137257531
0.9614845835995368
0.9614982976547759
0.9615045669334926
0.96151250716352
0.9615070929302076
0.9615074749884608
0.9615346084764489
0.961546356290814
0.9615538857579675
0.9615649133098796
0.9615807014395457
0.9616040272927993
0.9615993357800952
0.9616338827134803
0.9616536187019604
0.9616657157564389
0.961686294983812
0.961675016161928
0.9616771910608913
0.9616863934147912
0.9616946437882079
0.9617300202277798
0.9617428822300137
0.9617588974544711
0.9617783704115903
0.9618065888241181
0.961822034126827
0.9618440846226918
0.9618790657316958
0.9618954209176208
0.9619138416864416
0.9619344170064498
0.961961744764319
0.961990832427097
0.962006111507662
0.9620225117452943
0.9620359727957335
0.9620422969836511
0.96207542283951
0.9620995358430818
0.9621248189779851
0.9621234967982806
0.962148622310918
0.9621571632998341
0.9621655522134832
0.9621941794649077
0.9622176090397989
0.962229401756699
0.9622283755923529
0.962227566729109
0.9622548372162596
0.9622824186995388
0.9622948233154411
0.9623067386436224
0.9623360713255655
0.9623452242152324
0.9623534993383754
0.9623484962138461
0.9623669299522409
0.9623697519887393
0.9623737388580028
0.9623789974518403
0.9623740488642665
0.9623644559493373
0.9623561227820167
0.9623358084964038
0.962310525306342
0.9623041594807958
0.9622940947861988
0.9623005342137562
0.9623055731414898
0.9623100923209537
0.9623237503018935
0.9623346537706731
0.9623488839269859
0.9623613121179071
0.962349274542444
0.9623428130888846
0.962339189996141
0.9623627446581371
0.9623790587923089
0.9623923215852133
0.9623988418727423
0.9623803431880863
0.9623893232579968
0.9623999719957026
0.9624156692888064
0.9624386322134327
0.9624621936924356
0.9624736302944847
0.9624560035317952
0.9624252257629948
0.9624299322201457
0.9624219346838211
0.9624140402817958
0.962410454938734
0.9624217352113925
0.9624302765923968
0.9624582497168647
0.9624732648408083
0.9624763759711031
0.9624934816691504
0.9624988130970974
0.9625023580019547
0.9624964584384923
0.962527308306708
0.9625452766168524
0.9625703739010523
0.9625825646847717
0.9626146621394747
0.962629512893044
0.9626475111343271
0.9626664510902668
0.9626901913992473
0.9627058788540067
0.9627216814372901
0.9627433628799673
0.9627512324915947
0.9627587224953872
0.9627490401549924
0.9627593410621696
0.9627583168097885
0.9627705011850289
0.9627939188014637
0.9627980053019836
0.9627833125808987
0.9627912771587749
0.9627900676469979
0.9627661480990231
0.9627266655354612
0.9627088732279724
0.9626923332539215
0.9626931080357015
0.9626975633607858
0.9626972069339669
0.962690266794833
0.9626975329942957
0.9627100207545453
0.962723662688418
0.962747387890183
0.9627374055359573
0.9627276405670073
0.9627132145761265
0.9627142734806288
0.9627294648444772
0.9627274314675858
0.9627014066772605
0.9626860522794537
0.9626495847923878
0.9626457915070349
0.9626563676908338
0.9626505302655374
0.9626606347081726
0.9626902857120695
0.9627365166027283
0.9627866345721849
0.9628257934613935
0.962854182718762
0.9628791398678218
0.9629409229659516
0.9629665279254405
0.9630003372438053
0.9630175646556562
0.9630373556034987
0.9630579258163364
0.9630773466066781
0.9630915002771845
0.9631111308889384
0.9631113020059119
0.9631260015884986
0.9631434835541982
0.9631548563350668
0.9631742956054042
0.9631823744888217
0.9631948672624439
0.9632077495682573
0.9632298023976001
0.9632406303930402
0.9632547520986903
0.9632399202193982
0.9632305585004322
0.9632105060948131
0.9632124173431572
