0.4760396652545602
0.5475893783321263
0.6780141490130103
0.7602475769524465
0.8048829823870044
0.8376484720056196
0.8574273171636115
0.8723029913884423
0.8843590179624249
0.895949402837655
0.9021541607778635
0.9065856208242
0.912398130647553
0.9161718309706295
0.9181260801308131
0.9194908189856684
0.9210543493686248
0.9232846973754079
0.924821069394522
0.9267389637893282
0.9285092205213208
0.9291685430445422
0.9293292258787605
0.9295252314087346
0.9299940440128674
0.9305151648747877
0.9312120272481308
0.9307537619154541
0.9310174366006184
0.9301277586172066
0.9299140586634326
0.930396087161554
0.9316833942622921
0.9321103242615667
0.9325925739583352
0.9330343779043379
0.9333282207451006
0.9340645922764929
0.9347927308087437
0.9350871052147112
0.9353305971363554
0.9359736065750869
0.9362945500673316
0.9365148396303972
0.9367244302426265
0.9373131216356011
0.937553495414144
0.9375723430962013
0.9379499022204412
0.9384178748487305
0.9387654602646464
0.9394514487924738
0.9402602973186287
0.9412566022869464
0.9417280294153106
0.9418453803787192
0.9420108154978281
0.9419500412249953
0.9419472189546796
0.9420542148029271
0.9425424855934937
0.9429361002990324
0.9433524540897924
0.9435837356103873
0.9436543459780847
0.9433621088144829
0.94334419428352
0.9432625989559992
0.943240172009456
0.9429791594678167
0.9428955887833966
0.9432075458488917
0.943555390537212
0.9435229766193466
0.9431379669078582
0.9429548610104793
0.942881801598255
0.9429305245526065
0.9428680473932998
0.9431873552071974
0.9435937992360103
0.9436922864297734
0.9439427074989719
0.9441307473962418
0.9443711808828263
0.9443626352318439
0.9444190551218726
0.9445083339609879
0.9443725200817069
0.9444414694126525
0.9445317502284193
0.9442424077823108
0.9439671436037496
0.943870523114678
0.9435870202733261
0.9436415013477294
0.9436402582165581
0.9436949465089446
0.9438297860489286
0.9437960108908868
0.9439304864077572
0.9440949333224767
0.9442337826030601
0.9442952576298123
0.9443897979853629
0.944759027353004
0.9450392848497762
0.9452320639259448
0.9454747473291649
0.9456262069292682
0.9457829546700065
0.945797968647913
0.9456448952456447
0.9454663681270616
0.9452931601972996
0.9450362134637997
0.9446675819668433
0.9443915724034678
0.9441435714309491
0.9439175437917516
0.9436263735944086
0.9435304644448462
0.9433136099418695
0.9431304910425039
0.9427723279231173
0.9425938030507601
0.942434365678317
0.9424210877341497
0.9421649253090842
0.9419587570625958
0.9420150183176436
0.9418479061180833
0.9416461887969596
0.9415452082823524
0.9413841404755408
0.9414161663763411
0.941301372479287
0.9411350299132369
0.9409580300372647
0.9407331694886919
0.9405844759556676
0.9403915808405933
0.9401616519131779
0.9401404334584156
0.9401455500758531
0.9401470053961222
0.9404808002785123
0.9406384426282389
0.9406698123480491
0.940603904989925
0.9405260672209694
0.9404076299223046
0.9403111729570113
0.9401992035717169
0.9401066076796223
0.9400706274336305
0.9400345783608183
0.9400190170673228
0.9399335539088715
0.9398659692137936
0.9397304858840021
0.9396962476838768
0.9396770812798708
0.939678988113176
0.9397314637700372
0.9396425566588514
0.9396638774513826
0.9395776072149111
0.9394654493792026
0.9393891244438802
0.9392354161982782
0.939239711230345
0.9392358043533695
0.9392114072758203
0.9392896106114851
0.9391965834842496
0.9390495724685977
0.9390352629264325
0.9391086383880433
0.939130532874384
0.9391286749693767
0.9391355604533639
0.9391185835106823
0.9390349344421114
0.9390133124527054
0.9390133277937573
0.939035549610828
0.939102336699532
0.9391886982370217
0.9393394378774578
0.9394893315604977
0.9396941872868589
0.9399366041006401
0.9401724173130998
0.9404270315364618
0.9405597701837088
0.9406471811542496
0.9405432931330684
0.9406801975187976
0.9407936026481387
0.9407750301046436
0.9408202613602976
0.9408763283555256
0.940854480133123
0.9407674739404106
0.9407177921163582
0.940810471717289
0.9408687353283391
0.9407974486326374
0.9408742081713157
0.9409082722499722
0.940869811427743
0.9409043282713536
0.9409451219668028
0.9410308120866103
0.9410664685982401
0.9411275693667879
0.9410816631216447
0.9410272852644121
0.9409479804042592
0.9409326169676705
0.9409096999706513
0.9408989777136085
0.9409774038360852
0.9409881450047609
0.9409608356099605
0.9409857735689137
0.9409180870449233
0.9408874599604236
0.940847881665952
0.9407975317411299
0.9407645084865949
0.940706915063883
0.9405944379601596
0.9404861090465385
0.9404702376727732
0.9404312205079816
0.9404548837966189
0.9404154703570489
0.9402924254369838
0.9402370513088688
0.9401016714404429
0.9400067502193783
0.9400283803790443
0.9400183270134255
0.9401349824543154
0.9402763430580999
0.9404359162914799
0.9404883420423051
0.940572915628362
0.9405795418243222
0.9407971554660277
0.9409891398819661
0.9411467902800856
0.9413619806435439
0.9415361243657451
0.941568463887409
0.9415955790148367
0.941584091542589
0.9416422775983666
0.9416332030035027
0.9416395648097023
0.9415587471980827
0.9415329262480149
0.9415671661752029
0.94155652762033
0.9415699806553787
0.9415920707481914
0.941646235973358
0.9417459167654597
0.9418533778684401
0.9418689465360117
0.9417956909215675
0.9418148335283741
0.9417506558144835
0.9417957762698518
0.9418730727722626
0.941956679855045
0.9420707028360605
0.9421290010846338
0.9421526523790894
0.9421886601875389
0.9422337300990639
0.9422726641485851
0.9422846836446388
0.9422652475949304
0.942232942933458
0.942300921654255
0.9423463314103913
0.9423729740973329
0.9423024962745827
0.942217736449547
0.9420617153623181
0.9419178738809221
0.9419273819706541
0.9419280167224625
0.9419402224817505
0.9419636070623658
0.9419417195493717
0.9419943676767871
0.9420789967123673
0.9421030063689951
0.9420452348997572
0.9420214747140281
0.9420613888043647
0.9421314976580152
0.9421937546616266
0.942279354643539
0.942346301338834
0.9424397717835237
0.9425610855135231
0.9426738618292302
0.942711175507768
0.9427354460450638
0.9427881028093184
0.9428422347771048
0.9428846909409049
0.942977337133584
0.9431054724708745
0.9432180660377172
0.9433125634566202
0.9434538988650851
0.943541282849548
0.9436041571405415
0.9436730631221908
0.9438044163558259
0.943811713165094
0.9438886991843953
0.9439075880968182
0.9440214632421531
0.9441158470110513
0.9442162168751151
0.9442102728367427
0.9442839580732315
0.9442579560478188
0.9442914922152258
0.944281201235948
0.9442690453970488
0.9442021756021975
0.9441578599331221
0.9441434626018781
0.9441064571008769
0.9440971984806855
0.9440033287802213
0.9439098328173883
0.9438729511770398
0.9438478098467854
0.9438248406294796
0.9438171452381374
0.9437637758080737
0.9437754240047328
0.943728618558236
0.9437130634699716
0.9436808703922702
0.9436133733350932
0.9435439342857437
0.9434925108948651
0.9434096792300585
0.943281224707991
0.9432172696701694
0.9431848257326221
0.9431174965820337
0.9430782336766798
0.9430905750940385
0.943120167841632
0.9431057940216179
0.9430964376502559
0.9431508939293193
0.9432387969547191
0.9433283152812117
0.9433495341953678
0.943413057401595
0.9434919899066644
0.9435764235698555
0.9435993843737979
0.9436270132731384
0.9436010498610535
0.9436280960252036
0.9437295065852658
0.9437049260366788
0.9436990787263467
0.9437138080442711
0.9437836223293421
0.9438447423928388
0.9438554050726354
0.9437510183851349
0.9437197493421713
0.9437218476220972
0.9436964698827301
0.9436830622240526
0.9436906250881627
0.9436405050276271
0.9437015828530926
0.9437425985141047
0.9438396811595752
0.9438834987309448
0.9438811554679601
0.9439577604747237
0.9440231966308323
0.9440423122682549
0.9440420212414575
0.9440350766374047
0.9440132372167285
0.9439720717922171
0.9439609980581944
0.9439286908730625
0.9439221413161473
0.9439389317096146
0.9439310264419697
0.9439310857457514
0.9438822321982768
0.9439044965158053
0.943940647858298
0.9439388382961654
0.9440181636590229
0.9441048306903943
0.9441436559170719
0.9441085572092451
0.9441077899649951
0.944118227880904
0.9441255231724237
0.9440842460719354
0.9440516620784503
0.9439981441316051
0.9439063645822023
0.9438641349062198
0.9437687582427337
0.9437121987873102
0.9436904144773677
0.9436759526154598
0.9436873105591836
0.9437248637494277
0.9437334133874964
0.9437645633801357
0.9437894987796619
0.943750136392822
0.9437497272407274
0.9437701971703408
0.9437479445520908
0.9437243795953227
0.9437256346015304
0.9437536212913948
0.9437543181001907
0.9437863448346029
0.9438023070239525
0.9438370660833094
0.9438339573641505
0.9438299564588339
0.9438166691036421
0.943835938855114
0.9438808184163888
0.9439395254239294
0.943972369586181
0.9439124957934774
0.9439433660138151
0.9439687455713752
0.9440051862776733
0.9440501053799245
0.944095634083081
0.9441086926064352
0.9440971341907858
0.9440940567176117
0.9440673041606652
0.9440341647119478
0.9440119932907709
0.9440433452226357
0.9439971661146251
0.9439626468394461
0.9439121457727153
0.9438930891898836
0.9439040014270192
0.9438752090010467
0.9438779194797372
0.9438573192483098
0.9438354155738038
0.943849767446732
0.9437301675536683
0.9436923020450475
0.9437047068617381
0.9437607807969461
0.9437935357309156
0.9438025805976514
0.943837758598145
0.9438775271861927
0.943913533805309
0.9439411066983604
0.943942462563622
0.943928582289265
0.9438735786556979
0.9438857511587132
0.943843418607194
0.9438798696845953
0.9439189384509783
0.9439667834658443
0.9439804344609269
0.9440037722974117
0.9440297310969396
0.9440490492923096
0.9440740104358215
0.944099251956323
0.9441329151375398
0.944142148213645
0.9441265432463799
0.9441032027700539
0.9441156577160889
0.9441196709317705
0.9441237876428409
0.9441406193878176
0.9441372322543226
0.9441410338570347
0.9441651264004752
0.9441834112537898
0.9441759040665503
0.9442269407057974
0.9442435666071757
0.9441945837521918
0.9441841633786259
0.9441688383483925
0.9441281190449134
0.9441167865138284
0.9441452814627788
0.9442283411952556
0.9442772782424725
0.9443288761633203
0.9443241485431982
0.9443004674938488
0.9442737395143246
0.9442487026622431
0.9442355567340546
0.9442481382311836
0.9442758656265579
0.9442542244498068
0.9442697788640165
0.9443084842803502
0.9442997301304671
0.9443353083317625
0.94433778484384
0.9443550614126567
0.9443439635326046
0.9443975556120502
0.9444313646194781
0.9444827161324024
0.9444984521885776
0.9445213335213032
0.9445660307843524
0.9446001046356253
0.9446137926293491
0.9445910246444533
0.9446006961991383
0.9446072864594866
0.9445896544377055
0.9446100670102667
0.9446105496391134
0.9446045137450448
0.9445850946944649
0.9445906556836502
0.9445685786958659
0.9445851341064342
0.9445808207494721
0.9445560700176491
0.9445584631602875
0.9445895730178331
0.9446106933112738
0.9446479404701269
0.9446756869356737
0.9447090318290284
0.9447287649492011
0.9447558139205074
0.9447806209977165
0.9448207449632556
0.9448441700376169
0.9448779282083084
0.9448676789220474
0.9447988658628677
0.9448098752253679
0.9448035592337971
0.9448155174563323
0.9448519717814515
0.9448649772744817
0.9448850078558363
0.9448866804049889
0.944889860385768
0.9448981993656174
0.9449366193661134
0.944957009161191
0.9449349903474309
0.9449060777633235
0.9449031374320148
0.9449100280390623
0.9449151663908496
0.9449214989871285
0.9449347846386374
0.944989704093696
0.9450265491818437
0.9450734575525793
0.9451376693858432
0.9451693808150602
0.9451746418009139
0.9451705098627198
0.9451773716020474
0.945194033382433
0.9452103989228051
0.9452184507282404
0.9452297366851538
0.9452141380174778
0.9451766319471643
0.9451421561492097
0.9451137945081526
0.9450696789966998
0.9450574875658505
0.9450170090017255
0.9449667885668181
0.9449341846509317
0.9449040440062294
0.9448758959817468
0.9448865636945298
0.9448777720740356
0.9448556473960438
0.9448526392185308
0.9448495491370557
0.9448616191016087
0.9448599570078738
0.9448927645333958
0.9449165415356572
0.9448964838096999
0.9448597962078339
0.9448601588658896
0.9448753206285964
0.9448911707388751
0.9448832314922638
0.9449044233923477
0.9449212370592331
0.9449293869789717
0.9449305587977329
0.9449391807874932
0.9449541523701839
0.9449772364795087
0.9449742907200992
0.9449763208825576
0.9449925274484704
0.9450251859252861
0.9450406378737927
0.9450471112956611
0.9450767836835395
0.9451039491813954
0.9451588164361369
0.9451619997301496
0.9451332030317091
0.9451021236619442
0.9450781423242782
0.9450223375273451
0.9449627643549682
0.9449612477731035
0.9449593605411982
0.944962831079364
0.9449555902883602
0.9449299253963434
0.9449097850645424
0.9449317469786105
0.9449541200879956
0.9449522412710829
0.9449351414280287
0.9449404007235583
0.9449257566616139
0.9449270480169413
0.9449417623956412
0.9449471888580425
0.9449500411197588
0.9449426773660536
0.9449573366284495
0.9449506451939459
0.9449411124878089
0.9449295049209387
0.9449326297711178
0.9449482619433623
0.9449766249680104
0.9450267785864188
0.945073220339316
0.945118921766619
0.9451393258838191
0.9451417894111949
0.9451694698615956
0.9452092734483096
0.9452138095135697
0.9452021034675554
0.9452145234551138
0.9452431407966649
0.9452341494195986
0.9452144529666167
0.945202855185157
0.9451819407733723
0.9451858345588071
0.9451855418879768
0.9451817371418657
0.9451886361441076
0.9451958649764689
0.9452012511207389
0.9452169016602603
0.9452141823787142
0.9452236173745238
0.9452237067918443
0.9452290318340447
0.9452475188236215
0.9452460500098319
0.9452341262632997
0.945237032601124
0.9452173328025798
0.9451870333483969
0.9451630404740491
0.9451526930818043
0.9451447875846415
0.945123927560392
0.9450970701130179
0.9450768537835186
0.9450349806230219
0.9450091893563145
0.9449716033346864
0.9449538714559051
0.9449682147132079
0.9449690581197955
0.9449861543420277
0.9450268746519777
0.9450389925189683
0.9450420049726814
0.9450500206333683
0.9450438130061045
0.9450646427703855
0.9450927431969309
0.9451209796782375
0.9451350681282432
0.9451517677268686
0.9451819682397335
0.9452560049899473
0.9453170810870712
0.9453527776794558
0.9453817718875573
0.9454007999258353
0.94543821179278
0.945482732372854
0.9454753545551391
0.9455058152922573
0.9455154960772547
0.9455357671773279
0.9455692332620037
0.9455884704437714
0.9456023284755138
0.9455906524663623
0.9456121922457671
0.9456454121218388
0.9456667571097751
0.9457021401782992
0.9457288569717704
0.9457465962966135
0.9457778286069664
0.9457994408146464
0.9458010928586288
0.94580405811175
0.9458241753205613
0.9458376377635608
0.9458283849938574
0.9458371666936807
0.9458171229475875
0.9458011021293905
0.9457821537564033
0.945787693907308
0.9458057064977714
0.9458308298638308
0.9458141103600985
0.9457883648496442
0.9457937574277292
0.9457808870566012
0.9457388731975793
0.9457172349398313
0.9457106130389531
0.9456969928695653
0.9456858027388547
0.9456633257563574
0.9456168687475659
0.9456144684882314
0.945596982471044
0.945606684288406
0.9456057291248511
0.94560707575106
0.9456083638949386
0.9456314952352003
0.9456296171146308
0.9456192421615742
0.9456143677643961
0.9455843238106542
0.9455600378222784
0.9455531180267337
0.9455483533483274
0.9455482954062957
0.9455815610784752
0.945600233646247
0.945620446155495
0.9456210833999972
0.9456004884493947
0.9455848962278792
0.9455574398653311
0.9455437550996447
0.9454757427059289
0.9454559819328472
0.9454351935547545
0.9454429845785355
0.945427934398373
0.9454303983771188
0.9454355310583056
0.9454432744480527
0.9454302694237532
0.945413657076375
0.9453853265815556
0.9453583321449521
0.9453174533511507
0.9452969141558911
0.9452949391232609
0.9453258743104167
0.9453463479054659
0.945341883395761
0.9453538534603846
0.9453543152679654
0.9453467335195451
0.9453508734067758
0.9453685817074123
0.945390567159282
0.9454170073944771
0.9454300804337683
0.9454394694616595
0.9454502602960755
0.945479075812732
0.9454967579927119
0.9455051063816449
0.9455066879438224
0.9455183456894956
0.9455362012285942
0.9455605185949133
0.9455678395870956
0.9455786571646182
0.9455899112524907
0.9455995543372273
0.9456145589639803
0.945637983392726
0.9456705388924986
0.9456803382918997
0.9456715975401491
0.945676941365054
0.9456505910743624
0.9456434460703296
0.9456451699171289
0.9456332177998049
0.9456334234223509
0.9456412708605055
0.9456468290943765
0.9456126879358313
0.9455897672745669
0.9455863593677187
0.9455826308282156
0.9455834814256238
0.9455795852748605
0.9455853272723436
0.9456023463197346
0.9456012688202169
0.9456049877493857
0.9456014701669351
0.9455876520948417
0.9455963661480065
0.9455972619236044
0.9456137600608635
0.9456531801938778
0.9456642524515292
0.945685649880188
0.945698089034565
0.9457182156143781
0.9457350690858704
0.9457470707015275
0.9457485580289035
0.9457583978757284
0.9457653809339558
0.945778386799081
0.9457939631800041
0.9457984443612419
0.9457975311775094
0.9457978165449094
0.9457768536596811
0.9457759284414305
0.9457545974610094
0.9457399416635885
0.9457380602223424
0.9457620433056914
0.9457779927852858
0.9458092241358493
0.9458212603461097
0.9458356272296111
0.9458673266583221
0.9458633412479241
0.9458826609767765
0.9459015381066904
0.9459132434878097
0.9459011726955008
0.9458988101246739
0.945915084851483
0.9459206252079811
0.9459537414775038
0.9459763012625618
0.9460016662820772
0.9460181564953034
0.9460274849583397
0.9460418420317049
0.9460212716532962
0.9459875751676291
0.945967049211423
0.9459626173881323
0.945930268939982
0.945937986580718
0.945934470303423
0.9459543173221603
0.945966117470062
0.9459764175223896
0.9459915684210685
0.9460175701460222
0.9460279626984566
0.946045192987573
0.9460356002915462
0.9460291367806108
0.9460202854407117
0.9460321933505657
0.9460420517174968
0.946055407572586
0.9460509395735713
0.9460566055467318
0.9460632840027008
0.9460506783601503
0.9460334869650907
0.9459956102840105
0.9459727717110173
0.9459774942609329
0.9459903183065411
0.9459933985154746
0.9459788425769724
0.9459723026743204
0.9459743029336526
0.945993526880323
0.9460171290278012
0.946033077153123
0.9460647792526742
0.9460923693367757
0.9460989086997376
0.9460758746947546
0.9460822452284031
0.9460737680144113
0.9460652014990152
0.9460767688397335
0.9460934203320561
0.9460887898898347
0.946094970503465
0.9461098638218345
0.9461252673582162
0.9461293348583628
0.946127096850592
0.9461225344749501
0.9461379675434899
0.9461447281464002
0.9461286905788793
0.9461358691273246
0.9461488302477297
0.946162328385771
0.9461854684459066
0.9462165106106559
0.9462614609250297
0.9462921126082607
0.9463192992016939
0.946372401080938
0.9464096614965216
0.9464392842367911
0.9464629788067334
0.9464855156328812
0.9465218429142247
0.9465427913925683
0.9465737929664201
0.9465941515294113
0.9466066479204789
0.9466132026925926
0.9466383350044993
0.9466562165952239
0.9466771853859939
0.9466847094449246
0.9466830444595318
0.9466693498512663
0.9466465124073236
0.9466204553771751
0.9466074804865469
0.9466172371600207
0.9466257677191207
0.9466167243379092
0.9465877044447282
0.9465574821341901
0.9465205630690247
0.9465073839093913
0.9465224947608244
0.9465367065226993
