0.6296544763612795
0.6786088173035668
0.7847999280196033
0.8471258902515816
0.8731562188287293
0.8871528863243581
0.8962267565576233
0.9048958010205204
0.9140493985858
0.9209657771367982
0.924005042073184
0.9276328176277466
0.9341718025559862
0.936732873155922
0.9389508569953897
0.9415494225567119
0.944144474283267
0.9460774552554791
0.9481581829212986
0.9491549346849688
0.9499703640983185
0.9505355461305731
0.9520244599856621
0.9533059295013757
0.954470518230303
0.9546189765171677
0.9550266056052487
0.9554097995009819
0.9560918023734034
0.9565865636212861
0.9573588612262286
0.9577702237495138
0.9580366940551113
0.9581457565636027
0.9582051752256653
0.958372974566986
0.9582996336003741
0.9582010964052676
0.9579871319012375
0.957718471468659
0.9579060284050793
0.958249226535385
0.9587371140417805
0.9591051737783755
0.9594284392861485
0.9596710315490313
0.959915531425356
0.9603794094730657
0.9606904839317422
0.9609489713360572
0.9611467640266628
0.9611008109910633
0.9614670144499582
0.9616253222244928
0.9615479347715237
0.9614212836804865
0.9614803886762638
0.9616839335294118
0.9617748449745168
0.9619718546967778
0.9622117418280175
0.9621228533396685
0.962279859425716
0.9622521383575995
0.9621795247456089
0.9619406360673961
0.9618292013897081
0.9617656891797294
0.9617534465372163
0.9616477000371652
0.9614656231001231
0.9613928385299667
0.9613546996701527
0.9612161884787841
0.961089908267518
0.9611811090743128
0.9612158449005652
0.9611438542552574
0.960928519184259
0.9609445194905868
0.9609497538226779
0.9608547693830192
0.9607322478477679
0.960660448118861
0.960740946588357
0.9607394036391961
0.9608674612628553
0.9610323006544589
0.9611913882791311
0.9613147205787789
0.9613796535889578
0.9614521702069309
0.9614646035327566
0.9616162530340059
0.9615291680528265
0.9614887337726392
0.9613317209743641
0.9612708845491071
0.9612020052240711
0.9609802889369615
0.9608787318832145
0.9609308305863444
0.9610784712904139
0.9611319358176477
0.9612260251717027
0.9613446956411738
0.961345688872836
0.9612098949347856
0.9611905576337787
0.9609083534496138
0.9608680388313197
0.9607328330965171
0.9605988102505788
0.9603963553482668
0.9603355427311677
0.9601418417626487
0.9599012943263037
0.9597324814330659
0.9595236813385394
0.9594016840375389
0.9592775134021577
0.9590962798522014
0.9589736775044561
0.958880731512656
0.9587932366272843
0.9587249091126436
0.9587172461199818
0.9587722197943253
0.958840013700052
0.9589005568959897
0.9589915910681552
0.9589154518309587
0.9588225349551641
0.9587773534236457
0.9586827330729967
0.9586727762030551
0.9585263723743973
0.95845071964351
0.9583448026177536
0.958285298428861
0.958261637707628
0.9581872730476989
0.9580509591192703
0.9580688335165214
0.9580660491449474
0.9580349511474349
0.9582154902506632
0.9582492886008402
0.9581978486125922
0.9580961374975666
0.957997682364799
0.9578588349465463
0.957731095973729
0.9576571240414959
0.9576947139103029
0.9576959410049164
0.9577533653769644
0.9577981761053994
0.9579400907090448
0.9579190854334189
0.9579767677006884
0.9579160234392413
0.9578205799220456
0.9577674796893667
0.9577420538293536
0.957670822802882
0.9576310236712189
0.9576806111013773
0.9576631277840674
0.9575447144298479
0.9574678353536211
0.9574937280690088
0.9575403599056878
0.9576214848851081
0.9576848805252677
0.9576879705130498
0.9576808395039879
0.9576260958658781
0.9576260313823084
0.9577658181186985
0.9578421053457673
0.9578939632830806
0.9578885135200961
0.9578553655059128
0.957821545337654
0.9577300901620105
0.9577417502414158
0.9577087496448949
0.9576974746140415
0.9577211545497631
0.9576814969896353
0.9577065291663883
0.9577373014746794
0.9578404034202683
0.9578558563366665
0.9578429537362152
0.9578797423879277
0.9578592945884191
0.9579450146542573
0.9580379192076456
0.9581201086541914
0.9581774886043108
0.9582429818374281
0.9582872679002322
0.958407913879848
0.9584934589680364
0.9586128548226459
0.9587004851271895
0.9588107730644735
0.9589021433490937
0.9589755867733049
0.9591087837171096
0.9592231882390204
0.9592774442355411
0.9592882017469299
0.9593076740815392
0.9592854015098319
0.9592618920432165
0.959247806170411
0.9592742005720195
0.959354729378531
0.9593790197604666
0.9594611106488596
0.9595044426035795
0.9595187249180208
0.9595154470012724
0.959511107706415
0.9594351907131816
0.9593661658776297
0.9593833016852242
0.9593603763645674
0.959328312130084
0.9593042621524008
0.959272497665436
0.9592621874925186
0.9592558665866413
0.9592549271919494
0.9592944215014879
0.9592494475134111
0.9592027791312393
0.9592369919211092
0.9592393493481346
0.95919984311962
0.9591780404649144
0.9591767066558478
0.959181418386558
0.9592419116994559
0.9592746736917254
0.9593062865318484
0.9593065152345068
0.9593084097561134
0.9593356089399043
0.9592943763723316
0.9592930590136316
0.9593534765435852
0.9593901416661789
0.9593564373565672
0.959339314407905
0.9593272128710736
0.9592723832369986
0.9592060630227077
0.9591067100795698
0.9590267670150613
0.9589605420862719
0.959033342332611
0.9591106800005805
0.9592127158459424
0.9592891536417301
0.9593171404336485
0.9594031932736811
0.9594917420576164
0.9595463570699589
0.9595308310125381
0.9595459350552091
0.9596292870233414
0.9597307120730783
0.9598418969206732
0.9599595171418367
0.9600320369206308
0.9601227817477879
0.9602150902033877
0.9602713346963386
0.9603632016786505
0.9604230898641212
0.960463199650563
0.9604938663178055
0.9605490274390456
0.9606360374665931
0.9606887596025486
0.9607720715407899
0.9607994340872665
0.9608376627039139
0.9608685085160933
0.9609087919260404
0.9609423306714869
0.9609367924319326
0.9609492177402508
0.9609594189886514
0.9609928791606446
0.961036199820317
0.9610831902705949
0.9611673945543878
0.961226141485993
0.9612831252756509
0.9612601389938528
0.9612927519779927
0.9612661566550034
0.9613138484349601
0.9613331060774238
0.9613815816930714
0.9613955604771643
0.9614451289166507
0.961458880754398
0.96141863977865
0.9613912379764099
0.9614049137084236
0.9613950779327206
0.9614118984850072
0.9614139574531507
0.961463680427174
0.961539814113545
0.961600587795781
0.9616050425545404
0.961591564961339
0.9615927689797398
0.9615726899963469
0.9615564009750015
0.9615668773807342
0.9615485343951512
0.9615674124312695
0.9616161337535419
0.9616269927129784
0.961611636682516
0.9616338260509356
0.9616413031117218
0.9616620396348321
0.9616948936192561
0.9616519730546828
0.9616732370116053
0.9616467815207719
0.9616193658596643
0.9616285013358895
0.961629100203447
0.9616013269973617
0.9615804842884631
0.9616142670762571
0.9616686555359781
0.9617260223112198
0.9617496942269282
0.9617410411879207
0.9617865980727911
0.9617860571161876
0.9617739724891623
0.9617743213056819
0.961765374995841
0.9617782458661392
0.9618088055943553
0.9618345167253243
0.9618611828265061
0.9619061911930219
0.961950343812627
0.9619848942765474
0.961995691358305
0.9620062157582228
0.9620147845019278
0.962070692359091
0.9621049910354766
0.9621320636769078
0.9621688382389422
0.9621884395806996
0.9622053083140125
0.9621980937664111
0.9621819853300305
0.9621641947322617
0.962122227645087
0.9620934583003932
0.9620781170960953
0.9620775806646774
0.9620910625039892
0.9620559226029856
0.9620635475491921
0.9620459222179908
0.9620251997891585
0.9620369625195838
0.9620286785199926
0.9619826309625545
0.9619413637440772
0.9619537406761616
0.9619830782143315
0.9619702062098874
0.9619776533155339
0.9619533508082918
0.9619161685894546
0.9618884252729192
0.9618591074572466
0.9618761302079446
0.9618846536390122
0.9619149700525985
0.9619540855929323
0.9620023349868336
0.9620890289606139
0.9621279159728938
0.9621268838703022
0.9621114182420873
0.9620887069148888
0.9620599238729065
0.962061318612067
0.9620581506664819
0.9620470735035945
0.9620439691231986
0.9620310263083358
0.9620325036178016
0.9620525722589933
0.9620763933187915
0.9621408767852199
0.9621923846671269
0.9622089923085767
0.9621688612796028
0.9621563693062773
0.9621128238197928
0.9620821457097917
0.9620111447401388
0.9619560278582644
0.9619071556955716
0.9618365368219098
0.9618044812837245
0.9617595646869712
0.9617324439346807
0.9616624075686785
0.9616377633574924
0.9616030107645059
0.9615648327346422
0.9615122898737317
0.9614843962319592
0.9614383922663372
0.9614102102238254
0.9613990684735747
0.9613733487476607
0.9613312573090633
0.9613226915318923
0.9613180068287758
0.9613279348822552
0.9613200903409385
0.9613199520749142
0.961315149765018
0.961326074062983
0.9613160386976685
0.9613252849886726
0.9613377127730006
0.9613337100658457
0.9613572264607101
0.961340629443202
0.9613038344850966
0.9612676128758874
0.9612625639308603
0.9612150209733628
0.9611759226954467
0.9611545887951289
0.9611284060743287
0.9611199395672376
0.9610893917526212
0.9610958519514566
0.9610747540952562
0.9610500256206226
0.9610349708065944
0.9610359611765841
0.9610478145905192
0.9610624584840027
0.961053324596393
0.9610738821211589
0.9611102228900845
0.9611455972483915
0.9611801592040076
0.9611766637013309
0.9611582998771006
0.9611653249012295
0.9611500823387759
0.9611385264846318
0.9611006444444632
0.9610625157319077
0.9610165800418741
0.9610122626200299
0.9610213282367467
0.9610307000735258
0.9610439034660179
0.9609987634852668
0.9609560000948089
0.9609203145302502
0.9608914815300258
0.9609091102131763
0.9608623616331806
0.9608284885743993
0.9608122557903359
0.9607767021683024
0.9607550295687213
0.9607707858562272
0.9607818686822773
0.9607810585169838
0.9607958808064833
0.9608042738822381
0.9608171599490095
0.9608419118857887
0.960849445129919
0.9608816268105838
0.9609161347383702
0.960971744711806
0.9610067990295249
0.9610442816370969
0.9610389829173883
0.9610852408994084
0.9611162532523843
0.9611288485303924
0.9611120577863761
0.9611396712553831
0.9611234684848662
0.9610907016872459
0.9610794432827533
0.9611048736374777
0.9611060607032257
0.9611298935658182
0.961199812047183
0.9612581316220594
0.9613034909694881
0.9613316871517613
0.9613189893997262
0.9613325620033448
0.961362234128177
0.9613827340382518
0.96141438715997
0.9614201413643843
0.9614075779912573
0.9613824883131257
0.9613642207021331
0.9613986859170038
0.9614150985092922
0.9614199039019713
0.9613879057706276
0.9613586862197898
0.9612870772054631
0.961286765308158
0.9612591497222196
0.9612383999811894
0.961193913761554
0.961167364849234
0.9611480409599473
0.9611326459725777
0.9611156474398107
0.9611128064376115
0.9611502725757235
0.9611947967396771
0.9612243726635323
0.9612768261459167
0.9613220921008875
0.9613610207663031
0.9613714377085658
0.9613537440857836
0.9613343953478716
0.9613251353825298
0.9613097799901315
0.961297887740118
0.9612879827967988
0.9612975542605909
0.9612997529415113
0.961311163596387
0.9613250541018242
0.9613279026892199
0.9613119823475942
0.9613069763586932
0.9613186624915907
0.9612997483298832
0.9612766620838862
0.9612434925974523
0.9612505097268111
0.9612557032924273
0.961285195394424
0.961290614195832
0.9612835656229072
0.9613100417521497
0.9613336782912378
0.961354212138152
0.9613373471667049
0.961340261707929
0.9613567926076333
0.9613750375893549
0.961375266526255
0.9613499476075018
0.9613274996997356
0.9613060723499471
0.9613092784958676
0.9612938823758782
0.9612993268779537
0.9613262832625604
0.9613408660212936
0.9613726256501701
0.9614097644471691
0.9614247620808242
0.9614161345366162
0.9614121126839202
0.9614003721234853
0.9613834648013377
0.9613538790628616
0.9613047502571949
0.9612561100379081
0.9612061072199634
0.9611579300242107
0.9611009104501086
0.9610530618071313
0.9610124712635882
0.9610103654428722
0.9609993895681629
0.9609761217330854
0.9609397279933516
0.9609493879080868
0.960980711420173
0.9609857722588869
0.9610205101342139
0.9610268727753896
0.961044837315284
0.9610562936093076
0.9610629440623344
0.9610593764802758
0.961064416433975
0.9610590144170618
0.9610530285417144
0.9610552059199747
0.961060241708519
0.9610754690110592
0.9610872065611932
0.9610826150795122
0.961080658210261
0.9610770140177669
0.9610660833687931
0.9610634377372765
0.9610623137776094
0.9610852009906734
0.9611044613097042
0.9611211609038123
0.9611407665071418
0.961124292760608
0.9610963272570971
0.9610891085153715
0.9610824690404095
0.9610977124871095
0.9611047989572652
0.9611289856295825
0.9611411664710958
0.9611489162549075
0.961122787828078
0.9610866174538224
0.9610727678033159
0.9610675438344133
0.9610568820944058
0.9610406274943312
0.9610216136887971
0.9610163168607758
0.9609836998312946
0.9609610389353499
0.96096190157023
0.9609427235935243
0.9609390260751722
0.960929645874181
0.9609038954795258
0.9608976667187398
0.9608810722903854
0.9608703843662243
0.9608490557142555
0.9608554106684807
0.9608681885301735
0.9608615822997996
0.9608485219076855
0.9608209379874729
0.9607896621894263
0.9607538202628669
0.9607229146362173
0.9606990854526118
0.9606813813004754
0.9606743890113342
0.9606862987002192
0.9607257551818456
0.9607559340882139
0.9607691822596787
0.9607874694611745
0.9607976445546005
0.9608175210958433
0.9608217232458178
0.9608436424693763
0.9608968178985068
0.9609102824816829
0.960924184984717
0.9609270733259033
0.9609211115596724
0.960943854860516
0.9609467861441167
0.9609269883378065
0.9609279453003533
0.9609287161048838
0.9609111133576324
0.960896160756352
0.9608745841567783
0.9608469764837198
0.9608097899101274
0.9608091449884834
0.960790346262698
0.9607798189581815
0.9607667411470251
0.9607679578754585
0.9607333305351009
0.9607074165129083
0.960681716655742
0.9606664366059817
0.9606330097174173
0.9605977572083854
0.9605634957897717
0.9605346073088424
0.9604949767198458
0.9604664986807997
0.9604224898214868
0.9603986111179073
0.9603641260201521
0.9603218463058225
0.9602936265740469
0.9602974743279161
0.9602861646482547
0.960301658649148
0.9603252603755378
0.9603312819741597
0.960372451352986
0.9604213537249585
0.9604386366752411
0.9604632581570953
0.9604866940202834
0.9605187911280729
0.9605570309466798
0.9605606673470913
0.9605611511728136
0.9605648687083662
0.9605646866514005
0.9605595709704978
0.9605721816391926
0.9605887261209238
0.9606186406289676
0.9606250619826288
0.9606640885722351
0.9607028937698279
0.9607113898637436
0.9607342344059953
0.9607567433787851
0.9607603378105765
0.9607771141943203
0.960796667895816
0.9608115761529643
0.9608382513734461
0.9608630715007941
0.9608803616239177
0.960920312941064
0.9609361360903068
0.9609738080092556
0.9609870577037201
0.9610021863402882
0.9610057110862333
0.9610271928774633
0.9610385227478359
0.9610525064768476
0.9610664927220322
0.9610814324832961
0.9610978114403693
0.9610924654494979
0.961095236567828
0.9610856572589861
0.96109374121953
0.9610848800309899
0.9610565351807338
0.9610432380839992
0.9610485003360258
0.9610447206879469
0.9610478056588959
0.9610631185201151
0.9610638956565315
0.9610530012273804
0.9610680037551304
0.961052701529456
0.9610306934696167
0.9610264608720264
0.961019175196756
0.9610109652634022
0.9610072577237427
0.9609873735959497
0.9609837476387234
0.9609605150420896
0.960945076112596
0.9609543147274101
0.9609664132774204
0.9609706118687581
0.9609862708036813
0.960990074428442
0.9609943102242934
0.9609808904792803
0.9609711801157194
0.9609601301109981
0.9609605298380095
0.9609585840192085
0.9609560924730448
0.9609595103322505
0.9609656485467097
0.9609777302436656
0.9609905061731949
0.9610025636172651
0.9610247879090383
0.96102763327461
0.9610154780784379
0.9610047694130242
0.9609914656046613
0.9609937131646614
0.9609817224571794
0.9609790823945796
0.9609694629903
0.9609775450022808
0.9609879485832838
0.9609813786548815
0.961005707148002
0.9610024030942621
0.9610319192257922
0.9610620574192619
0.9610900637093384
0.9611102238311939
0.9611372429646459
0.9611541097769996
0.9611631641974772
0.9611726435415259
0.961171561008413
0.9611503529737357
0.9611624648100556
0.9611586508203804
0.9611747850596772
0.9611823774954125
0.9612017410426059
0.9612111025737885
0.9612210501614983
0.9612194075951116
0.9612087865887934
0.9612007741995929
0.9612166223375325
0.9612073368562296
0.96119485953431
0.9611819702910055
0.9611847980127122
0.9611751578493779
0.96117345499223
0.9611825580201265
0.9611815899337441
0.9611853946754096
0.9611842784290656
0.9611767071745879
0.9611651546833581
0.9611447042898493
0.9611454716118549
0.9611355163792706
0.9611336148209564
0.9611404971905434
0.961150734428859
0.9611485610380627
0.9611477025863433
0.9611536523339796
0.9611677184728978
0.9611680195452702
0.9611684545113106
0.9611705895679765
0.9611882313938159
0.9612183768368281
0.9612412896566128
0.9612704596571502
0.9612719681144197
0.961263421546746
0.9612590484871387
0.9612605342902634
0.9612299200692146
0.9612148531548704
0.9612027251916977
0.9611662351711416
0.9611431291146042
0.961126179965677
0.9611079517075791
0.9611061237593674
0.961107319063553
0.9610984795186888
0.9610761399516277
0.961040400346189
0.9610283727989913
0.9610253756467368
0.9610155249091378
0.9610025313796612
0.9609858287955566
0.9609699452866715
0.9609629305051218
0.9609466233773583
0.9609359058661225
0.9609329472632485
0.960936533978853
0.9609203579113759
0.960902458923015
0.9608875032505723
0.9608732870464728
0.9608838076601464
0.960871974798297
0.9608538862844721
0.9608612794973073
0.9608635551534156
0.9608723388403475
0.9608708176959585
0.9608544027332501
0.9608661422549714
0.9608740958549511
0.9608857491852744
0.960875136288402
0.9608543117719421
0.9608536780966984
0.9608521459199164
0.9608541880242739
0.9608373430506137
0.9608300602459732
0.9608224691592184
0.9608186095330158
0.9608084205554814
0.9607905010369868
0.9607955001509937
0.9608110004024063
0.9608213195696468
0.9608308746420022
0.9608203169536325
0.9608145922207427
0.9608162517026364
0.9607930807942735
0.9607661758006654
0.9607453627103556
0.9607105774512302
0.9607024048390141
0.9606825830897613
0.960635674551471
0.9606030410857186
0.9605769052402102
0.9605775252343852
0.9605725917475797
0.9605829269296288
0.960577061145927
0.9605880412126252
0.9605938685346291
0.9605978564238108
0.9606043180766766
0.9606161202723887
0.9606143083385036
0.9606338836932836
0.9606494589990057
0.9606524317206767
0.9606379814165839
0.9606329995844907
0.9606420983568549
0.9606625056067432
0.9606947759940315
0.9607164794160353
0.9607158932016268
0.9607225560134567
0.9607157033295218
0.9607191071854224
0.9607169463880706
0.9607195107465617
0.9607343693804613
0.9607353754685231
0.9607340581709587
0.9607495514474816
0.9607640860448604
0.9607807004356638
0.9608101217910672
0.9608294137160445
0.9608563977912219
0.9608737400900982
0.96089216755055
0.9608859353510679
0.9608948498623014
0.9608990365420407
0.9608937871614118
0.9608854916735663
0.9608733262567809
0.9608515908945964
0.9608327962979187
0.9608239467872274
0.9608118088089432
0.9608053442031382
0.9607953393228436
0.9607736643141674
0.9607587012058212
0.9607442631652919
0.9607278368128972
0.9607193943260884
0.9607088731530258
0.9607085539338472
0.9606888511172702
0.960671229314853
0.960661408627122
0.960659972771058
0.9606478330716015
