0.5521607452545435
0.6482607596313766
0.7309117856479193
0.7821045634112724
0.8124181605325637
0.8378191552248437
0.8566983076516176
0.8686560255331112
0.8847246651847919
0.8952583024063716
0.89935229826921
0.905941592952398
0.9128558405680053
0.9149319446805133
0.9174769559993405
0.9218203612656233
0.9254624488297005
0.9280441835410511
0.9299977607925345
0.9318910745731303
0.9338981423952739
0.9353358182110268
0.9371318935795383
0.9377595934242866
0.9388869871327976
0.9393541582635259
0.9392522242185755
0.9390641193625714
0.9392152354998223
0.9397117553272438
0.9407457276407613
0.9417452121160872
0.9427237929075234
0.943042981152971
0.9435593511654582
0.9443238560236868
0.9450204674889048
0.9452899690993395
0.94539167149757
0.9454113054751871
0.9451938532047877
0.9449300481330674
0.9449306463561062
0.9446382822074516
0.9448459336160789
0.9451395708515228
0.9454305768669533
0.945593525860588
0.9455444060863173
0.9456342834326535
0.9455590193215252
0.9456027719224163
0.9460934600822586
0.946526312361713
0.9465140021686338
0.945916436683911
0.9451652827662714
0.944953151513727
0.9442227772599736
0.9440200761656602
0.9437519953446751
0.9434394099995798
0.9434265877819279
0.9430466729595699
0.942723745063763
0.9421610498340126
0.9418682691598297
0.9415806642263996
0.9415934783377352
0.9414483357542027
0.9415134233554175
0.9417915568743489
0.942115024522997
0.9421886833100115
0.9419672549005941
0.9421755491588772
0.9422577928128634
0.9424194257631154
0.9419903226547037
0.9422037574313813
0.9424079894381305
0.942385477976491
0.9426222293166805
0.9426300532542413
0.9428016596150272
0.9430500179472494
0.9430444349084282
0.9428835497992397
0.9427982766746725
0.9428183231961466
0.9429066280074132
0.9429140640887952
0.9425312301018163
0.9426016674117439
0.9424951339992785
0.9424748929491888
0.9424335943007466
0.9425037865688061
0.9425680069945378
0.9422924933431388
0.9419957730429711
0.9417248059475002
0.9417409705110569
0.9417955529745323
0.9418863047031529
0.9419578886299086
0.9417898500729819
0.9414641814195982
0.9410585682176636
0.940647959995567
0.940470677614062
0.9402209532608551
0.9399487422699421
0.9396984821522082
0.9394961451472641
0.9391878372625965
0.9389592211320658
0.9388255238226855
0.9387415816377946
0.9386900201466215
0.9384505640558825
0.9382981813380972
0.9382721470420151
0.9382267009839202
0.9381275358494904
0.9380000422831458
0.9380762339023309
0.938384894514678
0.9386080303056439
0.9387142096768409
0.9389276670483561
0.9388214448235288
0.9388302419381205
0.9388383860867405
0.9387397817525348
0.9389341943126185
0.9390208890337061
0.9390328523440925
0.9390196988209449
0.9389324979183015
0.9389210802251705
0.9389969641405258
0.9389021802136931
0.9391286293748947
0.9394481889788633
0.9393708536806077
0.9397077383007987
0.9399229724396877
0.9400162618636436
0.9399429781187407
0.9398528918001243
0.9397068718812346
0.9395712921820573
0.9393122110795439
0.9391887791400022
0.9391045606929123
0.9388952452651401
0.9388513420320381
0.9388694544157163
0.9387419109663608
0.9387879005654901
0.9387124564108532
0.9387821285889741
0.9388006867129721
0.9388517171767452
0.9389290345619772
0.9389009080657168
0.9389101435456524
0.938881773507055
0.9388919393266612
0.9388859869444564
0.9390835652389052
0.9391469009210419
0.9392164899708682
0.9393276221345992
0.9393043040822703
0.939283583618641
0.9394085498055509
0.9394496413037532
0.9396613817505861
0.9398232445465173
0.939976244087086
0.9400507936806815
0.9400596864835563
0.9400269463483242
0.9399026103722677
0.9398959859839537
0.9398983553038912
0.9400427225891306
0.9402303913891387
0.9403546547250695
0.9405285809969445
0.940909204285133
0.9411978096307255
0.9414229104948815
0.9415850772535369
0.9417690257866813
0.941818153062871
0.9419434419784107
0.9420936162501395
0.942162013241698
0.9422408820116134
0.9422610194706327
0.9424625762269027
0.9427137071316917
0.942958856354212
0.9431879391823962
0.9433464620161796
0.9435283632663296
0.9437292328861284
0.9438458236617298
0.944041214659016
0.9441925263214016
0.9442387256161109
0.9442958335353414
0.9443818148757029
0.9443539992129188
0.9444209560510313
0.9445503688427824
0.9445877943795641
0.9446688359745444
0.9447920446239952
0.944995709714545
0.9452195331003694
0.94533850495367
0.9453832737601398
0.9454099520257704
0.9454001927398873
0.9454167924789781
0.9454508208309113
0.9455220568493297
0.9455384855561284
0.9454949956392058
0.9454206824604916
0.9454080208010297
0.9453434736890358
0.9452731015698471
0.9452904728693425
0.9452503533082125
0.9451546011183931
0.9450626938625174
0.9449678625208174
0.9448982566626628
0.9448873532950965
0.9448205978740947
0.9447868703020774
0.9448255034848918
0.944815586310779
0.9449601145793721
0.94501359811641
0.9450577473725178
0.9451682169233294
0.9452239752315547
0.945314481818325
0.9454302732426385
0.9455375500393388
0.9455131417089342
0.9454738366509388
0.9454826069690798
0.9454363081201403
0.9453864307933515
0.9452573483279592
0.9451129691226183
0.9450463036621238
0.9450375315186723
0.9449901230049432
0.9449724735611652
0.9449438115136453
0.9449672465274105
0.9450555130664783
0.9452180903190146
0.9452564648569804
0.9451868065345131
0.9452088698107537
0.9451644402316954
0.9452666568537257
0.9453646323821028
0.9454459783734123
0.9454603318156197
0.9455528140782824
0.9455883579105065
0.9456596237655711
0.9457636604205596
0.9457968322045763
0.9457918355544249
0.9456651075461223
0.9456167801671085
0.9456217220998224
0.945641865001797
0.9456283299073748
0.9457180028726192
0.9458686826179796
0.9459291464819009
0.945988246608624
0.9461174040941729
0.9461425231063836
0.9462281117482993
0.9462236142535227
0.9462791875443446
0.9463045964946056
0.9464511059853177
0.9465741095098199
0.9466376200279759
0.9465510501015043
0.946484616781327
0.9464384296937677
0.946363932174833
0.946314948652178
0.9461781401904195
0.9461493970819049
0.9461224214941057
0.9461587402258693
0.9462013396945752
0.9461757307971896
0.946134722406126
0.9461045229493866
0.9460575493728933
0.946036809901694
0.9460954041235317
0.9461740564436772
0.9462313941653471
0.9462709504856519
0.9462132572940233
0.9461317487818828
0.946099991668358
0.9460824763235526
0.9459616886414194
0.9459330033027401
0.9458928084249905
0.945933538238748
0.9460305844239743
0.9461390442083573
0.9461538000507421
0.9461742938171226
0.9460433707432945
0.9459717891692087
0.9459707124236988
0.9458954816357671
0.9458524929396721
0.9458144689192854
0.9457777754798238
0.9457679873323858
0.9457616950565261
0.945716552100628
0.9455971113457443
0.9455646299710037
0.9456338681346563
0.94567338773115
0.9456938173995652
0.9457453113453315
0.9458469401867442
0.9458720225587571
0.9459391554476233
0.9459880292667675
0.9460446799788917
0.9461217632158575
0.9461632677564441
0.946146393641863
0.9461034876852981
0.9461323556974531
0.9461663487459167
0.9462348580854879
0.9462868761482774
0.9463757159459053
0.946503489823627
0.9465971420162395
0.9467309913888483
0.9467903142054961
0.9469302695089129
0.9469548361889938
0.9469889895478222
0.9469465879412906
0.9469761550367018
0.9469803943459532
0.9470110070423635
0.9470221313338512
0.9470053995957949
0.9470110086126428
0.9470416780704353
0.9470543944845968
0.9470335363319089
0.9470023433647947
0.9470311562933599
0.9470953504004458
0.9471146679512799
0.9471076053852463
0.9471170341137672
0.947150573239736
0.9471301024953104
0.9470910252315308
0.9471085004876049
0.9470824762017382
0.9470868373113998
0.9471428249627128
0.947247937788353
0.9473285529106177
0.9473708946518052
0.947480521435371
0.9475370845924633
0.9476011467685206
0.9476675855661285
0.9477331403655874
0.9477674044879649
0.9477599302789476
0.947702171613275
0.9476326582091752
0.9476327110470989
0.947643516746297
0.9476553854624041
0.947674444036676
0.9476946533537693
0.9477585580312351
0.9478150705431523
0.9479216135028338
0.9480818001127649
0.948247636896552
0.9483640420983629
0.9483998051845762
0.9484119070785303
0.9484574763048509
0.9484418233263481
0.9483699251443162
0.9482998780022699
0.9482241273512048
0.9481197986615634
0.948068500935399
0.9479544221099292
0.9479064418663369
0.9478301509954375
0.9478157377279651
0.9478263239579043
0.9478864699165154
0.9478845110681051
0.9479092077406276
0.9479396373554625
0.947957500113067
0.9480185619222072
0.9479911566880888
0.9479112799223675
0.9479065114310367
0.9478812833432468
0.9479022747875301
0.9479515443889831
0.9479857048926956
0.9480418690208876
0.9480659096543819
0.9479833854487936
0.9479656319242403
0.9479554402670267
0.9479140447272596
0.9478941358422454
0.9478903011871331
0.9478115400407622
0.9476892430402295
0.9476053138222205
0.9475200625024138
0.9474982455669672
0.9474600619043779
0.9473679429894887
0.9473075959510253
0.9472136784548816
0.9472209421436225
0.9472232731430126
0.947147973361357
0.9472036515109453
0.9472761168070589
0.9473642460343482
0.9474292702093711
0.9475293005344329
0.9475890160613369
0.9476508025060869
0.9476759001709807
0.9477312640819993
0.9477058160175791
0.9476087573181596
0.9475954821266257
0.9475635202541968
0.9475279262192915
0.9475070099965234
0.9475304588780751
0.9475471312135371
0.9475773474835392
0.9475456611880574
0.9475128304985238
0.9474878632026766
0.9474216658555062
0.9473281493839052
0.9472553147376608
0.9471827849850769
0.9471884713351156
0.9471406315058319
0.9471741748770444
0.9472074184911333
0.947246329257033
0.9472770356592997
0.9473214866610435
0.947322681652304
0.9472894162197208
0.9473017678717097
0.9473487488515376
0.947399157393665
0.9474115232659023
0.947420240799115
0.947434825350426
0.9474669530569074
0.9475006436468288
0.9475044553133896
0.9475491947736344
0.9476003045915316
0.9476445904745536
0.9476878977534934
0.9477292719971436
0.9477129679120789
0.9477462251039469
0.9477204752172093
0.9476900536249371
0.9476615106161759
0.9476869778673874
0.9476698538030315
0.9477016607247336
0.9477413459140756
0.9478307332168575
0.9479008964868577
0.947975504119623
0.9479884146110555
0.9479886040029947
0.948027325326612
0.9479887418920128
0.9480200017296188
0.9480309793020464
0.9480301060465176
0.9480468241538805
0.9480774255825416
0.9481515683091047
0.9481964175623554
0.9482842643644679
0.948332730555246
0.9483747072705189
0.9483669616374238
0.9484184856969764
0.9484358052708258
0.9484786075022308
0.9484840561430705
0.9485173522562443
0.9485757235192114
0.9486585341214588
0.9486565969495996
0.9486288639792334
0.9486195601694183
0.9486242981066674
0.9486304794938332
0.9486681084711064
0.9486958511133871
0.9487289299318401
0.9487623520358285
0.9488213031305855
0.9488619368130924
0.9489227743267401
0.9489321642314645
0.9489434489237112
0.9489006889453997
0.9488823500677573
0.9488864581010961
0.9489100159693546
0.9489358824622434
0.9489524439314068
0.948987026110555
0.9490067745019567
0.9490754264691696
0.9490979533480957
0.9491146680501792
0.9491177613826886
0.9491178738620858
0.9491155045532172
0.9491397591887518
0.9491524176603323
0.949170257601334
0.949210133209584
0.9492209033919361
0.9492609047936948
0.9492400785755452
0.9491959338068189
0.9491749793262134
0.9491989293210097
0.9491503773328078
0.9490960341647665
0.9490314407440592
0.949000629308367
0.9489610243834748
0.948904523075479
0.9488761656099183
0.9488509125735697
0.9488317233966905
0.9488558415383691
0.9488841582302432
0.948897059564405
0.9488995681093504
0.9489083206561593
0.9488988185582076
0.9488895267305779
0.9488647203391586
0.9488319516805636
0.948785441797701
0.9487220780626323
0.9486447298728967
0.9485866916172794
0.9485390499134235
0.9484807175365982
0.9484474583169478
0.9484612748953183
0.9484312898831952
0.9483900080574753
0.948411488049358
0.9484346313684985
0.9484369402381457
0.9485077228556207
0.9485802125915033
0.9486157641095015
0.9486416450253744
0.9486559612545324
0.9486512045557561
0.9486597807918449
0.9486508112215984
0.9487002060789107
0.9487184506560928
0.9487457387499063
0.9487675760924409
0.9487426381295224
0.9487591632400929
0.9487553662247772
0.9487556798661193
0.9487181000117589
0.9486800863714244
0.9486458833607017
0.9486103154677159
0.9486371051337863
0.9486540497135983
0.9486716257058552
0.9486909011965776
0.948719220544432
0.9487236123937213
0.9487370676997976
0.9487564644034772
0.9487868955880429
0.9488423980387252
0.9488918501975747
0.9488740975293202
0.9488539385568548
0.9488025019479548
0.9488094810120641
0.948780382852182
0.9487143975992512
0.948703487338063
0.9487212127083394
0.9487373582102628
0.9487584695060632
0.9487667762103154
0.948800753232709
0.9488361610658702
0.9489079148501723
0.9489525466789936
0.9489563621522744
0.9489699929278891
0.9490059005099398
0.949023994449461
0.9490703079540069
0.9491165442660637
0.9492032018440659
0.9492392548740594
0.9492903786380854
0.9492954510579122
0.9493156357186465
0.9493497609689607
0.9493929433198228
0.9494154404396543
0.94944804009599
0.9494789532386226
0.949502647226444
0.9495254015050988
0.9495313739837765
0.9495352413727102
0.9495532275692186
0.9495515012249982
0.9495453713360161
0.9494933868329332
0.9494724259320593
0.9494933117005727
0.9494744372178423
0.9494654906446078
0.9494570070780097
0.9494286702745404
0.9494208097846722
0.9494022358863105
0.9493914225237731
0.9494381421126503
0.9494602619705232
0.9494452358583287
0.9494603165308254
0.9494602480779772
0.949440380674698
0.9493893085050299
0.94940457197008
0.9493666853585587
0.9493405828533865
0.9493101664246141
0.9493063373226664
0.9492775685213566
0.9492714280653614
0.9492611936601729
0.9492376011724999
0.9492265958896704
0.9492355922907194
0.9492627864475514
0.9492958226606752
0.949302189422053
0.9493201027962315
0.9493357034336053
0.9493503018145413
0.9493813503758173
0.9493615490927652
0.9493620267687234
0.94941185209932
0.9494618547118414
0.9494766983665159
0.9494920795910139
0.9494830738892395
0.9495715192678577
0.9496432334718354
0.9497045769999594
0.9497752606305209
0.9498329144789484
0.9498667116889299
0.9499485053244995
0.949993729721544
0.9500159972064035
0.9500406275496378
0.9500837074432941
0.9500946607030657
0.9501189552368909
0.9501394749332404
0.9501709475728939
0.9501998900938601
0.9502313043458005
0.9502694538851759
0.9502819771632093
0.950268972752589
0.9502458996708031
0.950235806197562
0.950271657971319
0.950296305870509
0.9503184001657837
0.9503701620649033
0.9504272140892331
0.9504522720165319
0.950487520989736
0.9505233930843819
0.9505654224787222
0.9505700165292934
0.9505792488759236
0.9505875617721093
0.950576641315045
0.950584296093133
0.9505820740318999
0.9505738543035989
0.9505729329444399
0.9506012834510982
0.9506260920326027
0.9506323166088826
0.9506221181809181
0.9506419001575359
0.9506316013669812
0.9505895385239559
0.9505704641237028
0.9505664733407161
0.9505561619756212
0.9505592857800683
0.9505847013111195
0.9505863158310885
0.9506085270167458
0.950629654860504
0.9506321317896229
0.9506353645410578
0.9506676465848407
0.9506503665329197
0.9507046868825573
0.9507217507017413
0.9507318197601924
0.9507389981816411
0.9507066630173483
0.9507017746816929
0.9507327759933034
0.9507709828026725
0.9508206647633491
0.9508959274194121
0.9509285663232061
0.9509983581493471
0.9509862649210437
0.9509614803684399
0.9509769625815816
0.9509793662849142
0.9509996221211151
0.9509882898795946
0.9510202056037118
0.9510392743836769
0.9510673107027411
0.9510893525047124
0.9511086459592031
0.9511360741925896
0.9511433331758601
0.9511190755124244
0.9510798505335969
0.9510497028134759
0.9510381846165838
0.9510396658016547
0.9510449927933501
0.9510718653023791
0.9510995809687804
0.9511318976421108
0.9511351631825247
0.951150144857286
0.9511493598456277
0.9511630628049476
0.9512035739035078
0.9512355708984004
0.9512710198557525
0.9513111152683268
0.95132604398703
0.9513374715931935
0.9513433016945777
0.9513500386746175
0.9513445362164854
0.9513361302549074
0.9513412599819576
0.9513452893896533
0.95133051961779
0.951331718850748
0.9513315313965383
0.9513555379395976
0.9513450850506204
0.951346207255481
0.9513225191712461
0.9513205870852716
0.9512950300274006
0.9512896590985075
0.9512906078908103
0.9513185192301525
0.9513318329209661
0.9513556617628005
0.9513697184583499
0.9513646314890867
0.9513635607820766
0.9514048108693537
0.951412899356675
0.9513858418999175
0.9513464839262283
0.9513033775130044
0.9512358588963221
0.9512140731664311
0.9511876147466962
0.9511778283267888
0.951180494282637
0.9511965276445153
0.951203393235157
0.9512152550754058
0.9512040504926659
0.9511905565328864
0.9511489846580716
0.9511370261734222
0.9511658049860695
0.9511851389054091
0.9512033575439998
0.9511861963534627
0.951165854864313
0.9511631691249612
0.9511907557347187
0.951177000398866
0.9511704368447179
0.9511798578307131
0.9511713754345548
0.9511954825481894
0.9512135561857774
0.9512265519647402
0.9512428113746143
0.9512416593138213
0.9512270615523312
0.9511833934804839
0.9511401872026611
0.9511187834709717
0.9511043355354428
0.9511158413075648
0.9511263846575514
0.9511012052472402
0.9510922195891602
0.9510928665002156
0.9510654356760977
0.9510927005283228
0.9511227649075188
0.951112583054402
0.9510668290194324
0.9510329498586969
0.9510314115094606
0.9510152895050729
0.9510336445179459
0.9510382999232222
0.9510497706237708
0.9510656105284035
0.9510923354396115
0.9511293761718843
0.9511413893730293
0.9511389090165688
0.9511350252954864
0.9511438527445781
0.9511252085760802
0.9511572719394374
0.9511623956377921
0.951184106965664
0.9512020055578632
0.9512105684720585
0.9511995858380455
0.9511912207682861
0.9511901691682966
0.9511767778149329
0.9511509640609336
0.9511246506356404
0.9511103684595753
0.9511036291485695
0.9511058007946284
0.9510947174644891
0.9510838364275812
0.9510569610224671
0.9510336395001919
0.9509803248221935
0.9509155322784079
0.9508595759150414
0.950822982521893
0.9508042629757629
0.9507912056244734
0.950769917736373
0.9507510202076033
0.9507421976112311
0.9507537277026967
0.9507539043374028
0.9507717334795882
0.9507753810800114
0.950793669591285
0.9507950419891167
0.9507886941725519
0.9507797147577949
0.9508054936058589
0.950816000869369
0.950828395043151
0.950866356519698
0.9508819863194053
0.9508616052890975
0.9508605911403524
0.9508605202133318
0.9508778814067842
0.9509050610072345
0.9509241700047115
0.950904526143025
0.9509163147930586
0.9509138006768515
0.9508936470423935
0.9509226665995815
0.9509396023989485
0.9509662635351618
0.9509905121630803
0.9510469031967274
0.951104354372853
0.95113273906866
0.9511403723302486
0.9511609570111111
0.9511633336169907
0.9511764223238987
0.9511544430756039
0.951179987485315
0.9511784306002712
0.9511577762515412
0.951137248926971
0.9511414390707097
0.9511390096799666
0.9511264118117291
0.9511188131456696
0.9511278430590054
0.9511367272757206
0.951131265912661
0.9511195273449566
0.9510802692614663
0.9510402709185908
0.9510117082139898
0.9509809249828745
0.9509529744551618
0.9509319037808381
0.9509311209040117
0.9509461833513103
0.9509340488247805
0.9509287014192318
0.9509427134394669
0.9509508438669075
0.950981382780573
