0.3432860066665098
0.4844578305927423
0.6283012141169447
0.7107237573722421
0.7641643143082485
0.8037187658730555
0.8293142719360075
0.8430867468215174
0.8617519567994096
0.8759284060063385
0.8850824813634456
0.8942555909492065
0.9028481839064734
0.9062194568750677
0.9091267497947418
0.9104166279050576
0.9122353899422794
0.913786567224752
0.9148800797336603
0.9163549491352343
0.9184434010567731
0.919613834538153
0.92110804623626
0.9209282210881421
0.9219817062995272
0.9223059373605234
0.9234066348333654
0.9236275532960635
0.9235858011938868
0.924318729793408
0.9250399494621151
0.9260724920945244
0.9273148753928674
0.927556534985644
0.9275222843604785
0.9279398857590111
0.9283989325561948
0.9289997100661889
0.9297145619157947
0.9302450008094608
0.9307531171823967
0.9314186961642239
0.932294203817857
0.932421939473452
0.9322506745545477
0.9322176292830103
0.9322692108011553
0.9323954779638904
0.932244128118043
0.9322058907216269
0.9321053591057115
0.9321889224873172
0.9323844824594154
0.9329267021176701
0.9330869830888846
0.9329127291555629
0.9324509949648129
0.9322673960550244
0.9319581820526935
0.9313693211838416
0.9309651741805115
0.9308019713686306
0.9305240802777958
0.9299262910566842
0.9296152361204899
0.9293458520382272
0.9291779820068485
0.9288036286534452
0.9289719636269891
0.9289712025062439
0.9291096217452787
0.929298855992757
0.9292580643748224
0.9292873424668847
0.9289642672290196
0.929056497638926
0.9289456399208282
0.9289074565910205
0.9286846431345973
0.9288675155517274
0.9291385957937979
0.9290895776198117
0.9294232592762606
0.9294728866958608
0.9296924062854395
0.9298448079086159
0.929894138074711
0.929568651127069
0.9290506290718843
0.928773506434283
0.9283968544617618
0.9279091132409798
0.9274354318098865
0.9271858666583781
0.9268097565217749
0.9269497682659158
0.9268806995715555
0.9271248337239204
0.9271946015360019
0.9269093676474635
0.9266459476159771
0.9264947510551269
0.926255419154468
0.9261721080827321
0.9262362781452126
0.9263637798968666
0.9266521252229604
0.9266356935898961
0.9268564640983371
0.9267462177373966
0.9263341585872573
0.9261964565207502
0.9258389368059818
0.9257118633348009
0.9255772640246905
0.9253596890108706
0.9250260066868232
0.9248686957680085
0.9246772589069588
0.9244919865889688
0.9243738686069382
0.9242791748584279
0.924070105887634
0.9237932281612289
0.9235124880194984
0.9232711321797947
0.9231059495277276
0.9232800144160216
0.9235302894810447
0.923804926728493
0.9239778524173115
0.9239456017670865
0.9239411758195394
0.9238728647956436
0.9236294113384372
0.923451780060608
0.9232812295718404
0.9230820583611541
0.9229455044943384
0.92274814314346
0.9225878667055547
0.9225815479315508
0.9225206441265541
0.9225932929178977
0.9229294168260102
0.9228121248779624
0.9229761003756365
0.9230136364962377
0.9231451053582921
0.9230259075183341
0.9229966627129927
0.9229057659742618
0.9229268079837968
0.9227064010983603
0.9226680947856852
0.9224587877997369
0.9222935942385244
0.922288104491181
0.9223571235599588
0.9224224132754586
0.9225158818863423
0.9227990723194217
0.9230331870931764
0.923175826180857
0.9234668070807543
0.9234980494475082
0.9235192853577471
0.9234187088538002
0.9231485557932452
0.9230492832556104
0.9227559573204183
0.9227851410836496
0.9226359211233162
0.922463248678891
0.9223544310077277
0.9223309175052349
0.922298481925388
0.922479581893571
0.9227000860849336
0.9228888452350524
0.9229829398052335
0.9230974459221232
0.9231229905921062
0.9232635064284029
0.9234523037065141
0.9235294686589287
0.9235031035724388
0.9236417577679639
0.9238995584285247
0.9241172236196448
0.924355855072576
0.9245936751979056
0.9249256852808485
0.925227937009384
0.9254047798608952
0.9254542315433739
0.9256389992520285
0.9256818403262598
0.9257420826718078
0.9258424807365288
0.9258362771820696
0.9258493983026638
0.9257937966570836
0.925860897892849
0.925799505383577
0.9257171241615147
0.9256463119549294
0.9256342816443434
0.9255731227239299
0.925660032272828
0.92559743596424
0.9255338559660361
0.9255329739690852
0.9256058124155302
0.9257279399183026
0.9258134538657533
0.9258118438498627
0.9258384403262075
0.9259280493821346
0.9259586523971227
0.9260184094596202
0.9261093381192632
0.9261821628759107
0.9264098682853985
0.9265364242990192
0.9266579541332911
0.9266773498621423
0.9265726860341191
0.9265185525723713
0.9264866779302949
0.9265266836912434
0.9264934203542061
0.9264313455530421
0.9263297684843892
0.9263004282115566
0.9263358129980153
0.9263549009272836
0.9263348180018981
0.9263033321360744
0.9261941140642281
0.9261033526480472
0.9259491408780819
0.92587357891168
0.9258324141817671
0.9257208238063657
0.9256557546136447
0.9257074475031027
0.9257137380029937
0.9257213493615548
0.9256964985515065
0.9256816046262927
0.9257289264921967
0.9257925310413561
0.9258765567016233
0.9259469827085689
0.9260856966083092
0.9261578904045402
0.926268159194976
0.9263380876438398
0.9264418264721481
0.9264389834261978
0.9264555048938616
0.9264375777278375
0.9263698038071198
0.9263307283977166
0.9262866873737796
0.9262131034828665
0.9260620140481551
0.9260186297009689
0.925978445586723
0.926040904685227
0.9260635180277265
0.9259714888293953
0.9260742312800395
0.9260685973893091
0.9260993422707907
0.9261254023950504
0.9261172584814621
0.9261541344659654
0.9262379664819852
0.9261920582609848
0.9261945593071435
0.9262216868020061
0.926228052466791
0.9262084202844066
0.9261136388871106
0.9260746174042083
0.926163151178267
0.9262057932954916
0.9261536435044241
0.9261923228494486
0.9261405135189715
0.9259793787083965
0.9259190849551441
0.9259272783192443
0.9259515029840076
0.926039838539971
0.9261062198965302
0.9261353289313075
0.9262050718224936
0.9263397839953837
0.9264685978950524
0.9265130357473061
0.9264975150048383
0.926445021736494
0.9264046210848964
0.9263350751179678
0.9263719758374644
0.9263567052351948
0.926357328606584
0.9263717075270131
0.9263726290116439
0.9264675604457231
0.9264577477051827
0.9264871110615871
0.9264623833617024
0.926435884997829
0.9264015819766951
0.9263640102467722
0.9263473714848258
0.9263325978131298
0.9263211221755192
0.9263121987562567
0.9263402495022101
0.9263673759454107
0.9264030197112624
0.9264269004004946
0.9264888109581678
0.9265127244999186
0.9265774869658844
0.9266224140637817
0.9267231165614763
0.926710156245805
0.9267335132328345
0.9266173490095141
0.9265713560760718
0.9265634168783125
0.9265219476442379
0.9263936053597943
0.9263059373569429
0.9262963992028965
0.9262632598380043
0.9262648584670808
0.9262320330758197
0.9260908918597697
0.9260110870216085
0.9260789960911652
0.9261210384769845
0.9261020130097763
0.9261212979213032
0.9261385952325893
0.92603475359149
0.9259723925087833
0.9258573045419505
0.9257538507642177
0.9257118564028954
0.9257079317080765
0.9256978367004706
0.9256638863087769
0.9256585689456865
0.9256111841050421
0.9256119258965003
0.9255847252872567
0.9256195063158447
0.9256172297556784
0.9255315559887626
0.9255051444926367
0.9254956274003823
0.9255409623019614
0.9255156234037816
0.9254510706233939
0.9253746551566301
0.925352633497737
0.9253211376018781
0.9253758202890948
0.925394656831896
0.9253063600365755
0.9253384654375145
0.9254220932765931
0.9254454394709585
0.925459064707777
0.9254542699589984
0.9254826961614775
0.9255334138365547
0.9255321221561963
0.9254123803132231
0.925377397101178
0.9253283030017384
0.925215774534471
0.9251480808805329
0.9251567040620251
0.9251221379773411
0.9252260505285157
0.9253664114396271
0.9255088802328572
0.9255904754243466
0.9256401989541969
0.9257676052863135
0.9258277205584559
0.9258723443918927
0.9259614897135636
0.9260141169185635
0.9260272094466665
0.9260446784610724
0.9260946880042875
0.9260848530121599
0.9261353186869016
0.9261957437376122
0.9261298022818945
0.926104701444808
0.9260903263679363
0.9262117380703581
0.9262918964573859
0.9263253341393468
0.9264272312501748
0.9265250549330123
0.9265486866313952
0.926626362246527
0.9266940727300107
0.9267416899938492
0.9267367127603399
0.9266669533030898
0.9266216232115689
0.9265696514925538
0.9265076024561196
0.9264989645420347
0.9263998606760818
0.9263780540325507
0.9263646362286763
0.9263158384540089
0.9262267925534461
0.9262142138543823
0.9261800281036513
0.92617274399837
0.9262036956750856
0.9262088941139003
0.9261843015245874
0.9262400568405842
0.9262332043281668
0.9262566663439372
0.9262823961649927
0.9263625157251385
0.9263840903130498
0.9264132937899615
0.92644423608216
0.9264661757099113
0.9264315897706042
0.9264535846688378
0.926508619389044
0.9265357572005976
0.9265706697737345
0.9266806669821044
0.9266833042674074
0.9266226075227694
0.9266038377590303
0.9265698983054601
0.9265502563055716
0.9266352224125065
0.9266393020451594
0.9266208105371975
0.9265663488662896
0.9265900824809754
0.9266000797810462
0.9264957444974429
0.9264829609480755
0.9265382085732459
0.9265936425246296
0.9265888936327563
0.9266179252436214
0.926644583770987
0.9266914298264829
0.9267302354643809
0.926813958040509
0.9268153105107512
0.9267787994121116
0.9267739601549398
0.9267669966603649
0.9267488179558915
0.9267544921686207
0.926819972088785
0.9268774951664212
0.9269463026805235
0.9270382499854549
0.9271526254927598
0.9272629089493196
0.927338492287693
0.9273617391507524
0.9274059593746308
0.9274155449986049
0.9274241885951316
0.927383705310316
0.9274426821630397
0.927451415841047
0.9274912015504629
0.9275194811488761
0.9275532180252274
0.9275294012471378
0.9274487098533389
0.927413943352694
0.9273991128032684
0.9273799351358797
0.9273558371220129
0.9272992514358952
0.9272470537031081
0.9272021125658455
0.9271999417509391
0.9272256077676032
0.9272588606260238
0.927250941228703
0.9272519592161151
0.9272828243421876
0.9272865654626585
0.9273045659994086
0.9273508179385195
0.9273452357403478
0.9273014583915598
0.9272808743072481
0.9272620670075519
0.9272191082213298
0.9272152041974419
0.9271856276984995
0.9272238932765939
0.9272248183886989
0.9272295934748906
0.927198406148416
0.9271372006726363
0.9271047704283486
0.927050067142325
0.9270191456662707
0.9269946203517689
0.9269860226382606
0.9269210634712893
0.9268610857409737
0.926893938690619
0.9268410217998216
0.9268605423969735
0.9268159008369373
0.9267953598389638
0.9267374994790721
0.9267498753627897
0.92675962923636
0.9267899172507338
0.9268070014881346
0.9268594003690379
0.9268578820654334
0.9269095558585191
0.9269174088852551
0.9268620833744555
0.9268026665520028
0.9267383446091088
0.9266724168013726
0.9266336502691754
0.9265712668834019
0.9265710079845605
0.9265743462873686
0.9266070573413735
0.9266240653727038
0.9266700556544047
0.9267349452578562
0.9267702760606211
0.9267922664715023
0.9268385323938804
0.9269336899417812
0.9270157692721418
0.9270472169253512
0.9270603713549653
0.9270478277744112
0.927049364331313
0.9270765107827527
0.9271177222391723
0.9271512062071826
0.9271699722589187
0.9271508594311053
0.9271138504387811
0.9271002629618326
0.9270925978690547
0.9270708326087043
0.9270572317731889
0.9270162486046859
0.9269899466758001
0.9269249842730285
0.9268784085446515
0.9268231279165494
0.9268462432745996
0.9268122998115536
0.9267613287239171
0.926688017263314
0.926635627325279
0.9265496480848165
0.9264663461879602
0.9264130481354245
0.9263203446733829
0.9262912932364853
0.926243195003839
0.9262417804217848
0.9262752073769844
0.926247732093656
0.9262268628778741
0.9261631659532199
0.9261459421861763
0.9261805425426726
0.9262177520138206
0.9262408458301733
0.926247515778352
0.9262354066768214
0.9262221868774185
0.926221245028437
0.9262596308663813
0.9262453873454188
0.9262975231912398
0.9263155581620954
0.9262504550756749
0.9262465126449126
0.926255519892359
0.9262520608890259
0.9262758274454271
0.9263133435132944
0.9263271236056199
0.9263499938002503
0.9263992314933435
0.9264390805223841
0.9264931261734974
0.9264926454530152
0.9264713184655611
0.9264519381014156
0.9264444954903235
0.9264610085874662
0.9264596074933008
0.926491257551114
0.9265269759517908
0.9265943999151078
0.9266179284727456
0.9266211022499202
0.9265811442643074
0.926582690716078
0.9266037187277067
0.9266239394068588
0.9265865576633098
0.926573499655525
0.9266049313254802
0.9266718521319958
0.9267278937108778
0.926744841576923
0.9267792464993605
0.9268233940174284
0.9268641679726467
0.9268554197745574
0.9268234834784702
0.9267792019223313
0.9268223613408084
0.9268408015085686
0.9268575806798793
0.9268825318024612
0.926899406108618
0.9268978307348091
0.9269269411288495
0.9269601889987115
0.9270254389903422
0.9270861112617355
0.9271468540614146
0.9271944714127948
0.9272420513163618
0.9272769393747873
0.9273018618361171
0.9273508125564205
0.927436213171229
0.9274959744212613
0.9275663260362139
0.9276087328972994
0.9276398155868524
0.9276677055151453
0.927696932461459
0.9277446608078245
0.9277643790903652
0.9277495686303668
0.9277717752129047
0.9278565382153137
0.92790385433675
0.9279570010235724
0.9280078567935649
0.9280450779650105
0.928081069239542
0.9281001119320859
0.9281018753647358
0.9280781893669913
0.9280609187556605
0.9281019478553395
0.9281072351341746
0.9281571938109942
0.9281944774943212
0.9282064473426809
0.9282553764960674
0.9282749628849117
0.928283193520314
0.9283204346760616
0.9283448186015457
0.928388969408634
0.9284683452107557
0.9285467313734652
0.9285857256775102
0.9286125053512027
0.9286463223283687
0.9286317887796266
0.9286344086003313
0.928619243044745
0.9286229895282494
0.9285890054193505
0.9285484187355596
0.9285309047879573
0.9285436194205451
0.9285563869299833
0.9285322870868873
0.9285581256538971
0.9286071035007261
0.9285693932845965
0.9285778461546954
0.9286008944420042
0.9285789869317091
0.9285989267928694
0.9285557203199197
0.9285761080546133
0.9286369838019859
0.9286591793705337
0.9286493932820222
0.928645502798514
0.9286162987091895
0.9286426792068886
0.9286226563647216
0.9286256567344489
0.9286686879810038
0.92869936571764
0.9286978518542806
0.9287814787209614
0.9288146923919995
0.9288239588273246
0.9288504124134578
0.9288897074453452
0.9289235844891325
0.9289732090526572
0.9289605895318851
0.9289870799058717
0.9289575853994942
0.9289518222039667
0.9289328816073934
0.9289288685829424
0.9288984856944481
0.9288715694649456
0.9288808615657469
0.9288942323736382
0.928871066715873
0.9289184196419656
0.9289594491597242
0.9290345158193605
0.9290840505087904
0.929105112672084
0.9291462146879604
0.9291958296288603
0.9292337208545288
0.9292237356817566
0.9291930513659753
0.9292191789950712
0.9292146604789565
0.9292165095249061
0.9292122379492718
0.929214364299694
0.9292372941066223
0.9293015276323022
0.9293617675023841
0.9293701728734717
0.9294079227029381
0.9294253766306252
0.9294123601013617
0.929409850120254
0.9294018624652424
0.929392228907551
0.9293661774602516
0.9293663143584856
0.9293199211681117
0.9293023601401348
0.9292932508873409
0.9292902808955208
0.9292616463214526
0.929252744544164
0.9292221847639306
0.929227379560676
0.9292160207279074
0.9292077177134336
0.9292416736132905
0.9292055009108521
0.9291869890323061
0.929179030444694
0.9291860176745643
0.9291838573422221
0.9291762209656504
0.9291910120443122
0.9291895117973279
0.9291428073686723
0.9290776878922127
0.9290496951474928
0.9290141696107146
0.9290261383662739
0.9289904299772367
0.9290178148016175
0.9290235762087193
0.929025001155455
0.9290314953953801
0.9290094947659968
0.9289783653564294
0.9289337778705085
0.928873679995974
0.9288221841176425
0.9287624865297784
0.9287252570300257
0.9286724490636846
0.9286365286704933
0.928633431874992
0.9286565356383506
0.928660168056482
0.9286639867847872
0.9286818819576277
0.9287103966038252
0.9287395314713747
0.9287652915340311
0.9287720252499553
0.9287767651204144
0.9288161665808367
0.9288553047948314
0.9288893981539911
0.9289225053750652
0.928953777231978
0.9289746373281071
0.9289719221839796
0.9289842970252082
0.9289653401031943
0.9289892747228946
0.929024244578464
0.9290133121488836
0.9290122950547336
0.9289803957978404
0.9289945364899673
0.9289912394353281
0.9290015126936698
0.9289905515200405
0.9289598529352363
0.9289310469085134
0.9289330195987929
0.9289027853103725
0.9288899995081921
0.9288807612337877
0.9288827046569726
0.9288975154218451
0.9289318374947588
0.9289274222967111
0.9288949292722958
0.928873100256343
0.9288693840587922
0.9288227508814397
0.9288011620946082
0.9287765205061805
0.9287644249797359
0.928768112655479
0.9287792912341967
0.9287855623941801
0.928797637451832
0.9287927738282057
0.9287786726100039
0.9287452397307754
0.9287438329630332
0.9287633500901218
0.9287922171925911
0.9288124586681846
0.9288331134284882
0.9288626861725312
0.9289129950548015
0.9289811470620296
0.9290286732046686
0.9290761582989793
0.9291285001048466
0.9291623936405148
0.9292097985735273
0.9292698754933476
0.9292909405106671
0.9292787006852452
0.9292762010180071
0.9292644637195453
0.9292253960645181
0.9291971062808561
0.9292049176999584
0.9292243958419031
0.9292397151972881
0.9292734924697975
0.9292685288555788
0.9292902159850497
0.9293167763261833
0.9292986926848882
0.929332251877345
0.9293581954458476
0.9293769656827716
0.9293702182156387
0.9293645452135858
0.929366453341113
0.9293496142038379
0.929350372816989
0.929353201323784
0.9293618453609185
0.929378010178443
0.929392091841953
0.9293911074776494
0.9293884007786664
0.9293685356815382
0.9293146475787546
0.9292861848882447
0.9292521366592486
0.9292548614089682
0.9292257065680454
0.9292441624770684
0.929266561292369
0.9292921196061658
0.9293099597198975
0.929359701154958
0.9293735443798063
0.9294103387362745
0.9294073305988144
0.9294263809240628
0.9294465860541051
0.9294910002662929
0.9295006416248159
0.929487525603807
0.9294865194554646
0.9294774881718709
0.9294524166696602
0.9294333048996579
0.9294129753955552
0.9293905568325899
0.9293856346307382
0.9294009666228262
0.9294500688178448
0.929481016703143
0.9295157502451524
0.9295344913942929
0.9295638784270113
0.9295990693888156
0.9296482207868745
0.9296812449674046
0.929699441594725
0.9297283367371524
0.9297418924866189
0.929726735018759
0.9297254373059314
0.9297158057247438
0.9297160308413048
0.9297306981096998
0.9297469727564035
0.9297326497002545
0.9297264483670503
0.9297144757265007
0.9297113218708601
0.929734976055373
0.9297384775383787
0.9297358867298214
0.9297612838194705
0.9297878935761222
0.9297837739820043
0.9298020836606908
0.9298201319884473
0.9298298183414911
0.9298258123895408
0.9298680829735525
0.9299178931451687
0.9299536680737437
0.929954374927429
0.929961690146081
0.9299747744808572
0.929989909697336
0.9299821824507238
0.9300088729099873
0.9300176707713385
0.930034857578661
0.930069794574079
0.9301088462233049
0.9301460235972892
0.9301783614499318
0.930202993941948
0.9302340806807514
0.9302437602145353
0.9302388476524436
0.9302294589797853
0.9302261280048968
0.9302242448644984
0.930212358978638
0.9302153617596457
0.9302577995919534
0.9302710961686494
0.9302683385423307
0.930245660069577
0.9302211936872604
0.9302064145795126
0.9301795310536084
0.9301611783403544
0.9301455634161054
