0.5901802141203848
0.6674953731604589
0.7739785892548046
0.8254930263944281
0.8549958259998266
0.8765286097342149
0.8923978850384253
0.9032791748486025
0.9123387547427929
0.9185086304612172
0.9218506316943662
0.9247626939444233
0.9279886743992929
0.9294190532483589
0.9305275287135748
0.9310958027030858
0.9324097123755739
0.9333081045578338
0.9342494055663498
0.9352911684042539
0.935742210178585
0.9362291959501564
0.9368043655358086
0.9376298849597959
0.9384532165502908
0.9387828100913236
0.9397516623507254
0.9401117579409048
0.9405906948907117
0.940945496274661
0.9411979123797557
0.9421991738922741
0.943311532583014
0.9437307357244996
0.944247182323955
0.9443456432016858
0.9448292793094241
0.9454859968579098
0.9462005402346227
0.9467540977569869
0.9474554842323989
0.9482005519381288
0.9487405963726531
0.9488728122453292
0.9485038385387357
0.9480120119751573
0.9480148496047782
0.9476481728204035
0.9473330580138206
0.9472692708432228
0.9469238113392744
0.9465506716018738
0.946576550062926
0.9465020757270918
0.946330195752939
0.9458982137002814
0.9457588918234925
0.9454706522369901
0.9455589048511752
0.9458176088934245
0.9455755468936122
0.9453815151770054
0.9452596171774355
0.9451755433193836
0.9450691813661994
0.9448644656137535
0.9444995849661784
0.9440612855559486
0.943647169505385
0.943208974248917
0.9430720012719812
0.9432200380980138
0.9431707495328765
0.9431688958180448
0.9432118660140174
0.9432738116736585
0.9434544061253272
0.9434451574753383
0.9431644454359922
0.9432452649241714
0.9432704713120502
0.9430561204685334
0.9428896646744681
0.9427544634440612
0.9428066512324059
0.9424988742989325
0.942377695397526
0.9424043235285298
0.9423972493917624
0.9425437311999274
0.9426680048756441
0.9428219542377095
0.9430355326276975
0.9432245571617319
0.9432340955701923
0.9432761756077812
0.943228336426111
0.943118499604377
0.943146273244716
0.9431213731310264
0.9432720725564664
0.9434044912595523
0.9434841563588054
0.9435061540556094
0.9435419103033947
0.9433174323048793
0.9432400807209987
0.9431856713698016
0.9431389518678872
0.9430553894786324
0.9430309137291918
0.9430786426815132
0.9430461187103573
0.9431370783114528
0.9433118426256443
0.9432279996600306
0.9431083458821062
0.9430860930699598
0.9430424991774043
0.9429888244142636
0.9428882595756822
0.9427816879821096
0.942873317729631
0.9428981565556233
0.9428546407650877
0.9428269300787019
0.9427895254642205
0.9427925014058979
0.9428834644388498
0.942910319532954
0.9430413307405404
0.9430288292738067
0.943151210772447
0.9431983237445022
0.9431332590883617
0.943182138241532
0.9432439017927322
0.9432741274537543
0.9433842273046933
0.9434445129994355
0.943363199043717
0.943426644969643
0.943464296777571
0.9434131823630669
0.9433510348590567
0.9432685641236181
0.9431839574874799
0.9432178255583635
0.9431749331345105
0.9432927506677691
0.9434160831119774
0.9435736942006949
0.9436752079943166
0.9436054035888476
0.9435300220706831
0.9435079535644015
0.9435433538470739
0.9435531206991257
0.9436835474084205
0.9436816822127219
0.943554336636386
0.9434125153492796
0.943344696175924
0.9433806288203958
0.9433881444616824
0.9433474743330602
0.9432482379731376
0.9431427363817629
0.9430286499776501
0.9429605409717378
0.9429814885761735
0.942952308585032
0.9428027609447005
0.94274298494549
0.9427112728809806
0.9426773759052189
0.9426168870046958
0.9425566020379249
0.9425015704430383
0.9425215104125737
0.9425173027590905
0.9424927261421957
0.9423980861483097
0.942395146467079
0.9423822127002557
0.9424232497136212
0.9424928359459002
0.9425323607802398
0.9425286812645771
0.9426320776819166
0.9425933528158148
0.9426363526221154
0.942596353560655
0.9426243794675805
0.9427037761458896
0.9427291090770906
0.942740267333808
0.942670350944654
0.9427383022454805
0.9427836447306662
0.9427564063842788
0.9426738418659087
0.9426220019510368
0.9425168208642679
0.9424728043538472
0.9424641215397814
0.9423758222781465
0.9423412598768202
0.9422558744989105
0.9420628825785656
0.9419491498099775
0.9418492977155811
0.9418886103564416
0.9418636222303021
0.9418329286824606
0.9418205263040421
0.9417744427998237
0.9417071892295914
0.941719389167603
0.9418413314950046
0.9418194095196946
0.9418172526676905
0.9418125469286918
0.9417638049284099
0.9417263182810728
0.9416645435615378
0.9416675145363171
0.9416679837939047
0.9416480525403147
0.9416402639101904
0.941592719943625
0.9415236082661124
0.941479389565667
0.9414218134219825
0.9413193919478787
0.9413163763892591
0.9413667406603388
0.941440284009158
0.9414608966499777
0.9414676616832623
0.9414539849379726
0.9414849030995732
0.9414344763318679
0.9413935711174378
0.9413766658043242
0.9413814899481201
0.9413971438784704
0.9414119719650385
0.941525474357008
0.941527974253004
0.9415224854642418
0.9415999429124299
0.9417081495090274
0.9417860786160275
0.9418817785603125
0.9419016532177673
0.9419895150045792
0.9420287572532073
0.9420652042935372
0.9420346877401038
0.9420174230170377
0.942003360943107
0.9419683529992035
0.9419607466569787
0.9419537781945587
0.9418799747787703
0.941889929255639
0.9418413048552954
0.9418024909610284
0.9418244338075239
0.9418427950126739
0.9418324528898265
0.9418154685104809
0.9418308302273894
0.9418214759663305
0.9418517970262492
0.9419492335612012
0.9420506375162161
0.9420484231318901
0.9420550508056544
0.9420664293153695
0.9420842248412605
0.9421043937495658
0.9421077676563988
0.9420671551475353
0.9419687627160225
0.9419122563461347
0.9419173467292765
0.941869882541423
0.9418013896436426
0.9416566692971478
0.941555208673181
0.9414996711567866
0.9414047487104286
0.941353978069055
0.9412850876771179
0.941234199974691
0.9411693699430489
0.9410721416024856
0.941026818180584
0.9409791850349682
0.9408715970433832
0.9407801074192539
0.9407161105294232
0.9406468326783478
0.9406268967595919
0.9406192824295416
0.9406674756967847
0.9405872612013743
0.9405964808816559
0.9406102708868288
0.9406523908830134
0.9406361805287402
0.9406059412620225
0.9405676535743994
0.9405399044101073
0.9405830437591537
0.9405880290102345
0.9405810142448278
0.9405626502090852
0.9405019954615352
0.9404714204369886
0.9403982230042197
0.9403458650157523
0.940259186999379
0.9402676122068439
0.9402450566699267
0.9402387209318602
0.9402323881161273
0.9403002888206885
0.9403310897468847
0.940386765529854
0.9404046806257549
0.9404485000195294
0.940447706780838
0.9404777676220512
0.9404914375372261
0.9405248220453085
0.9405141051785775
0.9404887867259822
0.940570084404651
0.9406382625990733
0.940732843867488
0.9407401101514014
0.9407511406122301
0.9407468333470701
0.9407234543014804
0.9407464130520075
0.9407915940602813
0.9408440150864148
0.9408879181367112
0.9408906047938113
0.9408920742166154
0.9408891470453472
0.9408590417964987
0.9408055623898876
0.9408162110924253
0.9408324499481955
0.9409515338098948
0.9410612338955835
0.9411053199210462
0.9411414485619023
0.9411541033732501
0.9412297373675017
0.9411918534666174
0.94114030533814
0.9411030068501675
0.9410893109981427
0.9410482041254152
0.9410019196065841
0.940969649943223
0.9409744191843457
0.9409634049373524
0.9410455636776978
0.9410405293957534
0.941052224995399
0.9410640984081946
0.9410808825302686
0.9411220901576716
0.9411582570368727
0.9411873267116546
0.9412060336881736
0.9411693160086996
0.9411882968866615
0.9411568975571497
0.9411347374679567
0.9411138728225836
0.9411160906821339
0.9411638592960392
0.941199136785577
0.9412462043143603
0.9412140824075591
0.9412484965824418
0.9413037952592226
0.9413175757909534
0.9412936439255988
0.9412676098324725
0.9412769240755231
0.9413386471458612
0.9413393079626671
0.9413659154764294
0.9414052667859292
0.9413905224709622
0.9414140132797917
0.9414393608381769
0.9414777619775825
0.9414841566688587
0.941468853343662
0.9414656805797467
0.9414402976250571
0.9413654568819962
0.9413413381985343
0.9413740313410636
0.9414394883441551
0.9414867884229274
0.9415001408812645
0.9415259560925843
0.9415708730278861
0.9416020911278933
0.9415874016921324
0.9416354718142518
0.9416466385572024
0.9416606018035216
0.9417083381320374
0.9417115507600896
0.9417519747947655
0.9417890612134244
0.9418201135742803
0.9418764908672235
0.9419298393952455
0.9419520569328016
0.9419585686282774
0.942020366479504
0.9419873245056198
0.941977087338964
0.9419369576736961
0.9419117810411353
0.9419202167139079
0.9419507533464039
0.9419411900283781
0.941983430953324
0.941986021187831
0.9420091809299188
0.9420272445336195
0.9420048112994628
0.9420002770719589
0.9419836368756918
0.9419425900292002
0.9419550795108511
0.9419661416481115
0.941962139153413
0.9419438006730847
0.941864715764201
0.9418275410059422
0.9417924897714958
0.9417550262155471
0.9417365083850932
0.9417173445819199
0.941673434332634
0.9416201858353869
0.941573601705294
0.9415596548776418
0.9415414902120935
0.9415439491286017
0.9415493736762364
0.9415630671296302
0.941590901124686
0.9415979921013666
0.9416175230739784
0.9415958233205534
0.9415739954643007
0.9415598972675856
0.9415697162342799
0.9415916084067714
0.9415950731232041
0.941583676003177
0.9415387277664031
0.9415003283080847
0.9414676806213034
0.9414315054343456
0.941384660182726
0.9413333754788635
0.9413469097879498
0.9413457268921965
0.9413722974837142
0.9413682177563585
0.9413511985802687
0.9413242591407904
0.9412711004140543
0.9412851955333694
0.9413145083683506
0.9412957350715859
0.9412980166689572
0.9413048862092038
0.9413031177046047
0.9412934320705638
0.9412428398172152
0.9412120492587058
0.9411946190931973
0.9411779696230881
0.941165159104941
0.9411350901944893
0.9410962058898207
0.9410551642361797
0.9410552728545309
0.941107447122416
0.9411108039441328
0.9411261793728667
0.9411132000760016
0.9411116215412733
0.9411090925522727
0.9411286436697812
0.9411147024938374
0.941136691267865
0.9411063306687444
0.9410885702977461
0.9410529448835105
0.9410276083382523
0.9410036576814395
0.940977302796435
0.9409755655074569
0.9409792681492304
0.940982732035148
0.9409812338402862
0.9409841452339593
0.9410067190439554
0.9410055218215851
0.9410174703021901
0.941001616230184
0.9410486580896059
0.9411124447847997
0.941131730071097
0.9411724352219781
0.9411926424992972
0.9412303871346446
0.9412367133895442
0.9411864345238644
0.9411644440631628
0.9411188100133755
0.9410952068765835
0.9410628852727244
0.9410652143958105
0.9410598055707546
0.941068715784846
0.9410570545981136
0.9410584112197103
0.9410730230361859
0.9410321404240507
0.9410273918596443
0.9410552028305996
0.9410182390428906
0.9410375289235373
0.9410430871655491
0.9410580876725545
0.9410638867983632
0.9411227154288295
0.9411261298908092
0.9411329839366258
0.9411770810325121
0.9412091534687019
0.9412497631379345
0.9413153613345515
0.9413690942844252
0.9414233463560651
0.9414728266609295
0.9415151126485409
0.9415345211748616
0.9415945491780346
0.9416103850637807
0.9416549282932576
0.9416560947737467
0.9416608009237758
0.941657615328987
0.941671117399336
0.9417151370774567
0.941740679988743
0.94174555188787
0.9417545366668044
0.941761813113236
0.9417550675481694
0.9417292571282496
0.9417194540089929
0.94169844465148
0.9416877636752458
0.9416388149819379
0.9416075744943906
0.9416079659599028
0.9415982632505584
0.9416135817219645
0.9416404695130706
0.9416357967760431
0.9416338978020344
0.9416366424289031
0.9416427483679577
0.9416353690085933
0.9416522758843503
0.9416711856966832
0.9416680493478095
0.9416802903756134
0.9416858595180643
0.9416862576513582
0.9416976265115792
0.9417107946135703
0.9417192005117928
0.9417189252355462
0.9417100128907333
0.941678644247378
0.9416454908101012
0.9416266189513429
0.9416253410247054
0.9416007019487795
0.9416074674877339
0.9416102819825255
0.9416307275597051
0.9416426227685738
0.9416591289325537
0.9416633778786921
0.9416911717755551
0.9417233274278481
0.9417622588785258
0.9417931620002382
0.9418059943419689
0.9418419192523563
0.9418555362374137
0.941891560088657
0.9418870536651575
0.9418882575786474
0.9418969833344892
0.9418970391443919
0.9418838103637106
0.9418577793434277
0.9418528717957426
0.9418615761551788
0.941874850096299
0.941885410106981
0.9418971634535956
0.9419084862155531
0.9419238736531058
0.941889053632949
0.9418791802828986
0.9418931467942004
0.9418845909798487
0.9418785441004416
0.9418947846459953
0.9419062488981588
0.941916404263768
0.9419574328490797
0.9419747456600509
0.9420002009034205
0.9420152829356946
0.9420485676365269
0.9420708200835398
0.9421136928815722
0.942134103520702
0.9421851344802094
0.9422104056858528
0.9422267619914024
0.9422495627047555
0.9422685340603886
0.9422378022243809
0.9422049674387021
0.9421868696723343
0.9421890205807777
0.9422059949037068
0.9421945397983524
0.9422034901630204
0.9422037946206853
0.9422275440079485
0.9422388665007286
0.9422574941244549
0.9422535074894844
0.942234996804482
0.9421916630231819
0.9421406248416598
0.9421030175889041
0.9420729212348125
0.9420587720277283
0.9420171161512205
0.9419928941829656
0.9419691192597955
0.9419196130945517
0.9418876473559488
0.9418556357619104
0.9418460037282158
0.9418320883477781
0.9418366999300122
0.9418440496892824
0.9418660116059243
0.9418925743997726
0.9419380718168331
0.9419344739107507
0.9419264249034764
0.9419074107254011
0.9418813586523749
0.9418234058103075
0.9417641332027643
0.9417174431066913
0.9416694655915022
0.941639665941362
0.9416566571400145
0.9416561963218718
0.9416399132694854
0.9416524234183353
0.9416478132143227
0.9416490796146545
0.9416778864612212
0.9417013801642746
0.9417219127289249
0.9417250040724887
0.9417185071453844
0.9417198336291
0.9417015264272398
0.9416705397435812
0.9416663139086251
0.941654764121312
0.9416233715380609
0.9415969132068904
0.9415754235384688
0.9415868838825708
0.9415998039009693
0.9416222461271054
0.9416182933855013
0.9416358178016662
0.9416556071760156
0.9416907742129538
0.9417001573777221
0.9417044288398698
0.9416955919114051
0.9416780979539933
0.9416491476519607
0.9416465368043389
0.9416468616296194
0.9416733091657921
0.9416998139940468
0.9417244340833687
0.9417257615466313
0.9417167906280468
0.9417286845795305
0.9417371211829354
0.9417456473327044
0.9417589142042087
0.9417553590364085
0.9417710655305311
0.941789667581664
0.9417892408357303
0.9418219838840564
0.9418259472677056
0.941841426592625
0.9418491544009929
0.9418685715390663
0.9418996179373558
0.9419294902373896
0.9419651305009508
0.942003025302252
0.9420121155900032
0.942010899818998
0.9420328535784603
0.942061428838668
0.9421036911822375
0.9421392201878565
0.9421759232851562
0.9422195485528604
0.9422702488218829
0.9423015413861876
0.9423348842551815
0.9423578921243829
0.942378817588781
0.9424047933856751
0.9424117304997587
0.9424182198329247
0.9424250313910184
0.9424436847035561
0.9424396951023835
0.9424535850401498
0.9424703707920461
0.9424760926531374
0.9424742112726484
0.942465385705134
0.9424581633998512
0.942432472650885
0.9423953689597256
0.9423580702668714
0.9423292614303633
0.9423237248455061
0.9423199899662621
0.942305078436014
0.9423043586560593
0.9423078399818183
0.9423207090229744
0.942334514531988
0.942334317248592
0.9423144135574139
0.942298159092242
0.9422969128961692
0.9423030193361336
0.9423171632771712
0.9423218222278621
0.9423334005309251
0.9423384610568336
0.942331504905859
0.9423501293823319
0.9423282338306225
0.9423131846408869
0.9422782218574173
0.9422490740989352
0.9422106667627179
0.9421689848941402
0.9421443672554567
0.9421194192419946
0.9421089041350562
0.9420891578017322
0.9420643670426488
0.9420356850040804
0.9420174347746418
0.9419917435981687
0.9419861104065012
0.941987868238044
0.9419961714715682
0.9419838650051913
0.9419945771223247
0.9420014628267819
0.9419878029748024
0.941995175973611
0.9420226844371778
0.9420487363408012
0.942078586689946
0.9420865704898219
0.9420955322574026
0.9421194302523939
0.9421326414145733
0.9421511029685272
0.9421678028990751
0.942169406312324
0.9421645394546817
0.9421579615418034
0.9421769268106004
0.9421725156233394
0.9421800522325987
0.9421909357137631
0.9422161657050977
0.9422344773946094
0.9422587241285695
0.9422927064945563
0.9423072373738743
0.9423203252135205
0.9423384507472379
0.9423340098483005
0.9423519583204741
0.9423752362113876
0.9423893327309435
0.9424240755317717
0.942425732308628
0.9424512789000428
0.9424394293946957
0.9424446855924717
0.9424692627386028
0.9424708478329796
0.9424620442784001
0.9424534768393428
0.9424595967806874
0.9424745006188048
0.942489020623664
0.9425388355387477
0.9425760158612217
0.9425961216115929
0.9426208656529482
0.9426167997855163
0.9426355943407774
0.9426396051408099
0.9426093676543356
0.9425993296733659
0.9426073246709518
0.9425877661002637
0.9425895234263462
0.942622596617732
0.9426407721410878
0.9426291629087284
0.9426497530872455
0.942660506060501
0.9426728932309312
0.9426752461704057
0.9426724033737895
0.9426530588678166
0.9426516173011797
0.9426587571170505
0.9426414664278
0.9426333793722053
0.9426339658517654
0.9426356463152898
0.9426248525891927
0.9426151541980435
0.9426246595676756
0.9426226832330183
0.942640718526472
0.9426332082234624
0.9426371312713473
0.9426502849471674
0.9426954557020875
0.9427355815563164
0.9427603066145342
0.9427701780129661
0.9427723593756732
0.9427862103635428
0.9427939713415318
0.942813558860288
0.9428295556708116
0.9428179067933014
0.9428078315277449
0.9428111138967722
0.9428154852967412
0.9428171812745922
0.9428162267780377
0.9428384390062956
0.942856674495929
0.9428696106424236
0.9428976169052987
0.942927065617628
0.9429587690350838
0.9429836993904746
0.9430043307693344
0.9430332270313189
0.9430541501340844
0.9430989904458241
0.9431153474916439
0.9431337152148385
0.9431393603987569
0.9431428502337118
0.9431185599746235
0.9430818356044595
0.9430928549076522
0.9431003906759946
0.9431130638318915
0.9431112883859477
0.9431094618918848
0.9431073740671388
0.9431108534781267
0.9431036990932612
0.943105228325246
0.9430973335567033
0.9430954264893875
0.943085628997142
0.9430854693552903
0.9430729793514423
0.9430673009796936
0.943092480005916
0.9431000094142965
0.9430996782367461
0.9430812743208109
0.9430741252655716
0.9430866910635536
0.9431040039854437
0.9431261076430784
0.9431360316759481
0.9431366570819534
0.9431322569943157
0.9431411900023768
0.9431632058030327
0.9431767686420822
0.9431954410939571
0.9431823492261991
0.9431760480240803
0.9431827598246952
0.94319642684327
0.9431780061072929
0.9431588662393905
0.9431413106325909
0.943139729815178
0.9431416600899841
0.9431409980167934
0.9431509143911807
0.9431684331218364
0.9431927594722428
0.9432017360667256
0.9432096254089927
0.9432005435390017
0.943204342713347
0.9432143888702634
0.943213214626229
0.9432064617805598
0.9432153031760837
0.9432097442655447
0.943204847082796
0.9432016216858956
0.9431875669536853
0.9431852881592403
0.943186070355524
0.9431971128438201
0.943212289917196
0.9432083208994887
0.943199096555149
0.9431810509583982
0.94318018508406
0.9431721641923926
0.9431639322044227
0.9431633463567971
0.9431704087516077
0.943145524492176
0.9431188630241352
0.9430919579470324
0.9430841343901437
