0.5508320865096699
0.6379091547977871
0.7429240428800059
0.8101593439706287
0.8467224258318051
0.8752256657480045
0.8881121721037046
0.897785502264924
0.9064596519749915
0.9144434201329756
0.9161612312347645
0.9177143438381444
0.9218273948878861
0.9221141496126386
0.9224765981375325
0.9245935543126441
0.9265510836075928
0.9278824787773824
0.929591097922958
0.9307928704792368
0.9316993639328409
0.9312873873992914
0.9319264766286347
0.9316935542191388
0.9324531472565394
0.9335330010158689
0.9333667607588196
0.9326078655096154
0.9312880323359202
0.9303050004136835
0.9302316560690376
0.9308298279251283
0.9319693268034894
0.9324490747343566
0.9329158088036007
0.9338857253086553
0.9344194257508908
0.9353618223181374
0.9365583688073035
0.9368618656094714
0.9365703246366003
0.9365647999563134
0.9368666870425927
0.9368161081175247
0.9373660013430071
0.9378087211055411
0.9378510350747219
0.9381050536834658
0.9384783579251483
0.9388697128935116
0.9392995675055045
0.9400716342829304
0.9406108868947703
0.9408942150924392
0.9408972137356478
0.941072028767093
0.9411326210882552
0.941651044299049
0.9418592592080013
0.9421021101319774
0.9425099716649278
0.9428844218404503
0.9433693065912688
0.9431868349234458
0.943074959948539
0.9427163301314243
0.942360331533845
0.9418513798604489
0.9415722903789719
0.9412603376954487
0.9411860830476518
0.9415893126799457
0.9419475057637766
0.9422843398500778
0.9423443497522626
0.9424895846251997
0.9426307286415704
0.9428574164892253
0.942680993374382
0.9426009330755253
0.942747582736158
0.9426736822240204
0.9428865388129325
0.9428328281917903
0.9430731115756343
0.9432477274131675
0.9432764713177779
0.9432814320317153
0.9430762935430841
0.9430602489612808
0.9431642368692181
0.9430147841444575
0.9430479207470959
0.9431213091113259
0.9430373605855498
0.943309469399316
0.9434643055851067
0.9434783574237092
0.9435823150002353
0.9433931350762864
0.9432264986087207
0.9430853368048361
0.9431696233096657
0.9431633643859199
0.9432806694889734
0.9434031605109184
0.9435385385543704
0.9434589556141773
0.9433650980362313
0.9431563886061777
0.9428268143383819
0.9427570224689743
0.9426213797966297
0.9424263112585382
0.9423004465740957
0.9420138355872083
0.9415800528013067
0.9412652952033204
0.9409784476322066
0.94062567888035
0.9403034893698429
0.9401832846669981
0.9400736102981189
0.9398128612306195
0.9396601028069591
0.9395034299448679
0.9393546321743679
0.9393430863834857
0.9392390320632977
0.9391812173678611
0.9392029800925232
0.9390393783029941
0.9389669046009905
0.9388960651323861
0.9387378277796933
0.9387718947900909
0.9387496617629898
0.9385726518565096
0.9384980091345607
0.9384788953086406
0.9385339715326545
0.9386900374630877
0.9388519018631875
0.9390803773406806
0.9394602931708868
0.9394103611986983
0.9395750250374743
0.9397218257274151
0.9399993396243598
0.9400516776923684
0.9399927908633687
0.9400506255236069
0.9399543018303539
0.9397757583477311
0.9396135391496795
0.9394320872837952
0.9392382578814226
0.9391096311963613
0.9391407147821974
0.9391088266474202
0.9390219362174529
0.939072403753121
0.9390794977967969
0.939143080841318
0.9393500190441589
0.9395263113862548
0.9396065700474351
0.9396319183378448
0.9394859779467201
0.9393545655083423
0.9392234428995896
0.9392417131801011
0.9391194442555699
0.9390349983038142
0.9389723712974533
0.9389892334330635
0.938979339886462
0.9390430011408665
0.9390446236181348
0.9391888238242108
0.9392486541404617
0.939336174917952
0.9393852745692205
0.9394662958509509
0.9396789924918066
0.9398206226887298
0.9398763636158752
0.9399374436223095
0.9400654351727203
0.9402640106536174
0.9404546940760629
0.9406433573404163
0.9408058598869504
0.9409678488054218
0.9410597630228926
0.9410594196041011
0.9410973765103817
0.9410253092093736
0.9410006704217101
0.941015811447092
0.9409348802465158
0.9408093933249488
0.9407051198297827
0.9407801557345501
0.9406677357921442
0.9406698960151547
0.9406318328911968
0.9405804052400961
0.9404767853824716
0.9405952301326813
0.9406407186407905
0.9405998138156384
0.9405835813205017
0.9405553607379701
0.9405822063608417
0.9405921715934694
0.940645891917951
0.9406008308840773
0.9405817888808633
0.9405012535990716
0.9404934210996416
0.9404319980672288
0.9403476569128767
0.9403515471201381
0.9403102862083434
0.9403222917599255
0.9403634420336048
0.94031285769385
0.9403237518102837
0.9402997668952322
0.9401823608285869
0.9400149250255851
0.9399206995117128
0.9398051729504583
0.9397268345298372
0.9396895027920317
0.9395634951422962
0.9394405073013923
0.93936813407606
0.9391809379500933
0.9390945241899523
0.9389773031396944
0.9389472562756169
0.9390058356161455
0.9390318627904458
0.9390369098489643
0.9390629151537554
0.939072309514276
0.9391216242593089
0.9391765561841258
0.9392170838692762
0.939342483301793
0.9393763908986164
0.9393640580775635
0.9394283752018537
0.9395034854163933
0.9394811413934572
0.9394340023905403
0.9394500482425845
0.93947521256866
0.9395338171397952
0.9395591822943066
0.9394852942712117
0.9394864750822114
0.9394759514294279
0.9393562952342871
0.9392500968894895
0.9391805520725814
0.9391721292605855
0.9391819370916096
0.9391814308617719
0.9391205398079292
0.9389665537152969
0.9389375609192709
0.9389816969623687
0.9389745233555745
0.9389066336523677
0.9388842700320421
0.9388064971156482
0.9387960949289856
0.9387794501665678
0.9387331327759204
0.9387024578616687
0.9387064824415686
0.9385880474061042
0.9384077214024428
0.9382789560012876
0.9382943738569061
0.938307615791016
0.9382538475518872
0.9382558941279106
0.9383106594136984
0.9382572080856674
0.9381886847668108
0.9381994018323789
0.9382023161975294
0.9382524700578964
0.9382898092235706
0.9382666717502957
0.9382483585183259
0.9383329097008648
0.9384209581017411
0.9384587505682405
0.9384696974618433
0.9384792223644933
0.938445270343879
0.9383574215634649
0.9384222481967559
0.9383718118339325
0.93836047178068
0.9383874585683202
0.9384211801827363
0.9384764978025197
0.9384844073243289
0.9385560123157454
0.9385579376084606
0.9384929513412943
0.9385640588010188
0.9386967972595779
0.9387595173890854
0.9387625787405572
0.9388047577864737
0.9388160698033864
0.9388749275695872
0.9388419315140423
0.9388549005542516
0.9388489473422457
0.9388626096841157
0.9388612455844826
0.9389779396333146
0.9390385328902088
0.9391608322293162
0.9392373095883666
0.9393325079462135
0.9392782993249714
0.9393191628939942
0.9392859007675451
0.9392317470867457
0.9391118715917643
0.9390177817878506
0.9389576947267049
0.9388828574770791
0.9388358848966705
0.9387582334615728
0.938657691160848
0.9385866982127482
0.9385919412942407
0.9386346055788556
0.9386518293075586
0.938735412955309
0.9388838682598586
0.9388821351628094
0.9389343501186406
0.9389679097270855
0.9389388701246373
0.9388535603361519
0.9388315503650922
0.9388299441045981
0.9387425329639874
0.9387267473337235
0.9387002832392065
0.9386936575963355
0.9386977066739748
0.9387297096140474
0.9387104423970498
0.9386714796577182
0.9386424165797607
0.9386061700465754
0.938605004384633
0.938559572321826
0.9385687731863556
0.9385391555916884
0.9384999155194551
0.9385009115130812
0.9385299160253037
0.9384972746001288
0.938469466997499
0.938500644947989
0.938598503046837
0.9386166631482618
0.938604038838204
0.9385832179370666
0.9386076890194169
0.9386677133492447
0.9386854627402108
0.938694750780308
0.9387252986990194
0.9387491903642301
0.9387269287915226
0.9387110029707968
0.9386689294994333
0.9386265400194711
0.9386768412691208
0.938701958735895
0.938718369930649
0.9387383275687268
0.938711521875434
0.9387235809803225
0.9387427028873908
0.938817790293043
0.9388711057630745
0.938934851944571
0.9389557851602849
0.9389812267400327
0.9390272505867476
0.9390043008675899
0.9390792986322672
0.9391501207411711
0.9391317457148313
0.9391108304080045
0.9390687437557967
0.9390928292317688
0.9390878904153894
0.9391143466480297
0.9391606640340724
0.939212893349252
0.9392206283697982
0.9392545800138811
0.9393168577783627
0.9393641353843506
0.9394221624214262
0.9393506425227616
0.9393000946052876
0.9392623762815288
0.9391147637452539
0.9390808559222488
0.9390281321407594
0.938974520148503
0.9389343991097694
0.9389280005863827
0.9389240812537134
0.9390064938422931
0.9390628398334923
0.9390921525788352
0.9391645078393913
0.939162204394003
0.9392038555013904
0.9393196257672821
0.9393266112652201
0.9393540475769386
0.9393394051444327
0.9393516840117005
0.9393509591016618
0.9393629089750932
0.9393367219862013
0.9393229369795654
0.9392976848303135
0.9392687068373408
0.9392958663077953
0.9393022432142725
0.93932438964663
0.9394143945929233
0.9394446098167163
0.9393807254312985
0.9393706877613134
0.9393263384494396
0.939321096479378
0.9393322560568869
0.9392600938078408
0.939184979184925
0.9391112625958535
0.9390779933122398
0.939067933449094
0.9389865826998418
0.9389522452930523
0.9389634921251842
0.9389701954562554
0.9389754261278407
0.9389596818307762
0.9389471044733598
0.9389523109945623
0.9389808318830896
0.9390347959295178
0.9390399112726041
0.9390127913793587
0.9390291707039116
0.939007406728989
0.9389946824782256
0.9389608394415293
0.9389711846855043
0.9389529082056443
0.9389295418162157
0.9389040574440621
0.9389094978249769
0.9389170240774835
0.9388717827842377
0.9388376801232116
0.9388167935623917
0.9387479251445597
0.9387695210365309
0.9387926649696111
0.9388766158041534
0.9389220367413967
0.9389392683309977
0.9389487857024317
0.9389384984145991
0.9389104173321262
0.9388894387631038
0.9388859190009939
0.9388648466544112
0.9388786961814111
0.9388576991974185
0.9388240449071275
0.938802504718391
0.9387886574360593
0.9387893553262984
0.9387479507310775
0.9387348546619025
0.938690606742159
0.9386921072682152
0.938730384273173
0.9387591430354946
0.9387481752422321
0.9387786442662395
0.9387863930079585
0.9387509143798811
0.9387475189477149
0.9387166583564168
0.9386407764270195
0.9386240699697588
0.9386312595019638
0.9386745739507621
0.9387082537990867
0.9387051710205735
0.9386354030729154
0.9386020704320518
0.9385537442856952
0.9384869254038268
0.938461327665823
0.9384503465866051
0.9384673391172524
0.938448461952392
0.9384852865525679
0.938542978393807
0.938578919888083
0.9386293215303728
0.9386366603449392
0.9386417772309573
0.9386177350088242
0.9386591565537415
0.9386912375511148
0.9387561754160865
0.9387762850849656
0.9388081251118746
0.938832945543641
0.93887720936433
0.9388763625358802
0.9388526949603393
0.9388403913747725
0.9388153212781443
0.9387928209548725
0.9388178864149291
0.9387960400442986
0.9387976164751565
0.9387751105676952
0.9387746367725349
0.9387681865692218
0.9388112233002007
0.938819354278838
0.9388473028322075
0.9388533298547218
0.9388670640885449
0.9388910499945665
0.9389464838292765
0.9390402180622017
0.9390915005685835
0.9391260063808582
0.9391974194290195
0.9392536813694673
0.9393361970990207
0.9393607248340382
0.9394279928152388
0.9394449832464863
0.9394391649831044
0.9394598597868717
0.9394696128601964
0.9395078139003
0.9395179325390957
0.9395243821195485
0.9395485344254253
0.9395479177026256
0.9395596014531011
0.939563327316461
0.9395780319374812
0.9395816417901776
0.9395588470463795
0.9395277268537718
0.9395508612462988
0.9395169204692814
0.9394711553948755
0.939471715709784
0.9394079135540094
0.9393743319538871
0.9393472461926753
0.9393739599610326
0.939385185471819
0.9393736109930867
0.9393535420591771
0.9393278115946814
0.9393088468298418
0.9393272748852023
0.9393612776378892
0.9393965698321997
0.939390619118239
0.9393483080767521
0.9392741782443115
0.9392232265550339
0.9392271638427377
0.9392009231000401
0.9391871697667775
0.9391765733946809
0.9391423473368928
0.9391180456356544
0.9391071697729577
0.9391058860354009
0.9391704268130866
0.9392056378541015
0.9391892193681276
0.9391689701115156
0.939172863522851
0.9391903649858508
0.9392190413862013
0.9392107239112624
0.9392246410085028
0.9392114817596064
0.9392080912709804
0.9392112302005007
0.9392182673562066
0.9392431031476176
0.9392367616704319
0.9392720250799605
0.9393185419995161
0.9393415176887008
0.9393035932667696
0.9392371669337125
0.9391950390222948
0.9391506608923031
0.93915193949218
0.9391703726226274
0.9392185733963909
0.9392650233210164
0.9393257365557667
0.9393601339949802
0.9393891855681263
0.939408104708233
0.9394401052090584
0.9394371598444722
0.9393801575125794
0.9393202509900627
0.939305365432729
0.9392857849876768
0.9392530003636607
0.9392682400296042
0.9392777905104202
0.939277993632871
0.9392876087657395
0.9392821853835261
0.9392816992896231
0.9393234912974888
0.9393922399347633
0.9394130354833147
0.9394198067071605
0.9394127752428657
0.9394217266077612
0.9394172333131802
0.9394365503688719
0.9394634969815677
0.9395021704656012
0.9395198818601979
0.9395372597372692
0.9395572295315503
0.9395615390033816
0.9396048969669214
0.9396588683359104
0.939678728683925
0.9397132102151117
0.9397683480281203
0.9398096488926534
0.9398272568221362
0.9398323718031147
0.9398505482071877
0.9398887825122789
0.9399109885294267
0.9399152803763515
0.939870438649256
0.9398547642731176
0.9398800723170425
0.939873616500938
0.939876171009148
0.9398838659962117
0.9398860553490302
0.9399047657682521
0.9399168851522913
0.9399333044518428
0.9399805766285042
0.9399879138537158
0.9399965923983907
0.9400450729162095
0.9400780084889304
0.9400967137657024
0.9401165202488896
0.9401389486080085
0.9401360172740242
0.9401101872659886
0.9400791224013784
0.9400851406372157
0.9400421761110358
0.9400458195479362
0.9400328257776674
0.9400358170079534
0.9400116523609368
0.9399961517095542
0.9399932946848417
0.9400094153181895
0.9399953306355571
0.9400349007773899
0.9400466012129486
0.940058749887124
0.9401188921399477
0.9401185130163918
0.940118289148492
0.9401513105919227
0.9401586437132813
0.9401432876605187
0.9401513696506778
0.9401168511521236
0.9401004166796658
0.9400888967536862
0.940051088401993
0.9400427617298753
0.940045746166235
0.9400361002605834
0.9400406906136267
0.9400277909787768
0.939994409782682
0.9400068172343353
0.9400078670008009
0.9400095921767673
0.9400329689069223
0.9400134735031073
0.9400348504251519
0.9400000630566999
0.9399823115187447
0.9399905624739907
0.939980089909032
0.9399560290653789
0.9399150945622767
0.939919921802357
0.9399370715175954
0.939934074609195
0.9399684542750161
0.93999618446664
0.9400324196311783
0.9400400015580866
0.9400229673776999
0.9400483856840502
0.9400773059442359
0.940108594846684
0.9401143308675668
0.9401252681548254
0.9401427788972903
0.9401402085588466
0.9401564283804711
0.9401521071833379
0.9401426406327521
0.9401516228172008
0.9401906321819575
0.9402072478121266
0.9402169439413612
0.940242396236859
0.940239812040242
0.9402271447835634
0.9402185045999545
0.940249981549723
0.9402601049932742
0.9402517978387169
0.9402654983663059
0.9402562257117328
0.9402888171700922
0.940316860056972
0.9403734020445427
0.9404111688006179
0.9404569720517238
0.9404999718138473
0.9405737673851706
0.9406018779203543
0.940648378903951
0.9407106686330261
0.9407269751565195
0.9407438118522732
0.9407739829329868
0.9407914043866797
0.9408046172666051
0.9408392920780132
0.9408683485086504
0.940886367472594
0.9408620652063772
0.9408655777918696
0.9408855526409748
0.9408811420857106
0.9408947947795009
0.9408792898573718
0.9409044284557114
0.9409019286778195
0.940899148081859
0.9408928796258541
0.9409233134128204
0.9409502732827724
0.940958244369965
0.9409458036557554
0.9409298311813991
0.9409234411043775
0.9409150250229097
0.9409005425321707
0.9408942439196699
0.9408998668803431
0.9409442213688856
0.9409742797208573
0.9409705369287359
0.940990969614669
0.9409885488716211
0.9409797639061167
0.9409724769523339
0.9409864193133789
0.9409882184112218
0.941014633221594
0.9410229480365817
0.9410579965878819
0.941090385659189
0.9411266699443405
0.9411556761292685
0.9411786182034366
0.9411877689109123
0.9411902447883602
0.9412182937511726
0.9412565597984944
0.9412644238857079
0.9412638742176912
0.9412652899658264
0.9412822552573733
0.9412955484662036
0.9413357948987499
0.9413443711313747
0.9413624927478752
0.9413783222274593
0.9414005613252483
0.9413916486130006
0.9413928400957806
0.9413792174556177
0.9413702734886543
0.9413776466681217
0.9414118689475515
0.9414079326084003
0.9413870553603273
0.9413399233727031
0.9413142602002005
0.9412738788376731
0.9412413321723666
0.9411856073655422
0.9411306264902786
0.9410926343245497
0.9410701494819423
0.9410676661836106
0.9410748089312515
0.9410734134794957
0.9410851444262321
0.9410866474057697
0.9411202392139393
0.9411481082407961
0.9411742970778006
0.9411956474182281
0.9412165722308481
0.9412371073733254
0.9412589279390783
0.941273602149177
0.9412645036711387
0.9412723417502494
0.9413036494347182
0.9413140736475608
0.9413364066891491
0.9413525978585713
0.9413490722654347
0.9413327785853607
0.9412968330274922
0.9413111165977386
0.9412911463785284
0.9412690804992743
0.9412598999375807
0.9412671409797472
0.9412911153891891
0.9413065303269368
0.9412989226244945
0.9413001384687277
0.9413118113342116
0.9413078056971452
0.9413299220931474
0.9413395932013774
0.9413615638357522
0.9413665939583731
0.9413576285279659
0.9413654134444823
0.9413824553653174
0.9414251710819751
0.9414410766435842
0.9414897090629301
0.9415238543961455
0.9415518045468354
0.941572636870776
0.9415536126363946
0.9415126039845237
0.9414907032774356
0.9414708025709666
0.9414272271319778
0.9414207224524973
0.9414021422027331
0.9414322400382878
0.9414598167441746
0.9415120268163516
0.9415456057558745
0.9415983460513361
0.9415943127684299
0.9415992559557537
0.941606729026248
0.94160060457728
0.9416158752317048
0.9416327646764087
0.9416436519292649
0.9416456984174749
0.9416466328382617
0.9416552434154576
0.9416509562785556
0.9416353323553309
0.9416041649183294
0.9415904480685565
0.9416101504668698
0.9416403752876532
0.9416920703291597
0.9417263428860743
0.9417605988945383
0.9417779137773769
0.9418051781623171
0.9418625396769379
0.941919299252912
0.9419467677797773
0.9419907823034028
0.9420324529952034
0.9420406318914215
0.942029199340018
0.9420304744048643
0.9419964401260252
0.9419774620232724
0.941976312092887
0.9419902266607815
0.9419921078306466
0.9419914478089179
0.941979460719606
0.9419951940029102
0.9420263602164872
0.9420313750917741
0.9420231107083639
0.942032778697561
0.9420496173865496
0.9420424623653129
0.9420506587177914
0.9420510932620707
0.9420568967076507
0.9420631177374802
0.9421063328363266
0.942149867307969
0.942175397028213
0.9421838077325438
0.9422240335801436
0.9422554769728091
0.9422840993844541
0.9422943607067168
0.9423393181966813
0.9423792440236156
0.9424149134781551
0.9424677611326432
0.94251706097153
0.9425509900099085
0.9425727413718993
0.9426041128327504
0.94263884858966
0.9426863118806084
0.9426998172721429
0.9426975970051918
0.9427043391326517
0.9427095009795331
0.9427042391982228
0.9427112026737325
0.9427412086497671
0.9427563214181851
0.9427658717212035
0.9427733814674845
0.9427629718965519
0.9427406401616203
0.9427205916271189
0.9426969716453165
0.9426813559454218
