0.534687040084787
0.6368444770446293
0.7536247575851727
0.8165414642447582
0.8492073436468046
0.8722327700655614
0.8838197927584327
0.8963591826523971
0.9052766111352265
0.9138660081389682
0.9174272305388796
0.9209595478793314
0.9253187546177941
0.9263025458155598
0.9281689350398292
0.9316017029189362
0.9327157778434714
0.9339831363073595
0.9363846485303484
0.9371609357224686
0.9384036624699573
0.9389507424660416
0.9402293882546411
0.9416200747546734
0.9429705272734773
0.944163890727527
0.9445464068424911
0.9452525669344515
0.9461197912995424
0.9468946477196365
0.9477644434753133
0.9485520578937088
0.9491662754955075
0.9495421304712776
0.9499887299027037
0.9502633328092006
0.9499709119748676
0.9496600519838264
0.9496996143652147
0.9493017995953289
0.9492149716706337
0.9488996195343897
0.9493084445960994
0.9495420960596259
0.9496785992788606
0.9496565735307246
0.9494338201458242
0.9496314390592676
0.95007192912969
0.9502938862546012
0.9506514399687055
0.9507748649848294
0.9511348535227574
0.9513589708910476
0.9513398021769829
0.9514324784783853
0.9520061533517167
0.9519294514421389
0.9519773884285154
0.9521990443812676
0.9525914148744841
0.9526806593648945
0.9527295682889518
0.9526784748344933
0.9525010983254659
0.9521243322841332
0.9520360620520548
0.9519347734414008
0.9518401737689964
0.9519412431234724
0.9520833355963826
0.952212652493541
0.9524229421090914
0.9526758799656618
0.95271115351588
0.9527146817414501
0.9526235483929314
0.9525090060628645
0.9524598348773889
0.952506486239817
0.9526275917664028
0.9526170967671636
0.9523630696700829
0.9523045729109498
0.9524193903803078
0.9524658822836739
0.9523851816272744
0.9522182235615444
0.9522074389518111
0.9523030295122319
0.952378582156839
0.9521665159532501
0.9521132293147978
0.9523287221416019
0.9523006586156066
0.9522917503269314
0.952309565048515
0.9522069742150482
0.9522173996840461
0.9522301293339505
0.9524244815488722
0.9526199023006181
0.9527928259753726
0.952866358428943
0.9529601411615201
0.9529340907634729
0.953001604881936
0.9531007581274004
0.9532511459726444
0.9533676971698266
0.9535757386889882
0.9536434396087073
0.9537959210159396
0.953869910223087
0.9539943413636296
0.9539633207114975
0.954033106449157
0.9540515985481268
0.9539159835679071
0.9538830381369546
0.9538059149353791
0.9537614109007916
0.9536945254254983
0.9536354299861479
0.9535312191977522
0.9534460480259891
0.9533920082929961
0.9534484276851031
0.9533821528655609
0.9532794360748514
0.9532425978839028
0.9530327294684217
0.9527688110321922
0.9526642849033715
0.9524598768857122
0.9524475297159917
0.9524646829335098
0.9523463473034908
0.9522353362532014
0.9521829986625275
0.952213195876014
0.9522671238410804
0.9522675466739169
0.9522909094353997
0.9522987368863451
0.9523406528845664
0.952395633154583
0.9525423378219334
0.9524597732075908
0.9524605668525998
0.9524283006851151
0.9524148960665565
0.9524444390565798
0.9525185696398115
0.9526316477005833
0.9526955147731401
0.9527824217753771
0.952807002491029
0.952885929962293
0.952904059330441
0.9528820772118489
0.9528817138962946
0.9529823158331082
0.9530952642411685
0.9531723243415803
0.9530961805048694
0.9530792999667831
0.9530894760795929
0.9531718373380542
0.9532251541601175
0.953354851516371
0.9534444548391082
0.9535620722685556
0.9536552400868393
0.9537283737403319
0.9537411308342492
0.9537779398459771
0.9536864468189876
0.9536566779143503
0.9537038150566834
0.9536839580997384
0.9537725739259332
0.9537324322332486
0.953623148956108
0.9534940496276778
0.9533370211418609
0.9532267835295251
0.9532081933695709
0.9531097007470256
0.9529936127568485
0.952896752283907
0.9529071060308425
0.9528731651346021
0.9529565711738706
0.9529861413622234
0.9530237421529816
0.953073163063848
0.9531270275650029
0.9532875474966599
0.9534208842994181
0.9534994384968949
0.9536454088308088
0.9538135270786664
0.95388894422068
0.9539655330994545
0.9540289007161888
0.9540715700315285
0.9541210432441956
0.9541496139511279
0.9542010563631194
0.9542869079792595
0.954319066228862
0.9544380699216589
0.9545622029811891
0.9545984514875209
0.9546813312356366
0.954695953944469
0.9546241596384856
0.9546030080502279
0.9545700197042497
0.9545409800893052
0.954534044695512
0.9545985855021162
0.9545939743558388
0.9545358612065167
0.954441155257958
0.9543828301742012
0.9543028987561902
0.9541674649357147
0.9539954869726806
0.953859557165717
0.9538430653625839
0.9538949925773915
0.9538862369310492
0.9538949777757998
0.9538934828045137
0.9538578443970169
0.9538527384027526
0.9538054211865976
0.9537946407291317
0.95376576501282
0.9538076742518022
0.9537914165719458
0.9538147810025489
0.9538463698804059
0.9539306336115989
0.9540349256428936
0.9540863019667557
0.9539981061493894
0.9539981933711924
0.9539890707049472
0.9540059106796962
0.9540336200196678
0.9540722939273744
0.9541083432857818
0.9541029267504879
0.9540918281121797
0.9540486036660304
0.9541053743953637
0.9541358232175707
0.9541290236440724
0.9540891633518752
0.9541012025062727
0.9540796928164671
0.9541665465228978
0.9542057105511275
0.9542682712782964
0.9543592256435115
0.9544263814606231
0.9545050813747764
0.9545691626850719
0.9545898816509468
0.9546309306768141
0.9546690299793527
0.9547491463022902
0.9548467961189241
0.9549647257551529
0.9550564104160455
0.9551623371385671
0.9552809676999744
0.9554347523144144
0.9555306062001508
0.955620289261756
0.9556555391532283
0.955664530947291
0.955706041255243
0.9557360007834489
0.955767985736116
0.9557874294124333
0.955778146788388
0.9557611891799856
0.9557662167405463
0.9557741439746802
0.9557728202609417
0.9557888464878728
0.9557834232057548
0.9557634798821298
0.9557670613246713
0.955771611536059
0.9557836113950341
0.9557775177508149
0.9557763527710115
0.9557437925759987
0.955786363860476
0.9557990246336275
0.95582024755456
0.9558256295543842
0.955857655010482
0.9558940038598831
0.955956421573449
0.9560038844180524
0.956084215248222
0.9561279213027549
0.9562074280431829
0.9562477695015014
0.9563223492546717
0.9563301200886398
0.9563565758544192
0.9563685008798402
0.956375953510136
0.9564183299661709
0.9564231666146416
0.956422976575375
0.9563856163264454
0.9563804532847159
0.9563804836367968
0.9563768181250563
0.9563703956019735
0.9563014325510807
0.956302156360659
0.9563364505059684
0.9563066204380641
0.9562535393621435
0.9562435633877797
0.9562389126862241
0.9562921106576422
0.9563246695289568
0.9563620086525311
0.9564180151426963
0.9564190357187481
0.9564174041624623
0.9563990117671084
0.9563517320950651
0.9562758160463612
0.9562593838005072
0.9562993247074802
0.9562932429408237
0.95630299124022
0.9563007662730044
0.9563016617975665
0.9563188817061077
0.9563511744706146
0.9563445015719754
0.9563456788370664
0.956347412083592
0.9563399758496745
0.9563409349063277
0.9563468245985501
0.9563243641578789
0.9563322197481383
0.9562815863222986
0.9562113393275635
0.9561798319175965
0.9561456084810586
0.9560361569175658
0.9559966416276695
0.9559584413701577
0.9559219682492038
0.9558723338140798
0.9558519929759577
0.9558302987980539
0.9557978514308582
0.9557088155190273
0.9556472108920505
0.9555768116720664
0.9555144160331396
0.9554836369857636
0.9554719241639105
0.9554754662895131
0.9554507213927147
0.9554434020840968
0.9554217724299781
0.9553843640290561
0.9553563067929185
0.9553400324318407
0.9553078160679912
0.9552912528818727
0.9553302661762565
0.9553250554366093
0.9553159262567213
0.9553063454846554
0.9552459395835261
0.9551937247316209
0.9551506901415201
0.9551241595819001
0.9551502070944045
0.9551875263156502
0.9552057754115357
0.9552414137549665
0.9552749641016149
0.955268952728728
0.9552528957889856
0.9552542842924467
0.9552439147788966
0.9552567816247546
0.9552768945282281
0.9552922865356871
0.9552907902013763
0.9552622838727736
0.9552512544983536
0.9552179158675068
0.95520003499661
0.9551798108777698
0.9551524988654699
0.9551086321943154
0.9550858199824415
0.9550530943560598
0.9549987943000613
0.9550066287882659
0.9549508004823483
0.9549095742880406
0.9548676069492067
0.9548574190164523
0.9548697952056691
0.9548744577120761
0.9548689299083084
0.9548963610699975
0.954904117221074
0.9549273398630855
0.954963267634532
0.9549430135638713
0.9548915529596166
0.9548415773447186
0.9547740814820541
0.9547147574786635
0.9546786093131241
0.9546372927234037
0.9546552695559307
0.9546704111669325
0.9546976225255386
0.9547172132799943
0.9547193994630224
0.954718546894209
0.9547223484467074
0.9547191741117038
0.9547308848165986
0.954740539124771
0.954762191190776
0.9548098370912196
0.9548592921201957
0.9549090118268103
0.9548958102798447
0.9548776599507198
0.9548726942108854
0.9549184261738293
0.9549353401875288
0.9549445378470394
0.9549391890783647
0.9549496014361966
0.9549725143376195
0.9550197969856843
0.9550603469774069
0.9550725194471178
0.9551016171722311
0.9551107361270136
0.9551371733769362
0.9551152793936649
0.9550798205180658
0.9550384025824536
0.9550276836701499
0.9550307350578329
0.9550126482960922
0.9549880746558755
0.9549710270875402
0.9549683844640325
0.9549427669330853
0.9548853075007886
0.9548660769805084
0.9548629417852358
0.9548525077952625
0.9548486388221347
0.954829152474693
0.9548409536302573
0.9548520470688513
0.9548668162747792
0.9548665417125617
0.9548836593844312
0.9548916412694874
0.9549067150390509
0.9549474979116898
0.9549707086433663
0.9549912792138378
0.9550371947880534
0.9550784909717817
0.9551085436657492
0.9551662614308609
0.9552023868371504
0.9552112827796183
0.9552409272346002
0.9552275042234006
0.9552265985106447
0.9552511791208702
0.9552430544446033
0.9552477355335675
0.9552647608009741
0.9553010362433776
0.9553104404814874
0.955351909827822
0.9553906802152359
0.9554067891723149
0.9554085914304423
0.9553956978884315
0.9553746273434512
0.9553835767772855
0.9553896344484081
0.9553635461964979
0.9553984135935549
0.9553898519188907
0.9554075250304394
0.9554051950140261
0.9554336444213006
0.9554293713744471
0.9554258592803802
0.9553866047849762
0.9553367190310336
0.9553174593392593
0.9552819686023303
0.955291193519305
0.9553072489660264
0.955319242476485
0.9553330663063417
0.9553144315025469
0.9552730828860564
0.9552535042584369
0.9552718261418993
0.9552915596268665
0.9552915029344939
0.9552942950418107
0.9552484794901183
0.9552138784521881
0.9552312469150881
0.9552501611216587
0.9552360750865251
0.9552229585498896
0.9551926773625286
0.9551610723145957
0.9551485131260115
0.9551547094032148
0.9551552023389415
0.9551340311621654
0.9550981162389656
0.9550882090379158
0.9551007084893993
0.9550745719418057
0.9550562137423174
0.9550268127766177
0.9550147620908944
0.9549899403374383
0.9549710766494222
0.9549479775391077
0.9549587544510243
0.9550024635662113
0.9550301137615066
0.9550435132131617
0.9550449904974863
0.9550469458295989
0.9550320004069893
0.9550380503325336
0.9550148517306671
0.955012782356073
0.9549777566583448
0.9549380727395405
0.9549219214959576
0.9548785195664319
0.9548678049116698
0.9548685123199115
0.9548921511937115
0.9549351539749072
0.9549653112805908
0.9550016211586573
0.9550284160154398
0.9550300526391953
0.9550558344780797
0.9550749536168506
0.9550820096114264
0.9550720981686661
0.9550607034827424
0.955023283334797
0.9549875197354611
0.95497793098736
0.9549560621069273
0.9549399637228125
0.9549478148144078
0.9549346122461706
0.9549230390229981
0.9548949031711875
0.9548711083106074
0.9548291590831424
0.9548021658266632
0.9547727352939764
0.9547617176442992
0.95472092412438
0.9546986823339785
0.9546802350550214
0.9546398778287244
0.9546021568228188
0.954547572609893
0.9545007330816591
0.9544570228917739
0.954398670904213
0.9543345076392893
0.9543017292026883
0.9542704946803584
0.9542470563204163
0.954236895246226
0.954228719799472
0.9542009861054854
0.9541717211641313
0.9541504861116633
0.954146733751159
0.9541197993375654
0.9541003850288453
0.954081722028787
0.9540620065213349
0.9540412746553593
0.9540285647765403
0.9540368823775236
0.9540638893949316
0.9540681062420703
0.954066724416434
0.9540564222068982
0.9540526693254859
0.9540317495162602
0.9540379448048018
0.9540439969654225
0.9540125267221989
0.9540018345983656
0.9540013819252461
0.9539915888510616
0.9539576879301069
0.9539362489713958
0.9539093624344089
0.9539112138118373
0.9539371821517321
0.9539204672850142
0.9539256337923124
0.9539388727164869
0.9539191908708095
0.953914709687596
0.9539071395370278
0.9538978522253908
0.9538808291953654
0.9538817437336252
0.9538642354441097
0.9538761396056984
0.9538716643812821
0.9538779594724806
0.9538892691418123
0.953894745613536
0.9538979370731386
0.9539020232940314
0.9538904269749018
0.9538973106652973
0.9538986181776512
0.953921606657796
0.9539340557528874
0.9539233778622137
0.9539379211361516
0.9539590868678084
0.9539611762207555
0.9539712798537892
0.9539423098970532
0.9539191236241463
0.9539125146645103
0.9539150735505962
0.95392450776998
0.9539562075819464
0.9539797055210166
0.95404078073572
0.9540582815541261
0.9540499258230442
0.9540576680421172
0.9540814347266127
0.9541037180648299
0.954114835651819
0.9541469932643438
0.9541777474697426
0.9542005879678379
0.9541810880921052
0.9541569210317941
0.9541496916380074
0.9541469409537298
0.9541603017465379
0.9541652857135726
0.9541943646088799
0.9542115202515716
0.9542153238496195
0.9542186057089885
0.9542079421810906
0.9541936313485833
0.9541947912661676
0.9542020630402934
0.9541994676461627
0.954194513694133
0.9541836712998957
0.9541803575906416
0.9541526763592688
0.9541124595481527
0.9540736894985784
0.9540559657851512
0.954041985298637
0.9540508385558869
0.9540374521378177
0.9540551138236345
0.9540473112247501
0.9540417725462149
0.9540097403540467
0.9539853781192309
0.9539725896307669
0.9539609421094931
0.9539649218364359
0.9539579428320116
0.9539606727063099
0.9539488853832555
0.9539415744729158
0.953951737727044
0.9539586101652939
0.9539649979336067
0.9539661596599389
0.9539414902072534
0.9539320162091839
0.9539363721209514
0.9539532051220628
0.9539599088258528
0.9539602068129539
0.9539347287858133
0.9539196102833922
0.953920707341892
0.9539339458815905
0.953948361275759
0.953956249022851
0.9539719824926634
0.9539972592697773
0.9540125965122465
0.9540143270370832
0.9540472162543873
0.9540693966826406
0.954094896640377
0.9540932081921921
0.9540871705000876
0.9540901497200305
0.954101817786319
0.9540918682834278
0.9540908409234288
0.954115413191248
0.9541127982042898
0.9541452530940049
0.9541818862332911
0.9541984377765845
0.9541957185321068
0.9542138684160458
0.9542096336203831
0.9542187635303677
0.9542208618700431
0.9542397026141296
0.9542664357936744
0.9542719212895643
0.9542784279035447
0.9542784254825464
0.954313944338578
0.954336889738992
0.9543269445613057
0.9543184383164073
0.9543556303613079
0.9543796450482331
0.9543865132033034
0.9543935498488838
0.9543927824548979
0.9543963836770332
0.9544204844546095
0.9544371918000453
0.9544441283301598
0.9544570732906791
0.9544815256350899
0.9544818054463825
0.9544762850160357
0.9544671926112538
0.9544786740608939
0.9544754211190551
0.9544753273383589
0.9544708902218101
0.9544653334536265
0.9544685149657245
0.9544888458841406
0.9545031668627146
0.9545241360664747
0.9545429148184478
0.9545487193738688
0.954535506145048
0.9545330532026003
0.9545314831196076
0.9545224857712635
0.9545161214977979
0.9545121155391635
0.9545308537801994
0.954534226360196
0.9545238396904455
0.9545274469731287
0.9545313044211843
0.9545420650259365
0.9545468323142278
0.9545488919017612
0.9545337142344876
0.9545145970387601
0.9545157130816887
0.9545138893582502
0.9545399979678214
0.9545291083101068
0.9545387443518112
0.9545633310045828
0.9545783986532168
0.9545908631887311
0.9546148298161786
0.9546582932321233
0.9546998338368178
0.9547448679356065
0.954770913057677
0.9547916488872324
0.9548108653840206
0.9548235183566315
0.9548248068034876
0.954839158513866
0.9548222367339725
0.9548155160563365
0.9548195166626531
0.9548347962873442
0.9548447169460139
0.9548422513318093
0.9548470049468555
0.9548331481314836
0.9548576565467827
0.9548738245488791
0.9548769286780062
0.9548837841136527
0.9548808885877919
0.9548780352046372
0.9548616116107954
0.9548434104941995
0.9548437057833894
0.9548599549089051
0.9548686912156706
0.9548620375265285
0.9548692127764143
0.9548657411234722
0.9548486592620484
0.9548499508828837
0.9548689291058974
0.9548792134883933
0.9548742540794055
0.954874691976113
0.9548626014591657
0.9548554353253881
0.9548554296683662
0.9548570771012209
0.9548587552135321
0.9548739294031502
0.954916554484545
0.9549551984509751
0.9549911706908627
0.9550010279787197
0.9550288502751693
0.9550497117309171
0.9550693055203215
0.9550826381901774
0.9550731244105655
0.9550515771563483
0.9550419543593192
0.9550398440817436
0.9550496260310557
0.9550426270090007
0.9550267789587386
0.9550055589967184
0.9550091049829186
0.9550023955588653
0.9550125738855506
0.9550260868327467
0.9550426468478689
0.9550691995724159
0.9550886713931966
0.955094991177025
0.9551064695674714
0.9551062318137837
0.9551019711618642
0.9550967737959892
0.9550839220514571
0.955070113030205
0.955066967206478
0.9550627412128074
0.9550669152587151
0.9550601466326992
0.9550593172381485
0.9550851722123054
0.9550967181444935
0.9550820978486683
0.9550783584767536
0.9551052467918641
0.9551152047230907
0.9551205685473847
0.9551134995180078
0.9551156221668717
0.955147605137787
0.9551604883402623
0.9551685026463131
0.9551618960700389
0.9551476160028535
0.9551291023203802
0.9550973641658375
0.9550847739134776
0.9550811619687894
0.95509243126005
0.9550905377082796
0.955085468600315
0.9550796235743764
0.9550708855568767
0.9550776000479281
0.9550954411775875
0.955107396760014
0.9551208571651695
0.9550920003700567
0.9550980286595249
0.9551087372508851
0.9551261884611622
0.9551351866604959
0.9551397345307091
0.9551282074501781
0.9551127418207574
0.9550941705382757
0.9550584029770456
0.9550202072328368
0.9549936498129119
0.9549712579338249
0.954954076893371
0.9549394737395024
0.9549326929218512
0.9549214172188969
0.9549256515029758
0.9549213641230145
0.9549222245843098
0.954913189882906
0.9549234898851207
0.9549228705325575
0.9549266268414007
0.954918922617195
0.9549042722582878
0.954880030353188
0.9548686197213332
0.9548668735648647
0.9548707703075753
0.9548732855978113
0.954876873888548
0.9548811700394351
0.9548907376127668
0.9548929730956144
0.9548844306237038
0.9548717428656067
0.9548580914398621
0.9548442242619463
0.9548018630240158
0.9548028726814678
0.9547964297334017
0.9548176013958104
0.9548446159246415
0.9548673250011992
0.9548901276478027
0.9549071412998649
0.9549017626889601
0.9549162033109837
0.9549283476409135
0.9549316751905627
0.9549290381421183
0.9549151298575101
0.9549092975399556
0.954907431354501
0.9549112691427333
0.9549251988608423
0.9549253046968187
0.9549306631015436
0.9549409329206339
0.9549531790679318
0.9549610828097473
0.9549691589667716
0.9549644974346282
0.9549642495721435
0.9549737553578258
0.9549745602384628
0.9549719074739015
0.9549593864140586
0.9549678765566431
0.9549778195386753
0.9549844018717738
