0.5475848130216662
0.6214529479385781
0.7134896447109315
0.7805376163139647
0.815614551052115
0.846738151288712
0.8677704789601719
0.8806836567638907
0.8938658034246779
0.9030536277585116
0.9069111894763142
0.9121145178293835
0.9191449466627468
0.921535946490197
0.9249179226843366
0.9301605696572364
0.9336976521731343
0.9360053754911632
0.937639760022717
0.9394881698203524
0.9412434297107791
0.9427782465679532
0.9443409583347429
0.9452271820165222
0.9467481111835123
0.9475966951643379
0.9487076702596076
0.9490914929827006
0.9498135879647432
0.9509886420644708
0.9520183614000354
0.9528823497617804
0.9533131520319537
0.9540490395887649
0.9551027123226821
0.9557571323666032
0.95587845119983
0.9560694592932081
0.9558464059603992
0.9554007105554214
0.9551305452101404
0.9547317136960342
0.9547742939818306
0.9551140723345232
0.9552578485634834
0.9551975729827114
0.9549117817463192
0.9547801579909336
0.9547880638464497
0.9550550015485403
0.9549228739474264
0.9544120909493237
0.9537993532894865
0.9531919001824134
0.9525468894300186
0.9514132992839434
0.9503727803020341
0.9496037924084221
0.9490115446351153
0.9490086549710824
0.9490583937770859
0.9492060541881685
0.9492204511987309
0.9491052836002072
0.949156470034275
0.9488195163109742
0.9486745704364483
0.9483294759093338
0.9481092696379604
0.9480102868866045
0.9480821701963982
0.9480504522918215
0.9481110419200703
0.9484401292503634
0.9485298840273639
0.9487634199654007
0.9487629910629463
0.9487454548387664
0.9484355797955357
0.9484790781322496
0.9485824381329963
0.9485260354537752
0.9484761749927668
0.9485385855581818
0.9487441736720584
0.9486333275333001
0.9486743492788691
0.9487719029628712
0.948963703925839
0.9492182648719313
0.9492373142941993
0.9495461981115536
0.9497546546085622
0.9499429174633751
0.9498254327267543
0.9497415527116312
0.9497530490086208
0.9498891229620154
0.9500631314786169
0.950115052635792
0.9502053105819057
0.950041032524109
0.9500224200416422
0.9500431427511413
0.9501347249497414
0.9498421418313395
0.9497172155724438
0.9494366115495939
0.9491349697530889
0.9490234184578009
0.9489501217238446
0.9488249361351447
0.9486872012644354
0.9486407018121216
0.94875201927573
0.9486030693890807
0.9486460011062268
0.9486484186420628
0.948564453579249
0.9484378290503451
0.94823711364054
0.9480353253666602
0.9480165530272259
0.9479776404874455
0.9480460501335699
0.948004817940625
0.9481148048723133
0.9483829316754581
0.9487179190447053
0.9488240323328268
0.9490554675035006
0.9491720103383456
0.9493484667304732
0.9494308055332141
0.9493700076117452
0.9494836056343551
0.9496106482946904
0.9497969864964955
0.9498775815388567
0.94988141764494
0.9499774159222625
0.9501660244071527
0.9502888309989059
0.9503568876360294
0.9505360115336859
0.9505184143237954
0.9505079723183449
0.9506161539055374
0.9507199957064149
0.9507972149281967
0.9510012348622227
0.9511815246393797
0.95127633434757
0.9513670954998402
0.9513796624251288
0.9512917048178149
0.9512662734209157
0.9512030708585012
0.951296439147457
0.9512726919339789
0.9513387176253779
0.9511784029150251
0.9511638949109709
0.9511107357421117
0.9510672995998993
0.9509782076252093
0.9509049608434844
0.9508710433092091
0.9510904479066976
0.9511089155144237
0.9512402805717312
0.9514402672222158
0.9515694456028275
0.9516802457113772
0.9518864545461924
0.951961494771646
0.9519581245051684
0.9518653623974223
0.9518948129247787
0.9519886945636168
0.9520875636782227
0.9520836526896566
0.9519798478980596
0.9519254718395398
0.9519402420903716
0.9518560333633433
0.9518178768819445
0.9518066481389608
0.9518566061953228
0.9519596994181423
0.9519707182308971
0.9521029634666685
0.9522110821589369
0.9524202037387518
0.9525754420630677
0.9525717197253641
0.9526826393976374
0.9527243079533465
0.9528239028110705
0.9529886446813038
0.9530261227551647
0.9530368325135041
0.9530569099698997
0.9529918977593048
0.9530241725332367
0.9531713830786913
0.9532414882528615
0.9532439596130241
0.9533411369942707
0.9533690389954105
0.9534072241460486
0.9534677188447143
0.9535832000760315
0.9537069696456981
0.9538171898520919
0.9539268328134516
0.9538979202116359
0.9538820812569044
0.9539047656769247
0.9539252485522773
0.9539969598840963
0.9540428545906093
0.9541190817230877
0.9541917527808096
0.9542394154754732
0.9543146454124941
0.9543311032304714
0.9543608589712601
0.9543293358750408
0.9543944716848729
0.9543689365205343
0.9543592995477836
0.9543170378153917
0.9542664100909976
0.9541981045245839
0.9541630443797069
0.9541894860982625
0.9542064340876718
0.9541771438109662
0.9541730740894176
0.9542215173180622
0.9543164460943125
0.9543298425631186
0.9542490476219424
0.9541375935392356
0.9541037977601267
0.9541484363430115
0.9541747363678641
0.9542491939832577
0.9542854470733563
0.9543026423040816
0.9543372122183744
0.9543902929892468
0.9544656219106684
0.9545579489048891
0.954610549612428
0.954696372207398
0.9547777016103536
0.9549012501409997
0.9548736286004915
0.9548176381367324
0.9547050211523985
0.9546262960259799
0.9544665508462667
0.9544809430920207
0.9544225885551146
0.95434896982026
0.9542986737072755
0.9543107886419556
0.9543829959776948
0.9545046019592174
0.9545106966496212
0.9544787921705445
0.9544800392091488
0.9545145864946546
0.9545170211885282
0.9546118141057521
0.95473498662522
0.9547649880963288
0.9548530791642454
0.9548669050966325
0.9549172510500163
0.9549285298739636
0.9549567375130883
0.9549832649299397
0.9549290023680455
0.9549054572891628
0.9548754383779958
0.9548310438076296
0.9547097505016056
0.9546787763048795
0.9546753582021569
0.9547060345628243
0.9547154108096513
0.9547805234032273
0.9547907255210929
0.9547462495728682
0.9546501827588083
0.9545931582555296
0.9545225685010427
0.9545032537301607
0.9544756410902031
0.9544360885828217
0.9543839632519401
0.9542978150968682
0.9542306431421842
0.954138866358391
0.9540734692189448
0.953997483333662
0.9539382212804756
0.9538984482935889
0.9539475727522715
0.9539278967647603
0.9539772860682492
0.9540077684384823
0.954006419031506
0.9540497397447716
0.95404979998242
0.9540699476838509
0.9540955614338631
0.9541280405147955
0.954095611180404
0.9540559443750686
0.9540538233828914
0.9540562137879184
0.9540530612590754
0.9539995160563953
0.9539597738849342
0.9538490987497631
0.9537941828749947
0.953773898322281
0.9537365078198154
0.9537091647106142
0.9537124846550945
0.9536697423673496
0.9536247391186564
0.9535794913276457
0.9535492229958564
0.9535247497165154
0.9534810738762991
0.9534937350479528
0.9534760345134037
0.953459170699154
0.9533704884056041
0.9532225169452332
0.9531844544033612
0.953166175027766
0.9531606670986111
0.953144523806972
0.9531494462251714
0.9531443044893522
0.9531859956773385
0.9532702058114485
0.9533143023599665
0.9533052828244062
0.9532763438845041
0.9532810825821824
0.9533529854437934
0.953433931540588
0.9535541000296547
0.9536593446635682
0.953746898830077
0.9537458029535929
0.9537701019177433
0.9537285317598863
0.9537599457468982
0.9538083590430882
0.9538652058137514
0.9538888800358521
0.9538727346838763
0.9538876953659086
0.9538670239682214
0.9537790110737776
0.953753216454525
0.9537552082186653
0.9537978631371562
0.9538062782489317
0.9537924914953726
0.9538169302852693
0.9538113694159611
0.953765581785522
0.9536603837780203
0.9535344749957113
0.9534060861158336
0.9532926700502287
0.9532398747778741
0.9532305050790508
0.9532516602890286
0.9532480344164582
0.9532281876546987
0.9532318235359656
0.9531650797055438
0.95316100939003
0.9531566126239579
0.9531418581814306
0.9531317700116395
0.9531089706422818
0.9530754759251214
0.9530772392479253
0.9530379909645177
0.9530533231760397
0.9530823668634524
0.9530791021340702
0.9530969298613838
0.9530446756695261
0.9529503846920572
0.9528634559428576
0.9527735266788157
0.9527757544834067
0.9527510126759103
0.9527603137643091
0.952781693941998
0.952800592946625
0.9528639784104185
0.9529161668056697
0.9529333434229111
0.9529202638440398
0.9528898687881134
0.9528838072790885
0.9528131731746383
0.9528107714405483
0.9527916540154094
0.9527709428327266
0.9527199689051113
0.9526462969575528
0.9526193943807671
0.9526034708919557
0.9526329380447511
0.9526573054538159
0.9526866815757905
0.9527164087231449
0.9526957626342126
0.952691182449944
0.9526554010668777
0.9525908700765897
0.9525640150945549
0.9525166763075228
0.9524796633151769
0.952500967145411
0.9524782437847998
0.9525216882860965
0.9525511963929053
0.9526211791091093
0.9526173929001975
0.9526614553165564
0.9526767739355859
0.9526576249702831
0.9526404255659893
0.9526338844141498
0.9526176497773207
0.9526016001095327
0.9525614259824314
0.9525021686876867
0.9524627794431778
0.9524535859950914
0.952405846583017
0.9523499262137375
0.9523209826729458
0.9523107028323015
0.9523367090236127
0.9523468902364192
0.952373546719455
0.9524055229440592
0.95238020009983
0.9524148764995686
0.9524687926266253
0.9525522658949973
0.952627992752484
0.9526760301548145
0.952713763875141
0.9527450193918252
0.9527797667259862
0.9527864976682378
0.9528012443338174
0.9527847981289391
0.9527874665025817
0.9527674329058365
0.9527147746527851
0.9526400399810839
0.9525613478167029
0.952497335050475
0.9524654691096426
0.9524733295046995
0.9524841246912029
0.9525014198430641
0.9525001232104507
0.9524359317944379
0.9523816594955178
0.9523394438311719
0.9523823655864909
0.9523722875528388
0.9523556694100488
0.9524067417214663
0.9524460628231364
0.9524701600554426
0.9525112595086617
0.9525216290866014
0.9525261769604157
0.9525224422203087
0.9525200214932232
0.9525232850447282
0.9525392350838875
0.9525554032290586
0.952575504767097
0.952596086503698
0.9526695557745556
0.9527499857713441
0.9528361345744738
0.9529063030271958
0.9529592722439373
0.9529905591847798
0.9530131010027247
0.9530207547540452
0.9530830995368654
0.9530675082643224
0.9530364268912193
0.9530170545305725
0.9530139863321782
0.9530421645011078
0.9530689667461728
0.9531430204128444
0.9532003378199704
0.9532259309566017
0.9532251459827248
0.9532242281049051
0.953237232184988
0.9532261420504772
0.9532315351656059
0.9532885559446398
0.9533494259099021
0.9533900326710991
0.9534382450085276
0.9534537421741549
0.9534739185819787
0.9535034516325035
0.9535382059497407
0.9535560668296243
0.9535807003759883
0.9535495271011752
0.9535231500554338
0.9534886464103532
0.9534863640585071
0.9535084482489655
0.9535282992785408
0.9535023374415443
0.9535418300091618
0.9535718667642877
0.9535620948151399
0.9535638489228706
0.9535871749583311
0.9535861848046726
0.9536205506536655
0.9536590740362789
0.953663412075969
0.953703277211693
0.9537494287038979
0.9537599728243158
0.9537465131179859
0.9537563745659988
0.953756663653975
0.9537701760908397
0.9538001371318979
0.9537876879708305
0.9538426991522446
0.9538568020828145
0.9538853315926834
0.9539156378755929
0.9539327524603133
0.95395661133406
0.9539623878733936
0.9539603405626074
0.9539434614900877
0.9539396163266267
0.9539681876263694
0.9540150247168392
0.9540724275622162
0.954126203988802
0.954166915878316
0.9542112439789777
0.9542655299038134
0.9542484538603746
0.9542093523166788
0.9541949893487466
0.9541861470549408
0.954143881351146
0.9540830815027451
0.9540572288464348
0.9540476104423167
0.9540232792349147
0.9539841611706096
0.9539630195292341
0.9539055355422473
0.9538506115849771
0.9538064947019375
0.9537843232808916
0.9537724178538135
0.9537701905224977
0.9537299190441596
0.9537205404339916
0.9536701917230739
0.9536329810922183
0.9536117982525831
0.9535683068619103
0.9535165267309184
0.9534377532529678
0.9533387568931364
0.9532323637661154
0.9531425123318245
0.9530754250684902
0.9530226263698434
0.9529554887996363
0.9529197883546188
0.9529146240701151
0.9529384759773423
0.9529546073382896
0.9530021866092914
0.9530051852017529
0.9530198622577016
0.9530402531933491
0.9530637155434347
0.9530740076210035
0.9530892880766733
0.953102359061112
0.9531436914206735
0.953166107796104
0.9531770579254573
0.95318644096927
0.9531899256315669
0.9531884669761471
0.9531994474956049
0.9532012920953455
0.9532044709672037
0.9532420854937391
0.9532835806814496
0.9533035816835863
0.9533119331254797
0.9533347757802507
0.9533885046979061
0.9533869344734429
0.9534144666662062
0.9534424048531047
0.9534676416308252
0.953515184105144
0.9535658106611089
0.9536023451079048
0.9536748266295451
0.9537617542732193
0.9538224782527814
0.9538679606830358
0.9539181503828629
0.9539505466943161
0.9539546518647947
0.9539834008875839
0.9540101419948749
0.9540622799261981
0.9541101043449144
0.9541125477517552
0.9541064128284361
0.9540819112030213
0.9540530769003728
0.9540345424386749
0.9540273442676328
0.9540380688356613
0.9540345791362786
0.9540127556882623
0.954004040341513
0.9539991902384685
0.9540053344017957
0.9540106313489368
0.9540066491448551
0.9539953865559821
0.9539643518712695
0.9539166251941906
0.9538838965599996
0.9538209658110653
0.9537560070689918
0.9537247333383366
0.9537066697891744
0.9537206093995265
0.9537192337684004
0.9536942334313563
0.953671521095012
0.953623475974133
0.9535896844502445
0.9535467032704535
0.9535514701249383
0.9535715462872485
0.9535822461882459
0.9535775247455
0.9535539885425603
0.9535316011180403
0.9535003538541448
0.9534562799348357
0.9534246369583642
0.9533831135707641
0.9533536001699512
0.9533340277535126
0.9533330481816299
0.9533196030061356
0.9532832671517916
0.9532372752758953
0.9532072906334149
0.9531982249474872
0.9532049920133723
0.9532162382973253
0.9532102405783129
0.9531882427156593
0.9531692854493253
0.9531310980857237
0.9530958291673873
0.9530881989706247
0.9530928727727238
0.9531182862912049
0.9531734397126302
0.9531775497177797
0.9531632188161443
0.953161522567814
0.9531469817076551
0.9531399947019527
0.9531237566553588
0.9531185616863375
0.9530886547438813
0.9530862350055828
0.9530833993279983
0.9531041376352175
0.9531217473478569
0.9531577041931161
0.9531876949001685
0.9532233562046006
0.9532386286360667
0.9532504831970516
0.953291049812612
0.9533469274453429
0.9533751797017772
0.9534238771765808
0.9534102998271823
0.9533964950451729
0.9533719939967665
0.9533640982347541
0.9533722539869905
0.9533859716799652
0.953424067956819
0.9534697131032948
0.953536716354936
0.9535542987511799
0.9535871819282937
0.9535952449763916
0.9536206060640611
0.9536505668956947
0.9536567353044868
0.9536615200720757
0.9537017392202738
0.9537485375874423
0.9537926388219803
0.9538306904186422
0.9538345634506967
0.9538479410885979
0.9538511765415439
0.953879326735765
0.9538671731471872
0.9538745559927735
0.9538810647534198
0.9538873601976455
0.9539095376126956
0.9539194476910215
0.9539597584272769
0.9539764914488474
0.9539816092245336
0.9539856086147561
0.9539977063441841
0.9540181679090833
0.9540247689693672
0.9540328748253596
0.9540559334980878
0.9540638595746634
0.9540486035984497
0.95404089931516
0.9540454925633203
0.9540753902598587
0.954095993126228
0.954082490385395
0.9540872883291938
0.9540996510517172
0.9541215793343086
0.9541384517049509
0.9541595728060698
0.9541884487957977
0.9542084773079973
0.9541904189976738
0.9542047071122619
0.9542168514116176
0.9542483066979865
0.9542796107630478
0.9543057756214249
0.954349712240416
0.9543976310452834
0.9544230465601723
0.9544296956345037
0.9544427186622072
0.9544349221879795
0.9544640718359608
0.9544977126226282
0.9545262428745458
0.9545200766323398
0.9545158576211648
0.9545123448891977
0.9544858379575378
0.9544767601655132
0.9544717022228355
0.9544826565513552
0.9544745694264913
0.9544467649922358
0.9544244121828941
0.9544130884025142
0.9543941211862833
0.9544001449268459
0.9544114438981044
0.9543955391208581
0.954404317453129
0.9544218577700493
0.9544369356201357
0.954438585869723
0.9544769223109791
0.9545173173367542
0.9545507625922294
0.9545762758106264
0.9545802914827259
0.9545816836509214
0.9545977320858581
0.9546186374641847
0.9546450164674307
0.9546616895593252
0.954678306411685
0.954693233256974
0.9547021009533794
0.9547099367823003
0.9547128162883968
0.954725189130648
0.9547297561487335
0.9547275698196815
0.9547175186012298
0.9547063498443747
0.9547177215988395
0.9547107955712996
0.9547150770424887
0.9547375699058415
0.954773380250194
0.9548126439078145
0.9548563953382724
0.9548907476512125
0.9549220379427317
0.9549352321874567
0.9549550702707557
0.9549542537659996
0.9549611028220323
0.9549587648530482
0.9549620188133947
0.9549806722857636
0.954997233887384
0.9550147872826189
0.9550209223667964
0.9550218573921757
0.9550341874779993
0.9550464729926703
0.955031344072206
0.9550439890298434
0.9550289027530008
0.9550410754114365
0.9550428147242235
0.9550422655603783
0.9550470143360793
0.9550495789712337
0.9550399954014609
0.9550421032394929
0.9550888057414352
0.9550961934857862
0.9550877850330799
0.9551013672346601
0.9550871314873667
0.9550855244348724
0.9550739851655975
0.9550534351809528
0.9550556402798119
0.9550595444034283
0.9550677484947375
0.9550547024887166
0.9550540784768153
0.955043746503264
0.955019553108048
0.9550048254691326
0.9550016123172195
0.9550236192935465
0.9550502207915655
0.9550703584850673
0.9550692721340006
0.9550711175542537
0.9550818054575213
0.9551147110567774
0.9551140870551563
0.9551008728070847
0.9551009092078127
0.955094190915718
0.955109086026124
0.9551222274757722
0.9551394042350727
0.9551885864977212
0.9551949068419417
0.9551973942347544
0.9552089929432284
0.9552411413088964
0.9552713461690231
0.9552791970384497
0.9552882948982832
0.9553023185340904
0.9553013817924517
0.9552910618532052
0.9552860112712057
0.9552728516053828
0.9552477296032663
0.9552418783789487
0.9552426855901668
0.9552163808285169
0.9551873799755576
0.9551784552526222
0.9551570365950436
0.9551495787964974
0.9551485634087464
0.9551433507959427
0.9551053691095959
0.9551246078590355
0.9551465828549836
0.9551599377123299
0.9551446702696651
0.9551226124539668
0.9550907329123313
0.9550539350797623
0.955008442495106
0.9549692931847003
0.9549356878276682
0.9549192888376702
0.9549139815847898
0.9549127501883157
0.954918675882451
0.9549195440344356
0.9549271666199028
0.9549212076414275
0.9549188841071321
0.954913669504449
0.9549089695122254
0.9549172620515839
0.9549367114312254
0.9549714865685104
0.9549887027410741
0.9549884171726698
0.9550124457976948
0.9550263349077768
0.9550298350924384
0.9550469353624482
0.9550598512165533
0.9550498788238397
0.9550438734091506
0.9550277875844269
0.9550444106480508
0.9550482768054381
0.955033282958913
0.9550379844401504
0.9550440370620078
0.9550340246786918
0.9550409369702586
0.955052713982929
0.955079911935457
0.9550913754375974
0.9550895491946606
0.9550837043853333
0.9550758727480272
0.9550647106759479
0.9550604901233604
0.9550476724369867
0.9550358074009435
0.9550325548596927
0.9550241881989243
0.9550162050494155
0.9549969964654618
0.9549613613113426
0.9549273151352403
0.9549037683386092
0.9548801464117078
0.9548677446060054
0.9548623524260114
0.9548594896469932
0.9548452437739083
0.9548398813945053
0.9548405964697877
0.9548610300297746
0.9548948094936409
0.9549116666250879
0.9549046389769084
0.9548939128526918
0.9548843282659478
0.9548695683157529
