0.4291280089062115
0.50153424928587
0.5399545745324577
0.5672562181381997
0.5883119092077984
0.5988134009557307
0.6117644783540201
0.6218324085052468
0.6329548117610363
0.6425394743489785
0.6494504603743697
0.6568025474046362
0.6636182777181807
0.6710939114501041
0.6775117920178116
0.6819475687178309
0.6872314322844381
0.6921794539323334
0.696602722256376
0.7019528536057789
0.7077571376510007
0.7137593022026841
0.717664091531054
0.7216525954723378
0.725331253564943
0.7289489519004511
0.7321366264805963
0.7353350824699872
0.7383345732010139
0.7406631627095239
0.7436215728182071
0.7457468004061046
0.7480939740928526
0.7501952231327721
0.7521753976499184
0.7545620542385498
0.756784467162677
0.7593648034431447
0.7616226575644979
0.7637893759614609
0.7656874039544164
0.7676542932311606
0.7697123228498364
0.7715205490253058
0.7736086545588027
0.7758088231677133
0.7777977891694862
0.7799615059240599
0.7819028577170382
0.7839893887203385
0.7861299531379012
0.7879555814366714
0.7900759805904297
0.7920544935444276
0.7940808985006997
0.7960378415379464
0.7977627448514156
0.7996075474135864
0.8012520615235323
0.8028112947962299
0.8044520925817671
0.805954013585885
0.8075826534942063
0.8090470818692895
0.8104920012189241
0.8119155734798209
0.8131703045261875
0.8144930634005263
0.815735893346711
0.8166109238683088
0.8174970618082448
0.818705325636494
0.8199538835377729
0.8210575476695658
0.8221326889574755
0.8231267271771353
0.8239771824511886
0.8250382098548614
0.8260354188400969
0.8269507881664107
0.82796157420538
0.8289216499730331
0.8297320305006539
0.8304851856572815
0.8312141751072456
0.8319416419083586
0.8328195556895922
0.8335332520470995
0.8341430539394808
0.8348210729004295
0.8355254565525913
0.8361061992947971
0.8366730867157816
0.8371948181716984
0.8376677385867329
0.8381641080645595
0.8388518550634133
0.8394487740439208
0.8399370463925115
0.8403447664033171
0.8409195431209279
0.841458880061232
0.841904005621583
0.8424242381941184
0.842928251520271
0.8433976667021661
0.8438810795179564
0.8443116106237855
0.8447046939245552
0.8451646657286068
0.8456595896354389
0.8461000823861357
0.846588138533895
0.8470981263793457
0.8475272881833545
0.8479501245177439
0.8483394651201664
0.8486686418570418
0.8490556079994607
0.8494607636128879
0.8498590976494153
0.8501948367933388
0.8505940214180321
0.8509105427782649
0.8511188456287933
0.8513311771130951
0.8515747930742079
0.8518811246231255
0.8521972680617985
0.8525187979521092
0.8527613775242515
0.8530676965748065
0.8533415014325577
0.8535775412068922
0.853859046077572
0.8541282618012859
0.8543515309057169
0.8545205181332299
0.8547192359367053
0.8549435654544311
0.8551688238236531
0.8553822994412522
0.8555666055388145
0.8557256446567305
0.8559593502296696
0.8561989104945738
0.8563809507596928
0.8566034069476406
0.8568227974997176
0.8569861283103282
0.8571727793225445
0.8573421299211814
0.8575412114491622
0.8578062384539006
0.8580138851808301
0.8581625020766891
0.8582627507469363
0.8584014936388005
0.8586295746574626
0.8588591625682921
0.8590431734652098
0.8592336788490644
0.8594557882374637
0.8596630002170673
0.8598266152596121
0.8599502907335046
0.8601382940911341
0.8603483001910744
0.8605735234593519
0.8608123795330324
0.8610148566864806
0.8611937718990166
0.8613822999779226
0.8615427208996754
0.8616650790634265
0.861760178505947
0.8618329432465406
0.8619065757274571
0.8620121530869955
0.8620879270364533
0.8621811065745655
0.8622900755541276
0.8623788774225185
0.8624549686178489
0.8625341747707242
0.862663841694384
0.8627291470072634
0.8628363288000084
0.8629360379884959
0.863015960247436
0.8631227377317104
0.8632634501115164
0.8633890424552555
0.8634993060772856
0.8636025110063305
0.8637236777258647
0.8638336146974162
0.8639544822792846
0.8641034429394205
0.8642352769042138
0.8643634085269613
0.8645211800911404
0.8646141381739496
0.8646398463748458
0.8646840494351246
0.8647786481938403
0.8649187809099078
0.8650267999349311
0.8650884351859924
0.8651781280184527
0.8652771847749549
0.8653540321482353
0.8654158582331538
0.8654837915715721
0.8655931671201502
0.8657053804320155
0.8657803939631467
0.8658471795516837
0.865899965672107
0.865989286896407
0.8660946266945629
0.8662239446031914
0.8663699327118184
0.8664846168909378
0.8665854403394011
0.8666647523051619
0.866747510592305
0.866856250085293
0.86691090949908
0.8669398929741692
0.8670008530409169
0.8670602080411192
0.8671205949408016
0.8671677400753297
0.8672346057173718
0.8673275253049232
0.8674111040482761
0.8674582145738106
0.8675147433953792
0.8675860327256482
0.8676633027260184
0.8677031711631928
0.8677282918964742
0.8677521129355324
0.8678045973356556
0.8678595676934769
0.8678672224389287
0.8678968113117685
0.8679567148872783
0.8680254474720817
0.8680860603493482
0.868134261945059
0.8681424516982351
0.8681859707365459
0.8682442291129675
0.8683111479499958
0.868383860478749
0.8684497203924728
0.8685060769552017
0.8685843484979714
0.8686482256088881
0.8687139269092716
0.8687625295728311
0.868797863197849
0.8688812557667287
0.8689706084342707
0.8690248079264937
0.8690576411590214
0.8690954147613128
0.8691043369302937
0.869141024896014
0.8692002413629121
0.8692555069699581
0.8693016953652056
0.8693529688100375
0.8694346430443594
0.8695087656422973
0.8695689308638503
0.869619795490674
0.8696707449999096
0.8697166999458933
0.8697819686381024
0.8698379007399041
0.8698868751144082
0.8699276721989161
0.8699623455012425
0.8699937348708713
0.8700017878789055
0.8700452455062571
0.8701094176498103
0.8701626227532069
0.8701626796742132
0.8701626890451174
0.8701713535381179
0.8701979759442773
0.8702263478027642
0.8702464335414164
0.8702926946569651
0.870355058598098
0.8704189704306633
0.8704984042878483
0.8705499401271899
0.8705807509026555
0.8706437330384521
0.8706868313180305
0.8707081313409234
0.8707425450698949
0.8707846021386352
0.870821801800778
0.8708638297585815
0.87092275048542
0.8709918222232539
0.8710506051827488
0.8711003200008869
0.8711329933341441
0.8711525262047608
0.871164745970615
0.8711957040286007
0.8712577256193799
0.8713108127277284
0.8713652470924647
0.871396261834563
0.8714281826633906
0.8714594685231191
0.8714966376311866
0.8715616066172062
0.8715914850220008
0.8716117173529403
0.8716552811282943
0.8716894468497667
0.8717035269922702
0.8717414861084904
0.8717908727778977
0.8718371422558034
0.8718648793178061
0.8719043467376456
0.8719402703865473
0.8719807441242392
0.8720295046967301
0.8720623905422308
0.8720997542724656
0.8721440394027378
0.8721611265980409
0.872201048214609
0.8722347777012831
0.8722738973273994
0.872333660275234
0.8723886157042225
0.8724353284535351
0.8724703809406005
0.8724881214584885
0.8725088571058089
0.8725490766065792
0.8725845194791848
0.8726197143999903
0.8726349116843711
0.8726370571911833
0.8726485580269909
0.8726461403204213
0.8726601471947337
0.8726858760280891
0.8727087933765807
0.872716234054499
0.8727291220178497
0.8727542335194218
0.8727770421078946
0.8727824860838442
0.8727895658226521
0.8728292914872088
0.8728476933126691
0.872885314206173
0.8729323411125305
0.8729568591578732
0.8729625590347351
0.872964413561841
0.8729965240110918
0.8730295180262545
0.8730138993898516
0.8730195442847013
0.8730473896602751
0.8730599329974903
0.8730501252646035
0.8730492012826747
0.8730811082929527
0.8731130782008967
0.8731424355902137
0.873168917711297
0.8731924612111476
0.873212072688303
0.8732069490125146
0.8732239610483039
0.8732656249935015
0.8732948395653838
0.8733173267186534
0.8733419705291767
0.8733579519569832
0.8733773659425004
0.8733814383366554
0.8733773481758087
0.8733861157282948
0.8734058880878834
0.8734334454374353
0.8734540134907796
0.8734737911238145
0.8734791328089222
0.8734867512024315
0.8735093463301364
0.8735346283812466
0.8735420015308033
0.8735529856507919
0.873563117930271
0.873566732450929
0.8735715822432688
0.8735738178934406
0.8735791143731433
0.8736054261532382
0.8736311187392268
0.8736405834470109
0.8736330147534153
0.8736395785527484
0.8736454755163833
0.8736306398680465
0.873624930057936
0.8736469220891009
0.873667088400973
0.87367133721013
0.8736726980599051
0.8737089500593159
0.8737483710207619
0.8737727747533628
0.8737943521405805
0.8738145276836512
0.8738256307675499
0.8738314849752197
0.8738374333931664
0.8738372685680322
0.8738500499581378
0.8738685163173485
0.8738571820890796
0.8738563298946238
0.873858333657769
0.873867921177214
0.8738824132299415
0.8738907152051931
0.873894180553132
0.873896605963291
0.8739129744333367
0.8739418323274167
0.8739564082197611
0.8739663204808688
0.8739775376207674
0.8739877265350725
0.8740069739150901
0.8740379499544968
0.8740704637693801
0.8741048606477426
0.8741152549009048
0.8741144894997664
0.8741043964117794
0.8741056551071569
0.8741118602278134
0.8741221843506425
0.8741168337333358
0.8741130872476094
0.8741054594841032
0.8740852970307016
0.8740771269257711
0.8740717357783179
0.874071093801053
0.87409290786006
0.87411867212722
0.8741251405601284
0.8741397272544372
0.8741548076123339
0.8741557783144469
0.8741524395792007
0.8741663495470515
0.8741911875603764
0.8742018459023649
0.8742034871474444
0.8742093816075899
0.8742240922309286
0.8742376458345715
0.8742471228937471
0.8742595289989694
0.8742607279802846
0.874260542313426
0.8742408725173045
0.8742211518348972
0.8742110590657375
0.8742166491800692
0.8742332094657784
0.874242589279685
0.8742413488226894
0.8742431086667564
0.8742591487846616
0.8742659692641152
0.8742754738591643
0.8742729366753919
0.8742668571257783
0.8742674429534912
0.8742825471343288
0.8743171874269936
0.8743208713891772
0.8743215557992114
0.8743331954715317
0.8743369080171547
0.8743477745863465
0.8743527528567901
0.8743586555605779
0.874370539793474
0.8743683598793088
0.8743748667591184
0.8743758762844692
0.8743726923967556
0.8743834044161453
0.8743913514496161
0.8744049535093479
0.8744164883502894
0.8744231173605989
0.8744251639800118
0.8744355418125479
0.8744398424560732
0.8744430718560723
0.8744496447520914
0.8744625610523268
0.8744734797963933
0.8744762481531654
0.8744902507500215
0.8745115452370346
0.874524331150419
0.8745309240209375
0.8745368408130444
0.8745486286168115
0.874553767972876
0.8745632713517645
0.8745801807945183
0.8745789265310199
0.8745857968005254
0.8745996530832609
0.8746010179251236
0.874598255671834
0.8746033322899766
0.8746039117991911
0.8746020337978276
0.8746038078165281
0.8746217130733716
0.8746316275148521
0.8746286899731485
0.874627501615695
0.8746212029569972
0.8746295004501502
0.8746285445837877
0.8746295080236182
0.8746444786815005
0.8746597122773125
0.874683970516921
0.8747111747484199
0.8747134128287513
0.8747206615475803
0.8747293034609332
0.8747322763659532
0.8747421057062198
0.8747578674755176
0.8747871347014086
0.8748029427779976
0.8748209342130534
0.8748203035153104
0.8748188874895505
0.8748097413089284
0.8747993724253359
0.8747984426311969
0.8747997837558945
0.8747954400105985
0.8747951919644739
0.8747892725018582
0.8747745153167947
0.8747625004001268
0.8747580286834595
0.8747492622741774
0.8747366645369232
0.8747234807143082
0.8747300702350023
0.8747407238643804
0.8747554101463234
0.8747699509638358
0.8747586189666188
0.8747551948254921
0.8747486374999577
0.8747394391510115
0.8747440802783298
0.8747492994111966
0.8747638378607893
0.8747613613374302
0.8747563778448494
0.874758335516425
0.8747548631750145
0.8747544561141034
0.8747463593193828
0.8747362204785507
0.8747364619626664
0.8747395620633364
0.8747515405863988
0.8747627969410974
0.874764930727666
0.8747601896494926
0.8747614261556778
0.8747695795639817
0.8747685740657682
0.8747595932581236
0.8747625719255547
0.8747692929998677
0.8747723151768731
0.87479256784365
0.8748163635522253
0.874841226558777
0.8748566824489106
0.8748692703370562
0.8748808617145057
0.8748848864939122
0.8748926903493403
0.8748944386544552
0.8749024079696929
0.8749023440989172
0.8749062406612568
0.8749325327613491
0.8749482243458995
0.8749499754324518
0.8749424380550058
0.8749458890015942
0.8749586342287469
0.8749671766026225
0.8749683929887839
0.8749699882611384
0.8749626832291264
0.8749651236242838
0.8749623065182375
0.8749443610473892
0.874935181644423
0.8749411909992948
0.8749538334253624
0.8749551628868781
0.8749501517788546
0.8749418520519696
0.8749490443040531
0.8749664603018383
0.8749633422983447
0.8749683557535751
0.8749792169954865
0.8749730559013473
0.8749766969365078
0.8749747411152248
0.8749682745321004
0.8749741046121294
0.8749688858864486
0.8749762854302316
0.8750005330494143
0.8750155234977798
0.8750270457689199
0.8750430346651624
0.8750507175831939
0.8750631419758091
0.8750809142765765
0.8750976934092083
0.8751060817769721
0.8751183358388277
0.8751418026544417
0.8751630993384572
0.8751620390648404
0.8751524814612158
0.8751450411690831
0.8751444573461094
0.875162913165294
0.8751735330523823
0.8751754142644943
0.8751795095017529
0.8751705775105206
0.8751727699627597
0.8751739500220144
0.8751825412714149
0.8751899996021425
0.8751943336604837
0.8751995620951738
0.8751998837001469
0.8752004646225745
0.8751958515690547
0.8751867124903572
0.8751792347320023
0.8751722249713245
0.8751666512682078
0.8751677366864183
0.87516926924901
0.8751673521343509
0.8751662720816121
0.8751607885558466
0.8751479213403622
0.875133210821937
0.8751384468454925
0.8751460116697706
0.8751478355735238
0.875151772012055
0.8751549023540273
0.8751631140439757
0.8751794118917887
0.8751906282352888
0.8751985008279672
0.8752084461273897
0.8752100313511532
0.8752240369034416
0.8752299039513186
0.8752300304154224
0.8752380455122885
0.8752479360131182
0.875255476530129
0.8752718856268865
0.875279334232298
0.8752837609296051
0.8752893380526855
0.87528477006737
0.8752874433978499
0.8752869448726522
0.8753026026068716
0.8753075299313723
0.8753052935758275
0.8753108797715803
0.8753167943598962
0.8753179105268355
0.8753169072769937
0.8753043049342704
0.8752886303209513
0.8752814246722785
0.875278751765841
0.875280229052232
0.8752886066234415
0.8752923063047309
0.8752957868213037
0.8752955058274985
0.8752936452801956
0.875295683042896
0.8752999020822938
0.8753004437187409
0.8752900095320444
0.8752879790694911
0.8752861206699832
0.8752817303740585
0.8752746373244655
0.8752794142280361
0.8752742828929064
0.8752740053619452
0.8752766993682737
0.8752794295685044
0.8752879100134872
0.8752953565603587
0.8753062491651717
0.8753084438927262
0.8753091547976488
0.87531538512778
0.8753099322899527
0.8753033687796594
0.875305052590867
0.8753144445907324
0.8753259488892103
0.8753264805056498
0.8753221976659092
0.8753161658889819
0.8753098001352789
0.8753089779736867
0.8752994850984829
0.8752948663586133
0.8752836683998764
0.875276888899497
0.8752880349720601
0.8752982003741062
0.8753028764110076
0.8753123210399302
0.8753245731702987
0.8753336308243789
0.8753368041153414
0.8753411662900268
0.8753510174444499
0.8753638075061669
0.8753823269919183
0.8753903773715582
0.8753919463610284
0.8753972424097479
0.8754080487339715
0.8754152260517547
0.8754158705194632
0.875420707010611
0.8754260826812309
0.8754249820593496
0.8754276011066912
0.8754289768630292
0.875420497329992
0.8754062196878661
0.8753980706406833
0.8753952355943438
0.8753922405089789
0.8753893091221867
0.8753932335925146
0.8753936255150897
0.8753903881742743
0.8753911284026404
0.8753885190956164
0.8753909095273902
0.8753936997538311
0.8753901807625483
0.8753849379451052
0.8753826775893953
0.8753872334772583
0.8753933562549018
0.8754059766250972
0.8754137459992144
0.8754132488647814
0.8754085890942251
0.8754068028473004
0.8754011369147512
0.875390782216807
0.8753808833068355
0.8753704349536274
0.8753726869303782
0.8753776066677424
0.8753785993436647
0.8753759362808915
0.8753782300584178
0.8753767021935549
0.8753821943333843
0.8753818721666486
0.8753787991105741
0.8753778527695358
0.8753807747758199
0.8753762899713197
0.8753692865578045
0.8753561396606409
0.8753511324176169
0.8753515188831333
0.8753427232170731
0.8753358651471171
0.8753350754405209
0.875338222158854
0.8753377334522882
0.8753408048049525
0.8753424330631286
0.8753375860701724
0.8753271445925432
0.8753280332601544
0.8753338750617348
0.8753388756497908
0.8753357341026982
0.875334375847472
0.8753397661149716
0.8753486689455965
0.8753462513507101
0.8753501011179314
0.8753625412839388
0.8753745170637667
0.8753783878630624
0.8753787207950167
0.8753870517514413
0.875397734599572
0.8754068449101164
0.8754154854013106
0.8754163055286481
0.8754180240269351
0.8754258709870355
0.8754300793984093
0.8754355522306189
0.875445221616803
0.8754582839986209
0.8754694265287165
0.8754713897739385
0.875469647491675
0.8754793806814124
0.8754858383807431
0.8754850683924345
0.8754809969725355
0.875483285356115
0.8754858169065585
0.8754930805902086
0.8755049450225172
0.8755065344307452
0.8755126822655717
0.8755154147814369
0.8755174962585696
0.8755231176914828
0.8755276907178248
0.875535979717902
0.8755395276853788
0.8755423615891968
0.8755433515625833
0.8755432786417525
0.8755485595575309
0.8755501302339496
0.8755543743675892
0.8755586654374168
0.8755727484893729
0.8755799322364461
0.875581470645515
0.8755857427579607
0.8755918531077433
0.8755939749611068
0.8755997174899928
0.8756074431584188
0.8756094005996184
0.8756111759482493
0.8756196998915257
0.8756223635283596
0.8756258252138481
0.875643673967842
0.8756490361100794
0.8756465486141952
0.8756359651924985
0.8756284247398957
0.8756343117749689
0.8756281816810458
0.875614503027672
0.8756091490437886
0.8756042869420064
0.8756084831400396
0.8756114429629273
0.875611260397979
0.8756128552135543
0.8756088316416328
0.8756092189686532
0.8756105928365444
0.8756115016757807
0.8756158983035751
0.8756184432137524
0.8756228094915428
0.8756241296559211
0.8756239036016848
0.8756213590293191
0.8756248233030448
0.8756259512637276
0.8756310491149978
0.8756340274651598
0.8756455307021817
0.8756458223349228
0.875650572620683
0.8756588043143301
0.875661185049559
0.8756647133217019
0.8756651777032846
0.8756573212089507
0.8756572350497376
0.8756607404775459
0.8756690762174499
0.875673532536342
0.8756820798934873
0.8757012011572863
0.8757166327160173
0.8757334359044696
0.8757419487308125
0.8757416125232487
0.8757395007326076
0.8757360791129006
0.8757391983196785
0.8757458543281461
0.8757502649107062
0.8757535197653086
0.8757597644978705
0.8757677869523322
0.8757718784500076
0.8757780847191866
0.8757755701924278
0.8757701260833651
0.8757691993643667
0.875768701234555
0.875771989186057
0.8757729271373957
0.8757675643198021
0.8757565629794625
0.875754595337398
0.8757555071330937
0.8757598630196994
0.8757652096326122
0.8757664800987803
0.8757761918010816
0.875780997430035
0.875781153393665
0.8757873110376391
0.8757917365724965
0.8757950729427065
0.8757979761895208
0.875801941668528
0.8757979295341051
0.8757931321399747
0.8757985500057361
0.8758016270429466
0.8758084732120961
0.875814262600482
0.8758208905947433
0.8758266048510672
0.8758277472516303
0.8758266315927172
0.8758308473044749
0.8758358717123951
0.8758380990087953
0.8758447634092028
0.8758563327057367
0.8758628472687434
0.8758696948544705
0.8758702598402852
0.8758768421052403
0.8758834190553646
0.8758816099871287
0.875883215603683
0.8758860604721923
0.875892124520377
0.8758980154737769
0.8759035716361142
0.8759128626613534
0.8759172909409678
0.8759206524825536
0.8759223700781944
0.8759278799521116
0.8759426470693018
0.8759460950774853
0.8759478389889203
0.8759448750708283
0.8759452771986966
0.8759426629187209
0.875941254124915
0.8759422779565893
0.8759435630757253
0.8759466041896599
0.8759471530606645
0.8759467518799758
0.8759502973545851
0.8759569889546714
0.8759608379481685
0.8759660973061064
0.8759731947510979
0.8759744049325945
0.8759772313019345
0.8759860293377473
0.8759913580358492
0.8759980656808078
0.8760000900008325
0.8760008625527143
0.8760004538713108
0.8760018681532801
0.8760066111734732
0.8760072560536752
0.8760102254279373
0.876006327542615
0.8759979457875373
0.8759956075521174
0.8759884108464263
0.8759950304822546
0.8760055779345165
0.8760086147713515
0.8760097633808231
0.8760124742354705
0.8760155530731151
0.8760210219720618
0.8760279130681209
0.8760263873667026
0.8760251087705407
0.8760240570990536
0.8760283767353892
0.8760332625730518
0.8760348879682427
0.8760443548775511
0.8760513388177209
0.8760626696687136
0.8760668732859094
0.8760640037726248
0.8760663073948205
0.8760648320814928
0.8760677307576625
0.8760657726503565
0.8760596496167385
0.8760569041714231
0.8760590936806331
0.876057963736817
0.8760610897816525
0.8760715138235237
0.8760746305748287
0.8760780736531332
0.8760745288629944
0.8760744795998998
0.8760788657155687
0.8760854348893763
0.8760880467455342
0.8760926803801447
0.8760899934604579
0.8760923737484659
0.8760969163274257
0.8761008662349428
0.8761064135834122
0.8761016372185214
0.8760984435069801
0.8760957317119883
0.876096294353345
0.8761004249393088
0.8761074935543042
0.8761145964960846
0.8761220013165457
0.8761260006941688
0.8761276578960177
0.8761339555206399
0.8761413799399266
0.876146605571839
0.8761506254379764
0.8761606762956913
0.8761657961227901
0.8761704807941866
0.8761763834457782
0.8761773331497359
0.8761808245807285
0.8761893353888108
0.8761932376216076
0.8761949505765485
0.8761978667286329
0.8762009800735521
0.8762069942174867
0.8762169315756583
0.8762212035991177
0.876228109027851
0.8762339220730824
0.8762314442643657
0.8762239926253983
0.87621880362032
0.8762132017601001
0.8762107533059195
0.8762086370279735
0.8762053093878579
0.8762018439258111
0.8762027454047905
0.8762001353381684
0.8761984072943239
0.8762046572342067
0.8762042851669731
0.876203961720324
0.8762043905942302
0.8761962546054199
0.8761899561519426
0.8761805437157493
0.8761731876754848
0.8761685146813115
0.8761637059689119
0.8761552916939758
0.8761512808162268
0.8761464954127439
0.8761407278025745
0.876138318880382
0.8761397703311662
0.8761430585576812
0.8761430067126209
0.876142072229519
0.8761442694176556
0.8761497011458665
0.8761598529055775
0.8761613171356343
0.8761707546984364
0.8761717178070328
0.8761689254579703
0.8761709829672335
0.8761690867490958
0.8761635936396333
0.8761567997273155
0.876154173638316
0.8761530068039796
0.8761528508595141
0.8761518329769254
0.8761567075418595
0.8761583663230762
0.8761615687241527
0.8761688485518511
0.8761733744659336
0.876180437130904
0.8761801651003869
0.8761834871659807
0.8761906517300189
0.8761932994290226
0.8761947705229083
0.8761916132218456
0.8761932918949801
0.8761925909072006
0.8761938405302765
0.8761904123286794
0.8761947993835647
0.8761961454609054
0.8761971895771867
0.8761964063032165
0.8761907595742028
0.8761915476507323
0.876186008535157
0.8761870609538426
0.8761840825684031
0.8761767090696265
0.8761756971476496
0.8761733710582581
0.8761705189036033
0.8761683417738699
0.8761660741271949
0.8761682479997308
0.8761735061741711
0.876179104464321
0.8761783707315325
0.8761856376701294
0.8761910100261925
0.8761991533241673
0.8762053613277537
0.87621210899605
0.8762208937221851
0.8762224749309135
0.8762226607996411
0.876227127532894
0.8762290855154685
0.8762332840966038
0.8762342300022143
0.8762355454771251
0.876239648090649
0.8762462190665763
0.8762493240198773
0.8762454118100341
0.8762434181765393
0.8762373985779265
0.8762361722368476
0.8762320133722891
0.8762323297001114
0.8762319877513943
0.8762326838427702
0.8762277875814896
0.8762236063224799
0.876221322684753
0.876219707112443
0.876216801929174
0.876215565285713
0.8762156215563309
0.876210519161956
0.8762107357739622
0.8762073821223992
0.8762029571394757
0.8762022670753856
0.8762037073367963
0.8762059934174247
0.8762022040743324
0.8762003286631713
0.8762001594353116
0.8761940724074193
0.8761926329055015
0.8761948034287669
0.8761949964786653
0.8761987272995645
0.8761978607881806
0.8761963659831301
0.8761976510229895
0.8761952259197858
0.8761930089851185
0.8761934812955633
0.8761977156750268
0.8761973382789406
0.8761911327364778
0.8761810831881209
0.8761710167000412
0.8761656457531763
0.8761609726467924
0.8761608650275348
0.876157817007912
0.8761573344116796
0.8761595553221687
0.8761592062735253
0.8761605558914685
0.8761649931009655
0.8761663659343751
0.8761669686818516
0.8761659302759576
0.8761673086520023
0.8761706601397334
0.8761718185953604
0.8761693526915976
0.8761636659818207
0.8761625993846403
0.876161447640281
0.8761588924603916
0.8761563224251748
0.8761543160631801
0.8761506218350522
0.8761469802809139
0.8761426785720425
0.8761420850123597
0.8761411871627919
0.8761436590306492
0.8761441890561528
0.8761460562278633
0.8761486479111134
0.876151054196838
0.8761581528894605
0.8761594766811902
0.8761597669240114
0.8761635167470302
0.87616639537282
0.8761679870849592
0.876164579134616
0.8761606824558693
0.8761630524124995
0.8761626124976754
0.8761625708664337
0.8761628879227055
0.8761593558456877
0.8761580206691646
0.8761580578296303
0.8761552472847441
0.876150642930439
0.8761450890864637
0.8761392060430706
0.8761327956214366
0.8761254742386411
0.8761150736840859
0.8761061879644594
0.8760976131208869
0.8760912869025943
0.8760863155387841
0.8760842886896691
0.8760839196680993
0.8760808858975981
0.8760767738954495
0.8760753559933225
0.8760758121333226
0.8760756359076421
0.8760748067106595
0.8760770350622109
0.8760766758832396
0.8760729248380813
0.8760707785041747
0.8760659179448382
0.8760646023350862
0.8760640226755567
0.8760643079592845
0.8760613619325001
0.8760604106036745
0.8760562432960256
0.8760547774227178
0.8760509754445721
0.8760473112127368
0.8760466182705999
0.8760413484166663
0.8760383114686207
0.8760329192093167
0.8760301914885456
0.8760274883696454
0.8760242812358309
0.8760240144709656
0.8760234129928823
0.8760229569100577
0.8760209677873986
0.876018578472336
0.876020194886011
0.8760189700601768
0.8760164158903169
0.8760135683487235
0.8760137882730656
0.87601192354336
0.8760109573728004
0.8760089957935162
0.8760066888399789
0.8760053708202691
0.8760036607930342
0.8759995042129729
0.875993228435203
0.8759864854390323
0.8759803194267536
0.8759791077910831
0.8759797299778566
0.8759780384578498
0.8759762084182189
0.8759763990583004
0.8759780845192052
0.8759797358332334
0.8759820064677444
0.8759834289019476
0.8759845858383984
0.8759819402188372
0.8759854702878411
0.8759893900436868
0.8759968737571948
0.876000233935135
0.8760030574567677
0.8760076833522754
0.8760118244364524
0.876017965674371
0.876019057997765
0.8760149683054033
0.8760100205258234
0.8760098836758026
0.8760078078451118
0.8760057113131008
0.8760041289617154
0.8760039096612525
0.8760085778360767
0.876007990175471
0.8760122168652126
0.876017777616364
0.8760186248623263
0.876019038894109
0.8760156369518629
0.8760045885709451
0.8759968958281305
0.8759936104266769
0.8759905343731428
0.8759922946939146
0.8759933099552544
0.8759953795964458
0.8759985533380089
0.875997407967036
0.8759945792413435
0.8759931572086858
0.8759948951415879
0.8759972854583176
0.8759976501738902
0.876003715805233
0.8760107251972252
0.8760212281178137
0.8760322286670867
0.8760418839689559
0.8760493029930404
0.8760515608109616
0.8760624653993038
0.8760699148960047
0.8760728850943301
0.8760710927897949
0.87606982134117
0.8760672568883554
0.8760686054899466
0.8760692367200591
0.8760680950420939
0.8760668974261852
0.8760667837324645
0.8760722220166549
0.8760760599470165
0.8760783808170821
0.8760833024205176
0.8760871197464435
0.8760895496259218
0.8760915192582065
0.8760927201345708
0.8760906737048214
0.8760892893227815
0.8760899825020441
0.8760903838343077
0.8760905182574654
0.8760931309235308
0.8760952547924105
0.8760992674496867
0.8761032027295996
0.8761065643998595
0.8761096914825979
0.8761111427890496
0.8761192984178838
0.8761260313420817
0.876130347946561
0.8761353973358078
0.876133869575008
0.876135349448751
0.876137613170299
0.8761320923655302
0.8761302836006121
0.8761255710274496
0.8761239499438483
0.8761225208307037
0.876116212964446
0.8761123940206453
0.8761118521502762
0.8761095272304577
0.8761106736588393
0.876113370283299
0.8761128646624338
0.8761099281678982
0.8761111539498444
0.8761172637665577
0.8761189180749352
0.8761211418637149
0.8761203746176635
0.8761136298774073
0.8761074906255626
0.8761082266862398
0.8761122042803288
0.8761149214102039
0.8761176582453215
0.876118004866234
0.8761189094858759
0.8761197036987156
0.8761229133511473
0.8761281148700941
0.8761352529588191
0.8761430567675011
0.8761476742133184
0.876149188938537
0.8761484573795429
0.8761495922612419
0.8761523241478475
0.8761554061007323
0.876154890614543
0.8761539705902298
0.8761513819994192
0.8761471818568499
0.8761453933224563
0.8761494563927867
0.8761550777252051
0.8761545916780398
0.8761529803318793
0.8761510971011875
0.8761511797787026
0.8761462567296465
0.8761430655619644
0.8761429309848661
0.8761436766588545
0.8761426618076934
0.8761410579014373
0.8761379790530714
0.8761399442330414
0.876144171202299
0.8761471885844606
0.8761493540011226
0.8761529572831118
0.8761590489478068
0.8761615574710915
0.8761637609814243
0.876165456028841
0.8761676579855906
0.8761641537741893
0.876161315143305
0.8761578158909868
0.8761579926602499
0.8761596607458663
0.876160222709815
0.8761613840191257
0.876158100283832
0.8761524801647688
0.8761478511679472
0.8761455015715379
0.8761406738605482
0.8761384271163265
0.8761335638586899
0.876127155307672
0.8761262915339516
0.8761305168448814
0.8761320102123722
0.8761366765945313
0.8761419153373782
0.8761432088987192
0.8761450635461354
0.8761479204721199
0.8761523056705136
0.8761557802291929
0.8761559203113725
0.8761580991990621
0.8761603766368409
0.8761636666655123
0.876168772112231
0.8761756334021464
0.8761794734058265
0.8761804377902683
0.8761783324465781
0.8761794156581783
0.8761799059945405
0.8761769716709173
0.8761754248705785
0.8761755501618463
0.876175442380079
0.8761746546007263
0.8761731819917938
0.8761734660088286
0.8761756814119717
0.876177205472041
0.8761755749178346
0.8761739360527194
0.8761726571071407
0.8761768573914559
0.876176663840122
0.8761808815453933
0.8761825999950666
0.8761813743615429
0.876181956533211
0.8761832498061508
0.876187800615839
0.8761907187928437
0.8761868503852968
0.8761860533008
0.8761820391285268
0.8761786812200715
0.8761783161653418
0.8761785784355698
0.8761746062918307
0.8761717646721403
0.8761697221541946
0.8761665263343824
0.8761619260743118
0.8761607291971067
0.8761561163602378
0.8761507943619096
0.8761454380640601
0.8761430790266359
0.8761473748494983
0.8761474079785964
0.876144655982705
0.8761455778499573
0.8761440584560669
0.8761418119027897
0.876139066961625
0.8761347563893529
0.8761315551441266
0.8761289417079442
0.8761296173044808
0.8761333749708956
0.8761356503372315
0.8761416066515827
0.8761441522442153
0.8761433784525209
0.8761402299991258
0.8761367853890333
0.8761351552975999
0.8761374267385041
0.8761456597083753
0.8761490395496584
0.8761528968077921
0.8761533681738077
0.8761515973030285
0.8761527320733559
0.8761558057693061
0.8761593294410507
0.8761628951940815
0.8761689235072289
0.8761710872038694
0.87617263119702
0.8761762447202306
0.8761786033879195
0.8761790175089825
0.8761827311970318
0.8761886750908771
0.8761926248347804
0.8761984433500974
0.8762026144377429
0.8762062500120447
0.876207194226015
0.8762059185859044
0.8762076491697616
0.8762116086639099
0.8762146279733526
0.8762179130229297
0.8762231099468643
0.8762278338016734
0.8762312180687195
0.8762294168544966
0.8762313096527328
0.8762324944902525
0.876235008406786
0.876234993265752
0.8762333189442604
0.8762289261588027
0.8762308386120468
0.8762325447237969
0.8762330829184063
0.8762357610883362
0.8762334959994064
0.8762339410300831
0.8762356388184512
0.8762351582990765
0.8762353886563272
0.8762355253523064
0.8762342098674767
0.8762352303843897
0.8762385563892343
0.8762417194341499
0.8762458956188046
0.876245875711982
0.8762453390053933
0.8762425416906349
0.8762397867840773
0.8762362315494285
0.8762321490787551
0.8762306980320896
0.8762311856887103
0.8762306116981319
0.8762306400996902
0.8762319085192145
0.8762350270016748
0.8762401415225398
0.8762444910797184
0.8762483505504662
0.8762526096203112
0.8762511243698132
0.8762519141137105
0.8762532990987282
0.8762573710968996
0.8762616709847293
0.876266880685258
0.8762696843645756
0.8762693906085688
0.8762702924855843
0.8762717185379351
0.8762711083412988
0.8762680839275094
0.8762642916592213
0.8762624897029049
0.8762604901141373
0.8762591091550713
0.8762598511162355
0.8762607907577589
0.8762657953077767
0.8762688720879799
0.8762707104438131
0.8762737962413288
0.8762778878475016
0.8762779068143577
0.8762771505129386
0.8762714210681758
0.87626672929987
0.8762640529435674
0.8762623195873376
0.8762608579399723
0.8762613912721369
0.8762623143044048
0.8762652544147922
0.8762640719597726
0.8762642128185274
0.8762626115208647
0.8762629049621599
0.8762628038575501
0.8762596749849461
0.8762569644426603
0.8762574023895233
0.8762561380130953
0.8762586771605126
0.8762592772695658
0.8762576735184204
0.8762591462020239
0.876256114349929
0.8762570019976345
0.8762556969232745
0.8762556344302943
0.8762545070644844
0.8762548379814213
0.8762570854514955
0.8762552409096602
0.8762561128682115
0.8762560276670773
0.876254194181872
0.8762562841817952
0.8762578633995859
0.8762602257858008
0.8762607710011315
0.8762614667590187
0.8762635472933372
0.8762649480346659
0.8762648937472085
0.8762651597101716
0.8762661149687799
0.876265258181864
0.8762617325430435
0.8762597134341271
0.8762603671063344
0.8762592643146874
0.8762576670105188
0.8762528428761086
0.8762497960461997
0.8762458463013894
0.8762418452180375
0.8762364525609339
0.8762317544458472
0.8762279717761058
0.876227868445256
0.8762269520948506
0.8762282055499806
0.8762297772851764
0.8762289764507462
0.8762264835795062
0.8762238280020797
0.8762266735060641
0.8762284720902145
0.8762280741397142
0.8762287912188955
0.8762291786017026
0.876231942323202
0.8762316386128485
0.8762301031918187
0.87622934856206
0.8762276656521892
0.8762263199132059
0.8762246785609746
0.876225508615922
0.8762279837014992
0.8762300692490772
0.8762312524251727
0.8762283723008143
0.87622699552727
0.8762255764155229
0.8762250232681821
0.8762236848549163
0.8762212824149139
0.8762227886995124
0.8762245739811425
0.8762235988812426
0.8762206251862885
0.8762183038883161
0.8762157432353402
0.8762116349152734
0.8762086008526597
0.8762075944659322
0.8762067371045753
0.8762068950154096
0.8762061540000593
0.876205218022231
0.8762050451373399
0.8762049512995145
0.876201748998913
0.8762017028742932
0.8762007073199809
0.8761974428831276
0.876193414136209
0.8761924648017857
0.8761931919666642
0.8761944021551412
0.876194712075844
0.876195589064747
0.8761971646455714
0.8761958418048902
0.8761950029159121
0.8761947176675512
0.8761936242626104
0.8761929422639342
0.8761957597346366
0.8761952099175456
0.8761957093987373
0.8761967153086646
0.8761939337710986
0.8761913661251381
0.8761891237030494
0.8761855563682461
0.8761813521493014
0.8761805062677118
0.8761783032367718
0.8761750817526849
0.8761717796271873
0.8761715051084178
0.8761699994586302
0.8761679992096151
0.8761668889659973
0.8761661275217568
0.8761632552554223
0.8761600733765829
0.8761590006236728
0.8761567111724688
0.8761585281087583
0.876159288509528
0.8761594594658734
0.8761575293498558
0.8761553020966023
0.8761543509563603
0.8761545767828047
0.8761598816177604
0.876161301553922
0.8761660131144988
0.8761700044700322
0.8761725457919122
0.8761728744202671
0.8761736441698759
0.8761722432257567
0.8761722110516853
0.8761726741820648
0.8761735244914058
0.8761757000189947
0.8761775995697396
0.8761780921454343
0.876177983035711
0.8761780959869543
0.8761775891089613
0.8761803255445951
0.8761840123829318
0.8761872306266822
0.8761910398165771
0.8761934969625813
0.8761969424236102
0.8761985314838298
0.8762029391642202
0.8762060878689716
0.8762070598816601
0.8762082993531607
0.8762071875372949
0.8762050287634998
0.8762054910344209
0.8762068519635169
0.8762097322634045
0.8762120020202407
0.8762123295427131
0.8762122859076531
0.8762121460981699
0.8762147387427405
0.87621347895247
0.876210252174405
0.8762086679357919
0.8762075254381704
0.8762065017070951
0.876207993893451
0.8762069847640716
0.8762040607889131
0.8762027412898822
0.8761985009984571
0.8761931089373207
0.8761876448520933
0.8761848878402458
0.8761863155531848
0.8761879481602195
0.876188069562639
0.8761860789776615
0.8761847450512249
0.8761832624233243
0.8761836914255967
0.8761841867144176
0.8761880072724337
0.876191694616085
0.8761911004896967
0.876190697951679
0.8761929181174497
0.876196091853925
0.8762004384486042
0.8762053455713141
0.8762092577588978
0.8762121206613248
0.8762137243328993
0.876218397488523
0.8762217933872228
0.8762230527681518
0.8762224173208206
0.8762229743635094
0.8762217514398115
0.8762185099192914
0.8762156171466994
0.8762156091898804
0.8762160461369809
0.8762163792871228
0.8762161089706503
0.8762143351676422
0.8762135932762525
0.8762085448255345
0.8762044887958305
0.8762029196150916
0.8762038988904781
0.8762065585182468
0.8762083899141607
0.8762127066493348
0.8762144178994309
0.8762201666426742
0.8762245460103781
0.8762273190533514
0.8762295263635779
0.8762328249999449
0.8762345880590698
0.8762380512132889
0.8762432319474113
0.8762467244630621
0.8762508275631842
0.8762534825745827
0.876254489827275
0.8762573274816853
0.8762585612620458
0.8762601475211282
0.8762633223367005
0.8762642297613009
0.8762641213547483
0.8762640628286071
0.8762627166296739
0.8762601795819279
0.8762581033771244
0.8762560593878244
0.8762531463168325
0.8762534606483261
0.8762538425913392
0.8762527578539874
0.8762528630391977
0.8762531737566027
0.8762531581521101
0.8762541512542442
0.8762567902676639
0.8762597476409761
0.8762652570737464
0.876266133032174
0.8762685286513276
0.8762704986564553
0.8762726490487597
0.8762754202042464
0.8762774291180591
0.8762785058094756
0.8762796961712123
0.8762776422576809
0.876275181340821
0.8762738308364407
0.876274710807806
0.8762718476133949
0.8762688688497201
0.8762696369313414
0.8762676455845491
0.876268298842498
0.876266202389404
0.8762649348997272
0.876263682939049
0.8762641807122709
0.8762642696244666
0.876267825092424
0.876271399932038
0.8762713340925247
0.8762708860847259
0.8762694710589845
0.8762692504225741
0.8762747107373712
0.8762776294893514
0.8762788243032312
0.8762771626121268
0.8762729219021538
0.8762705441521184
0.8762697430533491
0.87626738247967
0.8762637736536706
0.876261488012603
0.8762587456240927
0.8762572303916885
0.8762572210492955
0.8762516740178684
0.8762497653914696
0.8762481606709319
0.8762485466283861
0.8762469553756319
0.8762467054613283
0.876249572069634
0.8762520368110833
0.8762528591359782
0.8762542428011075
0.876252222369305
0.8762505016424187
0.8762514376701571
0.8762543816857755
0.8762583840072943
0.8762639861862649
0.8762636954962776
0.8762620777607999
0.8762603305927086
0.876256671849756
0.8762549295699429
0.8762565615310547
0.8762564568006943
0.8762554008769943
0.8762539057642581
0.8762516990352465
0.8762518677585094
0.8762524560101078
0.8762542843894324
0.8762564504953865
0.8762599398555296
0.8762647857299269
0.8762683887987079
0.8762737065284165
0.876279185851149
0.8762839150095463
0.8762867481300235
0.8762877928558885
0.876288132404389
0.8762829428849733
0.8762773735284395
0.8762736911909568
0.8762735280330445
0.8762722916219271
0.8762704821475379
0.8762697014523796
0.8762680293053524
0.876265963768073
0.8762655110035725
0.8762657542745064
0.8762629517500965
0.8762602977354973
0.8762567810218735
0.8762565095812682
0.8762564611474044
0.8762576025044257
0.876261323478289
0.8762643646690299
0.8762651313563324
0.8762666983257473
0.8762707522906149
0.8762731682786185
0.876274917009477
0.8762775066281908
0.8762809809618781
0.8762832473559158
0.8762857282165685
0.8762887087023631
0.87629429372634
0.876296000038047
0.8762958591992318
0.8762961511609662
0.8762979342605335
0.8762970960952284
0.8762983679536444
0.8762995749171645
0.8762967587908658
0.8762929006624562
0.8762893261878745
0.87628745305182
0.8762872545055794
0.876288987469916
0.8762906099322539
0.8762906023860803
0.8762904211109636
0.8762925663986606
0.8762924830778916
0.8762948089415271
0.8762999008408784
0.8763006713769609
0.8763003967699885
0.8763008337663789
0.8763066948202886
0.8763113828491356
0.876314825619809
0.8763184311670398
0.8763223179512166
0.87632255659045
0.876323526243079
0.8763252522988731
0.8763251665133647
0.8763262610157618
0.8763247115328631
0.8763276257133986
0.8763298165891878
0.8763345138202066
0.8763378850685942
0.8763412064027836
0.8763448701405644
0.8763486961776752
0.8763504395946135
0.8763519201002129
0.8763561416804779
0.8763561129939138
0.8763556476692905
0.8763547374631679
0.8763539269151719
0.8763521693422206
0.8763512998827948
0.8763478294542265
0.8763458571305944
0.8763452297498131
0.8763440421960678
0.8763401078157161
0.8763366617679202
0.8763335001475235
0.876332503828895
0.8763346370707916
0.876337310233045
0.8763391438420205
0.87634173945861
0.8763414226011881
0.8763409123112489
0.8763406549318372
0.8763380571125516
0.8763383251062463
0.8763385039258575
0.8763400969280262
0.8763415613495268
0.8763427539080736
0.8763448770803955
0.8763471488364503
0.8763486701138746
0.8763496829772335
0.8763495898643441
0.876350354359077
0.8763526065933658
0.8763509578344963
0.8763499713896002
0.8763536304527726
0.8763536237562308
0.8763544886812822
0.876355964295745
0.8763595714762955
0.8763625780028818
0.8763665358224012
0.8763651745877256
0.8763653774588329
0.8763655864581663
0.8763648838256566
0.8763632285148162
0.876362054220238
0.8763625892532052
0.876364379087257
0.8763643704082271
0.8763650791738832
0.8763697563360037
0.8763721892721618
0.8763726021011211
0.8763724239864913
0.8763739555761526
0.8763738740709548
0.8763735135188828
0.8763724184975752
0.8763698400862824
0.8763664583347336
0.8763666289684306
0.8763683156740022
0.8763715449908414
0.8763746169979941
0.8763811372217702
0.8763835677175978
0.8763836159532049
0.8763862838509411
0.8763918487144859
0.8763946827278365
0.87639789451813
0.8764000294747245
0.8764036566318715
0.8764091326697548
0.8764118997605606
0.8764135368053083
0.87641248121908
0.8764107153022872
0.876409279234679
0.8764077244366463
0.876408413235145
0.8764097723300835
0.8764138305924183
0.876418473364253
0.8764203233537555
0.8764203566378415
0.8764205192219325
0.8764223068208781
0.8764237199066522
0.8764252011939173
0.8764287196563145
0.8764307884245874
0.8764320024041743
0.8764326591265458
0.8764344473004094
0.8764391313473078
0.8764411308467706
0.8764429217914405
0.8764434707224013
0.8764414621439528
0.8764401689253067
0.8764392851132449
0.8764399440792949
0.8764396887613121
0.8764388251529182
0.8764389702868766
0.8764379796512627
0.876437803706983
0.8764384140991902
0.8764374879880635
0.8764373399622033
0.8764355238812428
0.8764371148940703
0.8764383560443992
0.87643957698276
0.8764411788058616
0.8764415497998546
0.8764399965737583
0.8764382009196874
0.876440626330206
0.8764450535805488
0.8764471909347699
0.8764487102198498
0.8764482501249978
0.8764482501511609
0.8764513144823974
0.8764558171848866
0.8764573758130099
0.8764553115949957
0.8764527369054117
0.8764530168199904
0.8764538721515209
0.8764535595392958
0.8764512266699749
0.8764488873526158
0.8764468636229477
0.876448218153475
0.8764514148099694
0.876456926680233
0.8764618806567233
0.8764647553640681
0.8764663876574791
0.876466056985564
0.8764654537525306
0.8764678208420851
0.8764685342109061
0.8764688300016306
0.876466075071143
0.8764643771184868
0.8764631278827104
0.8764639023366868
0.8764651191380399
0.8764631555786764
0.8764641974825199
0.876464536787984
0.8764653060674452
0.8764665856331485
0.8764664300026025
0.876467015581215
0.8764649305061644
0.8764640436423169
0.8764643414503765
0.8764655086984666
0.8764691349994106
0.8764708605542099
0.8764703699631304
0.8764680066937445
0.8764654161788225
0.8764680468465242
0.8764716686501195
0.876473909053967
0.8764770150948976
0.8764765349031572
0.876476915436955
0.8764771626717126
0.8764782134424448
0.8764823567388287
0.8764842986507271
0.8764850753874751
0.8764862707597021
0.8764834777459065
0.8764801510111835
0.8764796175447845
0.8764804968788656
0.8764812743588033
0.8764815282821231
0.8764802766554944
0.8764777845827618
0.8764763086342566
0.8764749805643601
0.8764743269777356
0.8764740200687595
0.8764770256537048
0.8764801505020551
0.8764812812661236
0.8764828219448021
0.8764824388600265
0.876484555188329
0.8764885290754122
0.8764908418970365
0.8764951461436369
0.8764994769264768
0.8765033196251977
0.8765049598271388
0.8765068195529374
0.8765061473639623
0.8765070534312096
0.8765100545242437
0.8765113540118574
0.8765129120466095
0.8765142290343638
0.8765129365732185
0.8765131956089781
0.8765128693684842
0.8765150227626837
0.8765176778500601
0.8765189789775603
0.8765176861234125
0.8765162446379291
0.8765170693861847
0.8765170271402184
0.8765155638935699
0.8765125913148752
0.8765100185195775
0.8765111992378144
0.8765125684168762
0.8765113885064231
0.8765118288631549
0.8765117519596783
0.8765126735451616
0.8765125827859016
0.8765132786108125
0.8765159965251186
0.8765182347324016
0.8765206788678678
0.8765236933161746
0.8765232919110146
0.8765217713792939
0.8765208374835282
0.8765217484728025
0.8765232595948638
0.8765254454796306
0.8765267324195669
0.8765312192367065
0.8765319652663873
0.87653038706077
0.8765323859852847
0.8765351824535212
0.8765355135290925
0.8765354261677334
0.8765370378931472
0.8765417184439547
0.8765428261729692
0.8765440670536674
0.8765451630611318
0.876545704734159
0.8765440800081363
0.8765432937088843
0.8765440352835467
0.8765439596859987
0.8765460706397851
0.876548963198178
0.8765528409108254
0.8765544476483972
0.8765550586376138
0.8765552119687882
0.8765539762690602
0.8765520455045475
0.8765501259311564
0.8765508835539044
0.8765506206839366
0.876549413147274
0.8765513105315106
0.8765541854378821
0.8765561384871061
0.8765589208491812
0.8765605667419656
0.8765607799509967
0.8765634313044259
0.8765651540167063
0.876565630208613
0.8765674657427592
0.8765691548943713
0.8765678068111091
0.8765695562262604
0.8765697455918894
0.8765660810565967
0.8765636718411592
0.8765640870813678
0.876564287685842
0.8765623375951223
0.8765606751364766
0.8765608981221316
0.8765630800466152
0.8765653225986928
0.8765667223187813
0.8765672115698899
0.8765669659603611
0.8765673330726622
0.8765659676935904
0.8765633264307381
0.8765614899023716
0.8765625957034902
0.8765645746011396
0.8765650074032749
0.8765614110958491
0.8765575580737132
0.8765571723897773
0.8765582550340333
0.8765577390710677
0.8765566437818842
0.876556398420539
0.876552400446311
0.8765482049697499
0.8765461761205091
0.8765441359536897
0.8765429333052754
0.8765433077109627
0.8765443663670155
0.8765476181176771
0.8765503301780432
0.8765512061344397
0.8765519513305157
0.8765518088957692
0.8765539318006915
0.8765565813919524
0.8765590857193934
0.8765595411905117
0.8765598785556584
0.8765617904293207
0.8765634444575932
0.8765643129969354
0.8765633856761236
0.8765613714976543
0.8765587711950151
0.8765531269767088
0.876548514525593
0.8765472288161419
0.8765465691657247
0.8765431187077262
0.876539502992519
0.8765379048711233
0.8765375093152189
0.8765374639453297
0.8765378760454963
0.8765370822164065
0.8765368246193046
0.8765359344750453
0.8765363121863595
0.8765366565488126
0.8765364605488106
0.8765373325013633
0.8765387645524679
0.8765415483886484
0.8765442508131455
0.8765462756205449
0.8765480190228297
0.8765498286712077
0.8765497334061308
0.8765493181104711
0.8765504785760511
0.8765521547714505
0.8765532629686251
0.8765537354966221
0.8765537840443086
0.8765555445217017
0.8765569711365598
0.8765573260542429
0.8765551479361786
0.8765545365316747
0.8765531698089264
0.8765534167289056
0.8765568847672108
0.8765600748051244
0.8765620929718464
0.8765641083757152
0.8765630231989092
0.8765620883940237
0.8765638637514062
0.8765651012553224
0.8765672984442433
0.8765681815154365
0.8765699780580409
0.8765736320994257
0.8765762454924023
0.8765777338178983
0.8765787888466599
0.8765791682260924
0.8765786176623337
0.8765764896502324
0.8765762326235292
0.876575857814339
0.876575832829583
0.8765795440947826
0.8765823437054798
0.8765827647530511
0.8765843660881651
0.8765843526717172
0.8765837803994379
0.8765845590747199
0.8765865487654921
0.8765865547263711
0.8765870946256323
0.8765871966790446
0.8765861451986491
0.8765837726019502
0.8765852047262868
0.8765879672806522
0.8765909743363025
0.8765939425412546
0.8765957307830357
0.8765979506802928
0.8766012298838107
0.8766014321804632
0.8765991784874183
0.8765982829804397
0.8765965778894503
0.8765934637899337
0.8765903067934966
0.8765888991782751
0.8765902860753558
0.8765917824385725
0.8765927367567619
0.8765941850492853
0.8765945898540592
0.8765940121147796
0.8765905811471286
0.8765874791217924
0.876584225472316
0.8765830232190644
0.8765843925739132
0.8765842502234061
0.8765823878578526
0.8765827728636296
0.8765845197339158
0.8765850082797868
0.8765870791894556
0.8765899391063248
0.8765919649152156
0.8765932591104996
0.8765930513125728
0.8765937914051841
0.8765936421132113
0.8765931549815702
0.8765923763219096
0.876592438324861
0.8765936717645941
0.87659574066869
0.876597202537321
0.8765986882100391
0.8765993106888986
0.876599916430702
0.8766023474498533
0.8766040798658118
0.8766047954905778
0.8766058917485409
0.8766070043532818
0.8766060040574498
0.8766076940430457
0.8766115360964063
0.8766146762244469
0.876615621225769
0.8766164499287116
0.8766183939710487
0.8766172447937999
0.876616874030186
0.876616963664068
0.876617420437266
0.8766162568882113
0.8766156593655172
0.8766148786392824
0.876615186294467
0.8766181893393461
0.8766223311617359
0.8766226175595234
0.8766205847973859
0.8766217510760563
0.8766237771936876
0.8766252044556088
0.8766260936812782
0.8766253893578517
0.8766253839013863
0.8766259021558301
0.8766231392610327
0.8766218420641501
0.8766251759315636
0.8766290917583347
0.8766336551097144
0.8766345661714657
0.8766340093332006
0.8766345493060094
0.8766338216142502
0.8766329257638147
0.8766335701614625
0.8766347074412788
0.8766351265717047
0.8766371141341417
0.8766354276293288
0.8766348942330555
0.8766311698935867
0.8766284362036916
0.8766273034241062
0.8766293527746827
0.8766315615960606
0.8766307106359308
0.8766301476557011
0.8766290858547163
0.8766251131202588
0.8766232119655482
0.876621214075056
0.8766199177068652
0.8766191758692138
0.8766192536924862
0.8766191936437641
0.8766168629981388
0.8766162134014255
0.87661640786161
0.8766163876789681
0.8766159172473538
0.8766161553205277
0.8766157882122748
0.8766157669352047
0.8766155454813397
0.8766168521671953
0.8766168883952644
0.8766179097179609
0.8766192094567778
0.876618862416896
0.876619882777095
0.8766200494806393
0.8766218222310485
0.8766242502681693
0.8766291200409037
0.8766347298716822
0.8766365558206598
0.8766374070671635
0.8766394158333627
0.8766409327324245
0.8766447945889129
0.8766487317273959
0.8766511181440418
0.876653496092458
0.876656106982602
0.8766574896916092
0.8766583884238033
0.8766586340196291
0.87665872139051
0.8766579578923249
0.8766572250449387
0.8766574615510089
0.8766563505188594
0.876655720555998
0.8766545769176513
0.876655001480279
0.8766555040388527
0.8766566310145756
0.8766560351838364
0.8766548638824826
0.8766556663598019
0.8766564388922063
0.8766593364917148
0.8766631276979234
0.8766661511366414
0.876670212825871
0.8766749449177468
0.8766768964912232
0.8766786026661477
0.8766798625254799
0.8766811514217596
0.8766839505568629
0.8766851653798917
0.8766850756089952
0.8766862421498295
0.8766860667603034
0.8766860064087039
0.8766858084228442
0.876687525150013
0.8766886328810573
0.8766899346197486
0.8766913003516027
0.8766929144432265
0.8766930321666303
0.8766919908613505
0.8766916859637277
0.8766908202175274
0.8766909673930606
0.8766898189983197
0.8766894592165726
0.876690089264937
0.8766920922543796
0.8766926775142972
0.8766920310836969
0.8766928669420645
0.8766950692888769
0.8766947165173823
0.8766944432650274
0.8766954186420138
0.8766961058512093
0.8766955854917666
0.8766966581280088
0.8766958702607847
0.8766965994773223
0.8766977032632414
0.8766996905582342
0.8767011780402507
0.8767022682749362
0.876703697986033
0.8767062098486831
0.8767090415243635
0.8767116174150839
0.876710621692531
0.8767102881459514
0.8767098094656391
0.8767088205460679
0.8767096237290242
0.8767107200397409
0.8767127581221024
0.8767140337610952
0.8767153306533267
0.8767181996250686
0.8767215960761268
0.8767248518831943
0.8767294578411045
0.8767299784114115
0.8767310948033735
0.8767326677725142
0.8767333440910169
0.87673407835254
0.8767339416472847
0.8767353121161046
0.8767360504765784
0.8767343559173709
0.8767345802336203
0.8767348650485758
0.8767341513815506
0.8767330401599308
0.8767314655490602
0.8767315119324781
0.8767327021960934
0.8767341773919916
0.8767351527288016
0.876737346663666
0.8767374402038934
0.8767381134663943
0.8767396924044782
0.8767434177517204
0.8767464136039141
0.8767480747260784
0.8767488595747339
0.876749500520758
0.8767483871182867
0.8767488666284659
0.8767485228879579
0.8767479844781436
0.8767459498987601
0.8767449239089636
0.8767427662988063
0.8767409822773806
0.8767411238529165
0.8767419456072931
0.8767414871215593
0.8767408117055715
0.8767415663372831
0.8767432631048867
0.8767459563172376
0.876747512879228
0.8767477688849835
0.8767467299776932
0.8767464305864844
0.8767481516795504
0.8767487523559353
0.8767486306603509
0.8767481211422056
0.8767489064505848
0.8767496479188308
0.8767522112415712
0.8767564337966333
0.8767604060340205
0.876763882608586
0.876767005541476
0.876770313622179
0.8767754333541407
0.8767788021315674
0.876781485008631
0.8767827155274296
0.8767853247883465
0.876786910297246
0.8767892913691957
0.8767905060844137
0.8767928554170491
0.876794743693849
0.8767979029324837
0.8768006228710097
0.8768029902116404
0.8768037655817024
0.8768043176933805
0.8768028075021057
0.8768007487105374
0.8767998520654787
0.8767989273441057
0.8767957414478444
0.8767916229246017
0.8767904239165559
0.8767907394957088
0.8767916450733035
0.8767916190765834
0.8767892474616328
0.8767894523940475
0.8767910926811233
0.8767929050969762
0.8767925055906415
0.8767904266376446
0.8767860872989387
0.8767852152799017
0.8767872586792066
0.8767890790228962
0.876790488695008
0.8767913240986082
0.8767926279109939
0.8767934318122855
0.876795026728045
0.8767979772282413
0.876799632978932
0.8767969125167095
0.8767958721708448
0.8767965369059655
0.8767956118320369
0.8767941225866112
0.8767943393653606
0.8767972602145998
0.876798859705759
0.8767980452430308
0.876796512019575
0.8767964504235233
0.8767972004331913
0.8767983283652864
0.8767986143259779
0.8767990089246529
0.8767978721681757
0.8767959336797039
0.8767966519594672
0.876795348796766
0.8767958954509681
0.8767970603716132
0.8768003770405464
0.8768037856940933
0.8768047547573444
0.8768056074716756
0.8768060265594682
0.8768066678443939
0.8768077712036695
0.8768082930422786
0.8768078683080549
0.8768089409699827
0.8768091368957593
0.8768073376663874
0.8768053895513287
0.8768022905959199
0.8767989188775009
0.8767971255795262
0.8767974498350251
0.8767972469731696
0.8767960244263665
0.8767964544138093
0.8767989348929761
0.8767983494624821
0.8767986262878017
0.8767997842785238
0.8768001975144398
0.8767998497442177
0.8767994393356026
0.8767979199804586
0.8767974717258463
0.8767984835194302
0.8767998870928233
0.8768023453624681
0.8768038952865195
0.8768050039318889
0.8768064688156583
0.8768102590951687
0.8768138246015406
0.8768168541956584
0.8768194693946759
0.8768191945921998
0.8768209005896079
0.8768225536094635
0.876823261198004
0.8768227221831787
0.8768203997093494
0.8768170925788523
0.8768143476924062
0.8768163331467975
0.8768168698791572
0.8768181463196052
0.8768183402868509
0.8768193763653873
0.8768182768516599
0.8768175546187333
0.8768166834079936
0.8768159110275012
0.8768159239463094
0.8768166842665699
0.8768182479591202
0.8768169989532215
0.876816201944347
0.8768167943103871
0.876817610892677
0.8768187053087937
0.8768175837561674
0.8768195408782942
0.876820708841931
0.8768206789621762
0.8768192432945964
0.8768192876263525
0.8768198916571647
0.8768188306196871
0.8768200132640996
0.8768215972962528
0.8768227521372235
0.8768227307920845
0.876823533709177
0.876824541779705
0.876825210849374
0.876825342701915
0.8768257772453733
0.8768285641713598
0.876829500410082
0.8768278460309022
0.8768260939698399
0.8768273117619055
0.8768286839954099
0.8768305335350612
0.8768316489863023
0.8768326246570838
0.8768323117691867
0.8768341589791682
0.8768348707721713
0.8768363932257242
0.8768372205829467
0.8768366768020317
0.8768373543448706
0.8768377701079085
0.8768387548931111
0.8768409816696293
0.876843390799619
0.8768453230770504
0.8768476884335429
0.8768488031647069
0.8768482491368677
0.8768485882408148
0.8768505990873813
0.876851659769057
0.8768515059755506
0.8768527901696951
0.8768551109601368
0.87685723281672
0.8768594231400589
0.8768627190401957
0.876862854829943
0.8768615309491464
0.8768596113351202
0.8768555544176032
0.8768534164928358
0.8768530008986872
0.8768523598198268
0.8768522506576137
0.8768521711305979
0.8768541660808548
0.8768547139280093
0.8768544266014114
0.8768559049312304
0.8768576111713158
0.8768586248552859
0.8768599612943154
0.8768632495957729
0.8768636507501932
0.8768652209386806
0.8768675789621542
0.8768668971128576
0.8768668634713354
0.8768692049992043
0.8768724063431771
0.8768755934904582
0.8768779366451345
0.8768786057900391
0.8768791245468531
0.8768810836483635
0.8768822526682899
0.8768836461196015
0.8768847692439532
0.8768876155969271
0.8768896729988135
0.8768882772847066
0.8768868292172293
0.8768876377722413
0.8768877814284638
0.8768880739857012
0.876888720412772
0.8768891294734212
0.8768888627234824
0.8768910959035918
0.876894821104863
0.8768971457668616
0.8768981019861414
0.8768983335411368
0.87689894898093
0.8769007818565555
0.8769005414739719
0.8769018767008242
0.8769028384511454
0.8769030857560737
0.8769024605216055
0.8769032404353585
0.8769057893094415
0.8769080342180279
0.8769093267409024
0.8769117778865836
0.8769122219488767
0.8769125087527987
0.8769127636854167
0.8769161488545294
0.8769182023547661
0.8769198801480399
0.8769209734428696
0.8769243858975686
0.8769251150625379
0.8769250214384676
0.8769239156425218
0.8769217795649503
0.8769191970335002
0.8769177852296807
0.8769195803055905
0.8769212211930729
0.8769232623536436
0.8769240587853927
0.8769252477143773
0.8769263130753359
0.8769273487437032
0.8769276330205084
0.8769270672817576
0.8769275710609226
0.8769275842560604
0.8769273702120028
0.8769288218369663
0.8769297232786778
0.8769269083514625
0.8769250698597261
0.8769231957634611
0.876921111086006
0.8769214983397301
0.8769209152401539
0.8769179737143638
0.8769167732931505
0.8769162978459123
0.876915063345382
0.8769161746706858
0.8769147169696738
0.8769122243689402
0.8769117975708878
0.8769117951539535
0.8769120794700672
0.8769131889964121
0.8769133302067963
0.8769128627613738
0.8769101961489868
0.8769071307422049
0.8769050485786383
0.8769042830863455
0.8769048054211013
0.876906146308288
0.8769056990575392
0.8769037682876035
0.8769026264286061
0.8769029463403363
0.8769036583572519
0.8769031940928064
0.876901098590742
0.8769016168687676
0.8769026084090736
0.8769027470505827
0.8769048542383353
0.8769101439769982
0.8769124549352302
0.8769150992222569
0.8769169664538397
0.8769171926759572
0.876918528692055
0.8769208901761693
0.8769220606605204
0.8769230811274207
0.8769237002774873
0.8769243830102352
0.8769258196383901
0.8769247715777644
0.8769254331408677
0.8769264193854105
0.8769283521816506
0.8769301457926039
0.8769313416524789
0.8769307497707977
0.8769321565816248
0.8769331450698039
0.8769305578460116
0.8769268321950427
0.8769250216787655
0.8769232773682537
0.8769213169907917
0.8769196476710777
0.8769208518147289
0.8769211621578883
0.8769226047636406
0.8769225120946761
0.8769212481453308
0.8769200636478915
0.8769213919067839
0.8769248740447152
0.8769277159349148
0.8769303626297711
0.8769348461515999
0.8769376180973265
0.8769383323360789
0.876938167318672
0.87693734254539
0.8769343304707375
0.8769340218265125
0.8769341014843122
0.876932336553294
0.8769313509134912
0.8769314915882932
0.876932248071244
0.8769303432544561
0.8769285888632441
0.8769273518773226
0.8769268474136627
0.8769277944204804
0.8769267138316711
0.8769239147491925
0.8769233054418145
0.8769241632713319
0.8769226985699456
0.8769210166919709
0.8769174694609608
0.8769162458604529
0.8769179906248317
0.8769208534079116
0.8769226261363684
0.8769248569547285
0.8769264847998747
0.8769267980157842
0.8769258088245387
0.8769259537117061
0.8769284311504537
0.87692922282547
0.8769311823165291
0.8769307533636621
0.876930128077279
0.8769296019601132
0.8769304702856471
0.8769296091967306
0.8769305525386103
0.8769316547633202
0.8769330492724278
0.876934137936839
0.8769350038393783
0.876933907662688
0.8769322008591269
0.8769312507935568
0.8769298457582303
0.8769267169176986
0.8769251569917257
0.8769236697036776
0.8769261676988673
0.8769284072768884
0.8769285363038775
0.8769289642297273
0.8769302220061793
0.8769340650205372
0.8769354818269753
0.8769361390100046
0.8769365166338816
0.8769374051332899
0.8769381867698078
0.8769384013006439
0.8769380539181233
0.8769358570696011
0.876933239570077
0.8769329412010158
0.8769327640841631
0.8769346077558292
0.8769359997176032
0.8769379873224586
0.876938192169286
0.876938440691751
0.8769393611719616
0.8769408904346356
0.8769413093605356
0.876941048168082
0.8769394187426129
0.8769400127020253
0.8769406263471475
0.8769424956492098
0.8769440183273025
0.8769434788591888
0.8769427170243634
0.8769402238946069
0.8769378708909742
0.8769359693087052
0.8769368121751129
0.8769393956135415
0.8769400233049721
0.8769401180137206
0.8769406877244668
0.8769404545355527
0.8769394311267661
0.8769392794065577
0.8769378206813165
0.8769353469944772
0.8769356768516505
0.8769357046310422
0.8769369927661768
0.8769392700740604
0.8769376572199457
0.8769358040965639
0.8769347130658095
0.8769335794194791
0.8769330025551426
0.8769334939986212
0.8769349276432141
0.8769350441502243
0.8769365804572179
0.8769383284684056
0.8769403325981385
0.87694128175896
0.8769435780750281
0.8769439702404674
0.8769434861889472
0.8769426520254673
0.876945333665443
0.876945947980318
0.8769462716590589
0.8769447601499394
0.8769414744195241
0.8769395134182453
0.8769378764602705
0.8769376756611404
0.8769382314867821
0.8769369460571699
0.8769343022788483
0.8769331005359852
0.8769302626358224
0.8769280271689632
0.8769282239027623
0.8769279044619396
0.8769282148266121
0.8769275230177601
0.8769254719359206
0.876924310810791
0.8769234229160592
0.8769233933464496
0.8769234314345631
0.8769216373364734
0.8769196465380943
0.8769185497629404
0.876919257279878
0.8769225806229676
0.8769249083191049
0.8769263813928903
0.8769261789470033
0.8769257779908967
0.8769229632211433
0.8769210380857824
0.8769185543968948
0.8769155533088604
0.8769125192765624
0.8769108323164733
0.8769103306924974
0.8769105089069145
0.8769106279695551
0.8769111335642299
0.8769119524336444
0.8769125844501131
0.8769129115860093
0.8769144269856687
0.8769139297334378
0.8769121362064073
0.8769119850793418
0.8769091547414934
0.8769069358669866
0.8769071471362724
0.8769075942336033
0.8769086561048901
0.8769077660202856
0.8769084577777562
0.8769084063223149
0.8769078270909182
0.8769064066369388
0.8769048161407509
0.8769005007486076
0.8768970645408813
0.876896068419778
0.8768956409111032
0.8768960530005975
0.8768940040918981
0.8768906033497144
0.8768871718488759
0.8768850904463975
0.8768842497742183
0.8768843367703192
0.876887705932238
0.8768897450334675
0.8768885265131633
0.8768865506296523
0.8768861727687342
0.8768863459472387
0.8768869510176428
0.8768887743713989
0.876892998527217
0.8768953563309987
0.8768956116578538
0.8768973735574656
0.8768986023491637
0.876899467768252
0.8768999202140831
0.8769002296559711
0.876899828760364
0.8768995070126042
0.8769004268390965
0.8768990358534257
0.876897735988244
0.8768967274903651
0.8768952310218603
0.8768939795385591
0.8768935273445204
0.876894264779683
0.8768949269876634
0.8768982560973868
0.8769000039741506
0.8769008140252292
0.8769031549665531
0.8769039289513174
0.8769032113087744
0.8769029091936316
0.8769033586627185
0.8769034218787233
0.8769021253254874
0.8769016431146613
0.8768993333765979
0.876898199231598
0.8768967359279595
0.8768950610551234
0.87689356100714
0.8768914298840649
0.8768888333119539
0.8768866889877422
0.8768846835530605
0.876883891649603
0.876883981596066
0.876883043774192
0.8768832687531539
0.8768850467644088
0.8768862105431591
0.8768882099398463
0.8768901054509015
0.8768910044883452
0.8768903402038042
0.8768894317740115
0.876889567702157
0.8768916934062814
0.8768939962453255
0.8768934063152168
0.8768939410547997
0.8768944451939059
0.8768948155217842
0.8768944369940822
0.8768934744610877
0.876891026548613
0.8768884094455515
0.8768860416867699
0.8768837292173998
0.8768802617497337
0.8768799929607433
0.876880172905819
0.8768785540733377
0.876877131127372
0.8768764970893191
0.8768789702137232
0.8768830277789013
0.8768853409491173
0.8768840290327132
0.8768805269942087
0.8768768875343012
0.8768757713369901
0.8768736211372333
0.8768710315716862
0.8768697258588746
0.8768680964943344
0.8768693272532206
0.8768706260487366
0.8768680655618962
0.8768688291601866
0.8768709920375077
0.876873872002943
0.8768756587928856
0.876877278348254
0.8768783306903699
0.8768789395310895
0.8768805170326315
0.8768801858904569
0.8768786311284441
0.8768776299632317
0.8768762032617652
0.8768746502943129
0.876874928710887
0.8768754830866865
0.8768743341468259
0.8768740548944612
0.8768764684757239
0.8768790462448794
0.8768797047721446
0.8768806842133409
0.8768807735941168
0.8768807695821125
0.8768806428222564
0.8768815866718
0.8768802291736323
0.8768784895788189
0.8768789093887047
0.8768786638652224
0.8768766160668523
0.8768757716621052
0.8768762831439464
0.8768770671455576
0.8768784957880845
0.8768791532427046
0.8768803065945283
0.8768827319529194
0.8768850087661733
0.8768855475768724
0.8768845851372672
0.8768829849959879
0.8768821861602659
0.8768804646786987
0.8768800708029725
0.8768818486895147
0.8768819513624275
0.8768806480631439
0.8768804805646727
0.8768810335475987
0.8768819912416583
0.8768819034769636
0.8768800513324938
0.8768766567948448
0.8768742270569548
0.8768724749989423
0.8768709931807217
0.87687023579059
0.8768698051730507
0.8768688355434916
0.8768665885420238
0.8768648862750048
0.8768649986077547
0.8768649980377864
0.8768657011400192
0.8768663452843787
0.8768664280686329
0.8768669927702032
0.8768667783766397
0.8768656147917708
0.876864257386195
0.8768611874379584
0.8768596067060936
0.8768608533035047
0.8768611937534051
0.876862502714085
0.8768646362689339
0.8768660840488812
0.8768682425591411
0.8768717699800781
0.8768736754153588
0.8768739629631852
0.8768734614468638
0.8768746200978764
0.8768748688239771
0.8768754325398875
0.8768758914060044
0.8768759291582894
0.8768756018490499
0.8768752236789273
0.876875700517323
0.8768762661533355
0.8768757738439881
0.8768752477759051
0.8768743227132317
0.8768735348619573
0.8768741890410887
0.8768742317112596
0.8768747991096526
0.8768744341286648
0.8768753973137582
0.876875896961012
0.8768760893727127
0.8768769475963134
0.8768783939863845
0.8768804280091973
0.8768832719905314
0.8768849778521539
0.8768854176390186
0.8768862212506312
0.8768870428712151
0.8768894939004648
0.8768931379325308
0.8768954638951372
0.8768977792487868
0.8769008139721433
0.8769028119550445
0.8769035313485763
0.8769044914062901
0.8769054629886995
0.876906592144548
0.8769072908188066
0.8769087119026223
0.8769061462496449
0.8769028154180608
0.8769006737237711
0.8768975113909656
0.8768946974517231
0.8768930865332308
0.8768915875355467
0.8768899883375018
0.8768884956759035
0.8768881041257159
0.8768870199453949
0.8768877043713764
0.8768885179895367
0.8768878945494037
0.8768872150457195
0.8768870020930352
0.8768873056578591
0.876887503642426
0.876888413014277
0.8768887012294917
0.8768894859970863
0.8768895659524347
0.8768905637053627
0.8768922917270908
0.8768944131231692
0.8768975547661124
0.8768997771407064
0.8769001665573045
0.8769013569281652
0.8769012157548908
0.8769001001215083
0.8768993045637615
0.876898337105615
0.8768976578082773
0.876896493705443
0.87689509536035
0.8768937194622044
0.8768927166555428
0.876889873265281
0.8768860709267774
0.8768821941430415
0.8768792391772795
0.8768776490556144
0.8768784192318245
0.8768785444194347
0.8768788334842247
0.8768792617232025
0.8768805550341044
0.8768813846208517
0.8768838254084557
0.8768862724876506
0.8768897115785228
0.8768923793780139
0.8768953717887905
0.8768979121628263
0.8769002384134035
0.8769011452250388
0.8769014668031339
0.8769024422979604
0.876901633510438
0.8769009940610194
0.8769008636515672
0.8769016828645412
0.8769026585095602
0.8769046072046195
0.8769074467789583
0.8769101762612445
0.8769129022727193
0.8769161614413318
0.8769179068671665
0.8769201385126175
0.8769213457358122
0.8769216587584172
0.8769224677985932
0.876922732141996
0.8769219324333438
0.8769216726699532
0.8769223010823812
0.8769232546158916
0.8769260092769517
0.8769275037770788
0.8769277508796192
0.8769262018564903
0.8769252092939276
0.8769264021249281
0.8769286921541611
0.8769303864942906
0.8769316558946327
0.8769341398201583
0.8769346060103368
0.8769348631032363
0.8769361797614058
0.876937460094122
0.876939055360653
0.876940263481064
0.8769412857197716
0.87694260153087
0.8769421086895198
0.8769403171927479
0.8769391384003478
0.8769373266359615
0.8769355154799476
0.8769329525885223
0.8769292743611571
0.876927077413205
0.87692466435546
0.8769223348085645
0.8769212690972538
0.8769201777760558
0.8769193824518888
0.8769192287153401
0.8769181053466459
0.8769177847263633
0.8769159547944871
0.8769146599471481
0.8769131914658582
0.8769118433345819
0.8769116126558406
0.8769113999802908
0.8769132323225215
0.8769139318236437
0.876914866442649
0.8769137485900533
0.8769121604492003
0.8769098533666698
0.8769078442329685
0.8769059964746624
0.8769041074824627
0.8769024805249315
0.8769016767806732
0.8769008759369098
0.8769007680059419
0.8769013733131799
0.8768997797521487
0.8768983821778337
0.8768990513270991
0.8768988848880055
0.8768976164288999
0.8768972706617661
0.8768959369480512
0.8768968301767233
0.8768980058710181
0.8768967569280256
0.8768958787692989
0.8768953713382857
0.8768955638347907
0.8768987200848146
0.8769002986924499
0.8769004810163996
0.8768993969823333
0.8769000678896386
0.8768998640792794
0.8768987301984844
0.8768966283543643
0.8768945962380124
0.8768937958255866
0.8768939186857196
0.8768944898129212
0.8768956139462187
0.8768950979996836
0.8768929244358452
0.8768913011329404
0.8768905991544214
0.8768908331495057
0.8768913270762856
0.8768914020050723
0.8768919151949705
0.8768921193393129
0.8768937174533787
0.8768945188106962
0.8768940858425719
0.8768946892260993
0.876895006018201
0.8768955424478286
0.8768950699980336
0.8768935310860226
0.8768921171241538
0.876891074999845
0.8768891774968824
0.8768881811374534
0.8768882357286402
0.8768870699203869
0.8768866364877645
0.8768869803433748
0.8768878676308234
0.8768875157341038
0.8768870692451982
0.8768880805077572
0.8768877791318874
0.8768889557697032
0.8768888064302538
0.8768870889166681
0.8768845664669004
0.8768807579822527
0.8768781093317355
0.8768773331812819
0.8768764648427202
0.8768754051976367
0.876876295255235
0.8768791362560749
0.8768800204042313
0.8768806985813298
0.8768803517932572
0.8768799144021332
0.876879143485762
0.8768786339691047
0.8768777036235357
0.8768772406440486
0.8768764117950683
0.8768750623165685
0.8768745797497464
0.8768747841829075
0.8768753163551413
0.8768744554864717
0.8768742602454346
0.8768736615185432
0.8768747334604778
0.8768753615406372
0.8768747482545102
0.8768732284920936
0.8768725541957607
0.8768723073317437
0.8768718953821162
0.8768703875271818
0.8768691804637355
0.8768687976045674
0.8768676991666913
0.8768667485567847
0.8768665623991467
0.8768667777874323
0.8768685757012531
0.8768706206637081
0.8768724687855239
0.8768733567993474
0.8768760881816017
0.8768794489638365
0.876882022150506
0.8768836271057019
0.876883510184048
0.8768852309904659
0.876888070285814
0.8768894764003521
0.8768895304766289
0.8768901599941
0.8768902374773917
0.8768915997589376
0.8768923363192954
0.8768928713210039
0.8768937309250716
0.8768953992093037
0.8768971615995527
0.8768995960194141
0.8769003074454901
0.8769011603135061
0.8769022231418278
0.8769029604591867
0.8769042040268111
0.8769046503959704
0.8769044213596002
0.8769049085771514
0.8769044001818687
0.8769045352549141
0.8769043701203941
0.8769050922229242
0.8769061813607104
0.8769075541759893
0.8769094983140855
0.8769096096255051
0.8769092840384444
0.8769087358934201
0.87690849311665
0.8769091699652095
0.8769091321934307
0.8769098312179201
0.8769113480526869
0.876912051721581
0.8769112843474436
0.8769101327112381
0.8769091842654967
0.8769081355729867
0.8769057530536297
0.8769046473672952
0.8769032987735584
0.8769020546850165
0.8768999382439613
0.876897560925557
0.8768951717917255
0.876893908957593
0.8768928315349875
0.8768923056011272
0.8768918175984438
0.8768920116471011
0.8768925535201847
0.8768936374506592
0.8768949274982444
0.8768953691124947
0.876896117415501
0.8768960633652287
0.8768952293557304
0.8768954182401556
0.8768961549144838
0.8768967267269214
0.876896926755455
0.8768976267676679
0.8768986033266828
0.8769000887409776
0.8769009512150692
0.8769014955444597
0.8769022642485028
0.8769044066202532
0.876905927885873
0.8769069256692469
0.8769069558813604
0.8769068301174735
0.8769072100080547
0.8769084763978401
0.8769093124066966
0.8769113173260948
0.876912646087737
0.8769143585398713
0.8769151660562029
0.876915488786432
0.8769149739104083
0.8769147805557566
0.8769155389785
0.8769162071950981
0.8769166097069269
0.8769182196419993
0.8769198616996253
0.8769194294622007
0.8769180484928567
0.8769166796268235
0.8769165294281158
0.8769171325101658
0.8769163815199122
0.8769166787637154
0.8769168658068113
0.8769176919797682
0.876918885397449
0.8769200511967238
0.8769206644492941
0.8769210003239168
0.8769209695944978
0.8769209402695395
0.8769208089200405
0.8769216743059898
0.8769220483673172
0.8769225087718161
0.8769225275742676
0.8769216120067869
0.8769201551176434
0.8769194182908305
0.8769174986519213
0.8769155640629483
0.8769126108152667
0.8769105029828226
0.8769086734583059
0.8769072086608495
0.8769072867537798
0.8769072638822181
0.8769066967453979
0.8769063327785339
0.8769057105472168
0.8769053341901674
0.8769044044049648
0.876904434403132
0.8769057056165105
0.8769072415237179
0.8769078259331624
0.8769065827625236
0.8769053119090252
0.8769030702370438
0.8769027643472455
0.8769029631682663
0.8769031592990401
0.8769029044110457
0.8769027422029234
0.8769031829318739
0.8769035674341285
0.8769023191977171
0.8769014668204129
0.8769011368205835
0.8769012891226338
0.8769014846078993
0.8769020520949654
0.8769037536173542
0.8769057573515547
0.8769076240983491
0.8769088489820365
0.8769102121265312
0.8769104579461822
0.8769113165854401
0.8769116543709579
0.8769118234104987
0.8769113425434211
0.8769109573591323
0.8769105836059753
0.8769100877114779
0.8769089675018401
0.876908210621035
0.8769076486026773
0.8769070668161113
0.8769074654649441
0.8769079347446596
0.8769079539480376
0.8769083020038475
0.8769092475763282
0.876909675404289
0.8769098791175005
0.876909538316666
0.8769079586307701
0.8769058787280885
0.8769050008446108
0.8769037668547961
0.8769030976298049
0.876902698469977
0.8769027819907697
0.8769028000827669
0.8769045779006913
0.8769042581179157
0.8769032962329167
0.8769019647840292
0.8769021120191476
0.8769027457873021
0.8769030631704497
0.8769027741427802
0.8769033570431987
0.876905004088141
0.8769063435616655
0.8769064759552783
0.8769064017837349
0.8769062997007901
0.8769054422904117
0.8769069967040212
0.876907901128179
0.8769071431154467
0.876906502755429
0.8769071125472522
0.8769070748425478
0.8769058147779178
0.876906985724203
0.876907868430356
0.8769083429246832
0.8769070239098151
0.8769046729828074
0.8769026677119771
0.876900696471856
0.876899687572891
0.8768992387988012
0.8768976061280103
0.8768957081983663
0.8768934220937527
0.8768915882023315
0.8768908282638633
0.8768914019665963
0.8768916510238006
0.8768910213654788
0.8768887444255474
0.8768866700784609
0.8768842341297658
0.8768815137307334
0.8768789649392397
0.8768758401211844
0.8768740267521541
0.8768734138360181
0.8768717990997561
0.8768700978471553
0.8768684698035469
0.876868213678509
0.876867683587002
0.8768686756042227
0.8768703250300709
0.8768721589955298
0.8768742732016632
0.8768766821578831
0.8768794624602
0.8768812976010689
0.876882025374022
0.8768824843767848
0.876881475805941
0.8768814332743109
0.8768821556444525
0.8768830421610215
0.8768837782193442
0.8768831639460708
0.8768827094766308
0.8768836760003687
0.8768845677408645
0.8768845113912564
0.8768840928608632
0.8768835118926779
0.8768827316261534
0.8768825361408089
0.8768835785505139
0.8768836057839726
0.8768829340324175
0.8768830041656934
0.8768838561670587
0.8768847124604976
0.8768858342833402
0.876885905177746
0.8768853037206625
0.8768842063113013
0.8768842935706967
0.8768852154108272
0.8768868543656921
0.8768883988617004
0.876889943858022
0.8768905311902717
0.8768912301091216
0.8768922456708345
0.8768925437776903
0.8768932323525988
0.8768933712222543
0.8768955920681146
0.8768979794212933
0.8768991101581004
0.8768984813809675
0.8768980623870811
0.8768972657318133
0.8768967514834335
0.876896820415765
0.876897249666321
0.8768976401553065
0.8768978296809873
0.8768981071292611
0.8768976908423687
0.8768971547454479
0.8768956394708591
0.8768957115365444
0.8768960018599181
0.8768966458930522
0.8768975241163618
0.876897982902005
0.8768981238418416
0.8768982498739172
0.8768981867468474
0.8768984146628286
0.8768980093053411
0.8768977220957351
0.8768979173442026
0.8768981048551154
0.8768981319671841
0.8768988498693238
0.8768992118981365
0.8768997537434623
0.8769005320617325
0.8769009898871987
0.8769013090510827
0.8769024940652812
0.8769038101789076
0.8769044455754644
0.8769053518751073
0.8769060118582693
0.8769064508342005
0.876905617087295
0.876905495748349
0.8769053447905005
0.8769042598515685
0.8769032611543889
0.8769027547812871
0.8769023253022964
0.8769029222434497
0.8769031809501092
0.8769035395229577
0.8769043165782385
0.8769064721656296
0.8769085584244205
0.8769105415100188
0.8769112145079251
0.8769110404401513
0.8769126237821846
0.8769136686949149
0.8769144715943228
0.8769149589861708
0.8769154980008559
0.8769156599824965
0.8769163414888945
0.876917298849645
0.8769187668035745
0.8769200139116186
0.8769212880572332
0.8769220268771389
0.8769228521262169
0.8769230203480951
0.8769222046954912
0.8769218492855427
0.8769214292031617
0.876920930083841
0.8769219328072737
0.8769230065770132
0.8769237034310747
0.8769233143828415
0.876924318794353
0.8769259767045279
0.8769281001195716
0.8769298414800702
0.8769316021778591
0.876933607620425
0.876935851684047
0.8769390387399223
0.8769409442853379
0.8769428968608759
0.8769446636561317
0.8769459408330177
0.8769460563088968
0.8769464690524489
0.8769465555874374
0.8769479336647725
0.8769482242658411
0.8769473763798981
0.8769463071250715
0.8769452763188118
0.8769447932577927
0.8769452456629442
0.876946423613087
0.8769481461073504
0.8769487151400928
0.8769486509164685
0.8769499885920545
0.876951454044152
0.8769526531885341
0.8769536234228515
0.8769534336651145
0.8769525523288195
0.8769517861929893
0.8769520684389017
0.8769518069582837
0.8769501742123421
0.8769508735569128
0.8769523118691431
0.8769519019019961
0.8769518966785109
0.8769520369354233
0.8769512561480721
0.8769503225521593
0.8769510854419406
0.8769513795827527
0.8769513341706239
0.8769508920875568
0.8769503952991894
0.8769509212538602
0.8769525117231336
0.8769533676091248
0.8769532268751163
0.8769545245177689
0.8769557731778284
0.8769572458722042
0.8769597745448344
0.8769621725466339
0.8769637327692631
0.87696382286992
0.8769639208018043
0.8769633437233532
0.8769618874245791
0.8769604632679024
0.8769600517456881
0.8769603507213588
0.8769601208318913
0.8769602796999372
0.8769604666474977
0.8769604104364523
0.8769614356178814
0.8769623691896067
0.8769627380980162
0.8769639965223971
0.8769665163463181
0.876968289885123
0.8769672992077657
0.8769665488805032
0.8769665704538644
0.8769666767675593
0.8769670606205644
0.8769678748617812
0.8769693711235022
0.8769715621383621
0.8769741386335067
0.8769756169600376
0.8769766918845069
0.876978220362661
0.8769787293929172
0.8769791302656194
0.8769812895837805
0.8769834139780558
0.8769856341950691
0.8769866103294801
0.8769880693238261
0.8769892235447065
0.8769901620785351
0.8769907278049762
0.8769913637046853
0.8769920655215493
0.8769941525485376
0.8769951772670078
0.8769937301837684
0.8769916298291084
0.876991250062171
0.8769910752511738
0.8769908177088169
0.8769911057069162
0.8769906940755557
0.8769903445055867
0.8769905177950907
0.8769901485631739
0.8769895796693796
0.8769896631961175
0.8769900001354952
0.876991741693762
0.8769940675067701
0.876996024182066
0.8769982584313981
0.8769999174472136
0.877000508147385
0.877000124125255
0.8770001621594752
0.8769990837545305
0.8769977418922849
0.8769966570690212
0.876996402203968
0.876995614662171
0.8769955638741661
0.876995953557624
0.8769963586354619
0.8769961313765225
0.8769955329091916
0.876995861919004
0.8769955890372834
0.8769953307628267
0.8769972491790745
0.8770003658241292
0.8770014875367519
0.8770007421906327
0.8769999325057165
0.8770000280493395
0.8770015693295238
0.8770032502133863
0.8770039987573116
0.8770035902403875
0.8770039888419917
0.8770060729360939
0.8770062991874723
0.8770065568492101
0.8770068406143684
0.8770078471978815
0.8770082956223765
0.8770084389100503
0.8770087103818479
0.8770093924324304
0.8770100054337364
0.8770105795949917
0.8770119530057687
0.8770133508718975
0.8770133184630635
0.8770119478207057
0.8770098936788735
0.8770093797917107
0.877009223505072
0.8770080124171581
0.877007294633477
0.8770076202246321
0.8770061324851244
0.8770043572734062
0.8770036488557804
0.8770026700665898
0.8770022237254275
0.877002924837059
0.8770032966220086
0.8770028618053002
0.8770039027899099
0.8770039962147294
0.8770042952675556
0.8770057268791962
0.8770068555320769
0.877007609394427
0.877007134759437
0.8770061350858203
0.8770047077240158
0.8770035369990101
0.8770002481980171
0.8769968186977536
0.8769947813033049
0.8769936692049694
0.8769918440855795
0.8769908544024404
0.876991218469915
0.8769899324317956
0.876988318507585
0.876988679876943
0.8769881879382506
0.8769871101336424
0.8769874389450514
0.8769882384963531
0.8769884304197962
0.8769881473508817
0.8769889587473493
0.8769899157719035
0.876990274237147
0.8769904075540849
0.8769903637583096
0.8769910339009391
0.8769918981855046
0.876992014193203
0.8769932372811707
0.8769939512610846
0.8769922984615476
0.8769903788478361
0.8769892306397613
0.8769887783523196
0.876987987957346
0.8769875900707141
0.8769870725957454
0.876986159471663
0.8769845252837405
0.876983832247192
0.8769844558847574
0.8769847626288605
0.8769855319749705
0.8769862140636663
0.8769852865792829
0.8769859138608137
0.8769883313130877
0.8769890117149064
0.8769897002278754
0.8769890828548197
0.8769871908619108
0.8769850725585953
0.8769844607040116
0.8769850247181366
0.8769848102991268
0.8769836808456953
0.8769818369543995
0.8769801601264924
0.8769802146647488
0.8769807354111838
0.8769801645276624
0.8769790848527018
0.8769797987361667
0.87698170013989
0.8769832037897336
0.8769846085249139
0.8769842906455958
0.8769821384687937
0.8769806454703012
0.8769804288917417
0.8769812417367864
0.8769830936791421
0.8769848921466539
0.8769861801009017
0.8769863554098272
0.8769861874068708
0.8769864508523089
0.8769862371663066
0.8769845821980944
0.8769824525301838
0.8769819655483434
0.8769835024875832
0.8769858261058704
0.8769858056269767
0.8769848686585209
0.8769833875716706
0.8769818431621228
0.8769805459421055
0.8769786328805175
0.8769777433413701
0.876977161569371
0.8769758377606529
0.8769734670618617
0.8769711774057498
0.8769693112761581
0.8769692103984497
0.8769700267304715
0.8769706582391384
0.8769700185364392
0.8769695193851003
0.8769687455450907
0.8769685968089815
0.8769687919765146
0.8769690423833446
0.8769687235412819
0.876968548209009
0.8769676046161803
0.8769665592340642
0.8769653957358465
0.8769640254408051
0.8769626909398834
0.8769615476726499
0.8769598639464868
0.8769584664476698
0.8769571139800173
0.8769549758606779
0.8769536304660345
0.87695227136697
0.8769516380309549
0.8769515669558088
0.8769511423375573
0.8769499358822509
0.8769491081255254
0.8769494283280332
0.8769495524056459
0.8769502587274227
0.876950868960688
0.8769519365646717
0.8769519161946466
0.8769517808577114
0.8769527180248972
0.8769527347939469
0.8769524518994197
0.8769532452507499
0.8769538091027165
0.876954796132833
0.8769560296240052
0.8769563967857721
0.8769564307740321
0.8769565747341492
0.8769586143521984
0.8769610957700548
0.8769619731281555
0.8769625236509545
0.8769638254748058
0.8769650010159554
0.8769653848253173
0.8769657361972273
0.8769671122472387
0.8769692055543618
0.876970808248215
0.8769728839894241
0.8769751480777959
0.8769773766736406
0.8769795595221892
0.8769810770467674
0.8769823010053396
0.8769832641481707
0.8769828404298787
0.8769820659802422
0.8769814201326069
0.8769822643458155
0.876983259868955
0.8769829212737251
0.8769821454721977
0.8769818582911509
0.876981146665664
0.8769807875094747
0.8769794897578813
0.8769770777357294
0.8769758590499505
0.8769757123860367
0.8769755957486701
0.87697493528698
0.8769744684229694
0.8769743808207429
0.8769744809773296
0.8769746415484023
0.876975423727871
0.8769776231074883
0.8769801901999443
0.8769820698364944
0.8769836003659235
0.8769835010874827
0.8769823409808848
0.8769823137049102
0.8769831793509213
0.8769830406002206
0.8769826228873991
0.8769824697499273
0.8769820014429842
0.8769808293703292
0.8769812763631524
0.8769817582476633
0.8769818512801343
0.8769823957448528
0.876983469199663
0.8769842710667433
0.8769842666694224
0.8769843731218315
0.8769841090868287
0.8769846951337794
0.876987308693205
0.8769893370337207
0.8769899394143162
0.8769908951157166
0.8769917837658138
0.8769924063994371
0.8769930089891548
0.8769921455736336
0.876990548294985
0.8769897751860982
0.8769891659531955
0.8769896599615048
0.8769890941835039
0.8769892111394836
0.8769888874462214
0.8769886054489551
0.8769878192894421
0.8769869972316242
0.8769868385527185
0.8769871914185096
0.8769877479456472
0.8769889635249931
0.8769909613409261
0.8769923170275633
0.8769927608807783
0.8769928395006532
0.8769924113274934
0.876991480436567
0.876990916275753
0.876990861132066
0.8769917420798209
0.8769928551934075
0.8769922563519871
0.8769907624036706
0.8769889285901109
0.8769858193232165
0.8769824285601246
0.876980487133948
0.8769799101973978
0.8769797058207661
0.8769793854908893
0.8769784999911223
0.8769783049511185
0.8769793784145173
0.876980524405552
0.8769806651328905
0.8769793550587779
0.8769779385044792
0.8769783444524464
0.8769791288514723
0.8769795497843734
0.8769806462257886
0.8769814780641805
0.8769818732882908
0.8769824835276817
0.8769826493328977
0.876983154472388
0.8769841945462307
0.8769852635318854
0.876985897975638
0.8769864360385767
0.8769865662406466
0.8769877736601255
0.8769901437081383
0.8769914671959356
0.8769911399430942
0.8769899259275538
0.8769890144791755
0.8769895366030815
0.8769901845692243
0.8769912467757945
0.8769910937249537
0.8769914689450125
0.8769924696511279
0.8769927638799856
0.876992566208822
0.8769929214661065
0.8769918942373948
0.876990908855969
0.8769890359631646
0.8769870175330542
0.8769869555551904
0.8769870947386857
0.8769861868351748
0.8769852167953411
0.8769849564377199
0.8769850423171337
0.8769852115976258
0.8769842404717102
0.8769832822174511
0.8769822769592658
0.8769823998806944
0.8769823362948823
0.8769816340717289
0.8769820061232694
0.8769818396543506
0.8769810308569457
0.8769794183575005
0.8769779494066876
0.8769761999748229
0.8769746918202616
0.8769743260758018
0.8769734796128216
0.8769736010376138
0.8769743353733327
0.8769748786051066
0.876974383922629
0.876974413998538
0.8769745406471507
0.876974635056536
0.8769750600279859
0.8769746431928355
0.8769745791026378
0.8769750518892642
0.8769739702710856
0.8769739026526171
0.8769730474008055
0.8769723045898987
0.8769716502168363
0.8769716862625921
0.8769716829579255
0.8769703828627123
0.8769694811593237
0.8769679978976175
0.8769657432908349
0.8769646055188087
0.8769628967611739
0.8769617562140494
0.8769610284082822
0.8769606926504515
0.8769601993417764
0.8769597799307953
0.8769594134183393
0.87695974567986
0.8769589682701004
0.8769576858457309
0.8769558456245238
0.8769540406546781
0.8769534531973786
0.8769524227676371
0.8769521154720568
0.8769521995147007
0.8769525281936214
0.8769530322007753
0.8769523950278398
0.8769526279942282
0.876954176741957
0.8769551675575433
0.8769559679907845
0.8769558818620895
0.8769567948572465
0.8769568843100216
0.8769554502286073
0.876954103558768
0.8769533512646468
0.8769530594536153
0.8769521404211258
0.8769502908070487
0.8769484924607436
0.8769482038738707
0.8769490151550033
0.8769497119217091
0.8769499903787134
0.8769495586515559
0.8769494614943775
0.8769493010459101
0.8769501560503078
0.8769506121772794
0.8769506992284641
0.8769509393919909
0.8769512073452401
0.8769511730069431
0.8769505612397992
0.8769496533895649
0.8769498213359002
0.8769516184959001
0.8769540564498902
0.8769559807994034
0.8769563090089788
0.8769564286403115
0.8769567543854404
0.8769569048010637
0.8769580928382518
0.8769596906497932
0.8769605080134444
0.8769617843260699
0.8769625535012424
0.8769630835747976
0.876963253264507
0.876963464429993
0.8769644198812587
0.8769655638644576
0.8769676648469318
0.8769705501918608
0.8769711108637274
0.8769718416918646
0.8769727046518052
0.8769739743940828
0.8769744708630762
0.8769750979954123
0.8769752515931376
0.8769764267349976
0.8769779299796309
0.8769792449300595
0.8769810582664876
0.8769828034933526
0.8769828968088433
0.8769833291421079
0.8769844864848434
0.8769856103804072
0.8769855562327808
0.8769862062504381
0.8769883435791082
0.8769899556137558
0.8769903769850139
0.8769905619519719
0.8769910408663502
0.8769912963999397
0.8769904904181489
0.876989104328493
0.8769870535374379
0.8769854504255167
0.8769851120529261
0.8769857660851242
0.876985516238592
0.8769856148473391
0.8769862449859223
0.8769873794214885
0.8769884078230779
0.8769883986181513
0.8769882847998541
0.8769863458834763
0.8769835748730076
0.8769807904538185
0.8769794769073399
0.8769792267770992
0.8769788925066307
0.876979734167101
0.8769808561615466
0.8769802747372063
0.8769810789552974
0.8769818332617325
0.8769827765970908
0.8769837791387107
0.8769849826953812
0.8769846944811097
0.8769844510746163
0.8769836794460288
0.8769830620830272
0.8769830874004501
0.8769832803639049
0.8769824108009774
0.8769809232160035
0.8769785995295095
0.8769764656403166
0.8769739498104895
0.8769717448593117
0.8769699598562336
0.876969435636753
0.8769692451920258
0.8769682623752367
0.8769672846587478
0.8769673722639588
0.8769684502204227
0.8769685116647196
0.8769694008132192
0.8769710684165265
0.8769719701021595
0.8769728068273468
0.8769734463630062
0.8769734690738104
0.8769737214017256
0.8769750201715328
0.8769747024157206
0.8769741895113962
0.8769735360947764
0.8769735478124581
0.8769744366918537
0.8769755383459702
0.876976422669921
0.8769779446281195
0.8769795362634123
0.8769797159665411
0.8769798142768949
0.8769813127633169
0.876982715378501
0.876983171381684
0.8769821099878233
0.8769814217572602
0.8769814462352464
0.8769823121973406
0.8769823517867023
0.8769816394876416
0.8769816971572533
0.8769813029124379
0.8769805030844308
0.8769800355111839
0.8769800240485879
0.8769804369222165
0.8769803998451747
0.8769798809758871
0.8769800224459846
0.876980183824381
0.8769790817658156
0.876979263927303
0.8769797614829479
0.8769800345475862
0.876979588358696
0.876980208665087
0.8769814860778845
0.8769816605556301
0.8769813521624056
0.8769810423515082
0.8769800133119674
0.8769792354031998
0.8769788243456762
0.8769771944712254
0.8769753104039475
0.8769743488676158
0.8769740217453378
0.8769735720171598
0.8769730284870717
0.8769721370793011
0.8769707081100406
0.8769693393429048
0.8769669438454408
0.8769659932139008
0.8769653190051028
0.8769640756996061
0.8769619866744321
0.8769608766101422
0.8769606752173847
0.876960901686434
0.8769615599478484
0.876961958234192
0.8769616985627406
0.8769618899879995
0.8769611609566876
0.8769603967079175
0.8769603106879869
0.8769613640595916
0.8769615341795791
0.8769616819856497
0.8769617424731945
0.8769600663774244
0.8769584972633577
0.8769583975406197
0.8769595566598405
0.8769617104529206
0.8769614845150836
0.8769611790671856
0.8769624321659046
0.876963573397642
0.8769636347210399
0.8769618937457156
0.8769605253853312
0.8769595844460623
0.8769602315013593
0.8769622623182305
0.8769627901131387
0.8769620767263033
0.8769610268810115
0.876960038079155
0.8769601084644744
0.8769609251267237
0.8769624373762803
0.8769643518040033
0.8769653343540257
0.8769653155981076
0.8769669007689996
0.8769684340744857
0.8769689345281432
0.8769689414322441
0.8769699147984945
0.8769710114245767
0.8769704516574645
0.8769706769132636
0.8769713976096674
0.8769708040823618
0.8769707663849119
0.8769708996404197
0.8769691843605412
0.8769665469701831
0.8769643406927005
0.8769631689940169
0.8769621238370753
0.8769624938535537
0.8769623003477893
0.8769620594858955
0.8769627941668938
0.8769619803333225
0.8769599799390543
0.876958551993335
0.8769575807219195
0.8769575204515256
0.8769571402083963
0.8769575370651992
0.876958448066186
0.8769602106272361
0.8769601001252136
0.8769604353339614
0.8769622885265412
0.876963749795809
0.8769639238807231
0.8769631439003429
0.876962606171064
0.8769625958221708
0.8769625297694363
0.8769624286106241
0.8769627123979982
0.876962710377128
0.8769623031920506
0.8769624839570874
0.8769626300593506
0.8769617540793609
0.8769618859341844
0.8769616627400075
0.876962593208854
0.8769633659071273
0.8769653111531116
0.8769673801412375
0.8769697508305617
0.8769720134367331
0.8769746748116255
0.8769762615968039
0.8769769629429046
0.8769765316123364
0.8769763363460202
0.8769766616558691
0.876977031764176
0.8769785189089538
0.8769791832344462
0.8769791782990535
0.8769794175933104
0.8769797807036549
0.8769803846097843
0.8769799202940164
0.8769792247925599
0.8769791455830092
0.8769795951607225
0.8769795242822125
0.8769803384584237
0.8769814982034865
0.8769817107630015
0.8769805839684761
0.8769805261633901
0.8769801470399382
0.8769793166386175
0.8769789968404984
0.8769786323219975
0.8769795387895842
0.8769796885897616
0.8769788310166122
0.8769795889734762
0.8769805683692155
0.8769821665135712
0.8769837515543999
0.8769846923416373
0.8769848237262658
0.8769848836825959
0.8769853202623512
0.8769856808092176
0.8769859624390434
0.8769867172690519
0.8769866116823342
0.8769859066427196
0.8769851993390555
