0.3903639925932265
0.41357819915648264
0.41183284558258576
0.41615142310309244
0.4162628114774113
0.40750952170399
0.40696973475598414
0.41441677502386715
0.42034400360749863
0.42530458985915925
0.430354210915491
0.436880639449422
0.44463530965034087
0.450938366566278
0.460002178112954
0.46612935791814214
0.4720365107913107
0.4774226125233584
0.4821019427883551
0.4906441402903586
0.49821978894342284
0.5068648396721239
0.5137043504535858
0.5205762007193498
0.5276941274723422
0.5358451478827198
0.5418266866737153
0.5487560559396004
0.5560792812604793
0.5642715343455388
0.5724764731002111
0.5793529797862966
0.584950280510516
0.5913993760211829
0.5975837134019872
0.6047231427183848
0.6108882247588603
0.616687514923693
0.6218598707013869
0.6282638685970982
0.6340036317742165
0.6390805277915647
0.6439075763262447
0.6495457174328945
0.6545456845280475
0.6589987268529064
0.6635556701306348
0.667549947813549
0.6725797428660784
0.6768957480569495
0.6813055053122679
0.6851005222211537
0.689653814417587
0.6939698982768105
0.6978202754256777
0.7016243650347478
0.7049802639819919
0.7084643658678652
0.7120781106772385
0.7152737049037154
0.7188185970089139
0.7218907004808077
0.7254132919945223
0.7291571333059532
0.7329610505311065
0.73631529260775
0.7396061661353037
0.7426381206822938
0.7452184544440182
0.7480934137651543
0.7508750844459233
0.7531676927613432
0.7557370116008372
0.7579079935970482
0.760534292449172
0.7630883170571675
0.7656924733271159
0.7681195726993039
0.7700725172480272
0.7724826571406388
0.7746694068989556
0.776719310190674
0.778844770336547
0.7807334727826888
0.7825772554658309
0.7843464246161962
0.7861459944975945
0.7878853558441333
0.7895005222548134
0.7910677473342008
0.792494761256305
0.7937472919361188
0.7952291437111764
0.7966876888458441
0.7982217435855912
0.7996519221213948
0.8011774885022668
0.8025882983758931
0.8039655290968699
0.8051897993055481
0.8060950546637217
0.8072024899101423
0.8083783058074847
0.8094290233787305
0.8102925731260563
0.8112295614837689
0.8120902481831989
0.8130274053553799
0.8141279240278935
0.8151791157292808
0.8161655295872834
0.8171970679868943
0.8181377373109565
0.8190655470676268
0.8199101877356364
0.8208491889554259
0.8218476577359528
0.8228108341074215
0.8236543181043909
0.8244996870897022
0.8253675430908733
0.826058897873637
0.8266828167553075
0.8274149343367813
0.8281191928261129
0.8287758344975308
0.8294420793467854
0.8302410687130439
0.8309153650406527
0.8315632544146494
0.8321095719624091
0.8327972738555114
0.8335340347377937
0.8342918069402554
0.8350198806003386
0.8356832533960951
0.8364165909770647
0.8371447838235543
0.8377881235158494
0.8383891555668056
0.8389573268905255
0.839550185699539
0.840194834162679
0.8407846375036587
0.8413623997230079
0.8418737062925371
0.8424388964024513
0.8430317847658662
0.8436754631331466
0.8441984709727534
0.8446437216207595
0.8451741007051918
0.8456141805543078
0.845995682726526
0.8463767491779236
0.8467689161735139
0.847194763878521
0.8476600533494034
0.848200375484221
0.8487304850272388
0.8491612689328288
0.84947172708526
0.8498384923421465
0.8501518261075044
0.8505062340390762
0.8510187684626188
0.8514742222774312
0.851903726898191
0.8522720195934059
0.8526530020707902
0.8529984877780238
0.8533164347323677
0.8536054201958031
0.8538607085206468
0.8541203818598634
0.8543555996300363
0.8545629583087253
0.8547428420712568
0.8549572139508881
0.8551685780938723
0.8553413631728757
0.8554975955009227
0.8557134072135724
0.8559266323977298
0.8561350458234505
0.8563362224727863
0.8564990913680622
0.856670673969031
0.8568637373763522
0.8570666745738968
0.8572265620215518
0.8573605385065272
0.8574736113853918
0.8576679987863388
0.8578411093287801
0.8580266695105864
0.8581922970388142
0.8583241148737815
0.8584807938943205
0.8585454286202674
0.8585735198680677
0.858646085604277
0.8587595969946341
0.8588142291939114
0.8588496706547989
0.8589686973625824
0.8590906059550254
0.8592470950407709
0.8593870138327527
0.8595155092668297
0.8596545511638545
0.8597837147208609
0.8598776820354371
0.8599614830177084
0.8600497950742649
0.8601559649406334
0.860205947515895
0.8602731014151076
0.8603629483914549
0.8604283309988476
0.860497243138025
0.8605923161387913
0.8606802296538713
0.8607481712653432
0.8608883473780167
0.861043610447624
0.8611704369914971
0.8612932178507845
0.8613851148033965
0.8614598532491621
0.8615288659250118
0.8616111925874667
0.8616821725994096
0.8617437082914887
0.8618166674852674
0.8619327670630744
0.8620768651985958
0.8622278786012125
0.8623771851546083
0.8625042861385954
0.8626298259820246
0.8627481347180145
0.8628314446139779
0.8628762054681545
0.8629540329114129
0.8630259913861034
0.8630514745017113
0.8631108749459866
0.8631898340393938
0.8632714872180633
0.8633585302338787
0.8634494943668533
0.8635267073885349
0.8635774506437549
0.8636606030198322
0.8637425294861452
0.8638201166385395
0.8639027064400194
0.8639767249053238
0.8640219894295185
0.8640791449520863
0.8641456310027658
0.8641625383643068
0.8641620250433153
0.8641819240530011
0.86423079872882
0.8642541729809418
0.8642936202806617
0.864336106637542
0.8643887921702894
0.8644623152903953
0.8645144413138102
0.8645292931391586
0.8645324407341166
0.8645528193137726
0.8645646943018143
0.8645709032238308
0.8645831574668257
0.8646077582551924
0.8646386701749619
0.8646891151083118
0.8647540366267189
0.8648346917403333
0.864903771475293
0.8650071706222311
0.8651058372258754
0.8651792963768867
0.8652698328989545
0.8653295540623669
0.8653635531845463
0.8654188541698321
0.8654695126032261
0.865480605881565
0.8654830881927738
0.8655277899882035
0.8655741604506836
0.8656243338111389
0.8656294429764619
0.8656151282457646
0.8656383548195327
0.8656584887552964
0.8656794263464461
0.865728254435935
0.8657875255594073
0.8658433520229702
0.8658977822495587
0.8659344696363265
0.865973543827966
0.8659956921997983
0.8660211031189209
0.8660791559432383
0.8661528853192398
0.8662431044411396
0.8663326567909956
0.8663992089628137
0.8664363068499159
0.8664801088882779
0.8665349691092562
0.8666031659965184
0.8666645680712513
0.8667177315946841
0.8667589005656582
0.8668213543267308
0.8668817580392701
0.8669444424722514
0.867019676052087
0.8670734510885287
0.8671291094567758
0.8671992147057154
0.8672272992882443
0.8672737266785752
0.8673415537334423
0.8674336095356634
0.8675074614016202
0.8675599542922097
0.8676200693345343
0.8676674195619974
0.8676919269225607
0.867733482578493
0.8678096142874515
0.8678483970569539
0.8678737629824087
0.8679253277230282
0.8679624936206689
0.868006531551259
0.8680550408090626
0.8680904202478031
0.8681158975299634
0.8681390771680922
0.8681940567239024
0.8682733479177959
0.8683289679335826
0.8683725750517642
0.8684043525955709
0.8684181070390821
0.8684226772892991
0.8684477339374549
0.8684539386739695
0.868464000823257
0.8684781304169339
0.8684965424023535
0.8685388834428749
0.8685815704029518
0.8686222235879962
0.8686702075635728
0.8686988316628527
0.8687156907629063
0.8687361976384391
0.86874531254774
0.8687723431726677
0.8688033959750927
0.8688157942611396
0.8688501492447616
0.8689094243716883
0.8689539833329969
0.8689898046220154
0.8690231905056923
0.8690600131895324
0.8690969128161269
0.8691476364712474
0.8691866084672547
0.869212626146127
0.8692087836084633
0.8692271991539946
0.8692615803356487
0.869271191057018
0.8692977515395995
0.8693410598547228
0.8693752036938612
0.8694004968806589
0.869436362232735
0.8694751088895671
0.8695256811803375
0.8695613289617203
0.8696182012454887
0.869663197027544
0.8696872691648728
0.8697093380969184
0.8697524148923966
0.8697834503028766
0.8697997488685586
0.8698142380186004
0.8698460614801367
0.8698825810032648
0.869916662580022
0.8699291258350662
0.8699667380205965
0.8700077046764243
0.8700256755808138
0.8700143673761069
0.8700187709318037
0.8700269369010742
0.8700477933917543
0.8701036882800393
0.8701575652731905
0.870201819428523
0.8702658286434395
0.8703338380952779
0.8703881377289593
0.8704411435978373
0.8704876841697777
0.8705377127646589
0.870588271397692
0.8706064651926906
0.8706137172181366
0.870635747515604
0.8706784565165553
0.8707201372955884
0.870763083049608
0.8707827446340638
0.8707873767034534
0.8708289450577651
0.8708923431459077
0.8709336041903668
0.8709511258791319
0.8709694075920885
0.8709906885439519
0.8710133324704901
0.8710196616001049
0.8710227870498173
0.8710375947033188
0.8710550976935688
0.8710794807535613
0.8710915026848257
0.8710954114111643
0.8710888248283105
0.871110212573881
0.8711311401015968
0.871133077424136
0.8711357754953042
0.8711407071922618
0.8711543389647382
0.8711833849386074
0.8712003104570037
0.8711985629212865
0.8712083980897926
0.8712254483655079
0.8712526943198428
0.8712711094372205
0.871276109223575
0.871294564513562
0.871302525108003
0.8713058773494874
0.8713241026582117
0.871327518716306
0.8713343508963649
0.8713402932534539
0.8713527784527086
0.8713508319268906
0.8713284763679654
0.8713118589191926
0.8713200870560289
0.8713523221472774
0.871390508684216
0.8714106729035387
0.8714373662770708
0.8714772673719986
0.8715019151443868
0.8715254110612978
0.8715549273756917
0.8715869947780601
0.87161108817382
0.8716325708882271
0.8716564306996518
0.8716732610767094
0.8716893705395757
0.8716938349089097
0.8717061382499041
0.8717323914593349
0.8717719365982547
0.871803243140267
0.8718223884098405
0.8718409133772679
0.871857328667236
0.871876617877477
0.8718987267952913
0.8719261959087755
0.8719441714163261
0.8719525385509035
0.8719677040917329
0.8719741099074997
0.8719993370489982
0.8720412217322716
0.8720600319950926
0.8720761007781502
0.872103916775326
0.8721361150022638
0.8721664346283026
0.8721919687692281
0.8721932879597133
0.8722059335742984
0.8722211390226887
0.8722267770939388
0.8722303814997556
0.8722422519544677
0.8722544739352545
0.8722584752764775
0.8722635817844832
0.8722718682050336
0.8722702916468154
0.8722850512114352
0.8722922097735687
0.8722929845548861
0.872309545611909
0.8723390242518239
0.8723713862635905
0.8723939155478325
0.8724120095740081
0.8724169859905843
0.8724347206508738
0.8724718262182081
0.8724845561744963
0.8724870258112555
0.8724791155218433
0.8724759854812184
0.8724751619437928
0.8724748334147453
0.8724871707099172
0.8725064566027594
0.8725245957187258
0.8725482391478352
0.8725612814813469
0.8725785861511038
0.8725975049189594
0.8726121737918301
0.8726273827796268
0.8726243184679173
0.8726252117080993
0.8726492900694222
0.8726760853281837
0.8727006099721668
0.8727103239777472
0.8727094600187185
0.8727230810484828
0.8727423313753943
0.8727588608153808
0.8727838780493407
0.8728041957056476
0.8728145388861047
0.8728159717227487
0.8728223468635916
0.8728315819115094
0.872837929273287
0.8728566024126194
0.8728739669784776
0.8728666725790637
0.8728631021870283
0.8728498790575999
0.8728233622301422
0.8728148617764051
0.8728139465802037
0.8728163481019098
0.8728413234386752
0.8728676563672063
0.8728790146699292
0.8728927655457225
0.8729155909128177
0.8729285617553735
0.8729240279683764
0.8729140845892168
0.872914789124359
0.8729321432549818
0.872959403244071
0.872979649017525
0.872994088066393
0.873010684999391
0.8730342701470786
0.8730574318172771
0.8730620853258664
0.873065203283525
0.873076491215023
0.8730861578303566
0.8730940307777326
0.8730976115824369
0.8730959719605452
0.8730952047505788
0.8730965207582674
0.8730930425028105
0.8731000908108832
0.8731074500097601
0.8730973444884775
0.8730802297470192
0.8730713015942447
0.8730665652511851
0.8730733609793415
0.8730834579027179
0.8730886478497003
0.8731013431901856
0.873119270241419
0.873149977958947
0.8731703565575112
0.8731851945675313
0.873201508144202
0.8732008106136894
0.8732053839944409
0.8732162001327225
0.8732218148378058
0.873206045687347
0.8732025268410439
0.8732143599416989
0.873229415513044
0.8732451032780841
0.8732542770540637
0.8732630556531479
0.8732689873604338
0.8732854989604513
0.8733090855072465
0.8733173698843809
0.8733266711609436
0.8733291295728649
0.8733317734211772
0.8733292170050467
0.8733323184976909
0.8733312900846227
0.8733376252324556
0.8733570969977368
0.8733647073214263
0.8733822763269667
0.8734039339294851
0.8734260669905373
0.8734420922638692
0.87344673143744
0.8734578431453478
0.8734721338855762
0.8734690315424304
0.8734698818263823
0.8734772743798442
0.8734727318488003
0.8734773209698046
0.8734759463887664
0.8734845693977062
0.8735006742468108
0.8735080903621834
0.8735067576554553
0.8735258314440161
0.8735388438515681
0.8735524997763775
0.873558641006013
0.8735601346526289
0.8735625417264773
0.8735545254594499
0.8735532886531725
0.8735625683731216
0.8735791493708658
0.8735937724351618
0.8736039549224353
0.8736154182457784
0.8736194500784005
0.8736131641324832
0.8736151702472956
0.8736151986994649
0.8736121607527733
0.873624004096836
0.8736283041369063
0.8736419436688542
0.8736650817589523
0.873674963937759
0.8736873131222046
0.8736876650956981
0.8736886431274532
0.8736899760273172
0.8736894327857696
0.8737030678337488
0.8737302434171902
0.8737369695536927
0.8737492586131869
0.8737639804531523
0.8737757242808508
0.8737970716047748
0.8738106731925034
0.8738192396667306
0.8738128306912418
0.873813038648114
0.873814160678903
0.8738060997324113
0.8738052709236062
0.8738035086985951
0.8738132935297235
0.8738141777283338
0.8738160087284829
0.8738259544829798
0.8738398388476498
0.8738538719352278
0.8738590030121401
0.8738610553740968
0.8738646061942404
0.8738745479140745
0.8738727139788052
0.8738694113511288
0.8738750959710884
0.8738826090927643
0.8738898280838552
0.8739059605233075
0.8739143843501299
0.8739235085390987
0.873933594819902
0.8739441466572161
0.8739559148292265
0.8739696277676366
0.8739846483500359
0.8740007643359254
0.87401251500253
0.8740237124397646
0.8740299286990375
0.8740397317563141
0.8740555707439289
0.8740773776327708
0.8741004618281856
0.8741060769649223
0.8741106620347935
0.8741178575042762
0.8741236520463441
0.8741228800177324
0.8741168082376385
0.8741133682891239
0.8741277689842375
0.874138044107965
0.8741281317726937
0.8741207818037074
0.8741188370432272
0.874113510371416
0.8741190669265885
0.8741271026586253
0.8741255213895356
0.8741183196944948
0.8741070266166948
0.874098432880761
0.8740985756817664
0.8740875614201165
0.8740699911423347
0.8740635794677132
0.8740658411276587
0.8740846366731054
0.8740922678220638
0.8740933746749593
0.8741036784836165
0.8741060965238087
0.8741067578341423
0.874109747713159
0.8740977524059297
0.8740834299113904
0.8740833985288688
0.874087579934474
0.8740950946555792
0.8741038847996583
0.8741030443678864
0.8741048502175115
0.8741094092020596
0.8741157069653882
0.8741125929121285
0.8740973544899143
0.8740943452350101
0.874097617321762
0.8741078395399757
0.8741285801650953
0.8741471157477484
0.8741592993881291
0.8741710818342899
0.8741797630076166
0.8741838546245821
0.8741953758679392
0.8742023121091339
0.8741985291243844
0.8741952328952076
0.8741915864013629
0.8741857216048255
0.8741858498261946
0.8741908005187102
0.8741963704550497
0.8742075454543128
0.8742080108964871
0.8742123211977281
0.8742120613354145
0.8742111806992441
0.8742221184036106
0.8742286577280494
0.8742253068452704
0.8742262241268627
0.8742261191766352
0.8742225606932869
0.8742199879107718
0.8742137385774607
0.8742123447158531
0.874210756784552
0.8742121870506906
0.8742201395938644
0.87422649610724
0.8742353139676543
0.8742420379527183
0.8742443970274941
0.8742496173904374
0.874259886840944
0.8742645464703587
0.8742633848698086
0.8742654203203718
0.8742719029128776
0.8742741572108758
0.8742832282229692
0.8742841013566341
0.8742693838344392
0.8742622479849311
0.8742502062513341
0.874233417791857
0.8742228175762096
0.874216612543108
0.874212713948147
0.8742125513311441
0.874213066176586
0.8742251507663109
0.874231109907007
0.8742240509722906
0.8742255501417157
0.8742241389952198
0.8742152652640051
0.8742142653956737
0.8742130522792287
0.8742040443841055
0.8741941010234028
0.8741825758161309
0.8741796784013401
0.8741812606185794
0.8741849057376962
0.8741951648198821
0.8742085462467575
0.8742183151081906
0.8742193668816631
0.8742285118731232
0.8742440139643676
0.8742463060580707
0.8742446369440167
0.8742438960649903
0.8742529786908316
0.874261477815803
0.8742559706059582
0.8742556798426143
0.8742639155322206
0.8742621327860878
0.874264345377428
0.8742585433361961
0.8742596147180198
0.8742627996540809
0.8742582673321722
0.874272957354864
0.8742946281514069
0.8742997125954538
0.8743056032118851
0.8743135403126715
0.8743161145896327
0.8743119043252104
0.8743012456658366
0.8742994386742284
0.8742953381416568
0.8742890624927054
0.8742943534886627
0.8742988312281534
0.8743069602179654
0.874323795187635
0.874334120742157
0.8743472909715742
0.8743637153215114
0.8743788832858745
0.8743922571793628
0.8744037366188566
0.8744135919918965
0.874419274763238
0.8744193349755943
0.8744233609549514
0.8744225236518871
0.8744267561190592
0.8744325605381158
0.8744368133397229
0.8744326935762973
0.874421287943838
0.8744106074126612
0.8744125274644475
0.8744145833826042
0.874419894872355
0.8744232210496986
0.8744234511287218
0.8744189294279356
0.8744243458515757
0.8744309241134123
0.8744294824847377
0.874429732619196
0.8744287345227456
0.8744209048209206
0.8744228919040709
0.8744317212094009
0.874435466895317
0.8744380640193075
0.8744453601337048
0.8744544155374313
0.8744625391696839
0.8744672061277033
0.874473242146086
0.8744788585127495
0.874480390700649
0.8744843280912017
0.8744916026360845
0.8744979358889223
0.8744953840122253
0.8744986986014116
0.8745077414763215
0.8745133289542258
0.8745167518728835
0.8745204436091676
0.8745234244689982
0.874522790302552
0.8745181944977796
0.8745168785544359
0.8745170707171491
0.8745211515916907
0.8745224355656019
0.8745207483035207
0.8745324730634215
0.8745441822862101
0.874560060169625
0.8745566860920438
0.8745522105784416
0.8745578467440501
0.8745711626365933
0.8745793247046777
0.8745788118772739
0.8745853559250792
0.8745903724688355
0.8745971960577675
0.8746057605394997
0.8746175849392165
0.8746205939093876
0.874625116629116
0.8746365162860732
0.8746422899086019
0.8746475159282324
0.8746505207228008
0.8746531149614372
0.8746548478768633
0.8746519466399741
0.8746539577801534
0.8746618954757387
0.8746751433624392
0.8746810405985762
0.8746821304804759
0.8746801113969435
0.8746759329206067
0.8746696332104448
0.8746676340928761
0.8746688440003595
0.8746715487602605
0.8746673732981378
0.8746636727945556
0.8746625979812609
0.8746621862301281
0.8746636337239936
0.8746581296428827
0.8746530635368257
0.8746570472066869
0.8746590851843937
0.8746672843179255
0.8746768605018259
0.8746779111509769
0.8746724811875748
0.8746640801538365
0.8746574933991272
0.8746578303533143
0.8746597726058313
0.8746576696439217
0.8746454120191253
0.8746379482794105
0.8746382867875047
0.8746459804073561
0.8746483013767402
0.8746459147939324
0.8746374886690484
0.8746347478975325
0.8746328527137772
0.8746334141630798
0.8746252913961005
0.8746195280849498
0.8746175711553279
0.8746097485195197
0.8745897919163651
0.8745761635402706
0.8745753885215394
0.8745692756754158
0.8745692106712998
0.874569020337267
0.8745672021950421
0.8745750521452347
0.8745901472430141
0.8745992644395083
0.8746088208617284
0.8746102806384323
0.874606727081154
0.8746054751561284
0.8745936768786928
0.8745938756167636
0.8745952336291097
0.8745888149498925
0.8745918699464538
0.8745940081958359
0.874598142629126
0.87460193573194
0.8746076089081348
0.8746151212078269
0.874622403761812
0.8746187973761379
0.8746044590676988
0.8746053298706497
0.8746010865157352
0.8745985851734074
0.874595879072746
0.8745936746447163
0.874591235039312
0.8745894891595468
0.8745944781879263
0.8745935548143206
0.8745985340684822
0.8746078375255114
0.8746141530497888
0.8746150245775196
0.8746139153481763
0.874617033195835
0.8746172499788013
0.8746245070391517
0.8746292799637918
0.8746310389696857
0.8746300119482903
0.8746181223403664
0.8746135557477916
0.8746083474932184
0.8746088736754387
0.8746039658085116
0.8745978333979881
0.8746047575600489
0.8746097886970673
0.8746166679018539
0.8746182298995608
0.8746211658236539
0.8746224284326967
0.8746267247615302
0.8746282091092173
0.8746304464095392
0.8746348149353842
0.8746295998511646
0.8746280704996404
0.8746304785685888
0.8746306180202222
0.8746343004888152
0.8746356028677459
0.8746340897038682
0.874629300101746
0.8746305320080469
0.8746308340235369
0.8746364797586523
0.8746342422953642
0.8746276001135324
0.8746260632469137
0.8746278131476937
0.8746335421673536
0.8746396076345309
0.8746435996310579
0.8746428208368973
0.8746433462747223
0.8746434389677549
0.8746464633911873
0.8746428320935347
0.874641019886861
0.8746452495842097
0.8746479925243369
0.8746470996197969
0.8746586200577223
0.8746691147556944
0.8746703160858508
0.8746717683669356
0.8746782515404288
0.8746861645169619
0.8746856650636681
0.8746814290036025
0.8746719461568903
0.8746667558288437
0.8746675039088948
0.8746706522186712
0.8746684414456903
0.8746613006203503
0.8746576005440804
0.8746575371615013
0.8746635102638055
0.8746690431996694
0.8746722691297055
0.8746745601932912
0.8746800287304197
0.8746921391681967
0.8746999102468708
0.874704076633804
0.8747126984366781
0.8747238934253417
0.8747293095573934
0.874729921241157
0.8747278464358078
0.8747309630034052
0.8747342247327291
0.8747330283287638
0.8747328834366599
0.8747270597620603
0.8747195437639127
0.8747112461391554
0.8747029202769097
0.8746938546561285
0.874684483217342
0.8746804883233597
0.8746790796714815
0.8746813170780805
0.8746852243953385
0.8746866032586157
0.8746870952620824
0.8746861099335604
0.8746837397643752
0.8746807952568136
0.8746826228560395
0.874688505546161
0.8746917144987993
0.8746945157934828
0.8746970842062776
0.8746988624172932
0.8747030405464545
0.8747097029872802
0.8747134145132693
0.8747175674656141
0.8747209745390682
0.87472468429283
0.8747283823127617
0.8747317732043706
0.874729738264107
0.8747224962058889
0.8747181823951496
0.8747126885208928
0.8747092075515761
0.8747038576117812
0.8746958994455178
0.874692715834694
0.87468744058431
0.8746812711772801
0.8746816762282519
0.8746787181221014
0.8746761714775066
0.8746765231737537
0.8746752480181996
0.8746706105647398
0.8746665458755165
0.8746596299933501
0.8746531556020742
0.8746468563587834
0.874640501442603
0.87463721759457
0.8746359131898844
0.8746329232400448
0.8746295235165946
0.8746259480044899
0.8746233392733038
0.8746175072511347
0.8746151081147006
0.8746168170927294
0.8746132644596174
0.874609189493438
0.8746063715875718
0.8746002031744838
0.8745903148596055
0.8745825214352704
0.8745783481449265
0.8745799365635512
0.8745766766579358
0.8745682329346234
0.8745638632309869
0.8745581023386576
0.8745530682565634
0.8745516396221098
0.8745553963185252
0.8745540849848348
0.8745515475869344
0.8745500629965164
0.8745506942080697
0.8745562406539547
0.8745621478252477
0.8745668969994245
0.8745687780861857
0.8745725636312098
0.8745751789701929
0.8745752422510511
0.874577677026953
0.8745831707482251
0.8745850084674904
0.8745889125484779
0.8745913018625957
0.8745867297621224
0.8745816956530884
0.8745814289394542
0.8745839027232915
0.8745860717047295
0.8745876903278857
0.8745842959622342
0.8745796928666749
0.8745746080068592
0.8745726274752356
0.874577850198817
0.8745852832625913
0.8745851753000211
0.8745815687556014
0.8745785467797049
0.8745729248112012
0.8745716413419442
0.8745687824425499
0.8745594171365085
0.8745524153918842
0.8745487067944221
0.874542684210631
0.8745336529644164
0.8745274912499166
0.8745187978214107
0.8745116368701376
0.8745098452417353
0.8745094150790937
0.8745090743194842
0.8745054296680981
0.8745063191564167
0.8745107936606323
0.8745129393756785
0.8745156649306084
0.8745175984855831
0.8745182506260474
0.8745201320349568
0.8745195711052339
0.8745167421189823
0.8745147927946754
0.8745141893882655
0.8745109826810278
0.8745064384121243
0.8744972249753221
0.8744928583866718
0.8744881673561395
0.8744827395488716
0.8744790470362864
0.874472475302068
0.8744680961120902
0.8744698900813711
0.8744743957867042
0.8744785426349236
0.8744821031772759
0.8744859454005436
0.8744876573101021
0.8744860978753114
0.8744843429030131
0.874486551348743
0.87448923258849
0.8744928959104106
0.8744950618293262
0.8745015010273965
0.8745101487498729
0.8745172507637101
0.8745131007126049
0.8745090169195349
0.8745041382864883
0.8744974967252994
0.874492674249897
0.874491361589548
0.8744896493282441
0.8744889165829535
0.8744890518801148
0.8744885158284694
0.8744850006772082
0.8744790831824208
0.8744781771826314
0.8744757233159054
0.8744710675496581
0.874469161740505
0.8744700643062884
0.8744722163243146
0.8744774602569267
0.8744803087105958
0.8744830194885342
0.8744874102746711
0.8744908335877649
0.8744963891287499
0.8745033222516778
0.8745105820530542
0.8745135941797302
0.8745164138952699
0.8745204082458065
0.874523412935084
0.8745260080438788
0.8745270161531736
0.8745285492038466
0.8745271249876649
0.8745253054073157
0.8745336127549673
0.8745468870908999
0.8745527708299949
0.8745590980716992
0.8745639618484095
0.8745682663284116
0.8745678169287779
0.8745681761619751
0.8745699179336345
0.8745700031647412
0.87456600678471
0.8745624153985551
0.8745575424960466
0.8745558568755492
0.87455944597639
0.8745662278745512
0.8745694701501671
0.8745719267014289
0.8745743560383114
0.8745712374841175
0.8745669476444982
0.8745601360060997
0.8745495534968812
0.8745425882779632
0.8745345488670855
0.8745268677343563
0.8745232567439366
0.8745228954383958
0.8745226382572736
0.8745239988322575
0.8745252219009976
0.8745225396199521
0.8745214910831589
0.8745213155235758
0.8745170324408704
0.8745182599481489
0.8745200158089622
0.874522370795748
0.8745231170449902
0.8745251959941093
0.8745310619748808
0.8745383973196135
0.8745466722166749
0.8745544283339165
0.8745625745982779
0.8745703125723018
0.8745778684395024
0.8745853698887817
0.8745952780849305
0.8746035747436167
0.8746092807889236
0.8746144049263854
0.8746165722198933
0.8746184868154931
0.8746206465712724
0.8746221302535104
0.8746244119462915
0.8746227734575235
0.8746206112917488
0.8746222646563402
0.8746227280183047
0.8746189510910962
0.8746159283941171
0.8746155359019456
0.8746144481890779
0.8746092115835401
0.8746078095049171
0.8746021321899551
0.8745952029805648
0.8745880951525564
0.8745804394981329
0.8745744626670067
0.8745635527386505
0.8745482223644164
0.8745358123885899
0.8745273215389793
0.8745188279910366
0.8745136764621465
0.8745099395991098
0.87450776548024
0.8745061059284785
0.8745058879623655
0.8745042936414399
0.8745003414614103
0.8745000408509732
0.8744997166237809
0.8744990687944284
0.8744972641566532
0.874496977585353
0.8744977847413711
0.8744940338172145
0.8744929739413411
0.8744881420744967
0.8744857022196262
0.8744836179848932
0.8744795069040994
0.874476660149863
0.8744764499884704
0.8744779300712402
0.8744827595864557
0.8744840266877266
0.8744810057242639
0.8744789352933624
0.874478926271912
0.874480427823713
0.8744847103802399
0.8744900006312826
0.8744983448321344
0.874504092531406
0.874510775629252
0.874516436675497
0.8745239070838566
0.8745283061120347
0.8745321613401552
0.8745350572458993
0.8745299002816657
0.874523967817697
0.874516332546338
0.8745065350009271
0.8745011829649959
0.874501829041145
0.8745020947268468
0.8745017858801256
0.8745024826017879
0.8745044213612368
0.8745004248881022
0.8744933713849902
0.8744832003793719
0.8744812065817631
0.8744843300892203
0.8744833033293422
0.8744799299552904
0.8744769466188492
0.8744774029385376
0.8744794907992057
0.8744839125057429
0.8744831857139693
0.8744793863521854
0.8744748730930112
0.8744750949407795
0.8744786243097802
0.8744756550543232
0.8744745208035466
0.8744736614790523
0.8744740633077944
0.874474078046889
0.8744775999712259
0.8744846999764212
0.8744848120918307
0.8744759200057125
0.8744676094657935
0.874459713075193
0.8744582070518578
0.8744593570643101
0.8744636275107001
0.8744680056354421
0.8744679618537933
0.8744711129442115
0.8744729131984817
0.8744741459558443
0.8744731277374392
0.8744709922688347
0.8744710182062722
0.8744731292532203
0.8744733989087282
0.8744757177800997
0.8744782282627083
0.8744783709402131
0.8744798410500445
0.8744822859180575
0.874482104254184
0.874482589633097
0.8744810176756554
0.8744776574860926
0.8744747903537061
0.874477904852462
0.8744802171303716
0.8744796885122805
0.8744812328981296
0.8744824513538961
0.8744834677897615
0.8744859461648934
0.8744867632693953
0.8744886372122431
0.8744874203384424
0.8744837534410809
0.8744826371645643
0.8744720492943161
0.8744616446018871
0.8744536480169776
0.8744556825892039
0.8744557472268836
0.8744536906211728
0.8744514231485953
0.8744489213870684
0.8744461285777433
0.8744475159862529
0.8744482513576971
0.8744459378295467
0.8744497207662811
0.8744522324002572
0.8744512980630422
0.8744481090511934
0.8744460373459126
0.8744496459733343
0.874453515866224
0.8744510324029322
0.8744491974705421
0.8744503147773435
0.8744511073415929
0.8744511352673787
0.8744540081880854
0.8744601234378672
0.8744677060975402
0.8744719595577569
0.8744761053723952
0.8744791968413307
0.8744812229593287
0.8744861713693366
0.8744919658241593
0.8744948715230896
0.8744968949113644
0.874499538413804
0.874503567525201
0.8745045138856159
0.8745050896267264
0.8745092227355585
0.874512302404249
0.8745124391606846
0.8745127061842722
0.8745119199333375
0.8745107481525697
0.8745106144910906
0.8745141966041656
0.8745131866827959
0.8745128411761758
0.8745110272282254
0.8745066742601783
0.8745053676409139
0.8745065649674365
0.8745106956542822
0.8745170720723145
0.8745186839423245
0.8745193289333687
0.874520003528819
0.8745124141201804
0.8745030213805305
0.8744980391223665
0.874497448679471
0.874500414154244
0.8745048748379541
0.8745054978277461
0.874505267270794
0.8745046131468137
0.8745072614264854
0.8745081034966987
0.8745066421088284
0.8745071698508754
0.8745094057590808
0.8745110337541186
0.8745107720545163
0.874511942724935
0.8745143477324605
0.8745139686076056
0.8745166898160235
0.8745194254746107
0.8745226509287884
0.8745297142122604
0.8745370196030138
0.8745469854700093
0.8745513455015295
0.8745554149034325
0.8745591982834929
0.8745587283794849
0.8745598439021525
0.8745621723131617
0.8745615385982819
0.874554851774542
0.8745549902731192
0.8745555206840522
0.8745497645605661
0.874545816487629
0.8745452024103982
0.8745428726444991
0.8745428986056404
0.8745436423109165
0.874538938887246
0.8745335211806906
0.8745318347178487
0.874530816072234
0.8745275744240676
0.8745289546836852
0.8745292700362072
0.8745290133315027
0.874531917596888
0.8745333343958318
0.8745295996449676
0.8745276276101682
0.8745313203382358
0.8745359101560732
0.8745383319290259
0.8745388282098375
0.8745428425263703
0.8745481095775497
0.874551935837567
0.8745562555921628
0.8745587080923868
0.8745592991160227
0.8745595448488779
0.8745570139788017
0.8745536632715957
0.8745536772590022
0.8745576289755201
0.8745592927070788
0.8745622553231238
0.8745660480068627
0.8745662985372982
0.8745646594846685
0.8745625948407939
0.8745602257574859
0.8745546795729594
0.8745540986518017
0.8745545049868828
0.874553761792404
0.8745553173598808
0.8745621967857296
0.8745681977980393
0.8745683560542018
0.8745704170103114
0.874566530300028
0.8745576719101026
0.874548272484459
0.8745478448994044
0.874549731337742
0.8745479517140351
0.8745470482517385
0.8745513312450119
0.8745556343285205
0.8745594413945729
0.8745598967111302
0.8745634045128589
0.8745618821394681
0.8745620578856528
0.8745652680093671
0.8745665491058356
0.8745684446774583
0.8745665224000244
0.8745640745538034
0.8745639525631137
0.8745678544741069
0.8745698857690207
0.8745673035364933
0.8745604524312636
0.8745541024290419
0.8745480449815825
0.874540402089104
0.8745341647490453
0.8745300223238242
0.8745291274024392
0.8745335114268918
0.8745339908226679
0.8745314685481401
0.8745308036881834
0.8745330729146167
0.8745376874091896
0.874538465794283
0.8745377562144319
0.874537547548398
0.8745378433285608
0.8745416796925308
0.8745485172767076
0.8745493160071991
0.8745506383729027
0.8745558337692592
0.8745588086666122
0.8745603999921925
0.8745617728126531
0.8745607669948797
0.8745586785186346
0.8745565860947557
0.8745595902574389
0.874565263568947
0.8745659391143552
0.8745620795969093
0.8745579648461516
0.8745576224961508
0.8745539466841935
0.8745504662284376
0.8745492534649916
0.8745469504839963
0.8745476665252268
0.874546986126539
0.8745462708620297
0.8745504861954023
0.8745535122090167
0.8745535966423122
0.8745546601772043
0.8745575754222827
0.8745583666342787
0.8745592190485827
0.8745614056587854
0.874560003116048
0.8745600565223149
0.8745618956706674
0.8745598842045167
0.8745570050195023
0.8745588736021015
0.8745653975871984
0.8745678242158151
0.8745670269663862
0.8745705905960032
0.8745773072575308
0.8745841344782191
0.8745868283951495
0.8745855589048014
0.8745846025434793
0.8745802834809265
0.8745780823396707
0.8745812833481226
0.8745837299336043
0.8745832446155288
0.8745821315720128
0.874581625303095
0.8745820690082081
0.8745868019739981
0.8745881678134478
0.8745902043005984
0.8745978279031986
0.8746022569751085
0.8746058567367043
0.8746057223959378
0.8746068283409577
0.8746092097010517
0.8746111360610589
0.8746147922700489
0.8746202295820243
0.8746224897427145
0.8746249978627105
0.8746295104429119
0.8746352783205709
0.8746395901835263
0.8746404513267088
0.8746396251245317
0.8746390687291594
0.8746401917821756
0.8746420692970202
0.8746417368008648
0.8746419941609324
0.8746428922388331
0.8746413545555348
0.8746398383109332
0.8746403188597396
0.874638533391143
0.8746365405322106
0.8746309782211081
0.8746264644283107
0.8746235235787208
0.8746214692328336
0.8746225364352607
0.8746216763952093
0.8746267532543532
0.8746287216024282
0.8746316459429531
0.8746345029129142
0.8746292314457074
0.8746231422027915
0.8746207636406453
0.8746169080190154
0.8746137260388009
0.8746144484791659
0.8746159817183985
0.8746139675759484
0.8746096094880799
0.8746083325420293
0.8746089892848062
0.8746126908316586
0.8746157475887198
0.8746170198121782
0.8746187190281229
0.8746199191224966
0.8746175526371467
0.8746127679827437
0.8746097207288419
0.8746039211068001
0.87459816453138
0.8745939466923495
0.8745881780537694
0.8745863757036524
0.8745844880634849
0.8745829265622532
0.8745854970706993
0.8745890097941134
0.8745922300734243
0.874594279660226
0.8745972722682576
0.874601302827819
0.8746044402031267
0.874606713540763
0.8746087867946041
0.8746126518857051
0.8746159252060206
0.8746169850167125
0.8746170359777335
0.8746212441809775
0.8746255285637978
0.8746283473314638
0.8746288643509146
0.8746312703663898
0.8746325835097053
0.8746333573472936
0.874637998041751
0.874644865824591
0.8746470006132591
0.8746488609694086
0.8746503427400218
0.8746498030290362
0.8746491405352544
0.8746512518286769
0.8746506087778713
0.8746495305704644
0.8746514427514928
0.8746525006268682
0.8746555320166229
0.8746563780221013
0.8746563968428551
0.8746555599593524
0.8746563484412107
0.8746563284500272
0.8746567034817916
0.8746536998110773
0.8746492676506619
0.8746485299816709
0.8746503705376086
0.8746513058997933
0.8746503067121121
0.8746490989954582
0.8746491716142935
0.8746463301047436
0.8746431130093502
0.8746395296209302
0.8746360120792799
0.8746307078299805
0.8746247786238631
0.8746225636444042
0.8746221061881719
0.8746214512762567
0.8746195770103791
0.8746191764761378
0.8746186316996194
0.874618136761522
0.874620893360087
0.8746237368344238
0.8746200662398111
0.8746179127914615
0.8746181749070918
0.8746173612446745
0.8746166416817164
0.8746174463598896
0.8746168713153072
0.8746154874175609
0.8746079815647294
0.8746011779979224
0.8745971396268138
0.8745940200947191
0.8745950491218124
0.8745990550623421
0.8746043858196408
0.8746086989478802
0.8746130635383795
0.8746128460145757
0.8746116990884938
0.874611651634325
0.8746088161402958
0.8746040145663077
0.8746003107216384
0.8745996369911614
0.8746015826239655
0.8746061934744987
0.87460709826033
0.874609341121625
0.8746107508731377
0.8746122073248394
0.8746124329486615
0.8746097456984011
0.8746087260048026
0.8746081816892468
0.8746068895004726
0.8746040474063953
0.8746019904191855
0.8745991923605799
0.8745989170039044
0.874598195095357
0.8745986913244073
0.874600722298447
0.8746031755696858
0.8746079720285508
0.874612773155743
0.8746157533032679
0.8746154455364551
0.8746122410988754
0.8746091310407373
0.8746076434925132
0.8746076678073634
0.8746105343623249
0.8746135401212142
0.874613262579972
0.8746119883388414
0.8746118014355992
0.8746135478136527
0.8746152533618833
0.8746163072708731
0.8746178464254217
0.8746206074165787
0.8746224571255561
0.8746232831344709
0.8746233203148612
0.8746206232661095
0.8746208123665395
0.8746225111930044
0.8746193055844007
0.8746132362429924
0.8746080983287453
0.8746054037975087
0.874603641017451
0.8746033550092027
0.8746040074509144
0.8746046332979467
0.8746070618226494
0.8746065634410056
0.8746061636714231
0.8746075792035014
0.8746082090525561
0.874605046254687
0.8745995052695897
0.8745976059548681
0.8745979696545338
0.8745988842104182
0.8746001392379743
0.8746005311773705
0.8745999272618582
0.8745983610765156
0.8745986822566166
0.8745975920952883
0.874594420561058
0.8745943519840313
0.8745943959820136
0.8745930733977263
0.8745927930841443
0.8745945939130924
0.8745948151446021
0.874595560279838
0.8745967540037474
0.874597888386254
0.8745992582362327
0.8745996507994195
0.8746012149073792
0.8746026581446186
0.8746018817331287
0.8746014340949967
0.8746013398363522
0.8746010570730789
0.8746008866092277
0.8746014296712924
0.8745977840684998
0.8745960462378851
0.8745978617046728
0.8746008414023592
0.8746060208619779
0.8746091488192156
0.8746103897141523
0.8746112438584236
0.8746153052941521
0.874618910837349
0.8746212627172861
0.8746216090523168
0.8746192184072716
0.8746166235504613
0.87461443721846
0.8746132069627113
0.8746132778262775
0.8746123092313597
0.8746102385103665
0.8746103753402032
0.8746142547552861
0.8746187705468939
0.8746187283826516
0.8746145107696955
0.8746101800498219
0.8746086650610659
0.8746077775654937
0.8746055548314369
0.8746054455883292
0.8746088708356179
0.8746111846396999
0.8746111995303146
0.8746118306210614
0.8746118773600392
0.8746144792050875
0.8746174945528924
0.8746213985201595
0.8746232697203794
0.8746232434346524
0.8746211310266083
0.8746160514882735
0.8746146089342909
0.8746190728765368
0.8746233826106825
0.8746237330724816
0.8746256793938199
0.8746262660819033
0.8746258731647744
0.8746253304407462
0.8746262700467826
0.8746256663871741
0.874625479429669
0.8746256063001477
0.8746273931816687
0.8746308383111762
0.8746323617931506
0.8746303689046441
0.8746297184275715
0.8746296168108788
0.874627328579421
0.8746246608123147
0.8746246456998873
0.8746264272297206
0.8746255018702226
0.8746238061243976
0.8746226648011745
0.8746240279494866
0.8746243674104869
0.8746269427719293
0.8746311343421016
0.8746337234184748
0.8746360358396835
0.8746392866964936
0.874642101780041
0.8746449351374747
0.8746489401391798
0.8746523940432013
0.8746575692588194
0.874660219809679
0.8746602193580749
0.8746565609425393
0.874652880088392
0.8746521078083497
0.874653304890788
0.8746511053727385
0.8746490426489343
0.8746505582728556
0.8746492144691987
0.874651239813845
0.8746560499150288
0.8746566759133518
0.8746550098723426
0.8746536132422572
0.8746500600464115
0.8746444073408365
0.8746418991290527
0.8746402002602733
0.8746418760910284
0.8746438121126324
0.8746433555390384
0.8746431430723792
0.8746458352408725
0.8746496808666088
0.8746516238579515
0.8746541323683551
0.8746540427443492
0.8746529006838416
0.874656688213937
0.8746606929560892
0.8746613977130084
0.8746632603888396
0.8746654321360736
0.874666811757949
0.8746661372086042
0.8746623465565849
0.8746583416983009
0.8746538001356298
0.8746508502159923
0.8746517944964021
0.8746534279501572
0.8746543850512746
0.8746548398750698
0.8746566752402811
0.8746595245711943
0.8746631936100954
0.8746635953245566
0.8746624672464942
0.8746647925265182
0.8746679583011968
0.8746721307005665
0.874674253206839
0.8746768495781619
0.8746791691102128
0.8746760317374653
0.8746731257626228
0.8746723750307983
0.8746712002131197
0.8746709120293907
0.8746715706518471
0.8746708175008155
0.8746706343054406
0.8746707202178691
0.8746738945551038
0.8746737891200482
0.8746702361854795
0.8746694570890879
0.874672807857853
0.8746774978057149
0.8746815579969679
0.874686172091064
0.8746882820876255
0.874686967700573
0.8746852026132468
0.8746819574420499
0.8746821761920093
0.8746842045489966
0.8746858234358998
0.8746869374590576
0.8746856210831397
0.8746849471396659
0.8746826682808414
0.8746782173869483
0.8746764258739842
0.8746802972180863
0.874684367761561
0.8746830943014531
0.8746808121131664
0.8746806444907685
0.8746816113364182
0.8746824324941017
0.8746821729657965
0.8746798032487874
0.8746771978340255
0.8746775247990978
0.8746761863128221
0.8746726812114275
0.874670830740922
0.8746706883117161
0.874667365212016
0.8746616786876096
0.8746570571053883
0.8746542954216746
0.8746543444729523
0.8746550609227667
0.8746574269538153
0.8746592920096489
0.8746595310207136
0.8746587637946905
0.8746572189682934
0.87465612583292
0.8746562258775032
0.8746566947256705
0.8746545636167083
0.8746517484469176
0.874651389146297
0.8746532859222376
0.8746546595296742
0.8746546354468848
0.8746542322843776
0.8746544979909823
0.8746539237409449
0.8746522220351303
0.8746510741132676
0.8746491266195083
0.8746477268917044
0.8746509325486396
0.8746574351254737
0.8746593056715204
0.8746584552757894
0.8746619557037115
0.8746661424936103
0.8746669703112453
0.8746658851085751
0.8746672000494857
0.8746666101283763
0.8746644016143583
0.8746653354388307
0.8746662757844343
0.8746655959654736
0.8746635041473636
0.8746620982086174
0.8746601826814607
0.8746587902373303
0.8746593984210838
0.8746606450091143
0.8746592881679865
0.8746565273874709
0.8746544296907101
0.8746511856417123
0.8746496924697827
0.8746511139295293
0.8746552788199974
0.8746575087658811
0.874655969220256
0.874653888789675
0.8746525282640091
0.8746523901063421
0.8746514399993964
0.8746491317014188
0.8746479020388594
0.8746474054135461
0.8746481984843425
0.8746462993604811
0.8746441710643985
0.8746453137912149
0.8746478366656022
0.874649341384911
0.8746497160341257
0.8746497519995395
0.874647559992124
0.8746457328044519
0.8746451718146182
0.8746458835086681
0.8746481504706981
0.8746508232641408
0.8746543144375809
0.8746573645479763
0.8746614361184496
0.8746653289035593
0.8746662330067079
0.8746677630274758
0.8746709696134669
0.8746726844456115
0.8746722136631132
0.8746720784513743
0.8746718957310974
0.8746699876979271
0.8746672572719826
0.8746679540288312
0.8746708321493876
0.8746725542906556
0.8746746508454927
0.8746739345179245
0.874672091451106
0.8746726261008748
0.8746714002620049
0.8746707651957302
0.8746712058683754
0.8746704868574977
0.8746700154487027
0.8746662938594046
0.8746631512528569
0.8746615204468702
0.8746608099642101
0.8746619048912002
0.8746616225651072
0.874658169654727
0.874654468301648
0.8746529503504388
0.874651795271401
0.8746512918931139
0.8746507826593976
0.8746495519134767
0.8746482380554867
0.8746468295008815
0.8746443622440971
0.8746405550451232
0.8746355479141464
0.8746319309860616
0.874630957923853
0.874629180540716
0.8746255783144943
0.8746218450739638
0.8746169598514723
0.8746129904515622
0.8746110510824375
0.8746102060178632
0.8746121526596548
0.8746151883251401
0.874616939179034
0.8746197581125593
0.8746227937918949
0.8746238036832564
0.874624424535999
0.8746256359791431
0.8746265509281141
0.8746260878463763
0.8746238969320685
0.8746229094854405
0.8746218030402938
0.8746210471445235
0.8746191047696621
0.874615062429959
0.8746122721043637
0.8746130012595549
0.8746133117472888
0.8746114862954283
0.8746080036523713
0.8746041205321906
0.8745999066253788
0.8745965041705633
0.8745966215065009
0.8745942539090978
0.8745905232867952
0.8745882717857357
0.8745845274013728
0.8745808836520647
0.8745774289089265
0.8745724334253111
0.8745681680528954
0.8745635605865693
0.8745605043607753
0.8745596461938752
0.8745586859623135
0.8745568710489134
0.8745549735757715
0.8745533806910166
0.874552310791944
0.8745519298577776
0.8745509222933271
0.8745499629520009
0.8745503880673661
0.8745517446764357
0.8745529882315366
0.8745536173317136
0.8745523625501113
0.8745514441472914
0.8745534448183141
0.8745517484707385
0.8745474170995511
0.8745446533622162
0.8745414567612273
0.874541583060663
0.8745420819844043
0.8745415807023593
0.8745413603311285
0.8745398159789513
0.8745394597800128
0.8745433257895732
0.8745470322662755
0.8745488533734942
0.8745479987676317
0.8745442183413165
0.874540239643261
0.8745361309259589
0.8745315278540816
0.8745267840209741
0.8745261723559907
0.8745264972318991
0.8745234040922419
0.8745222955390619
0.8745241633937062
0.8745239404686638
0.874524486740363
0.8745260907972282
0.8745285785979242
0.8745310419786002
0.8745319825736115
0.8745334906349318
0.8745355277210436
0.8745418243408286
0.874549238749832
0.8745578537093737
0.8745663501507415
0.874572051256031
0.874575468149564
0.874575015310345
0.8745753173025782
0.8745776642343602
0.8745800909786486
0.8745827531163026
0.8745870915260033
0.8745943195754252
0.874598845650009
0.874600276413013
0.874600307402063
0.8746011803502037
0.8746030878784786
0.8746047764909624
0.8746052325780284
0.8746063080982419
0.8746095014721487
0.8746110007917237
0.8746120856790447
0.8746168124707391
0.8746240754014892
0.8746286673124659
0.8746290284373607
0.8746282499999273
0.8746282908901852
0.874628545639244
0.8746318182327367
0.8746371826312718
0.8746415476454149
0.8746452618303028
0.8746494097460316
0.8746541243743713
0.8746572387150466
0.8746583648794167
0.8746609655511713
0.8746639367980185
0.8746663256409919
0.8746681255001484
0.8746699176010788
0.8746707617055095
0.8746700398829579
0.8746687910959849
0.8746674878699396
0.8746689150394248
0.874671048722768
0.8746721793801536
0.8746767391604306
0.8746814240164049
0.8746820346126343
0.8746832953785006
0.8746856172154777
0.8746873024566507
0.8746879719017732
0.8746860769809495
0.8746852930474002
0.874684784700313
0.8746839896861038
0.8746874132431217
0.8746917780882343
0.8746953330081911
0.8746997675565168
0.8747033219596267
0.8747063230311701
0.8747092186403749
0.8747091768668016
0.8747092989160328
0.8747084347339814
0.8747060455560937
0.8747058254772584
0.8747063393450859
0.8747064480827853
0.8747082735651817
0.874709598605607
0.8747088538551685
0.8747116069300722
0.8747153862707618
0.8747162568129828
0.8747145137565768
0.874714542546882
0.8747176517117684
0.8747215003961416
0.8747264376043857
0.8747310339307578
0.8747335526980528
0.8747353547854217
0.8747372318745397
0.8747382288051649
0.8747391964378075
0.874741151847185
0.8747425636781807
0.8747421989479829
0.8747429932339474
0.8747477858015337
0.8747530187676886
0.8747575119939743
0.8747621638845099
0.8747661926944557
0.874767213083129
0.8747658457920869
0.8747658846339684
0.8747655295029888
0.8747643446543837
0.8747643758966638
0.8747639361323092
0.8747606749356407
0.8747566500826713
0.8747542418437707
0.8747521749260183
0.874750371206906
0.8747496247659963
0.8747509580748564
0.8747536574423489
0.8747552306375876
0.8747560016026521
0.8747568482786925
0.8747582997435551
0.8747594943686772
0.874759348933984
0.8747592920073317
0.8747624139343619
0.8747654606212775
0.8747659175431135
0.874769206883836
0.8747728509231305
0.8747723614082814
0.8747688525590482
0.8747644982522872
0.8747629975349676
0.8747648668586255
0.8747673779801534
0.8747681910172709
0.874769652905447
0.8747723171338069
0.8747739823982825
0.8747769650644275
0.8747799117785596
0.8747829345379075
0.874784571535269
0.8747853435058616
0.8747868297322989
0.8747877576738039
0.8747878171183548
0.8747896390468126
0.8747935712847253
0.8747967454505848
0.8747996066632014
0.8748011332796303
0.8747997044295522
0.8747979597918748
0.8747968528372884
0.8747957310331106
0.8747960354969423
0.8747967041471458
0.874799205334911
0.8748015975291359
0.8748047034683624
0.8748070785361329
0.8748070720478275
0.8748060075740283
0.8748043325012442
0.8748042478412119
0.8748068658619054
0.8748083361349823
0.8748083850576883
0.8748076163096274
0.8748080275723681
0.8748096029819301
0.874810337026315
0.8748104326976053
0.8748093107796658
0.8748063104209476
0.8748030855328388
0.8748007654066777
0.8747998525046536
0.874799813841027
0.874797628448592
0.874794376599846
0.8747942506633901
0.8747972967719023
0.874799700397176
0.8748035994910773
0.8748072406766093
0.8748076862665399
0.8748082248745929
0.8748085523639466
0.8748065696418567
0.8748036590026766
0.8748008733406824
0.8748010092010817
0.8747989985480136
0.8747935157621373
0.8747882886157669
0.8747875348902169
0.8747899317143711
0.8747915864758151
0.8747924522022028
0.8747893623621513
0.8747857280266162
0.8747832935086599
0.8747819073918239
0.87478307355442
0.8747861225460334
0.8747887790525228
0.8747889235990446
0.8747881900386459
0.8747901025342878
0.8747924667258935
0.874791366185681
0.8747909851812824
0.8747892663194134
0.874785847893673
0.8747849361513788
0.8747865352624532
0.8747857317181658
0.8747833615426879
0.8747835288671775
0.8747834237436741
0.8747828592357675
0.8747815262292867
0.8747791113023442
0.8747745762536705
0.8747679036802889
0.8747646591918566
0.8747642796342292
0.8747636908872536
0.874762976412901
0.8747621992893271
0.8747604309987649
0.8747598268302451
0.8747586694752766
0.8747563749980096
0.8747548005842449
0.874755150924828
0.8747581471471753
0.8747610499981794
0.8747637362922034
0.8747672104594887
0.8747676567719168
0.8747670202794232
0.8747687022321908
0.8747691051947436
0.874768397954881
0.8747693373625357
0.8747712163642957
0.8747720091840873
0.8747723958177853
0.874772502599229
0.8747728333344439
0.8747732666575047
0.8747729848677875
0.8747719654566867
0.8747730509328229
0.8747737112696264
0.8747720402100052
0.8747707427430262
0.8747702321699827
0.8747700846567604
0.8747722934937218
0.8747743411296423
0.8747745925190145
0.8747761630969946
0.8747779026477462
0.8747801894627883
0.8747833467014221
0.8747843359784613
0.874783762528049
0.8747825195758329
0.8747822545316215
0.8747826436524591
0.8747808439614344
0.874781849591485
0.8747827791442835
0.8747827243052492
0.8747818766714048
0.8747830016387533
0.8747846914040724
0.8747845993606954
0.8747853157948442
0.8747868883606467
0.874789602592139
0.8747908141884811
0.8747895509206607
0.8747897861817333
0.8747890620898855
0.8747896891800367
0.8747895700349563
0.8747882143688375
0.8747854404979107
0.8747817190344265
0.8747797476493238
0.8747790010252475
0.874779464427888
0.8747785195376141
0.8747739652695431
0.874771037199393
0.8747697073470484
0.8747668353635899
0.8747648883145624
0.8747649510529184
0.8747658652666013
0.8747671796074012
0.8747707824682514
0.8747747669658453
0.8747749225061449
0.8747736021466793
0.8747712234926291
0.8747685824250582
0.8747688480926031
0.874772925105763
0.8747760116765955
0.8747762636615599
0.8747768041288972
0.8747793619364264
0.8747825924286928
0.874784874158779
0.8747843388191539
0.8747832788088011
0.8747827942552396
0.8747814970526163
0.8747800939217233
0.8747802749037173
0.8747810324819099
0.8747812901642308
0.874778597738491
0.8747750658317651
0.8747710117744131
0.8747673578634346
0.8747641493023335
0.8747607146565687
0.8747599916092442
0.874761519883299
0.8747640484021023
0.8747644180417888
0.8747641934882487
0.8747670325788794
0.8747687642733155
0.8747686850408288
0.8747712261822824
0.8747740844119872
0.8747761503748063
0.874777750264025
0.874776259131143
0.8747759489907654
0.8747783182414413
0.87478166378386
0.8747834617471718
0.8747843585856688
0.8747861823170321
0.8747862186142844
0.8747866753318037
0.8747895559535258
0.8747930588799736
0.8747933194404084
0.8747925889462496
0.8747915789609768
0.8747926715481106
0.8747937432835018
0.8747937390844183
0.8747928744560935
0.8747919675719692
0.8747909981763187
0.8747908209303694
0.874788778309765
0.8747874474984033
0.8747858333674545
0.8747831821277711
0.8747799710690258
0.8747764001623021
0.8747749350884317
0.8747747805878727
0.8747743467512616
0.8747751308390755
0.8747767155799009
0.8747792065164329
0.8747813926134773
0.8747813347969831
0.874777974748654
0.874774006186456
0.8747693132168276
0.8747648644149881
0.8747611208178057
0.8747589791381005
0.8747569615198063
0.8747549002854219
0.8747554784588909
0.8747578630037435
0.8747583665957003
0.8747594808074406
0.8747626763050244
0.8747645179921327
0.874767331305131
0.8747687108728917
0.8747704825894184
0.8747707872615549
0.8747701869456618
0.874770267264407
0.8747705048131118
0.8747714263254383
0.8747734179811207
0.8747757861383871
0.874777788453753
0.8747798566811043
0.8747816300238299
0.8747831867096892
0.874786082605152
0.8747890519820505
0.874791417163907
0.8747916832858942
0.8747920812754532
0.8747948937333196
0.8747967231339204
0.8747990048310406
0.8748005392230291
0.8748018361727863
0.8748031117148358
0.8748035686033415
0.874806608786186
0.8748099841286665
0.874814017088231
0.8748170325883883
0.8748179300900325
0.874818018986534
0.8748183904244816
0.8748181259374348
0.87481765124145
0.8748200167904706
0.8748220165818152
0.8748232174882976
0.8748226969172748
0.8748220926271902
0.87482106055739
0.8748197432848022
0.8748203386334099
0.8748204903780288
0.8748217983101961
0.8748241710732035
0.8748270899314687
0.8748300050348224
0.8748334722659366
0.8748345250652629
0.8748335288491361
0.874832266549795
0.8748333939578735
0.8748353895054553
0.874835995515908
0.8748348711906523
0.8748348402047782
0.8748361543757349
0.8748363934210311
0.8748346544857385
0.8748328150341547
0.8748319764732861
0.8748310956564678
0.8748274096302794
0.8748219932857593
0.874818835103446
0.8748201992814472
0.8748216121424891
0.8748223899344911
0.8748240839616938
0.8748254629989437
0.8748260742593075
0.8748276645920755
0.8748328472118982
0.8748385697682058
0.8748437572245354
0.8748478406574345
0.8748508838921707
0.8748520969572248
0.8748539707855901
0.8748575675809586
0.874860572420501
0.8748633295338765
0.8748675505748323
0.8748724472545206
0.874874518048406
0.8748764640656235
0.8748795358431651
0.8748803872846814
0.8748809411224945
0.8748829503222171
0.8748861330750081
0.8748897421061129
0.8748922807759882
0.8748934911209377
0.874895507522646
0.87489748636851
0.8748991692001516
0.8749026084993653
0.8749044505135269
0.874907297745399
0.8749091894791383
0.8749086612074736
0.8749099489537272
0.8749104778071534
0.8749122984871179
0.8749145714717669
0.8749155958080993
0.8749133619282361
0.8749110412828188
0.8749107045919373
0.8749074268779432
0.874903017453498
0.8748999878473326
0.874899480589232
0.8748972238961604
0.8748961862554409
0.8748963354392164
0.8748971441375825
0.8748995846156725
0.8749015391183375
0.8749031940512657
0.8749065233638496
0.8749069398275965
0.8749052608112864
0.874903335841376
0.8749013779274023
0.8749012858619641
0.8748997753354212
0.8748967191922363
0.8748937170025023
0.8748912863648546
0.8748886133991983
0.8748861530461275
0.8748847210401254
0.8748832058667295
0.8748794449461693
0.874876218446716
0.8748754697127922
0.8748723172622603
0.8748682921146246
0.8748635847488223
0.8748603112218645
0.8748570273629726
0.8748574901161724
0.8748609453561476
0.8748613760620084
0.8748615672828326
0.8748619325640561
0.8748637330051303
0.874865941264859
0.8748636444708661
0.874863224544634
0.8748651358511342
0.874863752242134
0.8748636866784704
0.874866577404785
0.8748716077238661
0.8748760569555251
0.874878438298828
0.8748795773433489
0.8748795293982615
0.8748810507949669
0.8748830350191098
0.8748844383144899
0.8748856532880877
0.874886167211279
0.8748845484071233
0.874884219890296
0.874883332203421
0.8748798589031143
0.8748797783012471
0.8748780233673964
0.8748730869623256
0.8748683684262526
0.8748645016611768
0.8748632401654658
0.874862838912003
0.8748614006549152
0.8748605603091748
0.8748631328338053
0.8748661115055105
0.8748679657168998
0.8748704999006092
0.8748701472807202
0.8748692940692142
0.8748705038372737
0.8748708752122375
0.874868867425931
0.8748677754248416
0.8748684137096845
0.8748690308142497
0.8748690635498718
0.8748706174924009
0.8748718087459041
0.8748711212840076
0.8748720468722526
0.8748723056081089
0.8748738095278654
0.8748738578947157
0.8748718664518191
0.8748704960887926
0.8748700665344622
0.8748687293621319
0.874866038093487
0.8748652067631125
0.8748655542157231
0.874865992389999
0.8748664582583854
0.8748652180506005
0.8748618487851207
0.8748590912125253
0.8748580567758568
0.8748571136515184
0.8748574273375569
0.8748557426149924
0.8748532784086055
0.8748540502989582
0.8748551598336602
0.8748567335514009
0.8748578914399232
0.8748583636656277
0.8748598700635959
0.874863210471039
0.8748670688368396
0.874867393649756
0.8748654801609708
0.8748652122310512
0.8748680288130087
0.8748695959404127
0.8748728711847333
0.8748749741751106
0.874872567299896
0.8748711886967525
0.8748733184455351
0.8748764884174888
0.8748818461155695
0.874887707268202
0.8748897019502432
0.8748892632621883
0.8748899257987875
0.8748896391192069
0.8748882917615004
0.8748881053341996
0.8748879624549702
0.8748898743624051
0.8748914891466943
0.8748926292041487
0.8748948411763622
0.8748987069218662
0.8748974091322879
0.8748970720782471
0.8748990288839232
0.8748994455789763
0.8748993552191944
0.8748975826269579
0.8748965949077929
0.8748956627158948
0.8748966018119724
0.8748972322801412
0.8748990233033396
0.8749010230664812
0.8748995811711933
0.8748995423920698
0.8749039266984592
0.874906426139856
0.8749071582427479
0.8749074936836676
0.874906158950195
0.8749050317432223
0.8749058871645277
0.8749089977840093
0.8749115229899034
0.874912903083039
0.8749136124983752
0.8749121813466416
0.8749118201357288
0.8749123593450862
0.8749114261720843
0.8749116652461252
0.8749122263863804
0.8749143956300413
0.8749167264709727
0.8749164289151481
0.8749155819937496
0.874915905603635
0.8749180367805303
0.8749205428013859
0.8749205978390306
0.8749201385213229
0.8749199419483763
0.874920679975268
0.8749204549658114
0.8749173582540012
0.8749162214640704
0.8749178328516283
0.8749191451843276
0.8749226434891615
0.8749279984831891
0.8749331242658395
0.8749372443865477
0.8749386870707825
0.8749390988647106
0.8749359378164262
0.8749351359608702
0.8749350181789689
0.8749331121981586
0.8749320827651271
0.8749336028712766
0.8749322223295075
0.8749339465833693
0.8749385028389611
0.8749386027086377
0.8749391357867233
0.8749406914627914
0.8749411167027691
0.8749394549586015
0.8749387604158599
0.8749391790739572
0.8749400961499348
0.8749378932537829
0.8749354829733521
0.8749342742336694
0.8749351998341824
0.8749379596862038
0.8749399522678579
0.8749430062193548
0.8749467133216808
0.8749493129343402
0.8749500089286284
0.8749478568535332
0.8749472732275327
0.8749463759202499
0.8749451967877576
0.8749452224854133
0.8749466683426449
0.8749476322546126
0.8749484496194401
0.8749490590310638
0.8749487526335209
0.8749484120135208
0.874948295461505
0.8749489958298144
0.8749483505010979
0.8749483037987525
0.8749456962196251
0.8749440762442172
0.8749436160857039
0.874945489589639
0.8749491085849922
0.8749521406625334
0.87495609019818
0.8749576716990031
0.8749578759566947
0.8749560532041226
0.8749545086788241
0.8749533572616522
0.8749558469000044
0.8749597925829536
0.8749616721341452
0.8749620228141363
0.8749621561969718
0.8749605254517325
0.8749630622377979
0.87496713495759
0.8749683966596312
0.8749685125908994
0.8749669493687563
0.8749645892338496
0.8749623530858236
0.8749615036300555
0.874961454310298
0.8749652902544394
0.8749679604070578
0.8749685345113791
0.8749680361857156
0.8749679350023445
0.874968066940733
0.8749685090645583
0.8749702293134973
0.8749722317763843
0.8749715477177463
0.8749703970079631
0.874968571075253
0.8749670666298064
0.874967362842565
0.8749679557844923
0.8749675963388042
0.8749674260914009
0.8749672012890133
0.8749658138210421
0.8749668202729459
0.8749659887092238
0.8749654202125804
0.8749637700366635
0.8749624210897774
0.8749596582119312
0.8749583593897179
0.874956788014087
0.8749550840410242
0.8749527721712252
0.8749522660990053
0.8749504966521878
0.8749494798833347
0.8749519856547343
0.8749519926523652
0.8749522017929064
0.8749539309860572
0.8749529053663941
0.8749516927135481
0.874951980038589
0.8749521256903707
0.8749501601784081
0.8749495647185876
0.8749522359277918
0.8749529456233138
0.8749532752957543
0.8749526610050387
0.8749518270974759
0.8749503041129801
0.8749494852218763
0.8749486715711171
0.8749464125577348
0.8749436960559471
0.8749414542538266
0.8749381659971971
0.8749354259470156
0.8749346715869931
0.874935969952877
0.8749360739652947
0.8749366287070645
0.8749382382901982
0.8749370571912171
0.8749331425318283
0.8749326787236232
0.8749318418837184
0.87493080628962
0.8749300619535212
0.8749279140457888
0.8749250305315495
0.8749221164564793
0.8749237711180963
0.8749270766032692
0.8749283241524873
0.8749288442160871
0.8749297557899692
0.8749300547592999
0.8749305109326678
0.8749300366308417
0.8749308076938126
0.8749312548663284
0.8749307664721003
0.8749290721048114
0.874928287118259
0.8749288664561736
0.8749291264857822
0.8749280388605815
0.8749280568401993
0.8749289834869491
0.8749290046702525
0.8749266312000281
0.8749255804570942
0.8749253392138886
0.8749263819595122
0.8749272335665509
0.8749275908617515
0.8749284995304907
0.8749278876408851
0.8749293049133144
0.8749321290823241
0.8749331726746394
0.874935324737966
0.8749384426782756
0.8749399899971809
0.8749419840505237
0.8749414286316238
0.8749409897155385
0.874940432638016
0.8749388645827961
0.8749389087283816
0.8749380878677544
0.8749351397274077
0.8749337173275213
0.8749334839298413
0.8749334999777029
0.8749356621336389
0.8749367677831066
0.8749355530042251
0.8749373328035558
0.8749364975056049
0.8749359691720174
0.8749348345025746
0.8749319641899093
0.8749346044046489
0.8749391560104333
0.8749433926220651
0.8749443200459923
0.874945249619169
0.8749459096179465
0.8749472382468207
0.8749474129321373
0.8749456830732294
0.8749459610235233
0.874945336510299
0.8749464168960256
0.8749437907399893
0.8749420990680602
0.8749448457815148
0.8749475143336949
0.8749516883237559
0.8749543542943062
0.8749557157409538
0.8749571624701714
0.8749587670658189
0.8749582691623163
0.8749572003262472
0.8749575726660024
0.8749571553609365
0.8749559106237883
0.8749561312903414
0.8749557081206059
0.8749554309210487
0.8749557718063629
0.8749551916390647
0.874953995248817
0.8749515409977165
0.874951152631484
0.8749525159740696
0.874954880082507
0.8749550716628998
0.8749566520225174
0.8749589473297579
0.8749613568765826
0.8749643688573381
0.8749646079667008
0.8749647914641043
0.8749659802311656
0.8749680304787311
0.8749690670786876
0.874969091258794
0.8749695711562575
0.8749702765198994
0.8749677136512283
0.8749640557215624
0.8749605198517186
0.8749591337656536
0.8749596024255935
0.8749580089535967
0.8749561731824698
0.8749537459696227
0.8749532450195635
0.8749545744628653
0.8749554160358337
0.8749576987180546
0.8749636152457394
0.8749664236990102
0.8749668298647645
0.8749676807884774
0.8749687613714118
0.8749700535960608
0.8749714306300606
0.8749741013917001
0.8749753191568224
0.8749755596072812
0.8749741033312627
0.8749729322313657
0.8749720817603555
0.8749719720039455
0.8749734881409081
0.8749735327999796
0.8749733719862555
0.8749718359182042
0.8749688448226027
0.8749653859031793
0.8749622272195828
0.874959840752457
0.8749607041927446
0.8749603091336708
0.8749592381200005
0.8749575898590551
0.8749564138893609
0.8749574259718583
0.8749557211782502
0.8749539127608477
0.8749513332882145
0.8749477089543822
0.874946749159416
0.8749453394611333
0.8749441928434596
0.8749422160384687
0.8749403017926177
0.8749406165391446
0.8749413132158076
0.8749425117461987
0.874943815088205
0.8749433079165788
0.874943137336174
0.8749438436164992
0.8749435246136701
0.8749444184348021
0.8749472492223934
0.8749484681939026
0.8749490652900648
0.8749506715598664
0.8749538364876333
0.8749574581558531
0.8749599287614951
0.8749598997432593
0.8749588247310527
0.8749595903996692
0.8749595433557834
0.8749605914263292
0.8749621905360229
0.8749616088577618
0.8749617425394214
0.8749633377217966
0.8749643959239607
0.8749641901113104
0.8749657133229108
0.8749688198639588
0.8749709444819929
0.8749715007647113
0.8749713190579923
0.8749726040185636
0.8749752055804476
0.8749752264435593
0.8749755553868299
0.8749762312466697
0.87497588834013
0.8749760710613019
0.8749747131147957
0.8749725522780412
0.8749697201745303
0.8749669994973929
0.8749648576640009
0.8749659657149438
0.8749659401043397
0.8749649046406317
0.8749627494347981
0.8749624022158333
0.8749637626800423
0.8749647128445424
0.8749654350261483
0.8749646267230731
0.8749619115033938
0.8749598512499723
0.8749602216301283
0.8749601021757317
0.8749592029493235
0.8749600307282122
0.8749618610612876
0.8749625618559885
0.8749634155549589
0.8749645237392736
0.8749645596797416
0.8749634887235066
0.8749630708109266
0.8749642961946436
0.874963453158076
0.8749632761449743
0.8749656479345964
0.8749682782722153
0.8749690400994239
0.8749695372347112
0.8749701194098995
0.8749672288662487
0.8749641984010076
0.8749621883907117
0.8749612172066407
0.874959605696541
0.8749581767951619
0.8749591127706424
0.8749598654831483
0.8749610616180847
0.8749640225178067
0.874966543284853
0.8749698274338711
0.8749741444161534
0.8749779283833271
0.8749812828900344
0.8749839137715223
0.874985211135193
0.8749874711348526
0.8749892667274396
0.8749884866137313
0.8749854037681557
0.8749833152361182
0.8749841164617138
0.8749837522503827
0.8749841520427739
0.8749849084840221
0.8749843085645773
0.8749840918127232
0.8749850813268599
0.874986828539598
0.8749879951937322
0.8749897170562676
0.8749905723613056
0.8749904301897448
0.8749920014114739
0.8749932237836199
0.8749943468487852
0.8749966911165789
0.8749992890955525
0.874999685912713
0.8750016122462375
0.8750034744559138
0.8750044482448252
0.8750036967361049
0.8750037292060454
0.875004007387357
0.8750020137510903
0.8750019631408623
0.8750042481425814
0.8750042966484474
0.8750028322513393
0.8750022725708387
0.8750020760982414
0.8750020374447754
0.8749997374270543
0.874998660440901
0.875000299407164
0.8750025947444954
0.8750043015625852
0.8750046356456945
0.8750047527407602
0.8750047671518474
0.8750043211707033
0.8750033246765995
0.8750021180150847
0.8750026212762182
0.8750036604155257
0.8750036743355845
0.875004396859662
0.8750053481825336
0.8750073894338958
0.87500911377011
0.8750094035473673
0.8750107579379978
0.8750105720198097
0.8750116784740675
0.8750133426199538
0.8750134338676616
0.875013233752222
0.8750130181842614
0.8750120063780196
0.8750101451578569
0.875008742221569
0.875008602122115
0.8750077159601729
0.8750065845955696
0.8750046744600279
0.8750031426954445
0.8750021750249769
0.8750023182833845
0.8750009568016729
0.875000494468419
0.8750001810721164
0.8750009800618103
0.8750020641567959
0.8750010836300539
0.8749992974349903
0.8749961343436744
0.8749959546657441
0.874997892775877
0.8749982971270038
0.8750013940332542
0.8750038485082384
0.8750044274466129
0.8750042058055505
0.8750042091400287
0.87500407821483
0.8750035307441619
0.8750023929923801
0.8750020386762114
0.8750009050341698
0.8750009788845475
0.8750025510578237
0.8750034147057129
0.8750058136500172
0.8750097655064963
0.875011470636236
0.8750126466477489
0.8750137443430819
0.8750150049439326
0.8750144129764066
0.8750135848223802
0.8750145586801654
0.8750159437968005
0.8750152416787792
0.8750143959671575
0.8750159669805556
0.875017803196365
0.8750185241962641
0.8750197451125173
0.8750213148924022
0.8750221764904069
0.8750225505726515
0.8750213890768753
0.875019164846379
0.8750180606164065
0.8750172502541964
0.8750169660556301
0.8750183754647883
0.8750199474853468
0.8750212663713121
0.8750229730099366
0.8750237861838712
0.8750245377427894
0.8750248294374526
0.8750256377488952
0.8750262553643552
0.8750247102208548
0.8750273656689116
0.8750297465673282
0.8750307012787781
0.8750330643588382
0.8750353106051942
0.8750360973901782
0.8750351462922519
0.8750352453690792
0.8750353851802084
0.8750351564938936
0.8750374372906322
0.8750385552308451
0.8750389185197022
0.8750407000894022
0.8750428714305163
0.875042561435638
0.8750412710130113
0.8750394223394016
0.87503582189038
0.8750326067782782
0.8750313149035741
0.8750316696952267
0.8750326475040481
0.8750337919417427
0.8750345321243673
0.8750346457918942
0.8750335149454821
0.8750317641931955
0.8750306697868171
0.8750333192101284
0.8750369588606847
0.8750376118195309
0.8750379384144222
0.8750393341717693
0.875040053273665
0.8750412272829166
0.8750431043825656
0.8750441613865592
0.8750438356550831
0.8750445437677735
0.8750464407207166
0.8750489122038202
0.8750516928408169
0.8750539495191114
0.8750561995549052
0.8750591155552864
0.8750617860971043
0.8750634335176751
0.8750654248543753
0.8750639655165443
0.8750628897493135
0.8750618863865278
0.8750616032529903
0.8750612820916251
0.8750607037694915
0.8750611367207979
0.8750609917185477
0.8750594309487936
0.8750584182202965
0.8750574497843256
0.8750549440340047
0.8750536678698724
0.8750517460426736
0.8750490198361643
0.875046908591122
0.8750451814042143
0.8750443735201707
0.8750424660107706
0.8750410847932978
0.8750397175437963
0.8750389414997382
0.8750382485907506
0.8750394172465621
0.8750387660379647
0.8750368195809174
0.8750354202263719
0.8750352600478084
0.8750361419086461
0.8750382004240304
0.875040107907214
0.8750390655787706
0.8750384404530318
0.8750371959788679
0.8750381214947004
0.8750378668895841
0.875039206700248
0.8750395432008741
0.8750392044220175
0.875038702411773
0.8750382011011175
0.8750363886932166
0.8750358806966321
0.8750369365014251
0.875036799714843
0.8750368754141187
0.8750377987629009
0.8750396206668258
0.8750404754071961
0.8750413608602251
0.8750420565517492
0.8750421739613328
0.8750420652769199
0.8750433115978379
0.8750445163511018
0.8750444784901695
0.8750448903537938
0.8750455146333997
0.8750440934980043
0.8750412312232833
0.8750380707206122
0.875037491126046
0.8750370481881978
0.8750369206808135
0.875039340896952
0.8750407800380005
0.8750403477728391
0.8750393004257554
0.8750394527566612
0.8750394876889118
0.8750395711871899
0.8750408800929361
0.8750397891810183
0.875038298523783
0.8750370743758111
0.8750350308930656
0.8750334489196193
0.8750329680848228
0.8750332877554469
0.8750358136443203
0.8750367943673945
0.8750346065946508
0.8750338386643164
0.8750328170921811
0.8750317724259827
0.8750323100203224
0.8750329632767931
0.8750312741158199
0.8750294291481118
0.875028721024978
0.875027384458983
0.8750260650989631
0.875025806672068
0.8750264052514637
0.8750292347480697
0.8750297888901226
0.875029796825833
0.8750309396807273
0.8750317376675143
0.875033190781071
0.8750344234361731
0.8750353543608896
0.8750368773371674
0.8750395625541458
0.8750410042043303
0.8750409499505187
0.8750388639273166
0.875036966695497
0.8750369921514135
0.8750366884928981
0.8750356866367075
0.8750350249093342
0.8750340354591727
0.8750312547489092
0.8750288157213734
0.8750278417766503
0.8750278094720217
0.8750284417938224
0.875027789965115
0.8750248562883789
0.875021979417356
0.8750189046775015
0.8750160426004376
0.8750166780804006
0.875015870703513
0.8750162912960309
0.8750162737065184
0.875015813829007
0.8750152916621331
0.8750140353266423
0.8750142639418291
0.8750155754899442
0.8750169627204646
0.8750167655367617
0.8750168754905818
0.8750170379763217
0.8750173618337733
0.8750177466017062
0.8750176957681899
0.8750163903145366
0.875014353560708
0.8750150116240579
0.8750169496255173
0.8750180511917564
0.8750185353675627
0.8750187948572996
0.8750190760093448
0.8750181819899373
0.8750171995219087
0.875015830259333
0.8750149448163476
0.8750147981968506
0.8750149470627976
0.8750160133546299
0.8750157325372481
0.8750132955737469
0.8750106823654299
0.8750091733585259
0.8750088748231409
0.8750088459362054
0.8750097687341964
0.8750103481228901
0.8750102747580987
0.8750090411333472
0.8750085073849272
0.8750096829239401
0.875010917941087
0.8750125569507318
0.875012798068835
0.8750122433517709
0.8750110561509071
0.8750087684773381
0.8750061370610995
0.8750040268443092
0.8750034171758556
0.8750036622271208
0.8750041956708461
0.8750048459425027
0.8750054263019729
0.8750056669152285
0.8750074240007522
0.8750093271255753
0.875009052119336
0.8750079356096149
0.8750082349382605
0.8750079819304771
0.8750060229265155
0.8750038727593711
0.8750024436260236
0.8750021348979485
0.8750017860571133
0.8750007627345795
0.8749985479938452
0.8749978059756683
0.874998031199716
0.8749973423431057
0.8749965242404215
0.8749971204282251
0.8749972739887397
0.8749960115969007
0.8749966385918154
0.8749975501355302
0.8749984132528704
0.8749990660195587
0.8749999638812342
0.875000351707282
0.8749981089582048
0.8749968506007236
0.8749971680346789
0.8749979960978957
0.8749987367781771
0.8749995216787231
0.8749991743986646
0.8749978120757036
0.8749956567125884
0.874995181573147
0.8749961545269915
0.8749966878448882
0.8749973381784374
0.8749969441829082
0.8749961339390332
0.8749967201216644
0.8749978418967435
0.874999043842702
0.875000506687446
0.8749997878454047
0.8749979518326504
0.8749957252923756
0.874994604985392
0.8749936447841394
0.8749938761586673
0.874996285734305
0.8749978289695183
0.8749986299391623
0.8749993736477222
0.8749988070244697
0.8749990435644331
0.8749984858861978
0.8749975852196819
0.8749982843167756
0.874998963438382
0.8749991625554708
0.8749999733875585
0.8750011062391277
0.8750017069361825
0.8750028369485058
0.8750034327009141
0.8750046918629566
0.8750069951473176
0.8750065740494611
0.8750062808972118
0.8750052834588425
0.8750046331576988
0.8750040896938891
0.8750046254901462
0.8750037481615861
0.8750025507649003
0.8750027956446367
0.8750045266339572
0.8750062570869678
0.8750070633077166
0.8750081675662521
0.8750084832136302
0.8750085228641947
0.8750077830621121
0.8750072938776885
0.8750069767221602
0.8750085760740307
0.8750099632060366
0.8750098574620644
0.8750101368887034
0.8750112016907331
0.8750119045010509
0.8750113159145688
0.8750123003196988
0.8750134659826586
0.8750127389193577
0.8750125949519133
0.8750135384482407
0.8750145663064635
0.8750158604002922
0.8750161354756241
0.875016978071537
0.8750182741703716
0.8750191298374287
0.875019796459015
0.87502034860888
0.875021647275908
0.8750217395099086
0.8750205626696885
0.8750194583520489
0.875018521760741
0.875016814381505
0.8750149275691993
0.8750130815443312
0.8750122922831606
0.87501306182376
0.8750132801232816
0.8750132577678223
0.8750153549248709
0.8750156508360607
0.8750169511594923
0.8750178726440919
0.8750191664848055
0.8750204501148868
0.875020375431492
0.875021722267398
0.8750234247975388
0.8750243674942401
0.8750254663053768
0.8750256776800024
0.8750263950266369
0.8750279325705625
0.8750278033906188
0.8750257810046255
0.8750251301271362
0.8750235794432152
0.8750234697387641
0.8750226327190418
0.8750203414978968
0.8750183886091111
0.8750161848544594
0.8750136689687446
0.8750128790082272
0.8750115320806591
0.8750102390030025
0.8750098809593353
0.8750098181847399
0.8750091756869708
0.875008226564714
0.8750078883689189
0.8750071524856566
0.8750073243807138
0.8750074814578476
0.8750069913589777
0.8750081674934868
0.8750085357879911
0.875007923944619
0.8750081142903395
0.8750070213354614
0.8750040836789351
0.8750014754501612
0.8750025183674605
0.8750024094908692
0.8750020969796812
0.8750026066166564
0.8750023704258463
0.875002110122693
0.8750009433333834
0.875000432178616
0.874998863251807
0.874997203905656
0.8749949203244242
0.8749923319325419
0.8749903603056635
0.8749886865253642
0.8749860690036559
0.8749839910159887
0.8749829292857572
0.8749828821772386
0.8749835981943038
0.874985003659417
0.8749860555971873
0.8749876334215636
0.8749891183423331
0.8749884951820072
0.874990094008566
0.8749906177237881
0.8749915396891471
0.8749919820158943
0.8749918317858841
0.8749926104766158
0.8749915255511375
0.8749925632222392
0.8749942382272295
0.8749949959404154
0.8749964301491678
0.8749968431001013
0.8749980149369054
0.8750003808413992
0.8750026736537234
0.8750049309096288
0.8750073271180595
0.8750094588918397
0.8750114961947412
0.8750106438608085
0.8750092870852427
0.8750086709647132
0.875008237101449
0.8750083603382937
0.8750079930437047
0.8750069706703902
0.8750065867647622
0.8750055311504963
0.8750052545303286
0.875005182052313
0.875006457601584
0.875007980229614
0.8750095279973975
0.8750096650979835
0.8750095603884674
0.8750092224206872
0.8750090450221779
0.8750091503089541
0.8750086781019321
0.8750082759898313
0.8750063659034785
0.875004716488404
0.8750033845223376
0.8750022040871389
0.8750015375328666
0.8750007387594186
0.8750003986107558
0.875000049920827
0.8749986749864413
0.8749987082922361
0.87499775799695
0.8749958424560296
0.8749946903348553
0.8749939642286598
0.8749918039094721
0.8749903898071673
0.8749904972329494
0.8749915368568867
0.8749916311114928
0.8749927051413336
0.8749925945670262
0.8749930595123911
0.8749930958122943
0.8749942265361951
0.8749948915587412
0.8749940329185333
0.8749925552544646
0.8749921574917632
0.8749922324122121
0.8749928811429583
0.8749932924477958
0.874991940444461
0.8749895201722583
0.87498828846611
0.874988324776531
0.8749880482928774
0.8749876676646612
0.8749880879820543
0.8749895898549082
0.874990545341193
0.8749910195601344
0.8749896395269279
0.8749885300103172
0.874986750992834
0.8749845421062317
0.8749847670549177
0.8749848265937207
0.8749850028170164
0.8749837993776676
0.8749824647977873
0.874979972999404
0.8749779068428455
0.8749777613612568
0.8749776333340519
0.8749791911739182
0.8749805020359177
0.8749819677451903
0.8749829497509529
0.8749839020329281
0.8749841899822067
0.8749850892341968
0.8749864120142798
0.8749878975558627
0.8749879130818468
0.8749871565207142
0.8749866315397047
0.8749851547271855
0.8749820220741591
0.8749799706463608
0.8749781311657548
0.8749791563971164
0.8749809354386459
0.8749817251361389
0.8749827936511791
0.8749833054140217
0.8749837370523653
0.8749833351323623
0.8749834343129543
0.8749847885184074
0.8749851226871954
0.874984208086204
0.8749840639498275
0.8749841237036551
0.8749839884639725
0.8749833668662541
0.8749835558076455
0.874984239367947
0.8749852187053535
0.8749858685773968
0.874985695971367
0.8749862230945596
0.8749871259640204
0.8749877995151029
0.8749889885997171
0.874989662645757
0.8749898647279896
0.874990945337086
0.8749924013758427
0.8749952166240268
0.8749985956417781
0.875001647643278
0.8750046658349995
0.875007194044292
0.875007010158207
0.8750073539354567
0.8750079905076942
0.8750081423716487
0.8750076671454317
0.875007863041381
0.8750073999689392
0.8750056310807101
0.8750047148863794
0.8750046051605729
0.8750054654837346
0.8750063954380592
0.8750044535006681
0.8750017914785986
0.8749981905764812
0.8749948661958674
0.8749937033741868
0.8749936130816434
0.8749931393982676
0.8749933024967084
0.8749943937414596
0.8749951413488942
0.8749968824491261
0.8749964030400489
0.8749951488873949
0.874994745076476
0.8749952453765396
0.8749960588739474
0.8749960709714533
0.874994906948556
0.8749938716384589
0.8749917969008021
0.8749903365308307
0.8749906615607209
0.8749909760646407
0.8749923936174001
0.8749930413801469
0.8749941840247265
0.874995527762112
0.8749977405240408
0.8749984434264497
0.874997858091388
0.8749960647832069
0.8749961005918339
0.8749980613250514
0.8750002374371182
0.8750011114596828
0.8750021201617029
0.8750040439047354
0.8750071933900152
0.8750087235416338
0.8750092904577431
0.8750102558600671
0.8750096104889585
0.8750089875252781
0.8750093709902278
0.8750089762373022
0.8750096521060565
0.875010059196246
0.8750079210917237
0.8750057424677629
0.875004564683274
0.8750036017046218
0.8750044570481575
0.8750072667996244
0.8750094720825875
0.875008582737228
0.8750075530026244
0.875006521372753
0.8750069932513982
0.8750083839163433
0.8750080907935649
0.8750061202544678
0.87500347712143
0.8750028777726381
0.8750037377379769
0.8750040342763069
0.8750048585503409
0.8750064265166638
0.8750074165349288
0.8750083902463512
0.8750107045848274
0.8750118644549092
0.8750106796435873
0.8750106254503615
0.8750105561396856
0.8750124032329826
0.8750140998209422
0.875015225212976
0.8750154409970377
0.8750130009947923
0.8750105984496986
0.8750088485744043
0.8750075808807591
0.8750069214335765
0.8750047506883528
0.8750015522733151
0.8749978792351569
0.8749958190877782
0.8749939882820624
0.8749934016209354
0.8749949507901342
0.8749968429438807
0.8749983763201461
0.875000414515394
0.8750024893951582
0.8750038419013267
0.8750035771345317
0.8750043060344679
0.8750039184057903
0.8750041806465048
0.8750054011441565
0.8750053819516805
0.8750061515903707
0.8750075128937583
0.8750084847818245
0.8750098805958094
0.8750118928413623
0.8750124406875829
0.8750132836351964
0.8750150231681485
0.8750170164458618
0.8750178270712207
0.875019164774164
0.8750199117841579
0.8750218459647455
0.8750237772984263
0.8750246389028679
0.8750268185965363
0.875029083149346
0.8750305957494658
0.8750310952388606
0.8750325658816125
0.8750345329628881
0.8750348950688898
0.8750351632104281
0.8750342718669796
0.8750337204110025
0.87503328414677
0.8750341877415018
0.8750351327518023
0.875035127324399
0.8750357558469707
0.8750381222097904
0.8750405341821842
0.8750408886083877
0.8750396218701035
0.875037831642126
0.8750375053778021
0.8750373826479888
0.8750375622048532
0.8750367772072811
0.8750357851456089
0.8750352461405502
0.8750361603662493
0.8750383209159291
0.8750391614562483
0.8750379385480213
0.8750387469294987
0.8750395494436515
0.8750388302103929
0.8750383714382126
0.8750383612557519
0.8750373617752295
0.8750370622880282
0.8750384773715923
0.8750394242830257
0.8750409913113756
0.8750422161280825
0.8750427076546429
0.8750434054282167
0.8750438852097115
0.8750432583418626
0.8750408445785182
0.8750399426137173
0.8750410386004918
0.8750431810953191
0.8750450573092652
0.8750459908718133
0.875046176334908
0.8750454849758625
0.8750448903545666
0.875044271045026
0.875043063212817
0.8750423803512719
0.8750422037474427
0.8750414000916995
0.875041014471975
0.8750432398445716
0.8750449547624469
0.8750464184213866
0.8750474864066478
0.8750493513634158
0.8750504256068999
0.8750499758922737
0.8750479685960099
0.8750458941462875
0.8750462669771774
0.8750473811206148
0.875047862753142
0.8750486468021219
0.8750494658015601
0.8750495254335926
0.8750491685030789
0.8750493181839756
0.8750489111795501
0.8750475252529472
0.8750469505363768
0.8750479057828848
0.8750486088177609
0.8750495031047522
0.8750518718372278
0.8750533412454279
0.8750542676383114
0.8750536684999893
0.8750543047545346
0.8750559948900806
0.8750572377712994
0.8750576520798123
0.8750581942932693
0.8750586197326611
0.8750588009839598
0.8750605808428076
0.8750623659331412
0.8750642244195209
0.8750671250012833
0.8750703718396383
0.8750728914640294
0.8750742016233741
0.8750761513259169
0.8750777737666627
0.8750795321275057
0.8750815047158329
0.8750832194954068
0.8750841415221335
0.8750853733675498
0.8750873957361479
0.8750880860450546
0.8750889025383074
0.8750907969530143
0.8750932329313472
0.8750969690691968
0.8751001846166562
0.8751017553574473
0.8751008978119506
0.8750998436551978
0.8751004459000776
0.8751025345652971
0.8751043521146259
0.875106695130189
0.8751077289733449
0.8751071711553217
0.8751072273627605
0.8751065881929354
0.8751056275490982
0.8751046805653883
0.8751040567640451
0.8751049610732701
0.8751047439874874
0.875104120412085
0.8751052546196824
0.875105669780312
0.8751072384446789
0.8751090173167928
0.875110168619962
0.8751110385322654
0.8751120373299538
0.8751123873463236
0.8751127475791318
0.8751148134741468
0.8751161985325838
0.8751161141477383
0.8751160308826336
0.8751172136436772
0.8751176990848907
0.8751182284213217
0.8751181059171317
0.8751176394474341
0.8751164928321679
0.8751164964822797
0.8751164333381725
0.875117644539224
0.8751179294090866
0.8751169870303667
0.8751167208375162
0.87511708272466
0.8751169839739239
0.8751157277085865
0.875114387907888
0.8751142282870346
0.8751149247040471
0.8751150538512584
0.8751143659773798
0.8751134866529593
0.8751128362029844
0.8751136160633064
0.8751136209858598
0.8751138315391858
0.8751140227922044
0.8751135260109232
0.875113507813982
0.875113538892925
0.87511353225708
0.8751127189571383
0.8751115821498353
0.8751107732425082
0.8751118347341164
0.8751123729547524
0.8751111332477608
0.8751095438460885
0.8751101293646859
0.8751125461267677
0.875115963544961
0.8751184094466656
0.87512061522354
0.8751216100005991
0.8751222004547082
0.875122781559339
0.8751219007342771
0.8751211900510901
0.8751193026634231
0.8751182519507132
0.8751177311898024
0.8751173944385285
0.8751187365147729
0.8751214674879003
0.8751228455222961
0.8751232004581292
0.8751234202166334
0.8751246873630727
0.8751256094183248
0.875126013439948
0.875125756000951
0.8751254253465561
0.8751253002381941
0.8751252951939047
0.8751243920190235
0.8751219605661191
0.875120959667683
0.8751209701667496
0.8751211015688963
0.8751223562455376
0.8751236485377301
0.8751243167585813
0.875123291552888
0.8751215861346633
0.8751202459531856
0.8751186068913865
0.8751163265149057
0.8751146973536041
0.8751142367642658
0.875112536078878
0.8751111690006971
0.8751096479813794
0.875107444274848
0.8751044828612458
0.8751031478725594
0.8751023940423818
0.8751020675000513
0.8751019525697475
0.8751024163691519
0.8751025791922195
0.8751017505175014
0.8751003345004247
0.8750993357965754
0.8751003893750766
0.8751011919650354
0.8751017477945484
0.8751027522559494
0.8751032842892332
0.8751030265328096
0.8751032093337687
0.8751044576343294
0.8751050186054984
0.875106187716396
0.8751077189283124
0.8751078325595105
0.8751081725168784
0.8751081697239145
0.8751072404152022
0.875106511752308
0.8751068222356513
0.8751068545711657
0.8751064328725654
0.8751068407713082
0.8751064052237958
0.8751054266328718
0.8751065301476203
0.8751069871227467
0.8751064945574949
0.8751054503254941
0.8751052927631254
0.8751052871412094
0.875103710725735
0.8751022629513561
0.8751016580685425
0.8751011075359661
0.875100735096869
0.8751000568224375
0.8750991310208966
0.8750976432864377
0.8750961337960466
0.8750940587294491
0.8750930302703006
0.8750921497067266
0.8750910340707024
0.8750899245133892
0.8750893255363833
0.8750885498810523
0.8750874015943868
0.8750852219595884
0.875082452419832
0.8750797335756321
0.875076770787112
0.8750740806995293
0.8750720145891739
0.875071526568602
0.8750713416470671
0.8750706073214413
0.8750691924162567
0.8750684050260746
0.8750694754042517
0.8750720167367154
0.8750750892110241
0.8750780379744316
0.8750812779652267
0.8750829736315597
0.8750826497821498
0.8750815812659594
0.8750805783821519
0.8750804619744953
0.8750807265466705
0.8750808832045494
0.8750823285007205
0.8750847807164622
0.8750866028295422
0.8750872104128858
0.8750883480700611
0.8750885567208361
0.8750886299831157
0.8750887978705255
0.8750879503494441
0.8750874163826415
0.8750864188340419
0.8750842639161759
0.8750830538732837
0.8750836114437108
0.8750839474595217
0.8750841409093146
0.8750839889584122
0.8750840953183957
0.8750827895176355
0.8750814442129693
0.8750811760687628
0.8750813043669857
0.8750816389562248
0.8750822709419405
0.875083280749888
0.875083944393375
0.8750854257591943
0.875086395425226
0.8750877566317491
0.8750892456267771
0.8750897996515249
0.8750889609913699
0.8750893712149049
0.8750911482478122
0.875093758471347
0.87509635406187
0.875098555907042
0.8751013433837329
0.8751027003307633
0.8751035606522659
0.8751051621316761
0.875105390408727
0.875105806764891
0.875106714903218
0.8751066781833201
0.875107176705259
0.875108786604959
0.8751096392739707
0.8751089870915464
0.875107486795868
0.8751060921022286
0.8751051676124951
0.8751040183448319
0.8751032779232953
0.8751017024097977
0.8751005819896842
0.8751010877358985
0.8751015187588248
0.8751011329659949
0.8751018209965992
0.8751022415237438
0.8751023375522436
0.875101750943619
0.8751019433325864
0.875103117243867
0.8751037452463062
0.8751029380691213
0.8751024677329794
0.8751037953926587
0.8751051183702765
0.8751063776330773
0.8751080002358295
0.8751077269546201
0.8751076420098626
0.87510690872437
0.875106027909957
0.8751053951992065
0.8751054077990005
0.8751072030839004
0.8751091409537377
0.8751115194401502
0.875114514674402
0.8751155082264045
0.8751175301344866
0.8751187642987247
0.8751203645323722
0.8751221617734367
0.8751234179003685
0.8751240515351145
0.8751242750708002
0.875123601663015
0.8751229508120213
0.8751223341219788
0.8751227773210783
0.8751231757282143
0.8751236455916689
0.8751236992261968
0.8751234721963245
0.8751229166992498
0.8751232601534713
0.8751247990817077
0.8751262408902771
0.8751282917716017
0.8751293148297015
0.8751290794298714
0.8751279005479728
0.8751270393018026
0.875126240749198
0.8751247062373547
0.8751232606951541
0.8751237054829178
0.8751245469504727
0.8751258630972882
0.8751275805224485
0.8751282416104471
0.8751283239974655
0.8751290484536817
0.8751289733642937
0.8751289360709927
0.8751300045436069
0.8751320693772747
0.8751339215612073
0.8751345949998401
0.8751341347394652
0.8751331045879567
0.8751325532112529
0.8751309505169655
0.8751278721599683
0.8751272196525638
0.8751273617213511
0.8751276035756177
0.8751287666710538
0.8751291374574703
0.8751295715457066
0.8751303910056845
0.875131356082018
0.8751326982456816
0.8751325456116071
0.8751322917672449
0.875132361310332
0.8751330901517743
0.8751313666786962
0.8751298162439956
0.8751298072294608
0.8751299368506156
0.8751320762080355
0.8751337143653746
0.8751337591210997
0.8751328694223807
0.8751326743114486
0.8751340813646238
0.8751352216201367
0.8751360656256539
0.8751372931725725
0.8751372888676152
0.8751363033030094
0.8751353551735774
0.8751341232442595
0.8751321734074182
0.8751299683339636
0.8751287297233311
0.8751276151498258
0.87512653687471
0.8751262419222758
0.8751267856448002
0.875128069358035
0.8751280612534765
0.8751270076759367
0.8751263457692501
0.8751253470362053
0.8751240376380957
0.8751220464998285
0.8751210138377431
0.8751203058426719
0.8751191536044266
0.8751183763541789
0.8751174653166589
0.8751177145368079
0.8751174430883888
0.8751159034608114
0.8751128652870529
0.8751109573949657
0.8751099556538618
0.875109413348286
0.8751093349704849
0.8751096647544737
0.8751108506178369
0.8751130384647446
0.8751138588409018
0.8751137791883673
0.8751129370055182
0.8751124203332024
0.8751125134203501
0.8751119898406962
0.8751109047700747
0.8751100275213052
0.8751090327382115
0.875108633774095
0.8751089362276591
0.8751091128804027
0.8751084343240823
0.8751081829787719
0.8751082710785053
0.8751078132216855
0.8751080550908001
0.8751094394324568
0.8751103825956065
0.8751114530909253
0.8751126280984975
0.8751137963679942
0.8751136808727239
0.8751126304516837
0.8751123902531508
0.8751109661502053
0.8751094926334849
0.8751087965354934
0.8751079077142092
0.8751081567068055
0.875109336254471
0.8751094898453009
0.8751093083600456
0.8751099271993309
0.8751106020024971
0.8751109827709814
0.8751109972713612
0.8751118802111005
0.875112453932865
0.8751127842921806
0.8751118106410047
0.8751100055121325
0.8751088182775694
0.8751087001745365
0.8751091026408487
0.8751090433026525
0.87510853965964
0.8751084654863663
0.8751084579211522
0.8751090696183889
0.8751089366070028
0.8751076255836298
0.8751069996822827
0.8751068121015702
0.8751055910577021
0.8751040875507777
0.8751026838564464
0.8751011453094062
0.875101408396341
0.8751028430317114
0.8751037550045679
0.8751043236835316
0.8751046166517162
0.8751052940161975
0.8751074131223227
0.8751091237640722
0.8751089301278906
0.8751081477006262
0.8751059132004834
0.8751027227836736
0.8750998300976234
0.8750968787401873
0.8750941480767316
0.8750920424358157
0.8750904897336952
0.8750893776277505
0.8750876798284162
0.875087744442614
0.8750879515727645
0.8750870235676789
0.8750871810567848
0.8750870582700111
0.875086659812171
0.8750862632749042
0.875086667809362
0.8750885595233613
0.8750901549168194
0.8750904793506166
0.8750904229500573
0.875089990148396
0.8750900078655495
0.8750895485863547
0.875088407891905
0.8750873324197448
0.8750866999423118
0.8750876350184968
0.8750899821094199
0.8750916887528241
0.8750933985681709
0.8750945504982944
0.8750952083646029
0.8750955900232369
0.875095779452352
0.875096483635189
0.8750965333694702
0.8750958740306538
0.8750947499060058
0.8750940058744144
0.875093966848969
0.8750936710696285
0.875093150230085
0.8750918831767499
0.8750902309599128
0.8750896764060463
0.8750902641138991
0.8750914749617655
0.8750926275551381
0.8750939674233813
0.8750943198140763
0.8750947464129347
0.8750954769042414
0.8750947067839991
0.8750936720526704
0.8750933941187403
0.8750930701184267
0.8750914603332671
0.8750901619037845
0.8750893725285158
0.8750878749922292
0.8750876697624961
0.8750873641713579
0.8750868115179536
0.8750860293640714
0.8750846314278498
0.8750842487942606
0.8750855999878105
0.8750870826521728
0.8750876871458375
0.8750877084401762
0.8750874386986602
0.8750873373649888
0.8750877852808883
0.8750888734328717
0.8750901359909113
0.8750898286335058
0.8750887037048485
0.8750882865321642
0.8750879438402069
0.8750877275414604
0.8750856976210177
0.8750830584174667
0.8750817390621088
0.8750821307132025
0.8750826937463966
0.8750808769033265
0.8750794553084663
0.875079774891296
0.8750779807824643
0.8750770209129656
0.8750776671945487
0.8750780453095875
0.8750777669872317
0.8750773116457596
0.8750777702955039
0.8750784063141449
0.8750790675053378
0.875078817433708
0.8750785223122108
0.8750795431562179
0.8750792367986039
0.8750790904453332
0.8750795651412282
0.8750792686246964
0.8750782095472367
0.8750765620119335
0.875074067568637
0.8750739926716732
0.8750743468445132
0.8750738173577964
0.8750733095938925
0.8750718774575994
0.8750688462277308
0.8750659452211035
0.8750657772596115
0.8750657102138946
0.8750643898399862
0.8750634046763156
0.8750620798388437
0.8750609685181198
0.8750598938654452
0.8750585970052809
0.8750583563136305
0.8750575318556824
0.8750570620062886
0.8750561017658486
0.875054241106191
0.8750528379243095
0.8750518028077524
0.8750517179942653
0.8750523642143458
0.8750531023736502
0.875055042331388
0.8750564111402944
0.8750574168355516
0.8750588630427683
0.8750588440619271
0.8750586510028237
0.875059838726597
0.8750602964973935
0.8750601917030411
0.8750603516641873
0.8750603220650549
0.875060453519167
0.8750629194388038
0.8750643312424043
0.8750641712797209
0.8750649133818487
0.875066615152793
0.8750665258583197
0.8750657440986956
0.8750635332901617
0.8750622799083041
0.8750615511532553
0.8750597781055288
0.8750609837879836
0.8750620619228351
0.8750625161679852
0.8750625921115689
0.8750619762434093
0.8750610599413196
0.8750606720476358
0.8750604951146055
0.8750612057970614
0.8750632979956984
0.8750646835261018
0.8750649580063541
0.8750648682759543
0.8750632065037782
0.87506275074406
0.8750619211958672
0.875060947956988
0.8750600849998432
0.8750578610417087
0.875056109500454
0.875055626222169
0.8750545218374495
0.8750529196275595
