0.4022170866958614
0.4747574059718095
0.4886684557168735
0.5059753486876502
0.5127324226026615
0.5099049674666992
0.5132250933261079
0.5227130545802411
0.5298017609513875
0.5380556347639325
0.5468347619151084
0.555388770299142
0.5651364113207255
0.5737636231343444
0.5810253906425463
0.5878639363542945
0.5954100032193976
0.6038859438972565
0.6108857998571822
0.6185461612439541
0.6262871167589305
0.633689087633662
0.6391660276208937
0.6450168510184553
0.6496669458336345
0.655158823515511
0.6600264103067983
0.6652415733575153
0.6704937615325745
0.674829265536063
0.6795016152081543
0.6838854699100092
0.6885441126429224
0.6924936694856865
0.6960875719884971
0.699278028931071
0.7026956860127074
0.7061379506950871
0.7091682538082447
0.7125785545639668
0.7155214353131941
0.7187093334047169
0.7219572440442569
0.7257624658420345
0.729344189455184
0.7327519951578884
0.7360020173702012
0.738924125926118
0.7421139450578176
0.7455165188967088
0.7484928895772425
0.7515589149567005
0.7544973328490513
0.7570364977653479
0.759665657394029
0.7624888465781748
0.7651011394109833
0.767753971905744
0.7704256176141189
0.7729919753624581
0.7756576547099633
0.7783333737611676
0.7807683676134474
0.7832502343986522
0.7854605309254026
0.7874225373705422
0.7892177957005474
0.790842834775094
0.7925265810785938
0.7941671926109475
0.7958490997976922
0.7974759252351761
0.79886263298372
0.8001167307125857
0.8013133913900903
0.8024371268491424
0.8036740778466505
0.8046813036352937
0.8055426699798489
0.8066515869287323
0.8079293803189664
0.8092200867343439
0.8105124552968254
0.8118427716307101
0.813071209579632
0.8142491821544152
0.8154159097548684
0.8166307884682577
0.8178231594034211
0.8187498726327094
0.819607061614795
0.8204107118163396
0.821176871254741
0.8219076959378911
0.8225744630731213
0.8234169027321441
0.8241613217682042
0.8249154587040559
0.8255873971588706
0.8262770489176643
0.8269305031019816
0.8276224217598447
0.8284145736420085
0.8291375964385694
0.8298666438916454
0.8305659428168769
0.8312190021591723
0.8318380908050068
0.8325100404937705
0.8331713264098874
0.8339030584400007
0.8346101328815426
0.8352966710067716
0.8358208040258255
0.8364036069682125
0.8370410056381347
0.8377436729239769
0.838505880669508
0.8392173206709534
0.839747746856727
0.8402915095361081
0.840800387064565
0.8412130794459981
0.8416544965991081
0.8421528304261302
0.8425797257189408
0.8429659571299977
0.8433172674076477
0.8436486578550089
0.8440461788208514
0.8444477614670673
0.8448541291378877
0.8452753549722467
0.8457327380638505
0.8461085960167781
0.8464456344836738
0.8468841146461066
0.8472717019127858
0.8475465452134486
0.8478716465732297
0.8482115302618771
0.848551847167385
0.8488887937395069
0.8491804471520313
0.8494799789297407
0.8497974539239683
0.8501624059182572
0.8505519993156145
0.850802394915
0.8510110609214109
0.8513429186793772
0.8516231064713288
0.851913635034927
0.8521746076787903
0.8524206449326605
0.8527109971060939
0.8530400361263115
0.8533395725566352
0.8536205724505139
0.8539356946249795
0.8542392127792932
0.8545621834432047
0.8548405590967441
0.8550715755924565
0.8553026247660468
0.8555384397389669
0.8557923128884585
0.8560062360272809
0.8561957187680084
0.8563804504811007
0.856610800910646
0.8568439139793774
0.8570791081873586
0.8572906618246318
0.8574867896443783
0.8576864625412542
0.8578661239565188
0.8580506406828492
0.858237336981527
0.8584486378691943
0.8586420125845324
0.8587864508336364
0.8589842306923202
0.8591827431202911
0.859335298246306
0.8595098763729796
0.8597200560692051
0.8598636259075527
0.8599988593345169
0.8601283057546859
0.8602846563807784
0.8604500468903789
0.8605658778641774
0.860676121208016
0.8607931184272698
0.8609011236957836
0.8610420070778179
0.8611860282324937
0.8612722333217866
0.8613820863749498
0.8615340206283624
0.8616586409947322
0.8617914990405954
0.8619277017452498
0.8620621583984439
0.8621885642408395
0.8622783213397904
0.8623521502882767
0.8624435300114823
0.8625615499897497
0.8626628007390497
0.8627472286769389
0.8628155635464471
0.8628757290784785
0.8629620785040973
0.8631079700551352
0.8632635003606073
0.8633796476102248
0.8634806211030425
0.8635699211118877
0.8636365757709845
0.8637270802863768
0.8638437371806263
0.8639695863484815
0.8641017264054848
0.8642113909066077
0.8643214355075953
0.8644572594630539
0.8645635714057731
0.8646383511509012
0.8647324854216911
0.8648388008391694
0.8649510113806653
0.8651116112439311
0.8652793852112518
0.8654393276746423
0.8655431231609987
0.8656723481659425
0.8658099373410324
0.8659227340035495
0.8660370680741558
0.8661652636718189
0.8662935623960845
0.8664149916368761
0.8665232337065892
0.8666316997369576
0.8667029756332668
0.8667359835432284
0.8668142688885491
0.8669317173809016
0.8670287673913712
0.8671371754453315
0.8672200933115584
0.8672882093011061
0.8673622107734485
0.8674484971802358
0.8675383090669535
0.8675868389751543
0.8676516045049735
0.8677370520228826
0.8678450174329163
0.867926446992942
0.8679928077612228
0.8680668692288245
0.8681382412010312
0.8682080710771424
0.8682515223365833
0.868263206168688
0.8682694092696364
0.8683072049388156
0.8683433849570864
0.8683850979623643
0.8684065489046935
0.8684384372762992
0.8685046679912016
0.8685685272236565
0.8686271493764527
0.8686513669639085
0.8686944747766319
0.8687708190395315
0.8688586553866862
0.8689403496293888
0.8689872208689835
0.8690078737382144
0.8690112872335154
0.8690619590815268
0.8691075534884949
0.8691346321653839
0.8691826821527477
0.8692180689942163
0.8692412213582112
0.8692533825462212
0.8692868720870833
0.8693519919020617
0.8694381908340846
0.8694788093222726
0.869517984282415
0.869563907190967
0.8695950822127101
0.8696317560378815
0.8696776825316264
0.8697103869755235
0.8697552457886865
0.8697946055687241
0.869843958384633
0.8698867379150881
0.8699245159555166
0.8699660097689605
0.8699933465008614
0.8700331720459381
0.87006773338013
0.8700922154350328
0.8701259140619979
0.8701600667554008
0.8701690561168937
0.8701887053519487
0.8702369556921119
0.8702803171210637
0.8703131721900393
0.8703721132798797
0.8704411440876688
0.8704831901146334
0.8704986032581333
0.8704934199078337
0.8704771231486726
0.8704726422732941
0.8705284688354438
0.8705615038564283
0.8706134125586347
0.8706563990609258
0.8706941592179938
0.8707417834108383
0.8707615027536142
0.8707879660010461
0.8708087760243949
0.8708279120246424
0.8708537079380472
0.8708633892498459
0.8708879146486345
0.8709042382016201
0.870928609261763
0.8709564741635888
0.8709637578599281
0.8709569734437406
0.8709774154912566
0.8710297016932211
0.8710466929567875
0.8710550940479532
0.8710545070606983
0.8710569832483205
0.8710853398499626
0.8711153885867019
0.8711400718178609
0.8711498687581101
0.8711530903188893
0.8711942753050992
0.8712328935770179
0.8712611872073864
0.8712983640733745
0.8712966292829681
0.8713075400213708
0.8713176844217384
0.8713116574524113
0.8713314537081721
0.8713833616036039
0.8714258386398669
0.8714599385275671
0.8714805888646167
0.871492072432745
0.8714959959093959
0.8715105825622123
0.8715450316633194
0.8715541374715119
0.8715856582284749
0.8716310023596804
0.8716442082909253
0.8716598898939273
0.871678250631839
0.8716927236312213
0.8717124358069661
0.8717214977309334
0.8717315178021433
0.8717516332289132
0.8717606171380166
0.8717535003923274
0.8717550935887084
0.8717492613397052
0.8717437332450537
0.8717328186410207
0.8717227052750465
0.8717184548767188
0.8717276818238199
0.8717657072004875
0.8717879516525985
0.8717946567621325
0.8718067761667753
0.8718115271141065
0.8718069880793211
0.8718424711711197
0.8718743574843802
0.8718857265020111
0.8718825609597711
0.8718876859051907
0.8719100240640079
0.8719135628596085
0.8719110305519289
0.8719100045401726
0.871930831792461
0.8719594339234155
0.8719650261084563
0.8719905924027203
0.872028496378733
0.8720447537323137
0.8720540921051712
0.8720668577289946
0.8720978965939935
0.8721324044715427
0.8721609631056126
0.8722006709988959
0.8722196535520225
0.8722426736544042
0.8722598792207175
0.8722663443779879
0.8722856030184654
0.8722874471791351
0.87228801310052
0.872304499525891
0.8723126087495904
0.8723092983881506
0.8723082561012581
0.8723421350817196
0.8723684177608396
0.8723610908930722
0.8723695163778388
0.8723973644414582
0.8724087081813502
0.8724193119397171
0.8724161121186036
0.8724066615527143
0.8724079392614845
0.8724139043884931
0.8724099902035539
0.8724136265682769
0.8724257585382476
0.8724360428767389
0.8724443843789627
0.8724530849126125
0.87245974574967
0.87247061393471
0.8724985401888391
0.8725237304580588
0.8725126613861472
0.8724952306160276
0.8724772086241807
0.8724702228335678
0.8724750745011071
0.8724863066483898
0.8724927623765595
0.8724791744994101
0.8724778907617796
0.8724899647912703
0.872501085350673
0.8725296606216449
0.8725316778221454
0.8725159234367454
0.8725361686100247
0.8725452905133066
0.8725366792617455
0.8725436321876406
0.8725313989804544
0.8725348104465646
0.8725475981429679
0.8725614343077838
0.8725750286556431
0.8725817301615817
0.8725927093828687
0.8725998889440284
0.8726121025196841
0.8726254226663814
0.8726448185149936
0.8726572951460935
0.8726533566728649
0.8726462227387711
0.8726465637319064
0.8726529938416595
0.8726451564603441
0.8726444631306985
0.8726584819821557
0.8726711729640981
0.8726667012140351
0.872662547475304
0.8726632641363669
0.872683972565031
0.8727034425198165
0.8726993393868933
0.87269294028071
0.8727098122029127
0.8727238189932338
0.872721780205486
0.8727314558360754
0.8727269806738037
0.8727180511646737
0.8727171896656096
0.8727208685199491
0.8727195930459412
0.8727215902510727
0.8727318572300421
0.8727318310095312
0.872726021754961
0.8727273080544472
0.8727419465678865
0.8727545086298626
0.8727612864304454
0.8727518870216517
0.8727644653120972
0.8727890491196945
0.8728063516776996
0.8728306395318758
0.8728461020838353
0.8728544773587127
0.8728538028091438
0.8728544454632294
0.8728611899246164
0.8728662939218383
0.8728582140726486
0.8728515289551393
0.8728585834637719
0.872857420243545
0.8728539849993977
0.872862449787889
0.8728660392519194
0.8728687551748431
0.8728892878708564
0.8728953265330144
0.8729029823607374
0.872911757318818
0.8729014523351926
0.8728893753489622
0.8728972059546654
0.8728985255855535
0.872888914143456
0.8728761865700906
0.8728649942118024
0.8728665621095274
0.8728964199855028
0.8729115361006539
0.8729184438011545
0.8729350808677163
0.8729276679150096
0.8729085491841587
0.872908011192935
0.872907967220081
0.872897447254389
0.8728898567185098
0.8728740046794226
0.8728709683961378
0.8728980484053891
0.8729200987537206
0.8729336352197233
0.8729535962060598
0.8729695938383658
0.8729726147757652
0.8729733130656028
0.8729722141630576
0.8729798534101737
0.8729765156338073
0.8729693690198524
0.8729738131767365
0.8729935686104654
0.8730126733066317
0.8730158069335515
0.8730139248966345
0.8730132868505934
0.8730397123388053
0.8730569849125683
0.8730588598501203
0.8730549677938768
0.8730679494180035
0.8730846947848819
0.8730869616588862
0.8730960592695005
0.8731003619392651
0.8731053895248854
0.8731101325339723
0.8731166048114111
0.8731308703590575
0.8731342826671743
0.8731428181980617
0.87314381164577
0.8731495973964924
0.8731555783066842
0.873151563434339
0.8731456893605147
0.8731519738228822
0.8731603985896725
0.8731664935315833
0.8731848093630875
0.8732043367672344
0.8732211290553041
0.8732273406066907
0.8732427639928741
0.8732618941240374
0.8732769978525932
0.8732856553691268
0.8732853441594114
0.8732911357842289
0.8732959185450593
0.8733174270596656
0.8733346116525482
0.8733392604206803
0.8733454880355357
0.8733569594107793
0.8733702227925887
0.8733842307342489
0.873394575207944
0.873398116211484
0.873386435255289
0.8733877912183442
0.8733822435328974
0.8733855862396123
0.8733864615946672
0.8733771354714192
0.873362917437695
0.8733568140233533
0.8733705011340264
0.8733781535015093
0.8733879280255483
0.8733931261389969
0.8733981775822822
0.8734089378265064
0.8734250815166228
0.8734496044739748
0.8734679405187596
0.8734871416190827
0.8734898516734202
0.8735010704306171
0.8735004186137706
0.873492261396383
0.8734915931165521
0.8734906970306378
0.8734807168817321
0.8734731530166869
0.8734560436051123
0.8734355570675737
0.8734223879847993
0.8734286095967447
0.8734282702144902
0.8734208315003099
0.8734117493192449
0.8734134084619977
0.8734261563025137
0.8734203698341281
0.8734165572519823
0.8734165888936253
0.873425299980072
0.8734378949027078
0.8734531028424939
0.8734687791649346
0.8734828704987662
0.8734956985258993
0.8735006406114723
0.8735018409413152
0.8735005799711881
0.8735055153768132
0.8735082045736668
0.8735085665821084
0.8735174455872956
0.8735331088928976
0.8735312711778057
0.8735286470888562
0.873531529327193
0.8735336387719096
0.8735368288331896
0.8735408360439986
0.873540983128727
0.8735485801450874
0.8735537387503199
0.8735474672707589
0.8735450167764494
0.8735441150821391
0.8735516598854249
0.8735638588841315
0.8735670721001584
0.8735691392852477
0.8735678778048406
0.8735632233952318
0.8735523588683158
0.8735462267894191
0.8735466751795029
0.8735469710874615
0.8735359233435394
0.8735256457387136
0.8735296391046286
0.8735335436532436
0.8735212359472677
0.873500516405602
0.8734854105879395
0.873482216431618
0.8734861223619019
0.8735003214184345
0.8735166027639302
0.873526366015416
0.873536396718827
0.8735476091625403
0.8735527602550248
0.8735572478159301
0.8735540018969126
0.8735509015211607
0.8735536845629609
0.8735612084073046
0.8735809118330831
0.8735963202229882
0.8736006382638721
0.873599545994526
0.8735941030651644
0.8735915278207835
0.8735859005949618
0.8735772843576521
0.873567774893076
0.8735552056157692
0.8735443274445491
0.8735490093802188
0.8735480439094191
0.8735417814166727
0.8735425163776902
0.8735367918325939
0.8735361015641765
0.8735406226486132
0.8735511275128537
0.8735549372606248
0.8735580624205607
0.8735611204884821
0.8735713101463649
0.873569116415071
0.8735597101468527
0.8735552287113384
0.8735580424826005
0.8735614948093179
0.8735710564629992
0.8735832081736271
0.8735960998019288
0.8736158919975557
0.8736292097117827
0.8736324844652199
0.8736372699852244
0.8736511396064953
0.8736664924031147
0.8736737037733215
0.8736764484700575
0.8736803932540156
0.8736918581123403
0.8737129926242373
0.8737323627232565
0.8737398025586165
0.8737489498558
0.8737620990750049
0.8737723906027147
0.8737819779125912
0.8737874928828905
0.8737958566808794
0.8738027439144203
0.8738161851304662
0.8738265588933076
0.8738310050855905
0.8738290003628073
0.8738231245297816
0.8738232080420075
0.8738219921329364
0.8738223789684674
0.8738266601727214
0.8738310691112371
0.8738363481347218
0.873836268994354
0.8738348432621461
0.8738332823805625
0.873828810742329
0.8738243788121938
0.8738258123392878
0.8738294137852478
0.8738224645759777
0.8738208151699649
0.873814612694015
0.8738050909873641
0.8738069439355708
0.8738112622517501
0.873806509348151
0.8738069051977051
0.8738055189948204
0.8738082287898539
0.8738098462724724
0.873812830828395
0.8738250009796135
0.8738339759672004
0.873836040231319
0.8738330748201816
0.8738347729188157
0.8738409951708191
0.8738402879146211
0.8738351632428495
0.8738351643418594
0.8738498320751197
0.8738592866053728
0.8738588708166946
0.8738545242112613
0.8738586975577346
0.8738588804208914
0.8738666488579722
0.8738725343758363
0.873877133445852
0.8738802982419738
0.8738895730422352
0.8738912674556935
0.8738915625520273
0.8738911205722817
0.8738936400310575
0.8738940191424662
0.8738906930325986
0.8738890881522003
0.8738950741806217
0.8739006799294804
0.8739088524966496
0.8739120894463112
0.8739108842936989
0.8739188253008171
0.873926531863892
0.8739394186349841
0.8739570342096746
0.8739644532958031
0.8739554833078325
0.8739517459430665
0.8739506377911941
0.8739512734379241
0.8739601166040545
0.8739621063391831
0.8739617985063373
0.8739598379842755
0.8739550812274743
0.8739539931313534
0.8739552171688176
0.87395538632688
0.8739499939766634
0.8739447784997694
0.873939879073634
0.873947680090683
0.8739647589057895
0.8739767371918247
0.8739813874624393
0.8739825703945989
0.873982763270216
0.8739840463152413
0.873993455256476
0.8740024231844058
0.8740054843820791
0.8740123521625842
0.8740251204592845
0.8740315588937804
0.874031896448929
0.8740367433273469
0.8740480655532886
0.8740659288179516
0.8740735604491158
0.8740705613861838
0.8740696428603304
0.8740712884590015
0.8740660862941235
0.8740622636581867
0.8740582016025961
0.8740543819528296
0.874049046984393
0.8740513830117042
0.8740539285662771
0.8740578563712225
0.8740633214893349
0.8740733626979128
0.8740907617901977
0.874093320960748
0.8740888008279305
0.8740990688562578
0.8741155948785152
0.8741269206915661
0.8741292869279471
0.8741335950053609
0.8741333081613445
0.8741313581807154
0.8741355656927913
0.8741434835389427
0.8741561270067423
0.8741660616011053
0.874170790854256
0.8741721205832571
0.8741718208295548
0.8741680402457546
0.8741699843505707
0.8741758748199577
0.8741786021530009
0.8741760765542037
0.8741839691769762
0.8741863458994392
0.8741921275507301
0.8742019275654077
0.8742069062628636
0.8742119309567022
0.8742127631894364
0.8742079497411722
0.8742103886303534
0.8742105475769131
0.8742111817346078
0.8742144845508449
0.8742197080340225
0.8742259548282383
0.874235596741991
0.8742339448796629
0.8742326283821465
0.8742276958128584
0.8742239895657201
0.874222487968747
0.8742157657139644
0.8742133988385897
0.8742133110116646
0.8742088204143025
0.8742049926924014
0.8742063296537779
0.8742140420347715
0.8742164425535955
0.8742285950359594
0.874236806247582
0.874241483474254
0.8742537579866336
0.8742604672771139
0.8742647434776456
0.8742772737969292
0.8742875157272941
0.8742889987785203
0.874293185809963
0.8742937908489035
0.8742986412776439
0.8743091340669831
0.8743196855480537
0.874326511566843
0.874328317589385
0.8743339055098798
0.8743362764788087
0.8743276661792752
0.874328676166827
0.8743345642288431
0.8743395677729485
0.8743465076117161
0.8743537229829611
0.8743584590544184
0.8743609683876249
0.8743643847714919
0.8743628673358363
0.874359439122138
0.8743570984381515
0.8743571985766447
0.8743578601364829
0.8743681094577109
0.8743712195698201
0.8743675951901515
0.8743673502677237
0.8743698076675057
0.8743710585157849
0.8743781158614832
0.87438100726594
0.8743876539732596
0.874393460992512
0.8743924142811655
0.874391716247894
0.8743849711737705
0.8743879582200242
0.874392973119246
0.8743948610443213
0.8743972580583237
0.8743963081812601
0.8743980256139147
0.8743923121680754
0.8743939867854891
0.8743944445676395
0.8743896226614578
0.8743895481957159
0.8743873658306462
0.8743797406736933
0.8743754993910452
0.8743783435165093
0.8743762240973183
0.8743746381315669
0.8743803969840547
0.8743843770168025
0.8743872232389974
0.8743881953660172
0.8743896272097812
0.8743903873836268
0.8743856570860167
0.8743882316894084
0.8743897765441778
0.8743885006753647
0.8743909742015591
0.8743946426527802
0.8743926835409727
0.8743945368750008
0.8743969609783423
0.874395064480503
0.8743982716454232
0.8743970777884026
0.8743949068096357
0.874400335772553
0.8744092043670572
0.8744139108109551
0.8744152383164867
0.8744135476601191
0.8744167507499333
0.8744104897173048
0.8744057360363034
0.8744111962805975
0.8744150449972609
0.8744210240276861
0.8744216634452519
0.8744214844599439
0.8744235642716107
0.8744301514084388
0.8744334145464213
0.8744381790314318
0.8744398615011547
0.8744500464987173
0.8744552320645522
0.8744561620827578
0.8744570983697346
0.8744590480087354
0.874452972041872
0.8744418360986903
0.8744283791280991
0.8744223299976499
0.8744168276333185
0.8744104651840267
0.8744146217190877
0.8744111512647991
0.8744042971074916
0.8744087546992798
0.8744116006707543
0.8744042740652864
0.8743958329090222
0.874397796318762
0.8743984381218542
0.874397111281476
0.874397885535721
0.8744019655306624
0.8744029836780709
0.8744065861899859
0.8744106337840549
0.8744107359004407
0.8744095440484998
0.8744076936038733
0.8744149464288324
0.8744141791057164
0.8744102677282508
0.8744123944088007
0.874414942852678
0.8744203409526081
0.8744256764240336
0.8744328045478296
0.8744355855066906
0.8744393179891198
0.8744469935200733
0.8744520356393833
0.8744541877435525
0.874449450171623
0.8744519534861828
0.8744549672363112
0.874457418266228
0.8744581564814998
0.8744534042631347
0.8744548066474187
0.8744539944023335
0.8744529229398842
0.8744568063478385
0.8744643214799893
0.8744692011498533
0.8744726188994641
0.874470997963165
0.874478161017699
0.8744854027413185
0.8744935354821313
0.8745026247776664
0.8745082300111171
0.8745126230911394
0.8745158510300666
0.8745149730870331
0.8745128633081319
0.8745113178488348
0.8745086789662687
0.8745144232572699
0.8745169812899216
0.8745196574173516
0.874514924366603
0.8745130843677374
0.8745141883756652
0.8745112689034747
0.8745117170398629
0.8745069643524299
0.8745037966648533
0.8745026943258516
0.8745092085278701
0.8745129303665052
0.8745164759719463
0.8745228746635603
0.874530869123487
0.8745378148800298
0.8745385678205536
0.8745380183720423
0.874538336317336
0.8745391907171649
0.8745446893065434
0.8745482815368182
0.8745437275513612
0.8745394730143884
0.8745362194126983
0.874529705279251
0.8745261276697911
0.8745176415724034
0.8745089707766931
0.8745037014644048
0.8745054914448893
0.8745075167053996
0.8745091838765573
0.8745187559669017
0.8745232043171499
0.8745280074087023
0.8745280764990262
0.8745300178496469
0.8745315890377175
0.874533467920624
0.8745337237021483
0.8745333415658186
0.8745304635821969
0.8745286437255657
0.874521975523136
0.8745182557457811
0.8745131408970114
0.8745189894698432
0.8745285943185822
0.8745377371450606
0.8745389914068175
0.8745419007060302
0.8745411132958671
0.874539361418762
0.874543616990825
0.8745478413221437
0.8745479894861402
0.8745436238711879
0.8745409667199221
0.8745387939897126
0.8745390886117761
0.874537331126368
0.8745365556394941
0.8745348064016868
0.8745331586152801
0.8745309149065054
0.8745280661796848
0.8745235074462371
0.8745159852171402
0.8745141110493292
0.8745196844154106
0.8745211552414032
0.874517482811057
0.8745214563013077
0.8745261622170851
0.8745287135525799
0.8745325298024919
0.8745345325705676
0.8745330405976715
0.8745342976763696
0.8745310087179708
0.8745299194704608
0.8745261564264663
0.8745277384515693
0.8745302381992293
0.8745333739062356
0.8745387928876651
0.8745452395297563
0.8745475656698226
0.8745483025382348
0.874554142390238
0.8745537347219213
0.8745504423756573
0.8745435180291489
0.8745391257378083
0.8745324557503172
0.8745262609985966
0.8745227096769428
0.8745282996311826
0.8745328269225261
0.8745298482115698
0.874533711901455
0.8745342437435775
0.87452995643748
0.8745304376588491
0.8745310061152344
0.8745393454682855
0.8745485537906313
0.8745537896698395
0.874559132767193
0.8745608958203227
0.8745655582025764
0.8745650171746544
0.8745626266025983
0.8745658112243178
0.8745660186657919
0.874567355187318
0.8745639579878307
0.8745680045631647
0.8745656805539002
0.874562302535197
0.8745593027559959
0.874556762465583
0.8745522704834741
0.874554850657985
0.8745560042973574
0.8745628552084139
0.8745619607524917
0.8745614521709439
0.8745594865357259
0.8745560350961248
0.8745524783664665
0.8745534929427382
0.8745550632680328
0.8745468768087815
0.8745441442744193
0.874544210992131
0.8745397302808852
0.8745361195159986
0.8745446806192104
0.8745541759196699
0.8745573442470387
0.8745571384684803
0.8745571112155379
0.8745539232019077
0.8745508418563
0.8745498758454585
0.8745480988424278
0.8745460635242729
0.8745401653209539
0.8745301141532992
0.874524992704803
0.8745237569234219
0.8745244427503475
0.8745250997209502
0.8745307587449379
0.8745316127399917
0.8745347134153534
0.8745397693484921
0.8745448168129782
0.8745475790747301
0.8745509059004062
0.8745564179879413
0.8745621348240316
0.8745689212930209
0.8745755576040938
0.8745773564027034
0.8745801623370532
0.874585058470401
0.8745884452558972
0.8745905074456279
0.8745908429200998
0.8745927077953708
0.8745913676014254
0.8745904735876614
0.8745893777815192
0.8745814700746143
0.8745822752885987
0.8745811903126485
0.8745737226509854
0.8745719023110996
0.8745670757511198
0.8745665414253745
0.8745643772012921
0.8745638946114671
0.8745630094250242
0.8745548042611833
0.8745491847381285
0.8745462390800286
0.8745431338540545
0.8745386663704637
0.8745401327817175
0.8745407938972726
0.8745459524454756
0.8745443679690615
0.8745434021736047
0.8745414475223492
0.874535307602768
0.8745308978776536
0.8745313595606241
0.8745347899414924
0.8745385070897453
0.8745415553277122
0.8745405225492673
0.8745405274151911
0.8745414820464887
0.8745454920257462
0.8745442217630075
0.8745414463382295
0.874539715750767
0.8745371648789151
0.8745335094575428
0.8745260673532654
0.8745247505835834
0.8745199628891106
0.8745145056948537
0.8745132870669171
0.8745112048899087
0.8745104833704903
0.8745042414438741
0.8745012330858163
0.8744946669191873
0.8744903887339286
0.8744814603560962
0.8744707819241112
0.8744595736732169
0.8744463684934113
0.8744391952689301
0.8744319263716218
0.8744260142261666
0.8744179627706795
0.874413993190273
0.8744077098540486
0.8744013422762513
0.8744001986349712
0.8743963877128996
0.8743957990472623
0.8743963289286614
0.8743997129462319
0.8743975905961158
0.8743954156702065
0.8743915336895056
0.8743888583709807
0.8743826478042871
0.874375315868143
0.8743658231013449
0.8743617441773052
0.8743609692838035
0.874357760002407
0.874351416003987
0.8743447679797842
0.8743452366695874
0.8743453648854108
0.8743426688855915
0.8743427860186656
0.8743437230021096
0.8743418263617194
0.8743370861437686
0.8743341513058643
0.8743295610612956
0.8743244519997169
0.8743222011324775
0.8743199358581724
0.8743179407250655
0.8743093730696015
0.8743001986515697
0.8742929039576386
0.8742905922534502
0.8742881427096078
0.874288908652223
0.8742904444366305
0.8742918188987726
0.8742955150499964
0.8742952440444953
0.8742978531744295
0.8743064211366278
0.8743099660094529
0.8743102208769595
0.874311473217687
0.8743112655686105
0.8743138940150231
0.8743136745908942
0.8743131294729017
0.8743104663255102
0.8743179109745234
0.8743247274723944
0.8743242799522495
0.8743208780515087
0.8743141412950721
0.8743082823420617
0.874303500305383
0.8742941233827403
0.8742925230594174
0.8742895872836536
0.8742841006100802
0.8742791151575144
0.8742801171975793
0.8742812966761633
0.8742814801749841
0.874281130128636
0.8742767442136674
0.87426487809931
0.8742577644219689
0.8742507934415238
0.8742464497973264
0.8742441139391371
0.874241645974081
0.8742374147596739
0.8742354232695269
0.8742378790048119
0.8742390248173885
0.8742431898303268
0.8742446042964593
0.874248585661659
0.874254318887984
0.8742541790569571
0.8742542550528286
0.8742575329388751
0.8742591611395014
0.8742593589293435
0.8742613383632591
0.8742635328456188
0.874268452177555
0.8742677463297788
0.874264657338781
0.874262272569872
0.8742626682121505
0.8742638454001924
0.8742618617923046
0.8742635995101522
0.8742663900915196
0.8742659418443384
0.8742652894564463
0.8742648906650975
0.8742647027040257
0.8742692940946879
0.874271849373172
0.8742723571266029
0.8742773288782741
0.8742852181771378
0.8742917881755407
0.8742990896660817
0.8743034436442011
0.8743047089023794
0.8743068444927822
0.8743097885264801
0.8743079982484039
0.8743117746548935
0.874314149013754
0.8743146059645711
0.8743190012116602
0.874320201245013
0.8743271356928447
0.874331146950921
0.8743303409285625
0.8743321598492113
0.874340265624926
0.8743432388253347
0.8743475428220767
0.8743502099056794
0.8743535899526873
0.8743550413370286
0.87435807186585
0.8743632738643732
0.8743707424102047
0.87437266552029
0.8743757985056468
0.8743759216285698
0.874382471036233
0.8743866991387532
0.8743947025349239
0.8743981853618219
0.8743952458539624
0.8743974957682059
0.8743988965190584
0.8744024198939633
0.8744053941626929
0.8744048076756024
0.8744063295401021
0.8744120615280222
0.8744120005471538
0.874413398732416
0.8744137507875532
0.8744132730416376
0.8744150103301735
0.8744126604845535
0.8744102897642352
0.8744084211825545
0.8744108122084141
0.8744102380900718
0.8744086366927665
0.8744056591530281
0.8744042625609042
0.8744104180399039
0.8744160517267734
0.8744142067106322
0.8744138276529068
0.8744163688838925
0.8744167691487382
0.8744189725820591
0.8744246169188319
0.8744282078360189
0.8744253615069099
0.87442675006737
0.8744321480452252
0.8744355024859307
0.8744421841200982
0.8744434427732655
0.8744431790527553
0.8744418947339746
0.8744410234771021
0.8744413949487496
0.8744422741263578
0.8744458231344284
0.8744481807212389
0.8744501696322585
0.8744495564791774
0.8744452703982339
0.8744428620805066
0.8744399654068147
0.874442011024388
0.8744359381831238
0.8744349264766662
0.8744350810800874
0.8744344678204725
0.8744333588951945
0.8744345810838546
0.8744387287294862
0.8744406210825734
0.8744423828984674
0.8744451498954707
0.8744416769004755
0.8744372474366838
0.8744347071546187
0.8744327308547482
0.8744327747289378
0.8744294474808686
0.8744302175502905
0.8744330424556651
0.8744336297414609
0.87443705836933
0.874436225607832
0.874438274672428
0.8744419559018571
0.8744382684038402
0.8744370958421701
0.8744386572728988
0.8744406076063278
0.8744429268762403
0.874442584338836
0.8744433672713318
0.874446326099605
0.8744437857920038
0.8744431556702714
0.8744448922511558
0.8744411408319855
0.8744397859071082
0.8744402923386424
0.8744405721019923
0.8744395437416235
0.8744363038544811
0.8744370059624987
0.8744369256119569
0.8744426383577458
0.87444676987565
0.8744471552372802
0.8744486229708226
0.8744454498914488
0.8744457884888867
0.8744462404748267
0.8744468583783309
0.8744466241701758
0.8744485439367267
0.8744523922126932
0.8744520436396812
0.8744508243953263
0.874450055101983
0.8744485682228346
0.8744504146540664
0.8744464301541194
0.8744410376957374
0.8744432190270671
0.8744465989766278
0.8744487352479138
0.8744527566922992
0.874450930816114
0.8744528162236904
0.8744504310417994
0.8744471608791483
0.8744431773540472
0.874438107977029
0.8744367286470892
0.874433980134152
0.8744337704305445
0.8744343900325612
0.8744347672690281
0.8744349800973374
0.8744337822388235
0.8744306582726613
0.8744311161408377
0.8744307307535972
0.8744288157594509
0.8744289879561583
0.8744278459919267
0.8744310891084531
0.874435640792311
0.8744352436390579
0.8744339368839044
0.87443446198145
0.8744364597488141
0.8744394166225002
0.8744432019493077
0.87444607953935
0.8744459478980023
0.8744500705085915
0.8744483299275837
0.8744471627460481
0.8744498370996474
0.874452922405873
0.8744561484780463
0.8744552619059036
0.8744515243025422
0.8744488442113348
0.8744457273546256
0.8744401132883276
0.8744380879512931
0.87443430507465
0.8744285413566313
0.8744269178713316
0.8744238993164387
0.8744266758116324
0.874427930660567
0.874428113906863
0.8744297133697813
0.8744304789524707
0.8744346420590601
0.8744421354167587
0.8744455290267218
0.8744498911843963
0.8744537627341461
0.8744566710792873
0.8744556226174947
0.8744528986459826
0.874450586592682
0.87445238101933
0.8744561023580103
0.8744533766976338
0.8744515971454727
0.8744509244094284
0.874452823993162
0.8744492678986828
0.8744438637335314
0.8744392598880827
0.8744397894282284
0.8744383197618025
0.87443809902637
0.8744413108912789
0.8744385204632452
0.8744351987125016
0.8744354184290726
0.874434980774782
0.874433915941894
0.8744335726403449
0.8744296296797779
0.8744267340126878
0.8744232542364209
0.8744186899534083
0.8744144066779599
0.8744104205678657
0.8744087563938542
0.8744027619302083
0.8743975973555353
0.8743952672990815
0.8743905926355263
0.8743861498098435
0.8743798206953217
0.8743759698531692
0.8743793776950746
0.8743790742849014
0.8743768975177787
0.8743758601784367
0.8743789167751144
0.8743829690469693
0.8743868385576276
0.8743893983971563
0.8743914715235257
0.8743922052373375
0.8743917593092124
0.8743900426509094
0.874387020964989
0.8743803231926826
0.8743776687910463
0.8743783004727711
0.8743810142069689
0.8743846375540402
0.8743842097593005
0.8743850499287653
0.8743873039605361
0.8743868924917434
0.874387035322694
0.874385727214811
0.8743847328991576
0.8743871713765746
0.8743923547693367
0.8743949532622463
0.8743933540070065
0.8743930606096804
0.8743915907896015
0.8743880247566168
0.874383128478355
0.8743816850147688
0.8743795328329187
0.8743743061672515
0.8743675586908547
0.8743606673461295
0.8743596599285295
0.8743600214087875
0.8743590774968002
0.874355600222276
0.8743546287939251
0.8743602957060737
0.8743672768273398
0.8743747364210256
0.8743793498489846
0.8743817190761913
0.8743804123458794
0.8743814526624449
0.8743799694532736
0.8743784970113794
0.8743775613474895
0.874381175662312
0.874389728095691
0.8743931146666274
0.8743945937553951
0.8743948085443944
0.8743958370702888
0.8743985412370177
0.8743982432550411
0.8743983709266775
0.8743989674260281
0.874399899003083
0.874404491366835
0.8744075403393314
0.8744100030695042
0.8744070410184509
0.8744043688601802
0.874402654779841
0.8744061127799182
0.8744091589864773
0.8744116423940218
0.8744136433096824
0.8744165966887052
0.8744163895995891
0.8744176990757576
0.8744226173890212
0.8744266120723024
0.8744271463738186
0.8744270578387106
0.8744229855088718
0.8744216616213997
0.8744250728805969
0.8744245172429841
0.8744284908405814
0.8744310047205807
0.87443155429322
0.8744285880816793
0.8744315304869783
0.8744301524159634
0.8744309128856984
0.8744335452385368
0.8744335939147618
0.8744398199361256
0.8744417400996344
0.8744448417120184
0.8744502919620293
0.8744564993743292
0.8744622433571618
0.8744664327295125
0.8744713047782667
0.874472171694432
0.8744752508070128
0.8744771788138999
0.8744819410665815
0.8744862009325398
0.8744873197820909
0.8744872877547403
0.8744882288060226
0.8744890568991927
0.8744880360322549
0.8744865761016222
0.8744830845772227
0.8744782831533977
0.8744776674851923
0.8744805321508913
0.8744808415251718
0.8744837572972958
0.8744856871361302
0.8744847168438812
0.8744849890881703
0.8744831146231224
0.8744797967729678
0.8744782664663272
0.8744772300558573
0.8744797202298932
0.8744780552652077
0.8744778315647658
0.8744761617214523
0.8744746940905228
0.8744715679429025
0.8744659034036163
0.8744611838725667
0.8744608135614867
0.8744594083895078
0.8744591821713144
0.8744578137144612
0.8744603181410749
0.8744595908778862
0.8744578531521474
0.8744535776037973
0.8744508426322118
0.8744484731779029
0.8744462746699554
0.8744447654881958
0.8744454191484566
0.8744473821629186
0.8744482420810981
0.8744474516903048
0.8744473905905871
0.8744470861400397
0.8744470190359943
0.8744472125219594
0.8744452102103653
0.8744487184105438
0.8744482934763749
0.8744500302761302
0.8744517011035468
0.8744548899427977
0.874456319616184
0.8744562328944903
0.8744563251126948
0.8744585132749096
0.874459332547956
0.8744608484241824
0.8744613523738813
0.874462641895382
0.8744611329201047
0.8744611327845657
0.8744574115814462
0.8744560675933492
0.8744561436673819
0.8744537004644302
0.8744535253747439
0.8744510322569042
0.8744502881182484
0.8744525951264804
0.874457564122051
0.8744576100596679
0.8744592834016585
0.8744599055730559
0.8744644633069182
0.8744669746654519
0.8744674531838929
0.8744702451855378
0.8744717567699133
0.8744715906894222
0.8744737801732347
0.8744739560792065
0.8744773419090176
0.8744816483731982
0.8744855307695326
0.8744855730914484
0.8744872020702714
0.8744888012831289
0.8744864377459463
0.8744842847545246
0.8744841375500365
0.8744852609117272
0.8744862520453108
0.8744893385358274
0.8744896501071069
0.8744924063761382
0.8744920201231713
0.8744906928718728
0.8744920145899675
0.8744908212586012
0.874489098456156
0.8744894676475158
0.8744904100487642
0.8744898638436418
0.874489256031829
0.8744899416207546
0.8744889237791
0.8744878821149441
0.8744884476095681
0.8744883555987615
0.8744867204426725
0.8744857219534775
0.8744837852037749
0.8744836431562804
0.8744841558514561
0.8744852889942308
0.8744837694648034
0.8744838858270524
0.8744832836326947
0.8744859993786879
0.8744867082544642
0.8744877104566233
0.8744888197829752
0.8744896708315655
0.8744915395354764
0.8744948104714975
0.8744964438311086
0.8744979289616228
0.8744996769889618
0.8745020742282612
0.8745039216482196
0.8745040571400121
0.8745042507179853
0.8745062440372672
0.8745095329985328
0.8745148746507566
0.8745199137250483
0.8745238019182541
0.8745247620172915
0.8745268939800915
0.8745319277091121
0.8745315867536526
0.8745338327104711
0.8745364091068621
0.8745409928157053
0.8745451468059218
0.8745518032815185
0.8745588927943208
0.8745647333115637
0.8745692011821826
0.8745719174871776
0.8745754648573435
0.874577024793395
0.8745799361595605
0.8745848843259902
0.8745913044849266
0.8745954963752895
0.8745974770212517
0.8745997200217709
0.8746010389703516
0.8746044261360597
0.8746083113860962
0.8746121881893004
0.8746146622720454
0.8746164508906271
0.874618770425167
0.8746188605653104
0.8746205054739332
0.8746209671241151
0.8746250057940373
0.8746265914853565
0.874629480639672
0.8746306995819795
0.8746310784237965
0.8746266034001717
0.8746280030382917
0.8746290096470114
0.874630760646791
0.8746334506459377
0.8746335782076669
0.8746364445300069
0.8746413460761765
0.8746431922933285
0.8746470122197687
0.8746491036504173
0.8746489426996956
0.8746485198427549
0.8746470339734966
0.87464763703206
0.8746475137417091
0.874650957219111
0.8746522257137308
0.8746559575555676
0.8746546911934237
0.8746552313442943
0.8746549537036483
0.8746549867926132
0.8746584615834228
0.8746620566617235
0.8746637019565981
0.8746668089183908
0.8746684484998576
0.8746675577955983
0.8746692078614828
0.8746690165620633
0.8746683853733694
0.8746656003324365
0.8746617452899843
0.8746582768719376
0.8746531918349078
0.8746522567165332
0.8746530656862106
0.8746503251856401
0.8746469065348281
0.874645109283012
0.8746421888739927
0.8746429849517728
0.874643281905902
0.8746458887550522
0.8746467806949232
0.8746471525064972
0.8746463175200133
0.8746461209846799
0.8746456916629175
0.874645756423439
0.8746426675926805
0.8746406554636139
0.8746386571960989
0.8746400600397666
0.8746440003539817
0.8746461720194711
0.8746503293770702
0.8746542919564881
0.8746599916450871
0.8746654156612321
0.874669593033771
0.8746719733367582
0.8746737107769955
0.8746727349775534
0.874676956337709
0.8746773960290982
0.8746798736312283
0.8746796860862732
0.8746798581314762
0.8746796697299829
0.8746791646202426
0.8746789716105301
0.874675494122448
0.8746760768727174
0.8746738977834556
0.8746703193354629
0.8746691062741645
0.874668085195666
0.874668837228413
0.8746680699278702
0.8746664490031268
0.8746637950304
0.8746595636432977
0.8746553566509563
0.87465327462871
0.8746515680093138
0.8746499154803489
0.8746491624565143
0.8746469591021232
0.8746471392257444
0.8746486650734088
0.8746499740314964
0.8746512593732416
0.8746513066618196
0.8746516362009595
0.8746526994040774
0.874655264414252
0.8746618252802063
0.8746649810132032
0.8746689022000242
0.874673189408248
0.8746758553899561
0.8746749177086122
0.8746758359416793
0.8746781507497863
0.8746757849489993
0.8746731228491751
0.8746740368313816
0.8746770398327443
0.8746769866843273
0.874676078967157
0.8746728245551134
0.874672541974717
0.8746733468539261
0.8746735150783912
0.8746732484112009
0.8746722964669248
0.8746703863952956
0.8746646969824039
0.8746611066866857
0.8746597635795003
0.8746577479465945
0.8746555169845626
0.8746554003917115
0.8746549137637819
0.8746564852998832
0.8746576608919853
0.8746571311781897
0.8746548815516166
0.8746493335494887
0.8746487177326036
0.8746475463266135
0.8746455343989671
0.8746448726087853
0.8746446316968952
0.8746459865801115
0.8746451651892758
0.8746469151532217
0.8746509025036207
0.874654495778794
0.8746562143461646
0.8746618316467646
0.8746621300862633
0.8746639461409543
0.8746646678818077
0.8746648670579302
0.8746673079045396
0.874670474320158
0.8746723930574749
0.8746706092792687
0.8746703830500754
0.8746671160893993
0.8746645587394944
0.8746611419143846
0.8746579943885564
0.8746584301907924
0.8746588684198265
0.8746608230077124
0.8746620140057977
0.874662192221684
0.8746646817560336
0.8746659295118704
0.8746645719843478
0.8746626520168294
0.8746614788431389
0.8746623753755501
0.8746638386630824
0.8746675419680313
0.8746720252183121
0.8746744983444614
0.8746761915154755
0.8746754274419056
0.8746755836028148
0.8746774276739843
0.8746785151213985
0.8746797231748324
0.8746810332505831
0.8746816766541209
0.8746797862634612
0.8746772972510609
0.8746754842685371
0.8746741772778125
0.8746728376586704
0.8746716237832722
0.8746734246067465
0.8746767693029088
0.874680083971332
0.8746809740625282
0.8746824553234459
0.8746830254095658
0.8746800961157322
0.8746806790810195
0.8746814051507359
0.8746806488401009
0.874676337212643
0.8746703388818123
0.87466303502903
0.8746558430914153
0.874652280568266
0.8746512353824499
0.874648586151387
0.87464503120134
0.8746450418741171
0.8746446310279231
0.8746439877232396
0.8746430838421141
0.8746386027369022
0.8746369493538598
0.8746355772055039
0.8746332526481944
0.8746307115785661
0.8746264776043147
0.8746246842155492
0.8746229435295663
0.8746207645703415
0.8746235671469968
0.8746272290092318
0.8746278057386209
0.8746294634874857
0.8746276779795068
0.8746238321125853
0.8746221115290506
0.8746216463141877
0.8746224354253764
0.8746252489757357
0.8746272187692492
0.8746290253797544
0.8746286792533582
0.8746284602913964
0.8746252212903691
0.8746231066205185
0.8746212240675312
0.8746185282353767
0.8746169897365753
0.8746165365716863
0.8746171928545855
0.8746178239577946
0.8746173338849993
0.874618729839669
0.8746193430993109
0.8746216566143785
0.8746232508646039
0.8746232827118944
0.8746207296210043
0.8746218285960465
0.8746216250847219
0.8746199756315682
0.8746170483920822
0.8746157404018555
0.8746154639601693
0.8746195411952511
0.874621851643132
0.8746231087645175
0.874625071005441
0.8746271226342317
0.8746268411870454
0.8746269391896516
0.8746284339387252
0.8746278857218531
0.8746305494830215
0.874632015881628
0.8746317449197752
0.8746327418733363
0.8746322758309913
0.8746309489636822
0.8746266483441333
0.8746235676216351
0.8746181918080137
0.874613029660284
0.8746115074985568
0.8746096659585232
0.8746089232964251
0.8746054392622702
0.8746038688378681
0.8746018940408518
0.8745980148410827
0.874594805069058
0.8745945180051042
0.8745944479016602
0.8745945402440962
0.8745943916524118
0.8745946055991816
0.8745906208575256
0.8745841689733823
0.8745804513003063
0.8745822200273846
0.8745823779459115
0.8745818168163804
0.8745805046243312
0.8745807758882901
0.8745783047895319
0.8745736070953741
0.87457019264425
0.8745712537358347
0.874573769575785
0.8745760070533157
0.8745792396514555
0.8745799472855503
0.874582581029942
0.8745847965341306
0.8745845267141658
0.8745817601634379
0.874579850210881
0.8745763653729882
0.8745738287496191
0.874575775810393
0.8745802148213384
0.8745829107259812
0.8745854669816298
0.8745895943512825
0.8745915009389911
0.8745942427732448
0.8745944198672941
0.8745953887051227
0.874596499766614
0.8745950964247836
0.8745985615208489
0.874599500685108
0.8745993861175457
0.8745986306313986
0.8745981398161979
0.874595723857181
0.8745968968448645
0.8745959154726719
0.8745966508383827
0.8745988568423758
0.8746001203943266
0.8746038793011395
0.8746050609671518
0.8746095307155112
0.8746096414059423
0.8746096363635391
0.8746086616091868
0.874606640652954
0.8746058768536822
0.8746054636926417
0.8746087743135897
0.8746096870873945
0.8746096999850576
0.8746094355470838
0.8746107585272354
0.8746106682971244
0.8746098501602859
0.8746060406943456
0.8746090605397252
0.8746115997970968
0.8746133992485576
0.874612530595356
0.8746115009996014
0.8746093066732069
0.8746074166730654
0.8746091151673546
0.8746067915220738
0.8746083124763208
0.8746098695345522
0.8746142372933904
0.8746186062860509
0.8746193866490563
0.8746211462646387
0.8746215385730994
0.8746224751666157
0.8746243224924262
0.8746261238606141
0.8746285383659388
0.8746318462056458
0.8746360204048299
0.8746368486577994
0.8746371958745885
0.8746389537631264
0.8746409985976469
0.8746430884845695
0.8746462926819425
0.8746488290801028
0.8746478125836123
0.8746459350746837
0.8746404731936046
0.8746369868935717
0.8746362330976708
0.8746349001821975
0.8746325738371706
0.8746321764722065
0.874635066732824
0.874634238901027
0.874634816706021
0.8746346521344457
0.8746323010152403
0.8746288753707796
0.8746239892130276
0.8746206774025042
0.874619259641282
0.8746198013577786
0.8746225622025485
0.8746254959748676
0.8746286567521406
0.8746296252372797
0.8746338133724509
0.8746357343301512
0.8746396586480564
0.8746399696110806
0.8746384832621495
0.8746375557906931
0.8746356999795011
0.8746389970149084
0.8746368979870695
0.87463608142027
0.8746357703928269
0.8746365118820044
0.874634845430439
0.8746335072950909
0.8746334310835002
0.8746310721305011
0.8746301146907738
0.874630300982115
0.8746308975680931
0.8746322106906013
0.87463374473944
0.8746329132128267
0.8746350448839789
0.8746382211561721
0.874639592070996
0.8746438219931002
0.8746460795545239
0.8746489693120124
0.8746505904456827
0.8746528378858818
0.874655052542112
0.8746540746244096
0.8746540455993356
0.8746561257138664
0.8746581682385287
0.8746634136385892
0.8746671428922336
0.8746671065923758
0.8746668625659199
0.8746675118382532
0.8746676998654722
0.8746699202160294
0.8746720401849918
0.874673589249328
0.8746723032541689
0.8746720116522029
0.8746710495203514
0.8746698688101024
0.8746685516154948
0.8746676855607572
0.8746688396771316
0.8746693195320068
0.8746651701642898
0.8746625486691396
0.8746598672844271
0.8746573694516163
0.8746534868885599
0.8746522276235246
0.8746472683860541
0.8746461673548215
0.8746445117188674
0.8746451470826356
0.8746428378849164
0.8746425338666594
0.8746424396213073
0.874644325434122
0.8746433564649274
0.8746451714966255
0.8746455817307824
0.8746447745009823
0.8746457263408309
0.8746468278004139
0.8746466611259477
0.8746468955776705
0.8746484486424616
0.8746539606555925
0.8746549434367106
0.874654798229164
0.874655769904078
0.8746530921972218
0.8746506875794229
0.8746485439710621
0.8746452691213094
0.8746430018417697
0.8746429199566419
0.8746436134073956
0.8746482125530314
0.8746530077268468
0.874656759916195
0.8746593602685253
0.8746624225579056
0.8746644538408611
0.8746640260908515
0.87466616103083
0.8746689531015013
0.8746701672754467
0.8746729764211792
0.8746758093284068
0.8746772906640256
0.874679321996856
0.8746817887672631
0.8746829401676898
0.8746823014302997
0.874682065542824
0.8746808679724709
0.8746813707314137
0.8746867267283273
0.8746892676411939
0.8746893232775946
0.8746895946353268
0.8746907604043336
0.874690193506445
0.8746918867293846
0.8746923631184047
0.8746957996182507
0.8746976332561831
0.8746997072696191
0.8747005764521429
0.8747000083127668
0.8747024512247037
0.8747049921663098
0.8747062595770191
0.8747079552737627
0.8747080697097268
0.8747090046001235
0.8747089739181659
0.8747084828946511
0.8747072304255215
0.8747061326892869
0.8747066484145642
0.874707463841159
0.8747058171565871
0.8747041893658104
0.8747025375613876
0.874703394421407
0.8747044619141686
0.8747052679830157
0.8747047562156895
0.874706787486681
0.8747074392560337
0.8747070765567591
0.8747049376438357
0.8747041119301866
0.8747040754000431
0.8747044780464056
0.8747059361687363
0.8747059406443366
0.8747058131334041
0.8747045200551884
0.874703430060927
0.8747033284666712
0.8747033724143459
0.8747066828034389
0.8747094268587923
0.8747098763155169
0.8747111977012904
0.8747140347751484
0.8747157426746283
0.8747200226302458
0.874724732843241
0.8747274519471524
0.8747270758575939
0.8747270109065468
0.8747289383185625
0.8747296325530908
0.8747313101604289
0.8747342149572186
0.8747355121543333
0.8747353032670545
0.8747359514203374
0.8747348812208727
0.8747325853981646
0.8747358491578823
0.8747350877647005
0.874736238503289
0.8747363844980297
0.8747394317778271
0.8747413901336191
0.8747418492637159
0.8747427075156278
0.8747452266000109
0.8747480287828221
0.8747497026430869
0.8747503214328677
0.8747524581966164
0.8747523327500056
0.8747527826027087
0.8747527958202785
0.8747503802909657
0.8747511823203045
0.8747528339609705
0.874753164641751
0.8747525083364278
0.8747545576653771
0.8747562316387759
0.8747551896991062
0.8747553896425843
0.8747579569308366
0.8747600711880192
0.8747563107821622
0.87475408606842
0.8747545730800484
0.8747579111989768
0.8747606136098481
0.874761021526429
0.874761129021462
0.8747643763430081
0.8747701296575678
0.8747727353139331
0.8747753952488048
0.874778155766091
0.8747775362940234
0.8747759803201085
0.8747765383066861
0.874779427782504
0.8747788628329362
0.8747795064843167
0.8747802071196236
0.8747799305708915
0.8747772611024565
0.8747734635664046
0.8747700341251481
0.8747671099719991
0.8747685998279048
0.8747703407684837
0.8747706385590471
0.8747703610179856
0.8747692887098095
0.8747677368350645
0.874766378378704
0.8747660379359452
0.8747655947296813
0.8747608158459613
0.8747558566540771
0.8747540572398513
0.8747500824490195
0.8747469299935176
0.8747445591502357
0.874740503872036
0.8747368683667124
0.8747321166180633
0.8747283739047598
0.874725881022539
0.8747257828484866
0.8747229651744821
0.8747251889568289
0.8747267306066527
0.8747265680200976
0.8747252388372768
0.8747227404959962
0.874721738424817
0.8747203756181584
0.8747212691467949
0.8747207790350957
0.8747163197117769
0.8747134442351506
0.874711463503709
0.8747064086811426
0.8747045356025047
0.874705743003586
0.8747066851696734
0.8747093864007538
0.8747099406704731
0.8747067790213726
0.8747044684921377
0.8747021185779228
0.8746998687001071
0.8746976494268907
0.8746975879746658
0.8746974264803702
0.8746982734954691
0.8746991562622096
0.8747016823573471
0.8747028568075715
0.8747038203950739
0.8747035876055452
0.8747053269861982
0.8747045025710335
0.8747032139363429
0.8747034434508519
0.8747041446929924
0.8747046201322008
0.8747075072018251
0.8747102394792287
0.8747106150028517
0.8747075949464699
0.8747077289126043
0.8747072526355713
0.8747047883660483
0.8747041672630782
0.8747053672515556
0.874705807122979
0.8747071245941831
0.8747061635230701
0.8747035031859212
0.8747027107822933
0.8747022224513679
0.874700807660445
0.8747037790150416
0.8747061510976619
0.8747079888932825
0.8747108853834079
0.8747136017284644
0.8747155694065166
0.874718224305084
0.8747189811224029
0.8747211107159747
0.8747216239416861
0.8747239109081282
0.8747233783963869
0.8747243891531158
0.874729000007349
0.8747286019344231
0.8747273101576467
0.8747302343091016
0.8747328214926464
0.8747350774713895
0.8747358323814293
0.8747345935215943
0.8747354051077496
0.874736701213695
0.8747380929814993
0.8747403683996501
0.8747428789432992
0.874744817851629
0.8747432495630384
0.8747440161387932
0.8747438834309734
0.8747463065711356
0.8747461848429802
0.8747470095684534
0.8747466471476177
0.8747478488841837
0.8747495060109515
0.8747515777428239
0.8747524916937788
0.8747535445209474
0.8747586822936659
0.8747628621314507
0.8747656005140122
0.8747672183097602
0.8747694718240366
0.8747730393889489
0.8747740492730087
0.8747777046458793
0.8747781192733731
0.8747794175285873
0.874780346104955
0.874781346761709
0.87478162282914
0.874780693393701
0.874780213187885
0.8747798432625565
0.8747787072069988
0.8747780445180493
0.8747778744944438
0.8747821068881457
0.8747841246126873
0.874784950560314
0.8747847088674668
0.8747838972809098
0.8747866173822417
0.8747875822266018
0.8747840051008205
0.8747863160497998
0.874787454215411
0.8747884218129546
0.8747884264218505
0.8747872519235557
0.8747880379654546
0.8747907774373403
0.8747910810508267
0.8747921570956522
0.8747931670707985
0.8747956713180242
0.8747981412849429
0.8748013890944599
0.8748031419027276
0.8748057624237137
0.874808620615362
0.874810859358695
0.874810892640205
0.8748108343162606
0.8748122963666058
0.8748129602570089
0.8748150151714504
0.8748170658923217
0.8748178352842242
0.8748197553840672
0.874822291376818
0.8748253398901464
0.8748269472966796
0.8748296907847315
0.8748301313514402
0.8748305902609034
0.8748336686744611
0.8748359429395074
0.8748383967715155
0.8748382377573244
0.8748355388850282
0.8748359217866891
0.8748376706816774
0.8748384497122359
0.874840541554852
0.8748415709815341
0.8748433126671754
0.8748428574326417
0.8748423447264725
0.8748407360703293
0.8748420742290205
0.8748428646050392
0.8748428276148225
0.8748420860381245
0.8748402614637635
0.8748382098701534
0.8748350745218502
0.8748353004975217
0.8748346223969242
0.8748366706848838
0.8748380095290376
0.8748430904076796
0.874845920154709
0.8748458086909893
0.8748460631292237
0.8748450522844788
0.8748432584916099
0.8748405148262766
0.8748383047642161
0.8748384717714964
0.8748400749814571
0.8748414529207393
0.8748440504210725
0.8748464300654413
0.8748480998098203
0.8748486308666664
0.8748510014684497
0.8748504418283234
0.8748529601229507
0.8748539192898415
0.8748570515798484
0.8748577757734263
0.8748591023786504
0.8748598781910867
0.8748586029958043
0.8748553750844478
0.8748523520204942
0.8748501740817731
0.8748492716080132
0.8748480123022991
0.8748432793452208
0.8748402945939442
0.8748373988758952
0.8748365964577202
0.8748353042582986
0.8748335092179296
0.8748347456939229
0.8748347123811078
0.8748361714610412
0.8748396961891248
0.8748414996218511
0.8748413470362685
0.8748408965036863
0.8748404938163105
0.8748419974743334
0.8748410281139728
0.8748410966755832
0.874843504843731
0.8748435311975927
0.874843684971966
0.8748454347968495
0.8748479728703654
0.8748479796862318
0.8748500960431767
0.8748517972950455
0.8748538254776597
0.8748575014868745
0.8748590067262833
0.8748590250747633
0.8748577796543665
0.8748578862831399
0.8748578217763048
0.8748577616546446
0.8748570106467847
0.8748567394673037
0.8748542584070768
0.8748540842554964
0.8748524474100404
0.8748517053403928
0.8748525724025263
0.8748544320640097
0.8748566701371908
0.8748578662067474
0.8748618228442185
0.8748610541211416
0.8748603178128416
0.8748618303490858
0.8748621929345658
0.8748626876902941
0.8748634514723101
0.8748638697763302
0.8748634735783803
0.8748623980027403
0.8748612724845626
0.8748599477426927
0.8748605239207935
0.8748595384065768
0.8748559694552906
0.874853229938358
0.8748507183713803
0.87484863670985
0.8748457562452514
0.8748427817845449
0.8748419429008985
0.874840878050705
0.8748414785884252
0.8748453482311908
0.8748484292305256
0.8748505768021623
0.8748520699979847
0.87485224886878
0.874852450431758
0.8748528752160804
0.8748526590534008
0.8748522198322046
0.874851207829631
0.8748516139480863
0.8748512674953891
0.8748526985390017
0.8748532577172824
0.8748540705074297
0.8748550550337855
0.8748566803528693
0.8748564051448816
0.8748532963248528
0.8748518673636152
0.8748521562196443
0.8748532500137794
0.8748522185549816
0.874849599306617
0.8748502472480826
0.8748514194411818
0.8748516989972591
0.8748551550594144
0.8748576786151069
0.8748586935084123
0.8748602559659824
0.8748603199850128
0.874858323543838
0.8748545946869828
0.8748521488070508
0.87484989139722
0.8748495423556218
0.8748502279827801
0.87485160900092
0.874851255107863
0.8748511407439249
0.8748507291080325
0.8748512767657982
0.8748529025368422
0.8748571307133555
0.8748568267754595
0.8748580972710266
0.8748586388172397
0.874862108963983
0.8748640484784443
0.8748664591753819
0.8748682873923033
0.8748731558600975
0.8748765374817411
0.8748808158726271
0.8748846573390427
0.8748873978474552
0.8748877104051133
0.874888108430425
0.8748888237745471
0.8748900147130291
0.8748907165082808
0.8748899274481188
0.8748885478684363
0.8748875545317668
0.874888409135967
0.8748877086278932
0.8748839402849523
0.8748807353966138
0.8748809737564426
0.8748819147401437
0.874881035818529
0.8748841658010836
0.8748873376363316
0.8748879879893228
0.8748888428474705
0.8748909650794647
0.8748912997137076
0.874891418100455
0.8748904620983767
0.8748899639315322
0.8748881680775865
0.8748871819453657
0.8748873973321066
0.874888662304425
0.8748882819728
0.874887502646965
0.8748874506743193
0.874885532414692
0.8748864022379396
0.8748870646903967
0.8748872778136619
0.8748854670544906
0.8748847520771353
0.874885521259177
0.8748863797961618
0.8748883739655198
0.8748889779355203
0.8748891534291334
0.8748869682483895
0.8748854886517128
0.8748851025712951
0.8748844325262342
0.8748825931337466
0.8748822314282699
0.8748800217458879
0.874877150448924
0.8748741827410782
0.8748702872802899
0.8748682772792031
0.8748659450158188
0.8748655480779742
0.8748655537836814
0.8748647828084324
0.8748661783596545
0.8748645700644809
0.8748640085181252
0.8748656734010452
0.8748658918423505
0.8748640432197621
0.8748646076638386
0.8748656240533653
0.8748666738051073
0.8748658245888068
0.8748669938361255
0.8748707606531744
0.874874352868223
0.8748747430753305
0.8748732373545686
0.874871727173876
0.8748719753045694
0.8748714691134957
0.8748706907827235
0.874868462745946
0.874869821328005
0.8748713045237031
0.8748709526847999
0.8748698079130027
0.8748675525359417
0.8748673613346476
0.874869219385045
0.8748683385240396
0.8748667698911295
0.8748662957578063
0.8748650495970955
0.8748626449836815
0.874860556211843
0.8748608118705067
0.8748613520310621
0.8748619697598461
0.8748620225940815
0.8748652276071178
0.8748680265235891
0.8748723338713483
0.8748752007314914
0.8748765596062791
0.8748769039557746
0.8748745028974177
0.8748743239089185
0.8748719605282905
0.8748695368046244
0.8748715888639956
0.8748729126255667
0.8748727199017702
0.8748739911416289
0.8748740010891716
0.8748720120223301
0.8748733641058174
0.874873245777815
0.8748710233728648
0.8748705371999296
0.8748722888049831
0.8748748293216143
0.8748740341193079
0.8748731718318761
0.8748716444705241
0.8748700304913916
0.8748689320693749
0.8748688188398722
0.8748686400674417
0.8748689612172666
0.8748678478190078
0.8748650993586481
0.874863857091977
0.8748625383877028
0.8748625753391256
0.8748609584812239
0.8748585246573147
0.8748571093572152
0.8748561250181734
0.8748544606982173
0.8748533227738441
0.8748519581116565
0.8748503751966943
0.8748485774586093
0.8748489512180858
0.8748486298708804
0.8748484280514209
0.8748494091398435
0.8748484522950248
0.8748479494659657
0.8748491095003198
0.8748478962822331
0.8748449553751868
0.8748423570351661
0.8748392049319332
0.8748361376059908
0.8748344407269455
0.8748332568448991
0.8748326272020848
0.8748336184266454
0.8748343871706332
0.8748346272963162
0.8748351350790246
0.8748351243917807
0.8748351330394285
0.8748355564803325
0.8748341906566335
0.8748320390387805
0.8748294553361048
0.874827432969234
0.8748295964806709
0.8748345497019853
0.874835842669563
0.8748369112276639
0.8748398442627684
0.8748425585569344
0.874843789515393
0.8748428722575964
0.8748448608449513
0.8748448719908205
0.8748442944432797
0.8748448069953908
0.8748449143957168
0.8748451101683287
0.8748453825909565
0.8748454858986275
0.8748458368905309
0.8748457205742592
0.8748468974720056
0.8748474912669604
0.8748472789259945
0.8748473687389814
0.874847069927221
0.8748478617721556
0.8748461796693853
0.8748448727373807
0.8748454964843162
0.8748458855743969
0.8748458884356568
0.8748455930456913
0.8748442669815802
0.8748431329083549
0.874841928084567
0.8748405956596332
0.8748416860648467
0.8748413819157765
0.8748410233387709
0.8748408291151563
0.8748427084026086
0.8748437222334525
0.8748453308803524
0.874848306363473
0.8748481869635254
0.8748470766879359
0.8748462373995936
0.874849332937483
0.8748525711255375
0.8748563231799951
0.8748590090790509
0.8748596013959175
0.8748598414333003
0.8748604138039575
0.8748608546077572
0.8748622360436934
0.8748626619229549
0.8748636486677898
0.8748650496920121
0.8748680127179299
0.8748672148164295
0.8748640589646862
0.8748623938170401
0.87486223563802
0.8748622091069668
0.8748628721111477
0.8748633765523657
0.8748647813362362
0.8748642996445133
0.8748639621891383
0.8748636792982565
0.8748631428258683
0.8748623787409959
0.8748652562503585
0.8748678412548363
0.8748695854197662
0.8748694105384626
0.874869228705016
0.8748685814272739
0.874868636912613
0.8748697964137805
0.8748680192583191
0.8748662928486487
0.8748643715272363
0.8748614741648625
0.8748591238747876
0.8748580032749943
0.8748567504679876
0.8748556430918804
0.8748552992911839
0.8748543847066551
0.8748530099426471
0.8748484160239186
0.874847133791577
0.8748476752518533
0.8748479178421785
0.8748488832012535
0.8748486040316297
0.8748459438126492
0.874846122330028
0.8748480504938642
0.8748488228066823
0.8748512727155424
0.8748522298168193
0.8748533360826642
0.8748520373787362
0.8748519638108447
0.8748517089902531
0.8748511782758733
0.8748501614298676
0.8748483973973477
0.8748477993470152
0.8748488924371411
0.8748478016220367
0.874846659974258
0.8748470480607042
0.8748472673494164
0.8748486971664291
0.8748494050245934
0.8748472029977249
0.8748474668010096
0.8748489531181113
0.874850054087192
0.8748532380472507
0.874854094927627
0.8748538489286264
0.8748520280399822
0.8748504201011191
0.8748490948486786
0.8748482087907649
0.8748495398461728
0.874851712619837
0.8748523326697
0.8748519905261003
0.8748520557818337
0.8748509187872862
0.8748519697078329
0.8748513796240668
0.8748511880783093
0.8748500771926025
0.874848530417054
0.8748473453211765
0.8748461859189155
0.8748463895105213
0.8748465681075506
0.8748487106159814
0.8748511366016903
0.874853732839545
0.8748544948031315
0.8748555395553848
0.8748556803761555
0.8748565759760848
0.8748568286740009
0.8748568112519353
0.8748558083901378
0.8748566506679706
0.8748547333940969
0.8748519647797205
0.874850069102876
0.8748481317858977
0.8748461760979735
0.8748438247207644
0.8748434623811954
0.8748439632850358
0.8748436575499967
0.8748409189502074
0.8748395394573965
0.8748379658166345
0.874837221778741
0.874837021412029
0.8748372681743526
0.8748377215292781
0.8748379405215748
0.8748367695855576
0.874836441406966
0.8748359275650154
0.8748354478706366
0.8748341880031439
0.8748331575281401
0.874832157566611
0.874833088445968
0.8748343101408042
0.8748365722320414
0.8748374751272326
0.8748392895130239
0.8748398517228823
0.8748403361199523
0.8748407601231046
0.8748414839471405
0.8748419677853666
0.8748426753868087
0.8748429676721894
0.8748412679485812
0.874840107596561
0.8748394080932064
0.874838904372795
0.874838797458804
0.8748382362291725
0.8748365001348952
0.8748374505715569
0.8748409855791501
0.874841978647371
0.8748442720069656
0.8748469812241305
0.8748493441579335
0.8748508981477942
0.8748519543292101
0.8748528599890556
0.8748530557443929
0.8748524621921837
0.8748528922944917
0.8748517295975785
0.8748504748708883
0.8748506087758935
0.874851913879473
0.8748532960124467
0.8748560031014365
0.8748603795982547
0.8748638488553738
0.8748642489833924
0.8748628081251747
0.8748632717709811
0.8748627693550609
0.8748613241417352
0.8748607190168506
0.8748608010927625
0.8748623349619696
0.8748638468119574
0.8748655855022844
0.8748689243280589
0.8748691370910593
0.8748697832232318
0.8748704418847375
0.8748699001473439
0.8748699692648517
0.8748704989311974
0.8748718515301154
0.8748711181917783
0.874869935905622
0.8748683879578764
0.8748682414899113
0.8748662319777191
0.8748658471129376
0.8748654384269745
0.8748652258326567
0.8748681832828153
0.874871365516249
0.8748712568253515
0.8748708970806209
0.8748697893569252
0.8748701828000577
0.874867939383883
0.8748665282486923
0.8748638090330849
0.874861588942055
0.8748585191122975
0.8748579897890933
0.8748558585937113
0.8748545812691066
0.8748529131359255
0.874851458739942
0.8748518517460548
0.8748520201599915
0.8748500464961951
0.8748468336655226
0.8748442765726647
0.8748444769958502
0.8748430795479323
0.8748413043004236
0.874840816338368
0.874841359154352
0.874839901772138
0.8748378178523981
0.874837331963842
0.8748362901102179
0.8748365582866827
0.8748347580527011
0.8748330362318403
0.8748325177009096
0.874831823501294
0.8748307031686944
0.8748287711496594
0.8748268414513303
0.8748245232616546
0.8748220909729969
0.8748207057463618
0.8748178329161241
0.874814949255617
0.874812456291122
0.8748100840994913
0.8748079662437196
0.8748082642991409
0.874808164719188
0.8748089979166931
0.8748113927496542
0.8748138359798716
0.8748161535906601
0.8748173682327516
0.8748211044165117
0.8748225666439973
0.8748258582473396
0.8748277795795549
0.8748291390280315
0.8748311628934171
0.8748324252589029
0.8748331556409468
0.8748364476901764
0.8748386103129391
0.8748399270411512
0.8748433108812573
0.8748461940605248
0.8748469099654244
0.8748496762864049
0.8748505642255946
0.8748490034776604
0.8748477169313229
0.8748452024715928
0.8748437309322254
0.8748448339699378
0.8748460927279438
0.874846213676272
0.8748472744640452
0.8748472481214679
0.8748464761254876
0.8748461033653316
0.8748461342008452
0.874844665728254
0.8748460670955148
0.8748465368096751
0.8748478900726637
0.8748466242965509
0.874843944979475
0.8748431862311951
0.8748413559094818
0.8748394578531844
0.8748380005590071
0.8748380279046453
0.8748372533239998
0.8748379805164724
0.874837335217474
0.8748362905111143
0.8748363938324565
0.8748348733935296
0.8748339536225316
0.8748328836118671
0.874830688128424
0.8748299468607891
0.8748281717893123
0.8748283985615019
0.8748279848022025
0.8748280409820612
0.8748283238042843
0.8748268736096015
0.874827082299145
0.8748287237968536
0.8748296315325516
0.8748304406618989
0.8748316814314339
0.8748339581503543
0.8748353058595298
0.874836037483142
0.8748369758162396
0.8748392262574032
0.8748390668136498
0.8748394452974971
0.874837670484775
0.8748389622742913
0.8748392770584181
0.8748397266933303
0.8748387403228004
0.8748374873596731
0.8748386367119922
0.8748401379844494
0.874841641145987
0.8748441192253609
0.8748470929550349
0.8748473925960955
0.8748474044170811
0.8748461133267246
0.8748468142343191
0.8748471140612804
0.8748471733460785
0.8748485480029227
0.8748489201601557
0.8748497882742253
0.8748517000066931
0.8748530167140498
0.8748535895349409
0.8748534372524696
0.8748545879303335
0.8748547543759525
0.8748543774168195
0.8748548589899574
0.874855285103166
0.8748566332193296
0.8748570127100316
0.8748591786862024
0.8748617207952066
0.8748635765510026
0.8748660491694651
0.8748664465516223
0.8748668157395441
0.874868975847786
0.8748701690968382
0.8748730191843521
0.8748772457387116
0.874880483625194
0.8748843952291877
0.8748888468625392
0.8748922366098416
0.8748930337695116
0.8748949285607164
0.8748949714798158
0.8748941519903798
0.8748945485336913
0.874894512534478
0.8748933002713641
0.8748940745100795
0.8748939455392201
0.874894645483943
0.8748931072832975
0.8748914806147868
0.8748891621427806
0.8748873064385544
0.8748861321641351
0.8748840142755305
0.8748817334397062
0.874880577054172
0.8748782182047414
0.8748765579982404
0.8748749571308635
0.8748735560016319
0.8748725054268088
0.8748712001540169
0.8748699216891659
0.8748679620552329
0.8748640256054909
0.8748614819265205
0.8748609680758198
0.8748598543807897
0.8748588727101214
0.8748584832582359
0.8748568762637206
0.874857066661075
0.874858146203841
0.8748586297071876
0.874860162606674
0.8748609952219413
0.8748630382432064
0.8748635279662303
0.8748647357824033
0.8748650407857425
0.8748660078539376
0.8748662540638273
0.8748659751070946
0.8748648613766448
0.8748657554243293
0.8748660926107086
0.874866225932647
0.8748673252398157
0.874869063111902
0.8748715832901978
0.874874751728026
0.8748762926784492
0.8748759950611162
0.8748764391333858
0.8748765806800776
0.8748766577613271
0.8748767676648368
0.8748763574504831
0.874876123480019
0.8748764298679126
0.8748772972667895
0.8748778980541645
0.8748802817934682
0.8748813949183298
0.8748819389484181
0.8748830954964182
0.8748845617350425
0.874885793994707
0.8748882353300553
0.8748903608410619
0.8748925021173225
0.8748938405672291
0.8748964253274115
0.874897861806612
0.8748964383934649
0.8748949111644412
0.8748938563985253
0.8748944262920992
0.8748940556369921
0.8748945664341062
0.8748962176046837
0.8748985299347278
0.8749008453778616
0.8749027706541631
0.874905967056114
0.8749074726640179
0.8749089823154123
0.8749104462084453
0.8749109670167005
0.8749113752767587
0.8749115060548301
0.8749115916719715
0.8749121128475275
0.8749114194076
0.8749113660800191
0.8749114636297458
0.87491038368094
0.8749093371655576
0.8749083836598618
0.874908018802517
0.8749079921684553
0.8749084344621767
0.874909868336542
0.8749095209098638
0.8749094710233862
0.8749101605470342
0.874909211478502
0.8749071405674718
0.874907109335533
0.8749060383350346
0.8749052888334086
0.8749041844815465
0.8749020300286777
0.8748997803190474
0.8748976743789404
0.8748952498535693
0.8748935014699795
0.874893214905277
0.8748935686202982
0.8748943499064913
0.8748950172066583
0.8748952741458014
0.8748954388953372
0.8748956574647606
0.8748955750052871
0.8748964659031583
0.8748966738785114
0.8748981755369022
0.8748980459220265
0.8748992888229468
0.8749005899891997
0.8749003955311552
0.8749002636093703
0.8749006735737838
0.8749006270506197
0.8749015264234975
0.8749028651139161
0.8749030902312392
0.8749042853022868
0.8749050258497542
0.8749064914047562
0.8749062776923217
0.8749053784223841
0.8749047795248556
0.8749056316790831
0.8749055860859494
0.8749084786228198
0.8749101754608397
0.8749108379363637
0.8749095218037828
0.8749106214429251
0.8749109188667573
0.8749115540629746
0.8749121468422651
0.8749121567135201
0.8749129104025273
0.8749128067714393
0.8749123967483116
0.8749107174757533
0.8749081328566266
0.8749074610773522
0.8749066289778687
0.8749060758016977
0.874904117124428
0.8749035817703168
0.8749036524833519
0.8749024545428377
0.8749005681111771
0.8748992168757286
0.8748993714061931
0.8748989791059218
0.8748974655875502
0.8748975046531183
0.8748961793544106
0.8748960682792408
0.8748967353495527
0.8748990933941267
0.8748996044642602
0.8749026687670884
0.8749053643606692
0.8749081305089724
0.8749110970998639
0.874911625524142
0.8749139553322703
0.8749156862340571
0.8749170485784581
0.8749197680419716
0.8749212668134297
0.8749213286980756
0.8749218825067606
0.8749219975155047
0.8749229954604061
0.8749216042858576
0.874919272537613
0.8749186656731953
0.8749180354060463
0.874916187460108
0.874914699902336
0.8749142117716934
0.8749125192615109
0.8749115951404159
0.8749116995957998
0.8749103064713829
0.8749068019416313
0.8749038705703756
0.8749044062211728
0.8749043782598745
0.874905331884679
0.8749057247718336
0.8749050678774328
0.8749058766177177
0.8749050033819722
0.8749045123213647
0.874905996767932
0.8749088627087962
0.8749112955039955
0.8749127195302137
0.8749130132987979
0.8749138355049924
0.8749150134065037
0.8749168788974181
0.8749188052465903
0.874920715729768
0.8749218971305732
0.87492296701234
0.8749228464540475
0.8749232632783122
0.8749241587556413
0.8749251527080074
0.8749265879498264
0.8749275234288287
0.8749286663317764
0.874929879771724
0.8749297563043221
0.8749299622633052
0.8749307227776948
0.8749299360743215
0.874929683863287
0.8749307189875127
0.8749305744032511
0.8749290029040114
0.874928851542774
0.8749284463335132
0.8749267723704096
0.8749248579097053
0.8749237949997409
0.8749219666748066
0.874920222385014
0.8749180651806376
0.8749183299311111
0.8749163458102712
0.8749151298602484
0.8749153888960681
0.8749152710974366
0.8749163636279818
0.874917164553624
0.8749171042418693
0.8749171621192982
0.8749180669730107
0.87491812412165
0.8749175801005101
0.8749169646555865
0.8749170679650194
0.874919673867284
0.8749228947698918
0.8749245892932315
0.8749251446252116
0.8749276430544305
0.8749300943198681
0.8749308469784648
0.8749306695148266
0.874930535512548
0.8749294467910194
0.8749288774911677
0.8749290050974353
0.8749298023516521
0.8749314977794397
0.8749306375995212
0.8749302744900083
0.8749284822157202
0.8749272040938314
0.8749266557275506
0.8749268478236008
0.8749261851015274
0.8749261891367711
0.8749269974567349
0.8749266252864426
0.8749278257365163
0.8749286280291414
0.8749295757936651
0.8749302771942857
0.874930530150394
0.8749297425993172
0.8749291466677058
0.8749300246914763
0.8749317615944668
0.8749336370564523
0.8749346025269141
0.874934438226401
0.8749338222319993
0.8749323628927352
0.8749320318089807
0.8749330499603599
0.8749332902168129
0.8749341569596816
0.8749342070263184
0.8749342898762361
0.8749342613931606
0.8749354863641232
0.8749348648406952
0.8749340287867888
0.8749356173535352
0.8749369684063666
0.8749396216512401
0.8749417793053623
0.874943389441258
0.8749463669786843
0.8749476772918919
0.8749499050393255
0.8749538764831077
0.8749567602005867
0.8749576818905965
0.874958049888183
0.8749584353770616
0.8749591292143778
0.8749594410830741
0.874960369237233
0.8749622986448704
0.8749629143830137
0.8749644245789664
0.874966477938668
0.8749686927694184
0.8749692116289003
0.8749695857134289
0.8749684947567368
0.8749679723889192
0.8749671672316784
0.8749669459640615
0.8749688885475599
0.8749717282672997
0.8749745057526932
0.874976960521815
0.8749789588895766
0.8749800126645713
0.8749821640157692
0.8749857986240308
0.874989651145101
0.8749932274285075
0.8749950503750228
0.8749956181951093
0.8749967009562745
0.8749957124012254
0.8749953650863151
0.8749948812784919
0.8749947225318476
0.8749925351651721
0.8749919276190212
0.8749908202840595
0.8749902265794911
0.8749893669838958
0.8749906157264216
0.8749913429018098
0.8749914812326023
0.8749916323197333
0.8749923716988699
0.8749935195188305
0.8749947126843702
0.8749948178764213
0.8749954923387678
0.8749962749669145
0.8749966745238694
0.8749985119355502
0.8749988195196635
0.8750005519913653
0.8750028584231563
0.8750060624554616
0.8750085305459658
0.8750104024409588
0.8750133214029184
0.8750156848350225
0.8750165288140435
0.8750152345379681
0.8750141393810309
0.8750129105445286
0.875012457073782
0.8750124374873642
0.8750117682703373
0.875010836398397
0.875009921599286
0.8750100518051246
0.8750080417413515
0.8750066372922755
0.875005509591145
0.8750041301880371
0.875005704693005
0.8750058237191559
0.8750046436249412
0.8750045088725016
0.8750036810980001
0.875002604259896
0.8750018920425892
0.8750008065989302
0.8750013145698795
0.875001816531826
0.875001915732662
0.87500088271603
0.8749987819369462
0.8749972633680745
0.8749966278609895
0.8749950665143214
0.8749928115552985
0.8749918387708169
0.874990062263074
0.8749878786591159
0.8749852484306389
0.8749833565272235
0.8749811393917177
0.8749809328635015
0.8749803924854359
0.8749800125714674
0.8749803767093222
0.8749803321454417
0.8749813515497799
0.874981020473645
0.8749810163238112
0.8749810281677547
0.8749798418167872
0.8749784525542997
0.874977395272054
0.8749783707887686
0.8749789326476386
0.8749787141638534
0.8749793969344891
0.8749800827186641
0.8749817687201197
0.8749840986157864
0.8749858192199459
0.8749858804163434
0.8749859680720281
0.8749874926845737
0.8749884628040203
0.8749893607843165
0.8749909254235375
0.8749941078445532
0.8749964046665085
0.8749990823676191
0.8750005546043689
0.8750019620001889
0.8750018747546345
0.8750029857733248
0.8750045057166765
0.8750059222148094
0.8750074231237501
0.8750093635457031
0.8750122365883546
0.875014058334502
0.8750149876462983
0.8750150718905275
0.8750166009441624
0.8750169125102435
0.87501740064119
0.8750163702404323
0.8750141436567757
0.8750126762258928
0.8750119609657262
0.8750104969968377
0.8750092751177512
0.8750082580368718
0.8750076812694074
0.8750063978433528
0.8750051235700189
0.8750046274666919
0.8750060742936306
0.8750078599983584
0.8750087424847357
0.875008897170752
0.8750095593138104
0.8750107404077432
0.8750102229916198
0.8750104684636962
0.8750115796114178
0.8750131754765281
0.8750154449396352
0.8750146019636298
0.8750131298466391
0.8750117221844727
0.8750098246706587
0.8750077923115371
0.8750074624893803
0.8750074523609421
0.8750062275703978
0.8750030430811154
0.8750006904211554
0.8749980518413235
0.8749968844585182
0.8749967046297789
0.8749970281195562
0.8749984010843316
0.87499923811833
0.8750004132526182
0.8750021608186808
0.8750026028878081
0.8750014427011631
0.8749993434200688
0.8749974299925574
0.8749959098908714
0.874994432603094
0.8749949941770573
0.8749941070208889
0.8749934174826899
0.8749919731150239
0.8749915620971038
0.8749909108602548
0.8749922642843031
0.8749937192788054
0.8749940455901406
0.8749938911060445
0.8749924794773458
0.8749920256009179
0.8749906882421595
0.8749903678944573
0.8749905671581844
0.8749908825981416
0.8749899302655092
0.8749897327238447
0.8749904095549392
0.8749890951262371
0.8749867979811585
0.8749842394571645
0.8749838342842482
0.8749833202140733
0.8749841727597543
0.8749854456147856
0.8749842580554076
0.8749831115648854
0.8749808009157051
0.8749790952049462
0.8749778934492715
0.8749767550170853
0.8749747338556966
0.8749731038965044
0.874971968237418
0.8749716260668216
0.8749710709027202
0.8749696084342984
0.8749684773821664
0.874969114097978
0.8749705341100639
0.8749720138697396
0.8749732289133808
0.8749752416371874
0.8749760329398913
0.8749753877170742
0.8749765348005178
0.8749784814586298
0.8749783979411007
0.8749798896392363
0.8749790339179957
0.8749801818691599
0.8749815077143503
0.8749818034255789
0.874983248239084
0.8749827386263882
0.874982114040541
0.8749820248526679
0.8749814521861693
0.8749814939480561
0.8749836599690929
0.8749858338342292
0.8749872217512391
0.8749859719028815
0.8749855964960093
0.8749850465688729
0.874983410682159
0.8749832901152197
0.8749858307629474
0.8749892489817122
0.8749895259170527
0.8749893275453305
0.8749913376070223
0.8749930640523172
0.8749952945706791
0.874998016130757
0.8750000089380179
0.8750039595162543
0.8750064430286533
0.8750085698802315
0.8750090230616779
0.8750099745762083
0.8750109057121173
0.8750119620936276
0.8750108659906066
0.8750096466720284
0.8750095954849434
0.8750096355724205
0.8750097056835756
0.875009014645076
0.8750071672077334
0.875006071616916
0.8750052597586518
0.875005942698357
0.8750081892348746
0.875009297332519
0.8750106004058278
0.8750140531344114
0.8750170882968303
0.8750190133640626
0.8750192855314775
0.875020419017458
0.875021569093116
0.8750224308814771
0.8750242337266734
0.8750254228471143
0.8750259278614744
0.8750258765161217
0.87502745996043
0.8750277440070037
0.8750275163899406
0.8750294914375457
0.8750326326918898
0.8750352044951993
0.8750374579612522
0.8750396533243243
0.875042013907814
0.8750427968338131
0.8750433524131581
0.8750422155212685
0.875041534519684
0.8750409645049898
0.8750404582661554
0.8750399216594499
0.8750407655931931
0.8750434641231694
0.8750453317901665
0.8750464831270676
0.875046128887749
0.8750470333577467
0.8750498700042221
0.8750533664223724
0.8750555780882617
0.8750562420188429
0.8750567383757535
0.8750588389098304
0.8750598951106353
0.8750597286114382
0.8750600340255551
0.8750600672554537
0.875060192687775
0.8750603200143924
0.8750596072489294
0.8750586887152395
0.8750596324384943
0.8750611155702024
0.8750622146375556
0.8750613120692492
0.8750617676931085
0.8750621871677545
0.875062638323478
0.8750624805122506
0.8750621970791725
0.8750624139698006
0.8750629318381986
0.8750642874188372
0.8750670953823999
0.8750692334488852
0.8750716321802419
0.8750731971264217
0.8750740940102726
0.8750741752004508
0.8750745792464327
0.8750751485350392
0.8750766739757104
0.8750783138888034
0.8750799057298497
0.8750802469845614
0.8750808215307263
0.8750808737314323
0.8750820986771679
0.8750823502185466
0.8750838277788311
0.8750859665483913
0.8750885409559294
0.8750893521973783
0.8750885131437208
0.8750882277278519
0.8750894885089217
0.8750900407571562
0.8750905690282043
0.8750907963504267
0.8750898682317769
0.8750900126972866
0.875090271584765
0.875089578536625
0.8750896696562126
0.8750905779935172
0.8750912938717209
0.8750906947738574
0.8750897603004659
0.8750909776807826
0.8750913505322084
0.8750928789387292
0.8750949525334287
0.8750974403724219
0.8750979108755691
0.8750971231303045
0.8750963955021681
0.8750957622441718
0.8750937830640747
0.8750905940922601
0.8750875621477451
0.8750868385327264
0.875087417110611
0.8750876293406921
0.8750861466867172
0.8750832693975032
0.8750818039512633
0.8750827772279625
0.8750832956672727
0.8750832196094234
0.8750815920357498
0.8750789577905035
0.8750779031004939
0.8750792026255191
0.8750802199297665
0.8750793685305129
0.875078622706177
0.8750768401101129
0.8750761283066946
0.8750763841281072
0.8750754802747691
0.8750731226139756
0.875074032165825
0.8750750598847944
0.8750761481573021
0.8750776230820977
0.8750776508444964
0.8750770207672685
0.8750746928167592
0.8750740015859598
0.8750729795045606
0.8750722121969293
0.8750720753952738
0.8750721024984328
0.8750719309424809
0.8750728306249969
0.8750731072595465
0.8750724710839607
0.8750723626825119
0.8750733076047243
0.8750742250816144
0.8750748342665765
0.8750754096653891
0.8750759256021371
0.8750771553326274
0.8750789593909988
0.87508050228627
0.8750821158257396
0.8750819730410888
0.8750817244074767
0.8750811651372068
0.87507938278537
0.8750786947434339
0.8750806402939455
0.875080940438811
0.8750809553168406
0.8750817808786714
0.8750841593283178
0.8750871504653381
0.8750879157219229
0.8750884763532386
0.8750899238491142
0.8750933532881707
0.8750961704012002
0.8750968679508542
0.8750963963092675
0.8750956236228172
0.8750964940468314
0.8750963595805197
0.8750961369198542
0.8750966502568203
0.8750960290830755
0.8750958070533561
0.8750959196185898
0.8750964296746072
0.8750970432528353
0.8750971041255928
0.8750973140454206
0.8750973501662848
0.875097700505141
0.8750995298740392
0.8751028817500887
0.8751045308019795
0.8751043714051613
0.8751030395973358
0.8751020706516199
0.8751017583615802
0.8751004806628966
0.8751007810703167
0.8751020397571184
0.8751037699577581
0.8751053619520939
0.8751076413085491
0.8751085959386853
0.8751101428975304
0.8751122324641948
0.8751121604663097
0.8751103279854946
0.8751088473358386
0.8751103365190328
0.8751118120503298
0.875111181358756
0.8751102965537654
0.8751110331881682
0.8751121969034356
0.8751141411704105
0.8751161054854636
0.8751159934013093
0.8751159181061424
0.8751163889726085
0.8751155941940804
0.8751162653324436
0.8751178994326443
0.875118330248964
0.8751188827024584
0.8751181689228521
0.8751175332599795
0.8751168926526082
0.8751155567146209
0.8751144502774663
0.8751148886859826
0.8751165349891268
0.8751171546362584
0.8751189607744905
0.8751200204126309
0.875121242311154
0.8751214902741786
0.8751214091511901
0.8751205384215754
0.8751207173361485
0.8751210224901862
0.875121117451915
0.8751215882572932
0.8751236707632009
0.8751258249761438
0.875127710552017
0.8751285766542998
0.8751292092144819
0.875129495930503
0.8751294604359032
0.8751302274699717
0.8751307022050515
0.8751323696049391
0.8751335310093704
0.8751340699861404
0.8751349319964297
0.8751356149656642
0.8751364683303384
0.8751382972020664
0.8751392295666908
0.8751403801092265
0.8751423648339542
0.875143615320428
0.8751458017093687
0.8751476253213831
0.8751471453117334
0.8751463152637725
0.8751465908752283
0.8751472522513303
0.8751467561543038
0.8751462460030106
0.8751453514036379
0.8751439590566057
0.8751436659384118
0.8751431159825307
0.8751438117894795
0.8751454914747051
0.8751475213501008
0.8751491874533166
0.875148914734198
0.8751486601375092
0.8751480510413054
0.8751472105218414
0.8751462623900408
0.875146679806048
0.87514760286212
0.8751496950153244
0.8751500058980916
0.8751502554776418
0.8751533052571574
0.8751555825436691
0.8751556767695492
0.8751569247616464
0.8751575671498897
0.8751564244233696
0.8751565626633807
0.8751579512314339
0.8751589916136647
0.8751591454561186
0.8751593326890016
0.8751600338867628
0.8751597192944663
0.8751595289439296
0.8751567056249067
0.8751554064543801
0.8751534316549515
0.8751517926403769
0.8751494814442309
0.8751476129008849
0.8751463749359892
0.8751447927496573
0.8751442519254149
0.8751437444442618
0.8751413969628873
0.8751396301645816
0.875139591981198
0.875139258228755
0.8751386367065769
0.875138879472965
0.8751390856776813
0.8751399080753135
0.8751406694712122
0.8751397171091343
0.8751386999821618
0.8751383311976788
0.87513690424135
0.875135533069171
0.8751342546438222
0.8751334149750926
0.8751338140823196
0.8751343897471119
0.8751346018779924
0.875133636738165
0.8751332402449521
0.8751340125776513
0.8751354409868897
0.8751377050506716
0.8751395833756678
0.8751415259928211
0.8751433327430683
0.8751429272369246
0.875142184834529
0.8751428248695371
0.8751436357231233
0.8751448508826538
0.875146241564161
0.875148952322071
0.8751514396653801
0.8751514098117262
0.875151141553352
0.8751515580446054
0.8751509659896192
0.8751512333435784
0.8751512809623556
0.8751513125377084
0.8751512917043107
0.8751525944061151
0.8751539567846848
0.8751545519843806
0.8751553040369447
0.8751570895776623
0.8751576385185695
0.8751581103479334
0.875158131728266
0.8751566385061094
0.875156264038311
0.8751549021184353
0.8751544375848103
0.8751540359528641
0.8751523350257938
0.8751519169570989
0.8751522251423489
0.8751518887181396
0.8751519260298064
0.8751511458555175
0.8751506055868176
0.8751506446886488
0.8751500719686874
0.8751476226472273
0.875146052148919
0.8751445396726334
0.8751436940423948
0.8751430968596655
0.8751424038267251
0.8751394919599956
0.8751371217296148
0.875136808768399
0.8751379863448611
0.8751394049129084
0.8751399225304795
0.8751403716758581
0.8751416009119922
0.8751429058597202
0.8751440079280102
0.8751438032335523
0.8751436588756442
0.8751435908886591
0.875144787409662
0.875145464969386
0.875145567658878
0.875146304665281
0.8751469780163252
0.8751478063043822
0.8751480413019108
0.8751476217269876
0.8751482265461442
0.8751489166852404
0.8751491326752406
0.8751491018214301
0.875148539724296
0.8751476263208214
0.875147795492042
0.8751487754176605
0.8751497019125406
0.8751508093456163
0.8751509890903113
0.8751517763466942
0.8751518169567003
0.8751504805295073
0.8751501358529198
0.8751494765140012
0.8751478071015936
0.8751469295611993
0.8751456945032676
0.8751434440033566
0.8751409596289697
0.8751380638452854
0.875134455873337
0.8751311631051213
0.8751290208719185
0.8751278913322408
0.8751282418785356
0.8751272692307198
0.875125502631757
0.875123223598989
0.8751207748293371
0.8751194022739744
0.8751195689341115
0.8751197559506493
0.8751193335197869
0.8751180462460516
0.8751158939870709
0.8751151511510807
0.875116039515228
0.8751166656793363
0.8751155261512973
0.8751155943476187
0.8751157628536337
0.8751165970472544
0.8751184686807749
0.8751196166363898
0.8751217899693776
0.8751232773638329
0.8751237240954667
0.8751231873693793
0.8751220025612945
0.8751222573085564
0.8751228418290807
0.8751214109152731
0.875120554704895
0.875119161546616
0.8751190061099895
0.8751207805075575
0.8751214330972488
0.8751215694703274
0.8751223433443646
0.875123010879606
0.8751236448420032
0.8751239990718862
0.8751220554203345
0.8751202977538004
0.8751190571132762
0.8751175047490662
0.8751168571005358
0.8751172230875424
0.8751167540733176
0.8751170930372947
0.8751166439785705
0.8751165723865665
0.8751162110333507
0.8751155920399686
0.875114146067114
0.8751119133102985
0.8751084173287484
0.8751061579392333
0.875103732257949
0.8751018469706953
0.8750999947208127
0.8750989481473944
0.8750976082407237
0.875096031856719
0.8750966749762447
0.8750981562860708
0.8750989304357177
0.8750987949612085
0.875099940067379
0.8751003895883375
0.8751001919575385
0.8751002536372041
0.8750988487382155
0.8750967961000252
0.875096215485936
0.8750963264760093
0.8750938926213108
0.8750917638769874
0.8750888979604925
0.8750871753517399
0.875086325799674
0.8750844943688143
0.8750838814946094
0.8750846012343229
0.875085391898922
0.8750857218139068
0.8750846942578268
0.8750841029019591
0.8750822107018781
0.8750820740724825
0.8750830199842863
0.8750831624070272
0.8750844733745787
0.8750858848379746
0.8750875781123508
0.8750884939668732
0.8750904030754741
0.8750900032321719
0.8750895868021211
0.875088935696096
0.87508902592846
0.8750897607264394
0.8750916739419896
0.8750913539586599
0.8750915782976586
0.8750917048387892
0.8750930956109982
0.8750947143497401
0.8750944596583643
0.8750956678207141
0.8750962643569243
0.8750974665243256
0.8750994631859167
0.8751015510212701
0.8751030974026158
0.8751036188184389
0.8751034601573684
0.8751041651930442
0.8751053191675562
0.8751069770122124
0.8751067276275619
0.8751055546167867
0.8751050913975867
0.8751054985427297
0.8751066701685122
0.8751067636100498
0.8751062805550067
0.8751055415309433
0.8751055284634857
0.8751053301367258
0.875106506501968
0.8751076643265518
0.8751075300789293
0.8751064976195709
0.8751050572204144
0.8751049346681558
0.8751045638595294
0.8751026779243601
0.8751015247827266
0.8750999271480934
0.8750986551677586
0.8750965502157397
0.8750958120336098
0.8750959020113642
0.8750963987708797
0.8750960234964964
0.8750957759373538
0.8750945353381276
0.8750937350799458
0.8750926214671186
0.8750917972416054
0.8750909879372193
0.8750894777217033
0.8750875645749229
0.8750862531656279
0.8750843233156272
0.8750832352710525
0.8750818784163756
0.8750809333115047
0.8750793740764276
0.8750793383052502
0.8750791517461185
0.8750793356640004
0.8750782929789155
0.8750783968221566
0.8750785410756727
0.8750783689201987
0.8750790176933037
0.8750792937185703
0.8750796204678836
0.8750797892793339
0.8750802742205424
0.8750807823055149
0.8750801015968891
0.8750786079725856
0.8750756083340646
0.8750723211338503
0.8750705494771398
0.8750703972181751
0.8750707947628831
0.875070269321648
0.875068766402371
0.8750666732320073
0.8750663547451769
0.8750677842496093
0.875066980449625
0.8750669023327313
0.8750675822295567
0.875069240000986
0.8750702232650704
0.8750702405248963
0.8750696971130856
0.8750703187269314
0.8750703430561826
0.8750711708361455
0.8750728495499804
0.8750722840344369
0.8750720855723051
0.8750731496086229
0.8750733215666194
0.8750732733653648
0.8750733486014842
0.8750745682105193
0.875074872533469
0.8750756581524538
0.8750760617741703
0.8750749126195662
0.8750725530297967
0.8750709392579622
0.8750707765582789
0.8750697004093583
0.8750690918676912
0.8750703027750278
0.8750708155715538
0.8750711252906332
0.8750730778532537
0.8750754517557547
0.8750765626016461
0.8750788432605258
0.8750803279410238
0.8750817373576952
0.8750825533456545
0.8750842986919037
0.8750849807051921
0.8750843701346355
0.8750840476337012
0.8750834275909259
0.8750833249452787
0.8750838043064817
0.8750863035884058
0.8750886483453373
0.8750914561936
0.8750913290293283
0.8750910279525793
0.8750919208924065
0.8750908763567389
0.8750895792950293
0.8750893141272832
0.8750896821511631
0.8750907053605493
0.8750919564748408
0.8750914993942398
0.8750912076138446
0.8750918880345406
0.8750928073658616
0.8750922872931629
0.8750909058146948
0.8750890955767477
0.8750873961874657
0.8750860511600519
0.8750853545285066
0.8750841859054552
0.8750838106510015
0.8750838827246711
0.8750848890775679
0.8750868708241354
0.8750881733059184
0.8750891271861085
0.8750891006869159
0.875088981486433
0.8750890661105001
0.8750898935633983
0.8750902705890115
0.8750904925356765
0.8750898380446857
0.8750899899852473
0.8750901372811801
0.8750910448303771
0.8750912799016023
0.8750904311974861
0.8750893165148805
0.8750873700309136
0.8750861023569587
0.8750853098614946
0.8750864057682831
0.8750871677539018
0.8750874026845807
0.8750887786765976
0.8750914407723119
0.8750941898232011
0.8750972220737535
0.875099557441923
0.875100027983324
0.8751006334512398
0.8751027747218707
0.8751040788943519
0.8751052316308824
0.8751059042381207
0.8751075217860151
0.8751085550974249
0.8751086712371633
0.8751092554831922
0.875110949179747
0.8751109451497227
0.8751092533771685
0.875107119314452
0.875106562433813
0.8751060479454197
0.8751041283350524
0.8751022461608092
0.875100867255072
0.8750987570016076
0.8750978337519127
0.8750966965443793
0.8750955824530237
0.8750939059118696
0.8750918455197295
0.8750895036550429
0.8750876793301108
0.8750845313937439
0.8750833113721229
0.8750844948964045
0.8750851654580012
0.8750847305661231
0.8750844445914256
0.8750845053238242
0.8750849474244664
0.8750843751074506
0.8750831512421734
0.8750813632533424
0.8750818154844997
0.8750826820470784
0.8750834832751397
0.875085966462267
0.8750884976958753
0.8750915360936955
0.8750931737272931
0.8750930966040011
0.8750926748951444
0.8750914153343153
0.8750878209155616
0.8750855929940524
0.875084880397198
0.8750832215293758
0.8750808305925506
0.8750799207271315
0.8750800205764124
0.8750801558210549
0.8750812388738621
0.8750807598530141
0.8750807569386535
0.8750818274854079
0.8750832785900564
0.8750838754301902
0.8750841613043352
0.8750835325824968
0.8750833452668562
0.8750835698491382
0.8750834336785727
0.8750837196704145
0.8750859190642846
0.8750878603871759
0.875088713347125
0.8750886867101916
0.8750886379207642
0.875090137122436
0.8750915656832167
0.8750924603616821
0.8750933099452
0.875094839453132
0.8750958617540031
0.8750940549809715
0.8750911141783314
0.8750893655752255
0.8750872031763969
0.8750862565332915
0.8750856243569922
0.8750845526469051
0.875085153601925
0.8750860091625298
0.8750863398636761
0.8750871931089781
0.8750867293855582
0.8750841769718517
0.8750837713127126
0.8750853738814697
0.8750866943180232
0.8750872612767867
0.875087846793648
0.8750873111381122
0.8750884702872846
0.8750902331976511
0.8750908523970437
0.8750904312040231
0.8750902437050359
0.8750908498406235
0.875090193462528
0.8750901091352423
0.87509067657305
0.8750918427289173
0.875091515425078
0.8750900784822122
0.8750887300569886
0.8750862800672025
0.8750858332711569
0.875086413040915
0.8750859429779934
0.8750852176377275
0.8750851985497762
0.8750844764408763
0.8750830589459492
0.8750830642682498
0.8750823460224015
0.8750822710105414
0.8750830882142631
0.8750836461144575
0.8750830444542785
0.8750806720801129
0.8750789940983118
0.8750779571448076
0.8750769326614675
0.8750766043035165
0.875074491642091
0.875071767601122
0.8750711421010414
0.8750715682776206
0.8750716267751694
0.8750722523054159
0.8750738700149203
0.875074977119552
0.8750762473830507
0.8750762652183199
0.875075864937566
0.8750749209063547
0.87507486029548
0.8750740947857819
0.875072605117102
0.8750717267201789
0.8750706514917699
0.8750698681934155
0.875069339729101
0.875067164577483
0.8750656193898165
0.8750653983125016
0.8750634814589477
0.87506167239119
0.8750602758131629
0.8750596720639962
0.8750601994766851
0.8750603820816788
0.8750603662154933
0.8750593828189575
0.8750579779180978
0.8750548913999543
0.8750534891242753
0.8750533172543217
0.8750518808297645
0.8750514293616048
0.8750515684583257
0.8750524763916238
0.8750535825458732
0.8750539764722676
0.8750529298893172
0.8750536791678558
0.8750545218653408
0.8750531160764909
0.8750522818383427
0.875053039422016
0.8750536026844385
0.8750523534827451
0.8750513831673263
0.8750513779048303
0.8750513689278474
0.875051573452546
0.8750512758192783
0.8750508306815008
0.8750510796865566
0.8750518002966166
0.8750534422843168
0.8750543024884903
0.8750549053347065
0.875054655081663
0.875054315207881
0.875054792223446
0.8750555066128775
0.875056926587497
0.8750574302746041
0.8750584020421249
0.8750602713801149
0.875062289541141
0.8750636714908396
0.8750635531471757
