0.4191906013526084
0.4552387326378917
0.4672308169822549
0.48395181176256813
0.4842878091980965
0.4869806060362747
0.4891382096883806
0.49356792696088353
0.4977737448794126
0.5034212558360627
0.5089828527153896
0.5137324188818315
0.5214590556831211
0.5282449328608617
0.5356785078296474
0.5407102317916248
0.5460324769714495
0.5499005068751284
0.5535944494593406
0.5592782196905429
0.564614624879171
0.5703891410648182
0.5747660494576718
0.5788116266614065
0.5837248167755024
0.5874970436548534
0.5917784152068661
0.5974538890317168
0.6035442390995867
0.6099001522726596
0.6161616607253446
0.6214724790270701
0.6258830955172473
0.630619647501167
0.6347276449548883
0.6390450343328766
0.6436869185080861
0.6480003979318313
0.6525715621468096
0.656890929655074
0.6611474114575101
0.6643731156275517
0.6688447347787785
0.6732479407344365
0.6776765632158819
0.6819679614534807
0.6857422945712307
0.6893480135350426
0.693399400725459
0.6969703462303314
0.7010918458845004
0.7045938269505386
0.7080929468734581
0.7111800652846282
0.714162291481432
0.7170947158496526
0.719646397097735
0.7222424335790362
0.7250920268722485
0.7278783684697621
0.7307594247392701
0.7334826548020936
0.7361318309593444
0.7391658578408771
0.7420370309962484
0.7448477223171316
0.7476956213390283
0.750563095934222
0.7532727043351409
0.7553393120956402
0.7572590977366851
0.7591356736289706
0.7607979611802944
0.7625393802055747
0.7643612106498449
0.7660153435947893
0.7675311946946247
0.7689621771997385
0.7707491795619061
0.7723688401986807
0.7741042245088126
0.7760948834473543
0.7779340676479038
0.7796833015933355
0.7813732177069634
0.7830414547182178
0.7843135728787828
0.7855812504180687
0.7869549350140558
0.7885220148617317
0.7898814595851771
0.7909637852169377
0.7919104167830572
0.7927303246522321
0.793636401299483
0.7946049470482741
0.795394192249279
0.7963554181233732
0.7974013948225771
0.7982776213196018
0.7990843246861333
0.7999904689096737
0.8009620079612921
0.801836626655418
0.8027372550233235
0.8037303950622834
0.8045844359275636
0.8054452354747468
0.8064926783709179
0.807533674006146
0.8083012166321201
0.8088508073490789
0.8094242864602367
0.8102550268535837
0.8110537727432011
0.811817195662705
0.8126815875957367
0.8136010806466668
0.8143260159789133
0.8151451515552288
0.8158628627691061
0.8164151122012068
0.8169558305519292
0.8176295973171086
0.8182761316785757
0.8188025424247871
0.8193350878603114
0.819857229522265
0.8203490163109698
0.8208416326340793
0.8214217626107161
0.822058566424588
0.8226999904392742
0.8232406526168516
0.8236356662528191
0.824118227283399
0.8246069790474818
0.82507524401159
0.825551375417232
0.8259532014288637
0.8263808884590538
0.8267234588196009
0.8270580725036661
0.8274608380887776
0.8278309858572014
0.8281229729631059
0.8284197670207447
0.8287462695132104
0.8290640417670563
0.8294698488432687
0.8298730711796873
0.8301533500596888
0.8304255049312781
0.8307775328327688
0.831118228611382
0.8315048353333221
0.8319282925401289
0.832355195289927
0.8327111275574168
0.8330330625181948
0.8334235838077869
0.8337675527485371
0.8340161339933373
0.8341944991282618
0.834414348113605
0.834739410731592
0.8350684446457158
0.8353397011609837
0.8355974303911751
0.8358849693078263
0.8362741424688644
0.8366148263673506
0.8369002781624649
0.8371761132868509
0.8373818562532721
0.8375825234727091
0.8378484645865433
0.8380893304784824
0.8383301387721043
0.8385800232922391
0.8388440566256387
0.8390622864276881
0.8392827989416232
0.8395081266331013
0.8397512427955576
0.8399509700667045
0.8401035939532363
0.8402370254320569
0.8403971965509155
0.8406382726672442
0.840851214221208
0.8409966723235539
0.8411317271288207
0.8413063585747506
0.8414049830827358
0.8414818759168007
0.8416234146310725
0.8417618279919008
0.8419625319295779
0.8421657386842394
0.8423135701625579
0.8424538275225082
0.8426305124021783
0.8427746731027892
0.8429216141154551
0.8430547721294489
0.8431786817383922
0.8433639960063165
0.8435406257445047
0.8436757527296029
0.8438339255650319
0.8440209340600863
0.8441563644834178
0.8442072413334207
0.8442196010153685
0.8442751037300934
0.8443853079399785
0.8444838756759382
0.8446320446348656
0.8447851324658265
0.8448707848008195
0.8449199453254754
0.8450107853663095
0.8451270436943559
0.8452490015310519
0.8453171334695374
0.8453911176288683
0.8455049557409929
0.8456144464908082
0.845722633779625
0.8458589253876276
0.8460099336041866
0.8461303734279975
0.8462441754314706
0.8463369494452633
0.8463961435662497
0.8465006351963802
0.8466292035245911
0.8466985071746698
0.8467608279122386
0.8468092438164456
0.8468784061405147
0.8469990004892564
0.8471077379812065
0.8472272324599021
0.8473460109113098
0.8474565336845171
0.8475550623390893
0.8476261340814012
0.8476977617207869
0.8477954749123102
0.8478750591712623
0.8479443232090241
0.8480536546778829
0.8481464454707476
0.8482126896392846
0.8482805195896446
0.8483576962481494
0.8484388994215779
0.8485380776370933
0.8486485725634579
0.8487807644183812
0.8489110182174033
0.8489988166518462
0.849098168781795
0.8492113124546123
0.849296476524948
0.8493933877863367
0.8495071410122168
0.8495974938278165
0.849681938233156
0.8497224343121359
0.8497532885621568
0.8497852088304462
0.8498406969299277
0.8499106644232353
0.8499910125340672
0.8500495199733328
0.8500629218915143
0.850118180971927
0.8501766568824396
0.8502128370802338
0.8502489240294542
0.8502878666770277
0.8503211031621821
0.8503947727781067
0.850445557898188
0.8504912382834516
0.8505283353791159
0.8505849591442316
0.8506296731198472
0.8506908771227364
0.8507735897424786
0.8508715879617348
0.8509534808742553
0.85102995277773
0.8511118460652635
0.8511524312584908
0.8511681135021077
0.8511949775358691
0.8512349329361834
0.8512393943378128
0.8512467412651283
0.851287653871019
0.8513152746460584
0.8513079273610933
0.8513128467290485
0.851349868807412
0.8513857570086966
0.8514069138096722
0.8514071113061789
0.8514588828295104
0.8515227238206601
0.8515516211683852
0.8515981416880202
0.8516157044742111
0.8516437706161019
0.8516919506184938
0.8517430736027571
0.85178748366035
0.8518226322322305
0.851850492598592
0.8518931583362354
0.8518858706634914
0.8518960511038287
0.8519363184669743
0.8519510859068122
0.8519492468315503
0.8519858901109255
0.8520339587250204
0.8520517001156636
0.852070949370489
0.8521257407950256
0.8521543833484764
0.8521970636217292
0.8522618746533311
0.8523117669971239
0.8523502133396322
0.8524067356994084
0.8524659655021437
0.8525151123534648
0.8525567530913387
0.8525985623208017
0.8526061200575152
0.8526076734228799
0.8526251846133719
0.8526236804886366
0.8526137656806878
0.8526475439066202
0.8526820182554772
0.852730720268586
0.8527987971838129
0.8528300261796944
0.8528560473273522
0.8528569458624022
0.8528593684486885
0.8528855271231733
0.8528864359072659
0.8528644227333885
0.8528712154810163
0.8528797776063841
0.8528869915549362
0.8529207618580518
0.8529513601460001
0.8529713256489532
0.8529914839287908
0.8529959468413116
0.8529918220739834
0.8529846082027223
0.8529815311858011
0.8529644405573726
0.8529543495458878
0.8529634087698128
0.8529543028646107
0.8529264770517584
0.8529200123291267
0.8529442978823487
0.8529551114140239
0.8529623469986555
0.8529716565469878
0.8529786892440048
0.8530068735408141
0.8530507468420392
0.8530874537031179
0.8531165279337202
0.8531403160613629
0.8531581206179867
0.8531889896499598
0.8532144207388083
0.853229492054729
0.8532325955254346
0.8532525132521585
0.8532651907927045
0.8532983262706113
0.8533215696685298
0.8533581783318975
0.85338794411307
0.853402848314866
0.8534337933336642
0.853479395529102
0.8535114861372264
0.8535237286755348
0.8535053075661582
0.853507791863034
0.8535439845731279
0.8535527285403388
0.8535590528153778
0.8535656556140724
0.8535761434668608
0.8535825601720062
0.8535618795523844
0.8535349143698685
0.8535397063870823
0.8535488717737103
0.8535448919902312
0.8535542740155577
0.8535644477179727
0.8535757546741026
0.8536119358832909
0.8536458337367332
0.8536798691313421
0.8537163091055606
0.8537566700956871
0.8537708166097128
0.8537596679791386
0.853770142147385
0.8537962760468871
0.853822276087846
0.853831905884792
0.8538484950718251
0.8538873453394404
0.8539052425316905
0.8539057817541492
0.8539053400444337
0.8539098805483237
0.8539061950204184
0.8539030782262306
0.8539164186388924
0.8539323057641005
0.8539661786554015
0.8539900128369385
0.8539763016184362
0.8539702984543588
0.8539732563644004
0.8539676760978077
0.8539826486603191
0.8539897510963022
0.8540013838114349
0.8539993954546078
0.8540011729249817
0.8540254259637761
0.8540254217557458
0.8540249633053562
0.8540479031474355
0.8540662273972538
0.8540682093414609
0.854057970351022
0.8540417482489587
0.8540485856915947
0.854068666296183
0.8540842713080573
0.8540989121936163
0.8541174163441289
0.854141461202905
0.8541470356207116
0.8541640813060584
0.8541853047874229
0.8542115995850852
0.854235274108518
0.8542561312802645
0.8542703416789225
0.8542784788505144
0.8542816725856128
0.8542886923085302
0.8543028953195031
0.8543113509250037
0.8543191463673395
0.8543314506099231
0.8543489390832469
0.8543686936214838
0.8543771922694264
0.8543771084010898
0.854393569279933
0.8544251650445004
0.8544450698029616
0.8544596999908158
0.8544726447591116
0.8544784775746505
0.8544738806434802
0.8544720805845905
0.8544814260705629
0.8545022839471103
0.8545189260335575
0.8545281371734252
0.8545413697605521
0.8545521450454576
0.8545598488632813
0.8545698489517276
0.8545565340731442
0.8545541636953276
0.8545660149729443
0.8545786609888569
0.8545884010047501
0.8546027979945412
0.8546194298660015
0.854641742311654
0.8546628872109366
0.8546616324309809
0.8546640792114131
0.8546733955571121
0.8546725352749295
0.8546768126946531
0.8546732107696835
0.8546704177170218
0.854671869323483
0.8546772139386194
0.8546927912181003
0.8547067107284906
0.8547084361141251
0.8547032903118028
0.8547129005544938
0.8547124919009234
0.854717541210209
0.8547372591159669
0.8547523706116316
0.8547673837447939
0.8547730095206687
0.8547870902106568
0.8548012685591382
0.8548091932945384
0.8548211531362687
0.8548291696381596
0.854834030802814
0.8548349179393792
0.8548470566109287
0.8548527478800705
0.8548402010231626
0.8548314969229216
0.8548447502046536
0.8548545235079074
0.8548623936821262
0.8548866807018619
0.85490407812706
0.854898609776496
0.8548988560589644
0.8549056253773109
0.8549137658701355
0.8549231290829244
0.854921707662738
0.8549210909737682
0.8549287182591219
0.8549297445144766
0.8549200706645655
0.8549078571704959
0.8549083398268893
0.8549143233251693
0.8549296604101576
0.8549484134159582
0.8549595716930781
0.8549617237543032
0.8549538119406208
0.854952664186935
0.8549429312341351
0.8549201716602604
0.8548955982478946
0.8548852204072144
0.8549026196828733
0.8549073721161343
0.8549055032237938
0.8548955860558096
0.8548814666083832
0.8548979513589401
0.8549292474549935
0.8549520341706522
0.8549694577335011
0.854990159199675
0.855008896676683
0.8550119577865551
0.8550187056686872
0.8550300720166195
0.8550347371134086
0.8550451171879901
0.8550553299935217
0.8550460264136995
0.8550435453261706
0.8550530683550149
0.8550539414477201
0.8550630575567075
0.8550820286530766
0.8550988337962062
0.8551064803303764
0.855122420066684
0.8551281873324208
0.8551253672165084
0.8551164449072016
0.8551133934287026
0.8551318045405755
0.8551425261503292
0.8551322682595103
0.8551290515655574
0.8551331515191272
0.85513985413373
0.8551488384459341
0.8551377014874536
0.8551332849025525
0.8551343274301862
0.8551348485651753
0.8551420434140267
0.8551485488271845
0.8551723332737822
0.855204971793571
0.8552222187646408
0.8552580615208122
0.8552865313136888
0.855285869732431
0.8552819695472983
0.8552901988161642
0.8552943933975752
0.8552965304156935
0.8553033361421262
0.8553096168031127
0.8553222952116069
0.855340264199048
0.8553388843414216
0.855343056755179
0.8553497283600376
0.8553508885813377
0.8553554361223508
0.8553569565358777
0.8553677527777838
0.8554003897217539
0.855421761950769
0.8554270766056645
0.8554274515172262
0.8554313620033189
0.8554374784136487
0.8554548412660461
0.8554668973030223
0.8554594273025523
0.8554667193344838
0.8554671097508902
0.8554636644349305
0.8554714482511366
0.8554834178466034
0.8554922821123186
0.8555097790289229
0.8555271950776848
0.8555360708877434
0.8555463521731722
0.8555422553757144
0.85553178167227
0.8555239260641422
0.8555262025803256
0.855520168113167
0.8555127207534174
0.8555220510001653
0.8555357524796867
0.8555460328782
0.8555610496151668
0.8555908836779139
0.8556170380610504
0.8556353234635364
0.8556308127003621
0.855638498689756
0.8556588975632212
0.8556716641271687
0.855681639516245
0.8556896412051647
0.8556824360958889
0.8556851782247628
0.8556969719588767
0.8556973664104277
0.855698185096068
0.8556913185618249
0.8556859292961866
0.8557035813582481
0.8557040824449568
0.8557090993782704
0.8557428493733472
0.8557690601517833
0.8557867602705519
0.8558012384165072
0.8558225661718131
0.8558359735994083
0.8558365470905315
0.8558359726247775
0.855835772132101
0.8558427370564762
0.8558482549178301
0.8558519271768141
0.8558500609793465
0.8558604117202775
0.8558898255225696
0.8559073935986068
0.855915941909211
0.8559228382557719
0.8559355092765017
0.8559428004243281
0.855945490904611
0.855944921528821
0.855936620875215
0.8559351590107146
0.8559375193613209
0.8559317986124982
0.8559230538035661
0.8559246934151107
0.8559290964673235
0.855931224381187
0.8559347134233082
0.8559343438951255
0.8559323439746581
0.855943483139748
0.8559589302525181
0.8559692118844628
0.8559761783627795
0.8559977810615014
0.856016385385491
0.8560180583190803
0.8560229943586447
0.8560236781219528
0.856033932520862
0.8560500480567186
0.8560526631694452
0.8560551489331844
0.8560659080814204
0.8560705285565547
0.8560690860814777
0.856067868325273
0.8560664002479591
0.8560643356994523
0.8560603989972068
0.8560619707751247
0.856071123123071
0.8560738241283877
0.8560719178304572
0.8560671986277321
0.8560642644212327
0.8560537847472469
0.8560324948748005
0.8560184156033345
0.8560169939005999
0.8560211535272522
0.8560351179946388
0.8560501227162304
0.8560669291154022
0.8560866980125439
0.8560925031193417
0.8560871808247061
0.8560869639081833
0.8560824126259187
0.8560780322455092
0.8560931623426248
0.8561104443259493
0.8561276724796292
0.8561360659049781
0.8561356557101268
0.8561344128469369
0.8561354083100675
0.8561350165672408
0.856143084292465
0.856158322332488
0.8561705941706155
0.8561750063840107
0.8561812838615533
0.8561900010763864
0.8561918194460196
0.8561925058438989
0.8561973385432189
0.8561993036320502
0.8561899223194334
0.8561866896629223
0.8561894139342522
0.8561928841805259
0.856203999603623
0.8562133026189912
0.8562244378144477
0.8562329289359979
0.8562390361936407
0.8562400229445603
0.8562405681540007
0.8562551562659441
0.8562744708274892
0.8562964212486355
0.856317155110806
0.856328823274444
0.8563307209344446
0.8563285021731353
0.856328352338837
0.8563257700735089
0.8563191581446321
0.8563173506596826
0.8563229596925193
0.8563290339567584
0.8563244866382953
0.8563140419506831
0.8563011481893955
0.856298555912511
0.8563122264496229
0.8563293953406056
0.8563392007272478
0.8563412543303377
0.8563376504302804
0.8563437365968888
0.8563538808962089
0.8563674020339738
0.8563819403432004
0.8563998581734013
0.8564156787120275
0.8564240261933292
0.8564262959223798
0.8564387959679968
0.8564562876933953
0.8564667669740414
0.8564706810494769
0.8564775315863529
0.856489046871093
0.856492725395566
0.8564834551458618
0.8564733149277166
0.8564713415517823
0.8564706824678613
0.8564684417430094
0.8564663893616561
0.8564710532451107
0.8564827874750625
0.8564874933567955
0.8565014037157891
0.8565145647944147
0.856528302739646
0.8565413422056921
0.8565523916456541
0.8565684630881819
0.8565857054580692
0.8565934850669648
0.8566024371773869
0.8566164421840845
0.8566234914084535
0.8566282644514932
0.8566273234247082
0.8566273929608498
0.8566249140674147
0.8566248276939517
0.8566285812503779
0.8566267338560448
0.8566282563821739
0.8566321961941695
0.85663743598782
0.8566379113812144
0.8566380520795279
0.8566419314334799
0.8566467041700656
0.8566599977611943
0.8566714412831983
0.8566793032948482
0.8566844870742932
0.856684596280245
0.8566884196417952
0.8566921378869384
0.8566938462170623
0.8566965710358218
0.8566976228122729
0.8566997904800608
0.8567111940094569
0.8567288419543017
0.8567443674723108
0.8567564149163498
0.8567676692910294
0.8567825930901705
0.8567960125268588
0.8567925167114729
0.8567748181070093
0.8567700999415572
0.8567698803172958
0.856759985276729
0.8567608160028621
0.8567650389642637
0.8567695678632583
0.8567815154416418
0.8567888346847425
0.8567897680484745
0.856786691588014
0.8567892172858353
0.8567869648307674
0.8567844491696683
0.856778299127349
0.856776600001757
0.8567817363615853
0.8567804155200387
0.856781233668064
0.8567891568753137
0.8567975514597127
0.8568036125199759
0.856805485816725
0.8568020825504606
0.8568051639457488
0.856805113817287
0.8567942735036483
0.8567851302252094
0.8567852377517412
0.856785234523273
0.8567932297629827
0.8568056661647458
0.8568102871717378
0.85681340514488
0.8568188263378208
0.85682820683264
0.8568327473475925
0.8568398998308854
0.8568462761341215
0.8568531420961052
0.856863155422689
0.8568716118887246
0.8568858295451016
0.8569008966705844
0.8569155335597549
0.8569234970338644
0.8569270543868303
0.8569267567045451
0.8569226816243919
0.85692682030487
0.8569408103012057
0.8569523762528801
0.8569606361348416
0.8569628057037231
0.8569679072984485
0.856973772973493
0.8569695767978337
0.8569694887388795
0.8569727208230259
0.856970880213989
0.8569768769931585
0.856978249329868
0.856973171630275
0.8569739760913957
0.8569827233794083
0.8569883624913798
0.8569905172814938
0.8569949312729032
0.8569999453096399
0.8570016365469209
0.8569993456947109
0.8569915413276619
0.8569863537480562
0.8569894376141993
0.8569906527082057
0.8569919708557395
0.8569930086119276
0.8569924852444247
0.8569987743230268
0.8570000216460465
0.8570034371435292
0.8570153212461331
0.8570219521936204
0.8570282468275672
0.8570367904415823
0.8570478962757236
0.8570563189928674
0.8570615286835467
0.8570650634766637
0.8570690158108907
0.85707587063136
0.8570774267788592
0.8570772301760718
0.8570780327413448
0.8570796164738521
0.8570812872285859
0.8570819543922428
0.857085967074359
0.8570888214873832
0.8570954414168218
0.8570919696366249
0.8570903696763041
0.8570986265602991
0.8570958237940236
0.8571018418450121
0.8571117055749847
0.8571184830356974
0.857116925628835
0.857116913540095
0.8571165608843119
0.8571083930966243
0.8571017806020753
0.8570946056442388
0.8570960942222037
0.8570936928629908
0.8570893118166659
0.8570775744090346
0.8570626540174954
0.8570549724049233
0.8570561977915678
0.8570519004925241
0.8570471604171839
0.8570528732449844
0.8570577324054269
0.857066847656172
0.8570774782647245
0.8570859432482474
0.8570865389001916
0.8570867663322164
0.8570878351584797
0.8570818500556197
0.8570698182785913
0.8570696295695671
0.8570729907388033
0.857062816656157
0.8570592844101227
0.8570622105045145
0.8570620099655952
0.8570626789982227
0.8570630708153694
0.8570604198443785
0.8570514349815777
0.8570416653218853
0.8570368512872716
0.8570382655398477
0.8570314435043286
0.8570299528077144
0.8570304207750021
0.857028741197958
0.8570219698811165
0.8570170599220377
0.8570157692617163
0.8570114254341759
0.8570058396007743
0.856990742667803
0.8569892445943901
0.8569970014648286
0.8570075463718098
0.8570105076705471
0.8570109912955168
0.8570160162194609
0.8570132775438616
0.8570074434681774
0.8570035855121171
0.8570046090447437
0.8570063865518853
0.8570081697887869
0.8569985932433861
0.8569921248738778
0.8569862638323256
0.856985899237865
0.8569840940242073
0.856979510164341
0.8569788004540544
0.8569864037195144
0.8569933038480633
0.8569992790494932
0.8570035991549485
0.8569996329265046
0.8569896268953797
0.8569864600973879
0.8569817836610848
0.8569832112207987
0.856988066093944
0.8569857569522285
0.8569820392799155
0.8569844774550381
0.8569934962806721
0.8569913492343462
0.8569858627808723
0.8569917094447944
0.8570035974516086
0.8570139589560791
0.857011229524854
0.8570113668085452
0.8570132517540706
0.8570161557666598
0.857021242217731
0.8570151527541079
0.8570128847671398
0.8570195245057568
0.8570243628306878
0.8570308401005092
0.8570394833235103
0.8570396729783093
0.8570321343872406
0.8570360218174844
0.8570452996321212
0.8570475496945188
0.8570524741930372
0.8570551852290408
0.8570547420794409
0.8570542893272998
0.857055359407994
0.8570593229459402
0.857060147370945
0.8570590005500974
0.8570556972321063
0.8570475569398739
0.8570438806236281
0.8570547983393887
0.8570699265150357
0.8570841651776041
0.8570916683519956
0.8570949763965506
0.8571002286687227
0.8571078647623449
0.8571126254067281
0.8571178991437366
0.8571271516786914
0.8571316376858105
0.8571340067273102
0.857131888208488
0.8571286185764154
0.8571334074432464
0.8571399583578259
0.8571399407969954
0.8571392564123177
0.857139395859116
0.8571389915808924
0.8571416705814497
0.8571398552027129
0.8571394960615198
0.857139064232597
0.8571429155281243
0.8571485094128466
0.8571476849164023
0.8571495265283962
0.8571534101779327
0.857158081413764
0.8571546269609999
0.8571456277820922
0.8571410039342608
0.8571373686651929
0.8571312542830485
0.8571262617711075
0.8571262539446001
0.8571293186174203
0.8571242135286814
0.8571158510376735
0.8571120194437751
0.8571175917120322
0.8571263620600031
0.8571288376490119
0.857126531329026
0.8571272088734169
0.8571326412404201
0.8571371870874167
0.8571411299719929
0.8571438433407749
0.8571405071679632
0.8571361143555696
0.8571382936073493
0.8571424431792631
0.8571479825103048
0.8571524130379866
0.8571555751344515
0.8571635373445802
0.8571697941195447
0.8571711879924571
0.8571715443151608
0.8571737717104202
0.8571771994413441
0.8571805521867019
0.8571821943054482
0.8571793965006702
0.8571785353874248
0.8571769563855578
0.8571750176229733
0.8571719791209592
0.8571683774731385
0.8571673213666853
0.8571706587669078
0.8571686052266575
0.8571674548599636
0.8571709964011143
0.8571654765461083
0.8571523364451754
0.8571435903971409
0.8571409759976482
0.8571427399902846
0.8571463069870116
0.8571466198770055
0.8571477421896423
0.8571497592764734
0.8571486267718142
0.8571389089279778
0.8571285229298228
0.8571244869425412
0.8571240784775244
0.8571254512106767
0.8571257643108691
0.8571240614094592
0.8571238843343092
0.8571295742279474
0.8571311156441062
0.8571329138035669
0.8571341147441753
0.8571317494441406
0.8571326602487078
0.8571337620718879
0.8571279460526716
0.8571253991661703
0.8571325582324272
0.8571380965464801
0.8571404623188787
0.8571389333118794
0.8571314409789274
0.8571255622968919
0.8571245515680368
0.8571263537702107
0.8571267989429959
0.8571235545986168
0.8571238075392356
0.8571238534746939
0.8571235330256509
0.8571265926982264
0.8571261533404236
0.8571284530839384
0.8571332828110549
0.8571346195241842
0.8571338721153657
0.8571321893746465
0.8571340397888845
0.8571378455129133
0.8571390857953486
0.8571409340341538
0.8571419664414603
0.8571444896192666
0.8571412217655769
0.857140244107968
0.8571414809616196
0.8571406140939393
0.8571446712318366
0.8571529278937441
0.8571584260853061
0.8571573409970495
0.8571640030262041
0.8571735178635821
0.8571781541310579
0.857184602248715
0.8571911887672488
0.8571967575639335
0.8572055630230359
0.8572111567887709
0.8572117733408193
0.8572053797474922
0.8572000474107128
0.8571997180779145
0.8572037832922084
0.8572049744135041
0.8572052297572413
0.8572099075249013
0.8572194447502937
0.8572262264179563
0.8572339826956411
0.857241098273677
0.857246939243947
0.8572498685285667
0.8572458300223104
0.8572387945068589
0.8572352806028044
0.8572310342731302
0.8572235669679383
0.8572162668937287
0.8572131928837954
0.8572132342286032
0.8572140070113506
0.8572128507478088
0.8572116138119447
0.857209099197414
0.8572100881401576
0.8572150173011431
0.8572192407515289
0.8572227218799648
0.8572272064232134
0.8572294064950412
0.8572294544585675
0.8572210225567161
0.8572116902974249
0.8572081181230108
0.8572073338278601
0.8572075120790179
0.8572061641796226
0.8572037176422865
0.8572034738744921
0.8571979527829885
0.8571964826577084
0.8571957826373924
0.8571982475320109
0.8572021420747908
0.8572041294033469
0.8572044565254903
0.8572032374895328
0.8572026597948568
0.8572026183534304
0.8572067845040329
0.8572105825264
0.8572166475500008
0.8572260771438065
0.8572337308535483
0.8572395915357364
0.8572507691406965
0.8572635143319755
0.8572728763944636
0.8572812603512752
0.8572919874424509
0.8572999039375947
0.8573058759444636
0.8573056247742059
0.8573057618380898
0.8573083094499565
0.8573086734000795
0.8573076016362438
0.8573030256180246
0.8573009688129125
0.8572992950608752
0.8572999649973689
0.8573016092476118
0.8573056191961412
0.857308070610462
0.857312392995162
0.8573133102434396
0.8573155282037029
0.8573203111375072
0.8573290392285753
0.857337528642681
0.8573459553640932
0.8573542321895148
0.8573691905845202
0.8573896310306651
0.8574069435606863
0.8574210577327891
0.8574313017617156
0.8574394083021335
0.8574466018249777
0.857448397167867
0.8574494075147436
0.8574546630687753
0.8574599974583254
0.8574610091172071
0.8574623414635085
0.8574627407956501
0.8574614387081615
0.8574603420105936
0.857458953037126
0.8574587380341815
0.8574597108566426
0.8574599409766135
0.8574622711285687
0.8574699226606832
0.8574761690850584
0.8574840451723443
0.8574936238501717
0.8575011645165758
0.8575074863110189
0.8575081672553665
0.8575123845216164
0.8575139737255391
0.857518633669341
0.8575238886468866
0.8575264680440637
0.8575277289321467
0.8575264704190738
0.8575270706149803
0.85752828892798
0.8575283894966278
0.8575261013754425
0.8575255692148144
0.8575301488068839
0.8575340260445309
0.8575410063671908
0.8575446345862645
0.8575464275711219
0.8575491688742269
0.8575537797407934
0.857556737764326
0.8575606907751326
0.857563230793541
0.8575618685611844
0.8575658333071765
0.8575719206999747
0.8575753870354925
0.8575799073074016
0.8575838580129375
0.8575883072778595
0.857598828433185
0.857610543208607
0.8576194211441022
0.8576279319261442
0.8576329702068418
0.8576408031231002
0.857653193317951
0.8576667626362294
0.8576767085839853
0.8576875709779088
0.8576980208620669
0.8577013489204053
0.8577044061547132
0.8577068204818288
0.8577074709764797
0.8577087144697306
0.8577087305719195
0.8577087550897956
0.8577050914530182
0.8576990853105605
0.8576949374034419
0.8576898710962055
0.8576887161961012
0.8576859415016846
0.8576849587550236
0.857687672003089
0.8576920328101078
0.8576988710844805
0.8577023143437521
0.8577005355265795
0.8577014918761277
0.8576985024143353
0.8576933633835672
0.8576904887272332
0.8576852554351144
0.8576784378108357
0.8576768049591614
0.8576769229067985
0.8576784381378462
0.8576759631622838
0.8576724838962239
0.8576682900510744
0.8576673448486686
0.8576645581245717
0.8576653570756623
0.8576707615045038
0.8576706920155096
0.8576679302152367
0.8576666726444883
0.8576672151965807
0.8576681395258021
0.8576630067821019
0.8576555411890565
0.8576496503703458
0.8576417956498947
0.8576331687896498
0.8576294116804516
0.8576279634084826
0.8576266856825395
0.8576280445451718
0.8576257642220214
0.8576213627863253
0.8576165967568331
0.8576154700671283
0.857617319069577
0.8576202168647306
0.8576194508325665
0.8576213573156596
0.85762695634396
0.8576315031513249
0.8576339606952955
0.8576386406908545
0.8576420276692458
0.8576449434582063
0.857651941646033
0.8576611313168687
0.8576685164890642
0.8576734380781459
0.8576720973764335
0.8576698929327037
0.857671366292324
0.8576785920893798
0.8576895507807337
0.8577010484306444
0.8577055575449168
0.8577030705298321
0.8577031083940685
0.8577062604395019
0.8577055432773706
0.8577066437103409
0.8577065217590119
0.8577064441554588
0.8577054474300604
0.8577031422380691
0.8577019054945849
0.8577036633500228
0.8577102675057157
0.8577175295327837
0.857721939812754
0.8577222839613108
0.8577160575215133
0.8577084405552992
0.8577039305799284
0.8577048399390255
0.8577049198481141
0.8577082606472632
0.8577117721001852
0.8577151258133532
0.8577175687681841
0.8577189181237501
0.857728186207465
0.8577308129115242
0.8577352820248079
0.8577439084554368
0.8577480670631719
0.8577442379719658
0.8577452473806624
0.8577525175925914
0.857757187652259
0.8577635010366937
0.8577677737158456
0.8577652688485875
0.8577649746229683
0.8577658567981716
0.8577708880927182
0.8577743718435222
0.8577768761294511
0.8577821355650542
0.8577885185630612
0.8577865317441227
0.8577805966300717
0.8577831849252594
0.8577828936251015
0.8577842802364299
0.8577862122192362
0.8577937283953199
0.8577973688020215
0.8577986661504835
0.8577994491037897
0.8578003915513339
0.8578038826412672
0.8578090609620531
0.8578159632809932
0.8578141673560166
0.8578134651182687
0.8578161622672175
0.857822213528194
0.8578295940315374
0.8578389887209011
0.857839013364243
0.8578440721388562
0.8578486803732764
0.8578516190829302
0.8578473505307518
0.8578402996390893
0.8578391855314769
0.8578385993382112
0.8578432552540703
0.8578440470443962
0.8578411270675392
0.8578438586520017
0.8578473378216996
0.8578469053202044
0.857845928023206
0.8578445081097519
0.8578398165934237
0.8578361267309723
0.8578350553631506
0.8578374929604724
0.8578361045857114
0.8578320478559863
0.857836395843521
0.857838293369786
0.8578363916646419
0.8578388906192446
0.8578421904978876
0.8578428288358345
0.8578427483053236
0.8578435893124388
0.8578398621485896
0.8578305101428574
0.8578239128655881
0.8578211526217286
0.8578210464248875
0.8578213007726054
0.8578212256241642
0.8578183413296618
0.8578153240273045
0.8578116841943277
0.8578053990731688
0.8578014899892762
0.8578028483667408
0.8578049992051481
0.8578077402471882
0.8578070228170515
0.8578049351497912
0.857797545682523
0.8577880095079066
0.8577795584309083
0.857776691598454
0.8577730516679207
0.8577756749095794
0.8577799185158042
0.8577828086112411
0.8577841473104328
0.8577843863718969
0.8577805718756376
0.8577807185072461
0.8577790938429306
0.8577737122851584
0.8577716771065726
0.8577670444481029
0.8577620497601754
0.8577609104704824
0.8577625479119619
0.8577607514397346
0.8577549942512753
0.857748695925116
0.8577443897049492
0.8577424712995684
0.8577370022216817
0.8577322029495091
0.8577375407114607
0.8577401505083704
0.8577373149247406
0.8577380384197969
0.8577388980225039
0.8577398483707667
0.8577388665250486
0.8577390523912682
0.8577393489909543
0.8577349077280002
0.8577298750242435
0.8577259575833962
0.8577179002774151
0.8577141846711689
0.8577130128856663
0.8577079653601745
0.8577020086230321
0.8577004851539578
0.8576992237949839
0.8576997301929192
0.8576998282054423
0.8577049890720169
0.8577072529582845
0.8577083175298879
0.8577085310853847
0.8577099316097725
0.8577095117895075
0.8577083873100688
0.8577048920002083
0.8577027981002935
0.8576986951665762
0.8576971954617748
0.8576982951896118
0.8576958230680894
0.8576903483662364
0.8576816811695742
0.8576770790243141
0.8576753310703504
0.8576698021727599
0.8576646831689343
0.8576658551940762
0.857668826746892
0.8576698272563755
0.8576715863403925
0.8576736446473253
0.8576745195057768
0.8576712398877657
0.8576679765861199
0.8576710002133906
0.8576668143156625
0.8576623948188264
0.8576630032927269
0.8576672124062873
0.8576686630840864
0.8576726044740064
0.8576727408768375
0.857673968957568
0.8576760127018928
0.8576749980639526
0.857669475049309
0.8576661758711648
0.8576644463477042
0.8576629512228655
0.8576625289427814
0.857667208354565
0.8576719225313589
0.857673830723548
0.8576775751174783
0.8576767112705125
0.8576733943778163
0.8576726510921212
0.8576767668431883
0.8576761391807151
0.8576740659592306
0.8576715186727957
0.8576745264476422
0.8576786058003583
0.8576838973623222
0.8576896783817191
0.8576895142850163
0.8576829908825578
0.8576818925725106
0.8576800974737909
0.8576797008689484
0.8576796045913676
0.8576833414428108
0.8576898063411894
0.8576920306991276
0.8576963806813913
0.8577007818891095
0.8577023162181717
0.8577012229748776
0.8577038630016377
0.8577058008335033
0.8577074780524004
0.8577070540348732
0.8577059141260477
0.8577102611757887
0.8577128200565399
0.8577125145780304
0.8577086005282945
0.8577076558679708
0.8577101730520509
0.8577132807708575
0.8577101525557497
0.857709335212847
0.8577125495522406
0.8577125469300397
0.8577134570776361
0.8577158693037458
0.8577175666132412
0.8577216071377719
0.8577251278207828
0.8577273134409683
0.8577252904917323
0.8577275927428554
0.8577339797829299
0.8577436095376875
0.8577490724162284
0.8577530232984076
0.857759339512317
0.8577641992271025
0.8577639616062086
0.8577639405893385
0.857763840447178
0.8577651659061635
0.8577673278870727
0.8577726307459025
0.8577788049469793
0.8577804274338453
0.8577808708564485
0.8577820223168897
0.8577808791467006
0.8577810645846392
0.8577799975556286
0.8577752359700979
0.8577744261180726
0.8577724195323919
0.8577701922757068
0.8577702477413619
0.8577682605818185
0.8577677712440293
0.8577700886679465
0.8577708484993644
0.8577709564159858
0.8577688194873774
0.857770683368809
0.8577744953823624
0.8577775640982471
0.8577827796907666
0.8577858911583451
0.8577863132729711
0.8577872989773223
0.8577887781390472
0.8577890766804562
0.8577844639323292
0.857781596159091
0.8577818051225414
0.8577829223995777
0.8577804643112837
0.8577785078621113
0.857775178678718
0.8577754930037912
0.8577760710867249
0.8577795956854178
0.8577824103859314
0.8577836535133113
0.8577865261047931
0.8577885875436109
0.8577891626108318
0.8577921997327176
0.8577950766122491
0.8577961029625436
0.8577968442379112
0.8577962165804331
0.8577960857880622
0.8577912491838282
0.857788384928288
0.8577851132726484
0.8577815889272415
0.857777195962054
0.8577717021445701
0.8577680382393598
0.8577646515711185
0.8577611030870664
0.8577627042870724
0.8577664097907032
0.8577653458901192
0.8577654505963948
0.8577661193816319
0.8577635409158376
0.8577627758898064
0.8577628952910311
0.8577644988768766
0.8577652054275021
0.8577664805536112
0.857768764716146
0.8577714959071032
0.8577744998291934
0.8577783611277707
0.857780500305696
0.8577818298279727
0.8577814733008662
0.8577802020356666
0.8577809507799399
0.8577835820480622
0.8577855743110782
0.8577845783400145
0.8577833196075934
0.8577801158512138
0.8577783046424833
0.8577786213189335
0.8577838819619303
0.8577850863497982
0.8577866921131474
0.8577861774846705
0.857788001383536
0.8577859770130323
0.8577854347237597
0.8577866056684145
0.8577898841264626
0.8577970277350869
0.8578036655058277
0.8578053665218697
0.8578052598025924
0.8578049745960028
0.8578048454720589
0.8578028676705601
0.8577996139699816
0.8577982912068964
0.8577976120054096
0.8577991436473608
0.8578010558030343
0.8578056601943521
0.8578076312458571
0.8578090464073649
0.8578102551238503
0.8578118203456336
0.8578122331186503
0.8578118607439308
0.857809740277096
0.8578128672691289
0.8578166688578952
0.8578190741857833
0.8578202141148211
0.8578203136029433
0.8578238812321387
0.8578267912694041
0.8578282999862797
0.8578285870295002
0.8578277465954596
0.8578264021725646
0.8578273550382658
0.857828429030754
0.8578280716053712
0.8578316235908799
0.857833845733163
0.8578348293198862
0.857834831954153
0.8578326589620301
0.8578266430097299
0.8578226743969639
0.8578212120212091
0.8578198596574476
0.8578193350928387
0.857821477244633
0.8578227749109014
0.857823561468393
0.8578253379145864
0.8578297752055619
0.8578341496142514
0.8578378016074202
0.8578412263279068
0.8578452386049761
0.8578517237685765
0.8578549156660547
0.8578529747420771
0.8578513950697737
0.8578465218355883
0.8578450391621482
0.8578490468690999
0.8578500227007599
0.8578515859839967
0.857853247340848
0.8578560561720975
0.8578581894131028
0.8578582362769113
0.857857173321688
0.8578577699440639
0.857858724843938
0.8578600992402313
0.8578619761997917
0.8578586782070756
0.8578551393450826
0.8578492054461169
0.8578425111358283
0.8578414689503445
0.8578407656954293
0.8578434328135123
0.8578453921732242
0.8578447031274566
0.8578444319747504
0.8578422992876135
0.8578391858861815
0.8578374308874294
0.8578344562847476
0.8578303267337971
0.8578310313919242
0.8578325863712633
0.8578302507506363
0.8578315331712922
0.8578354986741713
0.8578392182518056
0.857840879573037
0.8578386746806235
0.8578349658710166
0.8578313650755738
0.857829212445542
0.8578301341524244
0.8578313132681
0.8578336203022968
0.8578376509480167
0.857838780692151
0.8578368382295176
0.8578339929034068
0.8578290017011446
0.8578277974157434
0.8578263576180161
0.8578279378487554
0.857827620066645
0.8578250270454139
0.8578250222958758
0.8578209659034307
0.8578169153178072
0.8578148442623026
0.8578154483417672
0.8578157500157338
0.8578195225798111
0.8578269099198332
0.857834180785332
0.8578381391975461
0.8578425873903615
0.8578483085454134
0.8578527692149792
0.8578548422854128
0.8578568122132846
0.8578601215576273
0.8578619486822682
0.8578628257937922
0.8578657404675024
0.8578688415402764
0.8578742169184074
0.8578782444462193
0.8578807811428244
0.8578827330709204
0.8578860583356022
0.8578874582595963
0.8578933474322504
0.8579006785367822
0.857905591245159
0.8579094366799794
0.8579126870103874
0.8579163438958646
0.8579194629602551
0.8579243343021467
0.8579252451302395
0.8579265560264522
0.8579296189641074
0.8579304488441176
0.8579306041511464
0.8579316219159399
0.8579303579883099
0.8579308924540303
0.8579329354501769
0.8579359028452864
0.857939969288108
0.857943472497908
0.857945930333805
0.857947428741737
0.8579471726654119
0.8579439139742691
0.8579393321296379
0.8579366490680799
0.8579352799131862
0.8579339542934256
0.8579360740299511
0.857937474725608
0.8579385594814292
0.857942015603675
0.8579447388894306
0.8579454818703771
0.8579457680207436
0.8579454316798312
0.857942065215177
0.8579376937092089
0.8579337210080112
0.8579302582860888
0.857929564674751
0.857926210979734
0.8579253941865344
0.8579261290457478
0.8579273024798367
0.857924960184724
0.8579200017736377
0.8579179487502474
0.8579182889613065
0.8579192726862525
0.8579195201195645
0.8579226195535272
0.8579287745657243
0.857931645467501
0.857930386904733
0.8579300231194055
0.8579259026793625
0.857921534447694
0.8579144808228362
0.8579090973242383
0.8579044557871401
0.857900813353283
0.8578991732984382
0.8579001054883972
0.8579005639095926
0.8579034005099323
0.8579081796755903
0.8579140342381665
0.8579201085123146
0.8579256847739357
0.8579327468033621
0.857938099716785
0.857946264440276
0.8579522307032043
0.8579524588172992
0.8579503011956441
0.8579515770439503
0.8579516590229539
0.8579509748874639
0.8579497810377903
0.8579455465669729
0.8579422487585181
0.8579421883366081
0.8579421645664399
0.8579419260173632
0.8579386666629789
0.8579360777415013
0.8579366066918038
0.8579366959807992
0.857938869095778
0.8579427989519682
0.857946468023686
0.8579469463272135
0.8579512188110155
0.8579559902227447
0.8579544552089116
0.8579501678451997
0.8579477258350721
0.8579485052383541
0.8579502210009552
0.8579494719751994
0.8579466735514214
0.8579450639444666
0.8579434548112078
0.8579426225341188
0.8579429076606747
0.8579454822343541
0.857948149878099
0.8579463814972348
0.8579454546201101
0.857944674220336
0.8579410223604522
0.8579391321967286
0.8579427711860755
0.857946036866154
0.8579458061414307
0.8579454735845082
0.857946448887916
0.8579477527510087
0.8579464001643041
0.857946715333895
0.8579488441989287
0.8579439924736489
0.8579395848932896
0.8579392180978955
0.8579414801584558
0.8579447354237175
0.8579439169155645
0.8579440185140564
0.8579432348398986
0.8579404099907413
0.8579383707068889
0.8579358791723729
0.857935816186561
0.8579330268186178
0.8579298024483323
0.857928723400061
0.8579292050532789
0.8579269857296045
0.8579271068873336
0.8579254113652157
0.8579232336659675
0.8579218395799175
0.8579206259660874
0.8579213848206148
0.8579241709674031
0.857928404394842
0.8579330056647083
0.8579399562781909
0.8579459779859532
0.8579469637808244
0.8579464622946912
0.8579450721930316
0.8579412867328955
0.8579345123170323
0.857934252888506
0.8579349402160742
0.8579344769016222
0.8579335117841674
0.8579326847969045
0.8579306483431138
0.857929872035309
0.8579317775322808
0.857934949345005
0.8579356508669765
0.8579314326772439
0.8579284053706252
0.8579240564736037
0.857920980637873
0.8579176851288323
0.8579136282169733
0.8579125483686649
0.8579107557707301
0.8579060162282767
0.8579030754867809
0.8579038946338727
0.8579051927279948
0.8579051963804226
0.857903000164471
0.8579044995055559
0.857905746215896
0.8579068888290318
0.85790984239992
0.8579130331298985
0.8579139284749525
0.85791221057234
0.8579070663613702
0.8579057349483378
0.8579057058633461
0.8579044671878603
0.857902071495588
0.8578990680037095
0.8578976169847501
0.8578955748278663
0.8578921611944923
0.8578915259977951
0.8578921416965578
0.8578945112373293
0.857894090030101
0.8578903427918605
0.8578868391677305
0.857887261264875
0.8578878803594523
0.8578837449810301
0.8578807757928033
0.8578800247019801
0.8578823052560861
0.857887852510357
0.8578897377914128
0.8578916550095649
0.8578937503349424
0.8578967997774879
0.8578986139601066
0.8578985303038182
0.8578992469959497
0.8578982956560265
0.857896596401585
0.8578941243007386
0.8578913133094981
0.8578889634937172
0.8578866938871786
0.8578860522598125
0.8578879708893902
0.8578884462202203
0.8578874077513273
0.8578845816151193
0.857881660475221
0.8578805234819258
0.857880098750625
0.8578782599488828
0.8578795202520407
0.8578834722228049
0.8578852020097113
0.8578883712759281
0.8578923749474833
0.8578969528784333
0.857899015241239
0.8579007276830187
0.8579032842670753
0.8579018526326787
0.857899770755023
0.8578989445046189
0.857897476802437
0.8578964610475974
0.8578938207511201
0.8578915637471926
0.8578938432246469
0.8578930168031722
0.8578891605203209
0.8578889008596106
0.8578938372500664
0.8578993564064905
0.8579018566052093
0.8579017589097911
0.8579033917442046
0.8579054899464744
0.8579097328127743
0.8579097655572454
0.8579053238631918
0.8579013122948504
0.8579005193729627
0.8579014770709044
0.8579048882558559
0.857909242913252
0.8579123341338417
0.8579154048628811
0.8579167686603083
0.8579165010509765
0.8579150762266191
0.8579129042321296
0.8579089611151076
0.8579047991463615
0.8579021587920769
0.8578991757513285
0.8578995601359418
0.8578994515877901
0.8578989366879746
0.8578989850664619
0.8579025817579544
0.8579072201197064
0.8579094934759526
0.8579119515219061
0.8579153682331222
0.8579180789851627
0.8579243755340537
0.857931289264812
0.8579316795093483
0.8579312062687936
0.8579308865376312
0.8579327280293119
0.8579306848422219
0.8579267897021964
0.8579282851965385
0.8579293587220415
0.8579275850029149
0.8579259825099564
0.857923973757861
0.8579214322847426
0.8579212191668948
0.8579240607804822
0.8579233219217056
0.857920417359652
0.8579194057281928
0.8579189176176732
0.8579192695429994
0.8579213030416049
0.8579225767233716
0.857923281529179
0.8579245561660476
0.857923795838376
0.8579245914815467
0.8579260802321167
0.8579278493817514
0.8579291180835078
0.8579273713149337
0.8579298919363477
0.8579341643444492
0.8579369045428088
0.85793768510202
0.8579373666442567
0.8579340975036405
0.8579306798530371
0.8579276884209909
0.8579256709390886
0.8579254717192305
0.8579279752367972
0.8579318899560839
0.857935969795628
0.8579397685067287
0.8579424407527593
0.8579440746213715
0.8579460865013706
0.8579462900607703
0.857942453050521
0.8579392442754064
0.8579396939079961
0.8579421127633896
0.857945002921224
0.8579470374192794
0.8579528645299048
0.8579570366415596
0.8579587846601432
0.8579603154684301
0.8579613322882056
0.8579621197661632
0.8579616389948439
0.8579588606029561
0.8579578236138202
0.8579579919662488
0.8579612310214425
0.8579660444761928
0.8579718310812553
0.8579768627291192
0.8579799702379522
0.8579810446898493
0.8579812510440725
0.8579792775341363
0.8579777839149695
0.8579769964610946
0.8579765909584794
0.8579761213236735
0.8579763509383107
0.8579792075106865
0.8579810956574249
0.8579788273868573
0.8579766014655782
0.8579801239451644
0.8579823050334535
0.8579829948077129
0.8579828592898533
0.857983728801483
0.8579822256153302
0.857980676474086
0.8579810575908484
0.8579803327993913
0.8579791635006634
0.8579763177979329
0.8579735921821362
0.8579755182055335
0.8579781401705032
0.8579821812827445
0.8579849848767857
0.8579853114918841
0.8579827642904103
0.8579759245900596
0.8579695578578013
0.857967361825317
0.8579676299269408
0.857965962717268
0.8579633783649667
0.8579614493894192
0.8579587699433812
0.85795854015741
0.85795972416483
0.8579629630222712
0.8579652276703348
0.8579690735587737
0.857970401777468
0.8579702535866827
0.8579723663029218
0.8579783330000476
0.8579812366069843
0.8579861897955631
0.8579917513406133
0.8579957531683156
0.8580009284259749
0.8580062299077545
0.8580095574780632
0.8580106200647704
0.858007846449307
0.8580061452592359
0.8580045122547064
0.8580072027638287
0.8580099384039805
0.8580150601866579
0.8580167939679447
0.858018092488239
0.8580205331104719
0.85802094746996
0.8580226068834698
0.8580248663698645
0.8580261405324925
0.8580284810601312
0.8580303321027822
0.8580332977741569
0.8580354090154301
0.8580396628729032
0.858039785466768
0.858037204766045
0.8580357903960547
0.8580363277878302
0.858036888866561
0.8580379500676826
0.8580401270458153
0.8580428690415961
0.858045310764718
0.8580491931877722
0.8580540766081765
0.8580580733359442
0.8580584046153686
0.8580556881974782
0.8580560678525697
0.8580558333968037
0.8580549097750504
0.8580543296514724
0.8580492389915969
0.8580485463566143
0.8580499003143256
0.8580528910838432
0.8580582244641364
0.8580618825028511
0.8580647683171928
0.8580670074523203
0.858070746201938
0.858074530421503
0.8580737150828405
0.858075200717845
0.85807775820774
0.8580809600288057
0.8580831695686811
0.8580857287767497
0.8580859774896709
0.8580852897076479
0.8580838825699061
0.8580854441555048
0.8580866795347212
0.8580890605013245
0.8580891429962276
0.8580870087968044
0.8580883312283417
0.8580925663623525
0.8580956811294027
0.8580980428272231
0.85809902717626
0.85810149275035
0.8581071164762116
0.8581123843011538
0.8581160447104264
0.8581209406947014
0.858122359514403
0.8581208055492037
0.8581192715031702
0.8581183165860656
0.8581187727928115
0.8581182281042331
0.8581169569033172
0.8581139798097102
0.8581141027662454
0.8581132215628626
0.8581108574919453
0.8581103244547752
0.8581114488248616
0.8581147060920924
0.8581174586492766
0.8581161398211554
0.8581165703445143
0.8581214877513288
0.8581261634347295
0.8581283288220889
0.8581302711888371
0.8581282710323954
0.858124812215097
0.8581210039496743
0.8581184984718085
0.8581169276512641
0.8581175543695131
0.8581182033214938
0.8581175776425827
0.858119173120824
0.8581213654581864
0.8581243894888947
0.8581251965949703
0.8581225681597112
0.8581196566295325
0.8581185592968787
0.8581174077033161
0.858115849742542
0.8581167792693042
0.8581185159662984
0.8581188366983533
0.8581189431727956
0.858119023931076
0.858121447140056
0.8581255817508302
0.8581289533181664
0.8581300667486139
0.8581297367839061
0.8581281296635305
0.8581272631310267
0.8581289646144847
0.8581320352074449
0.858136192213732
0.858140466618627
0.8581434804606644
0.8581454193152863
0.8581467783514292
0.8581463038565529
0.858145713087451
0.8581448304980799
0.85814371609449
0.8581410719195142
0.8581400704502476
0.8581381896256464
0.8581376775180592
0.8581370207765967
0.858135022084529
0.8581337330360217
0.858134066203131
0.8581340696428202
0.8581318159945444
0.8581285489625623
0.8581279974782196
0.858129265905653
0.8581288860072087
0.858126636839938
0.8581238691626646
0.8581188634204586
0.8581166765047638
0.8581187347560091
0.8581186814523263
0.8581173019173776
0.8581160798156614
0.858117313526352
0.8581183452516616
0.858115308403358
0.858113275296563
0.8581137656183483
0.858112530681652
0.858111654523148
0.8581114164584933
0.8581115535487854
0.8581090396804584
0.8581066388936545
0.8581060561057675
0.8581051781780132
0.8581018044630775
0.8580996547448206
0.8580983521480103
0.858099502995857
0.858102554011435
0.8581027244592678
0.8581012242620365
0.8580998616004546
0.8580989669101778
0.8580943159262872
0.85809025154097
0.8580860225638617
0.858083460670068
0.8580822824925618
0.8580804029707797
0.8580794912554035
0.8580791733755203
0.858078795095322
0.8580772023799393
0.8580779288923988
0.8580802586996785
0.8580801284571798
0.8580814901498056
0.8580829172019819
0.8580845008067033
0.8580877196968097
0.8580883676999487
0.8580918213526789
0.8580960294623097
0.8580979455716968
0.8580968452632383
0.8580967768468885
0.8580958837793451
0.8580957227908202
0.8580953132010415
0.8580955549462058
0.8580994536793115
0.858102650743352
0.8581013895632231
0.8581009869720246
0.8580988650134439
0.8580970404329851
0.8580964801209321
0.8580948702810717
0.8580935830270953
0.85809278050914
0.858093735704745
0.858093867901192
0.8580913172593324
0.8580913230411004
0.8580933503405987
0.8580954106469723
0.8580961121775683
0.8580953676082604
0.8580946623716634
0.8580927985309479
0.8580914893413714
0.858090409047642
0.8580864341069298
0.8580860837159796
0.8580876849794844
0.8580863707692211
0.8580851326789304
0.8580853942964815
0.8580853233372837
0.8580873850965645
0.8580906530921754
0.8580924597263371
0.8580955385489907
0.8580970161217729
0.8580975044193304
0.8580978483706962
0.8580985130608554
0.8580972333676122
0.8580945573107075
0.8580933534934503
0.8580949846145345
0.8580951772890373
0.8580948875535266
0.8580976092685717
0.8580987912263014
0.8580985925250082
0.8580995762647698
0.8581001886377894
0.8580975488020199
0.8580953810524253
0.8580925504217315
0.8580907872577473
0.8580884380380717
0.8580875077546402
0.8580859464398508
0.8580819567456808
0.8580806461363111
0.8580803874698526
0.85807990179409
0.8580801561925477
0.8580798623758088
0.8580805249888206
0.8580853255531115
0.8580890798766889
0.8580895507606275
0.8580899610428402
0.8580903919785463
0.8580923976513836
0.8580952194239803
0.8580950094411134
0.8580964509909941
0.8580993823202137
0.8580992281148926
0.8580971757480458
0.8580952951348217
0.8580952796659993
0.858092697037995
0.8580894901980943
0.8580864769378198
0.8580846644769662
0.858082627392817
0.8580804506876636
0.8580790510707719
0.8580773984294948
0.8580746754893979
0.858071998000212
0.8580707056438843
0.8580698728091407
0.8580716534838198
0.8580717237415216
0.8580703517559494
0.8580690517538285
0.8580700793523399
0.8580724983130528
0.8580749770493572
0.858077595652021
0.8580832368758142
0.8580865145761488
0.8580879808043099
0.8580893230676185
0.8580896178130534
0.8580908400412114
0.8580908018031642
0.8580890916924256
0.8580910341162804
0.8580960996689291
0.8580985225244793
0.8580997396160918
0.8581016685369022
0.8581019098782812
0.8581000258620629
0.8581003517800309
0.858100882668149
0.8581013737936358
0.8581025128258829
0.8581028942737846
0.8581028846837174
0.8581038267473352
0.8581042637127831
0.8581025844762454
0.8581018867697446
0.8581015800400187
0.8581011066034455
0.8581044415722363
0.8581080363697211
0.8581094407210553
0.8581081349048166
0.85810536381222
0.8581021366200665
0.85809859781267
0.8580965825455977
0.8580933547726447
0.8580868766858072
0.8580817200487094
0.8580839340075451
0.8580848537501858
0.8580833869971771
0.8580826493551316
0.8580798534174839
0.8580777763259563
0.8580767858899931
0.8580793809275616
0.8580832332143269
0.8580859219765108
0.8580895612875102
0.8580907833145965
0.8580902962285651
0.8580907252421509
0.8580926164932218
0.858094601503232
0.8580906616492637
0.858086587905436
0.8580842265131698
0.8580809777756846
0.8580789069192044
0.858078364736708
0.8580774946178265
0.8580765223816257
0.8580732415215534
0.8580711040018622
0.8580688967273497
0.8580687686732871
0.8580679995940119
0.8580664271242447
0.8580689030578214
0.858073289181984
0.8580747890584265
0.8580761935607957
0.8580788738584958
0.8580830193681782
0.8580861400606175
0.8580876676726295
0.8580896265375829
0.8580910534695898
0.8580915771889781
0.8580912837112563
0.858090763723617
0.8580883392325294
0.8580858292555416
0.8580842629947434
0.8580839961944857
0.8580839725027676
0.8580831287001389
0.8580831020067157
0.8580812130946744
0.8580793475549557
0.858078712427305
0.8580780443767825
0.8580765039029697
0.8580747062996288
0.8580742065800394
0.8580735215054894
0.8580730602404586
0.8580722198990923
0.8580696221235931
0.8580664184304764
0.8580616198682959
0.858057996640627
0.8580559430680389
0.8580546548097279
0.8580553191571639
0.8580556473932741
0.8580546539201047
0.8580568081898429
0.8580561656523014
0.8580547984696089
0.8580526924456281
0.8580511974383561
0.8580503102049046
0.8580505286266387
0.8580508669818416
0.8580506934216334
0.858050221724301
0.858050197191003
0.8580497591294306
0.8580490422475515
0.8580478124047821
0.8580464646197281
0.8580452002119219
0.8580442704304785
0.8580437252144565
0.858043789813527
0.8580449277099703
0.8580470436632235
0.858049147431526
0.8580517681483336
0.8580538420833
0.8580554278859722
0.8580577348357086
0.8580581607904144
0.8580602997472783
0.8580613951508183
0.8580643494504153
0.8580668004228946
0.8580699375194438
0.8580740371012637
0.858081072840427
0.8580880780278617
0.8580927575308649
0.8580964710154586
0.8580980438566511
0.8580998629730048
0.8581025471386627
0.858103842965351
0.858103204823531
0.8581029931111899
0.858104683917744
0.8581057212028617
0.8581032862094027
0.858101207415623
0.8580994631523854
0.8581007202695715
0.8581007348038516
0.8581021714224185
0.8581051398208152
0.8581093461303068
0.8581119709841609
0.8581146364120527
0.8581167897888589
0.8581192326314234
0.8581228675668622
0.8581261394972554
0.8581260471015425
0.858126521414914
0.8581263928916499
0.8581261412755579
0.8581256254570941
0.8581264298986064
0.8581256868211447
0.8581262380418438
0.858128603053023
0.8581321027940415
0.8581348723732364
0.8581367593904095
0.8581384935878175
0.8581394189560596
0.8581394073003131
0.8581375849092323
0.8581365705110103
0.8581370139205827
0.858136934138613
0.8581387626606101
0.8581421788967032
0.8581468844343533
0.8581501485490668
0.8581522354740189
0.858151918098027
0.8581523619469609
0.8581529447547315
0.8581532121386091
0.8581512320156811
0.8581481948338501
0.8581468270092351
0.8581457119716408
0.8581420580970582
0.8581377532232203
0.8581358588711785
0.8581357324606191
0.8581334442083044
0.8581310851020807
0.8581312088950823
0.858132703811905
0.8581367000578255
0.8581396129764597
0.8581408830708251
0.8581441163828881
0.8581459010090691
0.8581431748758459
0.8581405999245083
0.858143662656424
0.8581421433076615
0.8581394104551177
0.8581395396515528
0.8581414829718942
0.8581435193331682
0.85814521183234
0.858149902475872
0.8581519324543622
0.858149330734955
0.8581474528705472
0.858147780187382
0.8581488284191705
0.8581453221671856
0.8581420434572455
0.8581380927530569
0.8581347850358031
0.8581371980595242
0.8581391912049999
0.8581384107347855
0.8581393045180136
0.8581402329463973
0.8581431671412157
0.8581484755287854
0.8581518987503619
0.8581541270798092
0.8581546982722765
0.8581540307977642
0.8581512075701788
0.8581503534717236
0.858154751785829
0.8581586382708117
0.8581586697790345
0.8581579655048279
0.8581604787561156
0.8581625223566873
0.8581623828437812
0.8581635783610881
0.8581654767446026
0.8581660036719344
0.8581643572454685
0.8581626060757683
0.8581603332732491
0.8581598288394875
0.8581611616341451
0.8581616468690441
0.8581627050563767
0.8581643478780194
0.858164718867287
0.8581651473476645
0.8581683933077481
0.858171352875645
0.8581742317830309
0.8581785285285332
0.858182231708534
0.858186594927444
0.8581912734769008
0.858196419934612
0.8581982947411712
0.8581978876725114
0.8581957731795264
0.858195847359936
0.8581979702076207
0.8581983533455358
0.8582001482687583
0.8582017397115316
0.8582012835991514
0.8581998966918617
0.8582000451202721
0.8582037589500973
0.8582064452378715
0.8582089276840407
0.8582113960796389
0.8582125440187839
0.8582130475079208
0.8582120259681412
0.858210016362649
0.8582067962641216
0.8582061633674212
0.8582069181320232
0.8582078287511591
0.8582076768239695
0.8582077865148477
0.8582096911609458
0.8582126204013866
0.8582162779258458
0.8582196688455558
0.8582226815948233
0.8582225881257699
0.8582215496097582
0.8582204840320603
0.8582182096858785
0.8582186725266728
0.8582191263979423
0.858218378999989
0.8582184918637885
0.8582187598019108
0.8582203498350761
0.8582211560603196
0.8582221225054668
0.8582212555584399
0.8582193456460063
0.8582171633193895
0.8582148345172812
0.8582137925247103
0.8582134360427005
0.85821503867184
0.8582164032214842
0.8582181597815122
0.8582184985109688
0.8582195992099882
0.8582214266016308
0.8582213051643715
0.858222246171666
0.8582215035475957
0.8582212939933479
0.8582229742247102
0.8582256721704434
0.8582268461130482
0.8582291465446
0.8582295853533004
0.8582271691415706
0.8582260393011918
0.8582246623381177
0.8582219272935464
0.8582214387470543
0.8582210213134922
0.8582230074054454
0.8582279705097652
0.8582309709761462
0.8582328965340815
0.8582350633015152
0.8582387892364428
0.8582438402807729
0.8582477714619218
0.8582488919004135
0.8582487838209226
0.8582491017519969
0.8582484488689699
0.8582476465722604
0.8582485116304787
0.8582491554761291
0.8582500907778643
0.8582529125556926
0.8582563732140734
0.858256216738095
0.858254559920865
0.8582541776224788
0.8582551544280761
0.858255599893801
0.8582545276524165
0.8582538250486453
0.8582521837526582
0.8582506878845045
0.8582497358759343
0.858249581152342
0.8582506311752857
0.858251000655822
0.8582518013191707
0.8582512264127402
0.8582498563913223
0.8582508760675764
0.8582490355152393
0.8582477552596613
0.8582499958753287
0.8582502663329032
0.8582519364836588
0.8582549536498639
0.8582569157914209
0.858259214994933
0.858261969390535
0.8582655884577239
0.8582658397708524
0.8582676337316668
0.8582701718728163
0.8582717166904861
0.8582736514929545
0.8582721183128209
0.8582693754460824
0.8582679367316354
0.8582692309970815
0.8582688491641538
0.858269166452627
0.8582707047016569
0.8582735093926216
0.8582766025483121
0.8582755614268262
0.8582741733875553
0.8582747454711919
0.8582770249101503
0.8582799460111515
0.8582806813646017
0.8582785302539786
0.8582780109574158
0.8582752348123184
0.8582731104395179
0.8582741634823047
0.8582735172144537
0.8582730159627682
0.8582711795296959
0.8582673362292579
0.8582653155836021
0.8582650703410181
0.8582651854112108
0.858266882848355
0.8582684863718142
0.8582682682275773
0.8582689234608153
0.8582680115079785
0.8582663919340268
0.8582669256000731
0.8582691120175747
0.8582699410016942
0.8582691652854828
0.8582692590278059
0.8582694370964741
0.85826969500443
0.8582709920019825
0.8582727477723239
0.8582761002081212
0.8582799824952491
0.8582814187830055
0.8582799561117519
0.8582787082096341
0.8582804271302902
0.8582829673921565
0.8582841525163207
0.8582822377764328
0.8582807071654364
0.858279677141619
0.8582787713850708
0.8582779835805013
0.8582783113472869
0.8582790536976577
0.8582781816617485
0.8582783016729286
0.8582792584316352
0.8582776763743778
0.8582754282882753
0.8582736058932516
0.8582725858425394
0.8582721345678032
0.8582706574151928
0.8582707750465596
0.8582709144265455
0.8582705652151967
0.8582716480081491
0.858272089932626
0.8582722855437509
0.8582727872946949
0.8582727101812856
0.8582716880660274
0.858269831616946
0.8582686397245806
0.858267873062901
0.8582682082867756
0.8582688841625804
0.8582680890629765
0.8582682555379896
0.8582674541350445
0.8582683554379702
0.8582694721366075
0.8582672007989686
0.85826492438437
0.8582659086444246
0.8582689424200897
0.8582703584813464
0.8582707300433752
0.8582702471942686
0.8582713424317432
0.8582718051465413
0.8582718048952358
0.858274999253381
0.8582758980428123
0.8582731025257259
0.8582713289043674
0.8582725251317284
0.8582733096272346
0.8582719174174696
0.8582705525845024
0.8582706951438575
0.8582697841379628
0.8582691129269089
0.8582692752286304
0.8582684737539167
0.8582674812231303
0.8582671162890863
0.8582669346381822
0.8582644925907391
0.8582599638682139
0.85825802624164
0.8582588388954889
0.8582599281333256
0.8582624127619073
0.8582649830743347
0.8582645153236098
0.8582644933086834
0.8582648741315293
0.8582632464546038
0.8582633414577776
0.858263104641352
0.8582632651757179
0.8582637930825997
0.8582636520326827
0.8582642403452816
0.8582644588307298
0.8582626540433005
0.8582619705713197
0.8582624323547864
0.8582656652555476
0.8582680186494034
0.8582677907036476
0.8582685214592752
0.858268942773389
0.8582719497533619
0.8582751193487792
0.8582764313907629
0.8582775315363909
0.858279628384758
0.8582830205631217
0.8582862696595439
0.8582886377787845
0.8582907663126521
0.8582922471502051
0.858295462700877
0.8582973637179205
0.8582984940133097
0.8582994647255846
0.8583001970499787
0.8582995478370499
0.8583005657007987
0.8582995765593613
0.8583004825900185
0.8583016153587183
0.8583008325739313
0.8582992352878747
0.8582996626105804
0.8583016820672694
0.858305531756678
0.8583089436772369
0.858312871241115
0.8583134914763507
0.858312878964323
0.8583114141716565
0.8583103754956153
0.8583096718704032
0.8583083667467941
0.8583077550887414
0.8583065251207104
0.85830682273018
0.8583063770985948
0.8583056288186726
0.8583034338228237
0.8583015755888598
0.8582979636412527
0.858296112862447
0.8582957148271249
0.8582949994626339
0.8582964999396481
0.858297493225926
0.8582964484624857
0.8582955129592906
0.8582955294477626
0.858294358449209
0.8582961289776768
0.8582975847069199
0.8582966404432603
0.8582968846079744
0.8582995660469898
0.8583030870677208
0.8583059871123015
0.8583084301944262
0.8583098934658965
0.8583115244210349
0.8583117485371589
0.8583105861393929
0.85830834970271
0.8583068479257798
0.858305760548946
0.8583074324782116
0.8583070228561027
0.858306786283456
0.8583068196662517
0.858307091187253
0.8583054618168002
0.8583029070969908
0.8583034146814351
0.8583052360188348
0.8583072792575125
0.8583070932696639
0.8583068295395805
0.8583075435012208
0.8583080940987425
0.8583101818380166
0.8583134404137226
0.8583173694046558
0.8583206574637872
0.8583207325622461
0.858319469882633
0.8583195648526608
0.8583188910092412
0.8583179878938894
0.8583127367043236
0.8583118355930625
0.8583127430941553
0.8583142930847097
0.8583151095752232
0.8583178589241064
0.8583210209049976
0.8583219496127493
0.8583243313435689
0.8583249794781116
0.8583258186784322
0.8583281402409396
0.8583263225913487
0.8583279674912248
0.8583293396033662
0.858329394309388
0.8583308077905216
0.858335708013134
0.8583385246650443
0.858339080609765
0.8583420347338772
0.8583411105363895
0.8583390986705178
0.8583376934657181
0.8583370971266661
0.8583362999556776
0.858334657876838
0.858333813922392
0.8583335176599813
0.8583312453061259
0.858331291157928
0.8583317196968758
0.8583339296661526
0.8583367963275416
0.8583377610423912
0.8583394751244412
0.8583399585777252
0.858337342560603
0.8583365219223615
0.858335706174121
0.8583330501170794
0.8583303110427534
0.8583299065595685
0.8583293799537968
0.8583300852845028
0.8583330584615566
0.8583337835512183
0.8583369616329627
0.8583397415650776
0.8583392608087714
0.8583383237164344
0.8583393984960456
0.8583398901740286
0.8583408453945339
0.8583415819405433
0.8583424666763395
0.8583457418326361
0.8583477837775305
0.8583489297469442
0.8583505982749304
0.8583512638634645
0.8583525097475222
0.8583533445813114
0.8583516177435894
0.8583477749111219
0.8583453634604779
0.8583439504397635
0.8583438103063834
0.8583416588052509
0.8583403659632581
0.8583366440567117
0.8583342039016542
0.8583338691720305
0.858334323710167
0.8583369427489995
0.8583388965442876
0.8583412586673833
0.8583431720607255
0.8583449590022105
0.8583424984367612
0.8583399854143489
0.8583382534492603
0.858338374660578
0.8583373009072341
0.8583338932547248
0.8583314361127884
0.8583319951503009
0.858331098777482
0.8583294411451342
0.858327982184713
0.8583292493265335
0.8583315026992323
0.8583309100380181
0.8583303264771286
0.8583312787078077
0.8583330137016594
0.8583349661591428
0.8583356343174726
0.8583363965133272
0.8583357567398812
0.8583346205472799
0.8583347403020962
0.8583356251608687
0.8583333720760662
0.8583320123755666
0.8583297630861504
0.8583282090813813
0.8583290738617353
0.8583288258736195
0.8583281865508112
0.8583270200030106
0.8583251481777376
0.8583231441469553
0.858322241661303
0.8583204776314657
0.8583199249934942
0.8583194517894048
0.8583170646102153
0.8583158532831686
0.8583170681703763
0.8583174872893047
0.8583160242541448
0.858315559925787
0.8583165668883053
0.8583173830862705
0.8583187567277657
0.8583193794776128
0.8583211842321556
0.8583209182685521
0.8583198076734995
0.8583211362770024
0.8583211471159055
0.8583214339796017
0.8583221693232602
0.8583239751482644
0.8583253156098879
0.858324174483026
0.8583243864846943
0.8583244309502815
0.8583255401811488
0.8583253845573636
0.8583255751365216
0.8583267085189501
0.858326897460607
0.8583260869531999
0.8583251427121141
0.8583253137046097
0.8583273835711114
0.8583310443472322
0.8583338049321482
0.8583361355734839
0.8583347397160264
0.8583329763800717
0.8583322256526605
0.8583328733257567
0.8583344402460831
0.8583337349063296
0.8583343693652662
0.8583340620382333
0.8583323738060968
0.8583306344730507
0.8583302407421392
0.8583311143273309
0.8583331691390466
0.8583340729413432
0.8583341359850345
0.8583339619508515
0.8583373610900015
0.858339497068278
0.8583421387734622
0.8583445462618023
0.8583450637937897
0.8583457129112878
0.8583478269709057
0.8583478281131174
0.8583477405868635
0.8583456814480306
0.8583429896793169
0.8583415096428931
0.8583409864078521
0.8583409743585603
0.8583416315690005
0.8583420872050735
0.8583424031126825
0.8583429430710551
0.8583415389797295
0.8583415064294693
0.8583432356427017
0.8583443088339602
0.8583450065684191
0.8583439187815546
0.8583423199740997
0.8583409361310684
0.8583409567033721
0.8583391797003378
0.8583367754011146
0.8583369262460143
0.8583359354725542
0.8583344669478306
0.8583339133590138
0.8583351858221352
0.858335344985781
0.8583366014120275
0.8583385780004552
0.8583397012108106
0.8583428535335382
0.8583452783975867
0.8583461014826174
0.8583466780263468
0.8583447195147574
0.8583450848430737
0.8583450069186546
0.8583442932503941
0.858344420546711
0.8583447269896202
0.8583451920570566
0.8583452328006734
0.8583444198382947
0.8583428692382041
0.8583408293177192
0.8583395052644139
0.8583372518110194
0.8583357883204242
0.8583364218376953
0.8583360583877045
0.8583360372322328
0.8583364752988878
0.858338006589953
0.8583391660045784
0.8583389488250077
0.8583389432277023
0.8583385047702855
0.8583392013885504
0.8583400419788302
0.8583401812429597
0.8583387091642933
0.8583380954499699
0.8583400011028537
0.8583408974445526
0.8583429054491214
0.8583440874529457
0.8583447629941539
0.8583457392198511
0.858345315636141
0.8583442041168826
0.8583437531825473
0.8583434240611518
0.8583443633504503
0.8583457912676709
0.858346535886328
0.8583479449171598
0.8583511028463504
0.85835225563812
0.8583527362958241
0.8583539800750848
0.8583549656189375
0.8583559950541084
0.858355564329827
0.8583545814411041
0.8583546236958635
0.858356163310858
0.858357153465156
0.8583570039551204
0.8583571086750107
0.8583560399937353
0.8583564859856615
0.8583586566526974
0.8583623477833592
0.8583650320259991
0.8583665454413925
0.8583653591369086
0.858365171719228
0.8583656260255134
0.8583659794848377
0.8583665389651121
0.8583683004426877
0.8583700972575674
0.8583710833099001
0.8583718327563764
0.8583704271206065
0.8583701185023676
0.8583709971306899
0.8583735866900825
0.8583756931356428
0.858376659867528
0.8583757558517895
0.8583750994950845
0.8583747008672543
0.85837049803214
0.8583651830135525
0.8583607204617238
0.8583565899072684
0.8583528426213961
0.8583481127716905
0.8583443625392048
0.8583410982715125
0.8583380491690894
0.8583341580107133
0.858334358775426
0.8583338018535287
0.8583337827938371
0.858332737069057
0.8583315498405264
0.8583320655434603
0.8583330920633326
0.8583339124570349
0.8583347859989535
0.8583366342380256
0.8583385365012693
0.8583388875713491
0.8583384066062165
0.8583391158227155
0.8583386044737754
0.8583373979177948
0.858338159507217
0.8583397904813204
0.8583420744768342
0.8583418753824796
0.8583441579027054
0.8583470744630698
0.8583505240219935
0.858352039120145
0.8583523490517271
0.8583511222323756
0.8583494138566281
0.8583495605148704
0.8583525073587784
0.8583546320194599
0.8583567317277426
0.8583581727666101
0.8583575805752997
0.8583548331489733
0.8583529283045607
0.8583518345258873
0.8583519238343377
0.8583526610972518
0.858354277894735
0.8583552796129151
0.8583564924405988
0.8583583372953425
0.8583592738625321
0.8583601487492529
0.8583605735556786
0.8583612102275224
0.8583605704833278
0.8583609804660738
0.8583624642687737
0.8583657089337469
0.8583684928546181
0.8583704828379219
0.8583719206362104
0.8583719234201197
0.8583701179600431
0.8583676593227504
0.858367969345364
0.8583683265865184
0.8583691219564642
0.8583709950496695
0.858372491746464
0.8583752392707221
0.8583771432733128
0.8583796393485383
0.8583804748461988
0.8583791298691636
0.8583788761850855
0.8583793705991123
0.8583788944512035
0.8583794049525745
0.8583776152355939
0.8583733296031538
0.8583705743413416
0.8583688130338026
0.858366588610284
0.8583664024862654
0.8583660142586612
0.8583664925677988
0.8583667276906929
0.8583677370811263
0.8583678378947858
0.8583685158971497
0.8583690889970482
0.8583702623862582
0.8583722669022228
0.858374145453171
0.8583742265376989
0.8583738860471591
0.8583729497092636
0.8583733070145061
0.8583743006023005
0.8583771474395085
0.8583780604222608
0.8583773789050418
0.8583763855404203
0.8583756012148667
0.8583767991803269
0.8583792759894637
0.8583787583375494
0.858377712855333
0.8583742187596544
0.8583724251220786
0.8583707608517364
0.8583706995446908
0.8583700712108762
0.8583695781612302
0.8583675138476511
0.8583660127465175
0.8583650875271568
0.8583660756789405
0.8583668336684422
0.8583670966678517
0.8583657273298433
0.8583648193690592
0.8583659666191071
0.8583683479307576
0.858370555590357
0.8583739919224468
0.8583774654543255
0.8583796002729354
0.8583820086823043
0.8583839492571855
0.85838503495979
0.8583850140710457
0.858381649476616
0.8583799069637462
0.8583804520357984
0.8583821394820257
0.8583822292633586
0.8583812261802608
0.8583796042749705
0.858375405538638
0.8583728504184212
0.8583747843876687
0.8583772568607418
0.8583783793450775
0.8583786400504854
0.8583793874902396
0.858378056333198
0.8583776533690781
0.8583784609719951
0.8583782461123668
0.8583793347817412
0.8583789480311528
0.8583792441528957
0.8583767276599961
0.858374155133189
0.8583726631215871
0.8583729475266282
0.858372201839732
0.8583719534768169
0.8583717537646112
0.8583722974067203
0.8583733616163656
0.8583736409767299
0.8583718964338592
0.8583702080211274
0.8583680275749989
0.8583662860827604
0.8583653860634474
0.8583677099862164
0.8583677527228661
0.8583675990237272
0.8583667421125992
0.8583667118532153
0.8583671581195251
0.8583663337270351
0.8583669495126034
0.8583667150887765
0.8583661473225673
0.8583661827377638
0.8583667252813129
0.8583685581043686
0.8583693545779569
0.8583679584405496
0.8583654621981311
0.8583635903404714
0.8583603746074169
0.8583569107791387
0.8583545964996581
0.8583513584830267
0.8583471101218355
0.8583438571940345
0.8583413501323843
0.8583418386279698
0.8583410752412663
0.8583408900878547
0.8583417282196758
0.8583420474104665
0.8583428861813066
0.8583428819374425
0.8583427458974507
0.8583426906842373
0.858342225394557
0.8583418518967437
0.858343834691528
0.8583473562397499
0.8583490588703112
0.8583511659220436
0.8583525079099037
0.8583535956522803
0.8583533394354842
0.8583527944589228
0.8583523576791909
0.8583493599019703
0.8583462209385906
0.8583442109640712
0.8583425033141808
0.8583419384917554
0.8583394210467773
0.8583377873651412
0.8583353420135366
0.8583318317530618
0.8583304122114674
0.8583322542719928
0.8583345310782488
0.8583343216745727
0.8583346536997094
0.8583338042641049
0.8583325611798899
0.8583322033666079
0.8583318640192172
0.8583318131539313
0.8583328249448504
0.8583344197848515
0.8583357441017948
0.8583352887418623
0.8583339734888361
0.8583334438340563
0.8583332363364201
0.8583320393904391
0.8583306992003739
0.8583299740632356
0.8583312088757427
0.8583321965755173
0.8583320935136581
0.858331719464184
0.8583310853549828
0.8583293968596856
0.8583275853835313
0.8583269156021642
0.858326288873194
0.8583246808745326
0.8583239633456737
0.8583252255928636
0.8583276508226333
0.85832840970446
0.8583284026871388
0.8583275904245022
0.8583277964611218
0.8583291523322523
0.8583312563414637
0.858333240616071
0.8583339899541842
0.8583341748284173
0.8583344701632307
0.8583354799971903
0.858336868185486
0.8583373444855326
0.8583358592615606
0.8583328505501011
0.8583300473067245
0.8583276198517892
0.858324745845472
0.8583236777205412
0.85832426903669
0.8583242873580219
0.8583248235475656
0.8583240878212922
0.8583249026008172
0.8583244255503608
0.8583248132729173
0.8583239257577234
0.8583232549461421
0.8583214068973866
0.8583201505523388
0.858316821552151
0.8583147464522041
0.8583137794316297
0.8583134438703832
0.85831317658891
0.8583124839864236
0.8583100885053568
0.8583082412835874
0.8583063256697364
0.8583048736788315
0.8583062387605899
0.8583049207468373
0.858303916670093
0.8583039057203695
0.8583039243774006
0.8583038520639886
0.8583054353233089
0.8583067095185245
0.8583084384284914
0.8583096015879564
0.858310670649089
0.858310473538021
0.8583101684668691
0.8583094211935938
0.8583085621162942
0.8583076210874995
0.858306560907351
0.8583060114225453
0.8583053536383903
0.858304920602354
0.8583049264792715
0.8583049257095957
0.8583058538145173
0.8583082153487381
0.8583103192465983
0.8583119831223567
0.8583120172826241
0.8583126780813424
0.8583131857077986
0.8583147247612031
0.8583157968651239
0.8583168963161629
0.8583182850807081
0.858318439596191
0.8583189523598704
0.858320769776248
0.8583214374262879
0.8583233263326471
0.858324564163933
0.8583263733692211
0.8583290364620321
0.8583314415218251
0.8583335413072077
0.8583327895379197
0.8583335121322564
0.8583356303892796
0.8583364611777923
0.8583377800333037
0.8583406423917441
0.8583418143163799
0.8583430655150431
0.8583437276517467
0.8583451484179765
0.8583462071000464
0.8583473426733553
0.8583493832255769
0.8583501412070901
0.85834900968193
0.8583482584599087
0.8583460366908243
0.8583439996358372
0.858341392466998
0.8583402216352028
0.8583391337758272
0.8583397211302464
0.8583384555128052
0.8583381118736382
0.8583374863968606
0.8583372821221694
0.8583391913037547
0.8583417792254038
0.8583449813957917
0.8583464947101472
0.8583493140325008
0.8583496000680146
0.8583500768756456
0.8583509137017414
0.8583509063096997
0.8583526114453636
0.8583529743775363
0.8583518213962801
0.8583508643057198
0.8583506954616698
0.8583513170565868
0.8583516697206078
0.8583505155102567
0.8583501823686754
0.858350770464899
0.8583497283969936
0.8583493097407133
0.858348223919297
0.8583483646773927
0.858347712874774
0.8583478928040358
0.8583492049878997
0.8583506596930068
0.8583514803198837
0.8583521353740201
0.8583515089526046
0.8583503190521659
0.8583481949936123
0.8583449590803601
0.8583428431378058
0.8583397910532989
0.8583373330542892
0.8583360558577563
0.8583359645598532
0.8583361455742755
0.8583365328081427
0.8583375889615995
0.8583387086379246
0.8583405945019751
0.8583429135266835
0.8583450992138477
0.8583470339635004
0.8583484318106563
0.8583487884277785
0.8583489019953782
0.858348905394503
0.8583494304413065
0.8583493026304242
0.8583482499933401
0.8583477823387445
0.8583471244187529
0.8583477715679151
0.8583484866453969
0.8583470204230055
0.858345620783948
0.8583464461704616
0.8583454465120851
0.8583452993127244
0.8583442401088636
0.8583429060147673
0.8583417347359142
0.8583418835760582
0.8583427597562726
0.8583439095486333
0.8583441861813595
0.8583445776461969
0.8583449476631935
0.8583449722759026
0.8583422732017708
0.858340334366501
0.8583410652822797
0.8583432953607607
0.858344827418992
0.8583464143801031
0.8583471742218902
0.8583478897869095
0.8583468611414192
0.8583453485377935
0.8583459489195362
0.8583457622411286
0.8583462959297122
0.8583464710381151
0.8583467803521406
0.8583476718863674
0.8583469984008817
0.8583473831237504
0.8583468423524532
0.8583448334122842
0.8583438836038726
0.8583430693847189
0.8583425472678083
0.8583414603590164
0.8583410762395559
0.8583418912496211
0.8583410508983382
0.8583398022468932
0.8583383895514171
0.8583373348171794
0.8583370226466275
0.8583385071784422
0.8583423565797637
0.8583451423077734
0.8583474456768023
0.8583503518351729
0.8583530755521444
0.8583558150942431
0.8583594463406226
0.8583611991821279
0.8583617824593507
0.8583630234236659
0.8583635631959938
0.8583645708561406
0.8583656981354666
0.8583670425080839
0.8583697127332779
0.8583729900421229
0.8583752419556551
0.8583777889643187
0.8583810762708136
0.8583840343162482
0.858385744082982
0.8583883020874854
0.858390779131891
0.8583921198992804
0.8583940955828515
0.8583956965952746
0.8583972754642026
0.8583973167620678
0.8583966453962815
0.858395172351171
0.8583930784696483
0.8583916099244203
0.8583913151497004
0.8583920654859861
0.8583930037096749
0.8583954091287797
0.8583947371137657
0.8583934846818647
0.8583942600879421
0.8583957610325216
0.8583981002530945
0.8583967177491315
0.8583939344378757
0.8583916231913411
0.8583902762569324
0.8583888531474854
0.8583876931678375
0.8583873780323822
0.858388348008793
0.8583870957960316
0.8583850590548106
0.8583834253165604
0.8583814193539813
0.8583804039301708
0.8583792715713264
0.8583776532484761
0.8583770576089139
0.8583765238707393
0.8583766946533314
0.8583765031348735
0.8583762709680928
0.8583760929495992
0.858376328127148
0.8583755204082639
0.8583740679942274
0.8583739832655687
0.8583742085800075
0.8583755211146592
0.8583763267279764
0.8583762922612787
0.8583772512958844
0.8583779010816313
0.8583783680927898
0.8583785782138841
0.8583795239196452
0.8583794773239967
0.8583803023159694
0.858383018960973
0.8583848449515428
0.8583855799351251
0.8583862502637071
0.8583860299833082
0.8583866135749771
0.8583864294356656
0.858385542540276
0.8583840331171242
0.8583827861419774
0.8583824703937116
0.8583801980006607
0.8583785450894733
0.8583772273116042
0.858376360738449
0.8583745156949097
0.8583734338242368
0.8583714010368236
0.8583700593458409
0.8583704430553915
0.858372172547177
0.8583738952282051
0.8583750344683237
0.8583762744349863
0.858376856973767
0.8583762004439889
0.8583768772676699
0.858377047698169
0.8583772593194832
0.8583780168552055
0.8583802673802934
0.8583822988343239
0.8583839378467037
0.8583848120841129
0.858384898126346
0.8583848699657034
0.8583841736677719
0.858383946785572
0.858383401042898
0.8583835175540707
0.8583846609993672
0.8583870943813733
0.8583894383398173
0.8583905883472476
0.8583907833869996
0.8583909851326668
0.8583910827954824
0.8583897749969309
0.8583892161605869
0.8583883539723445
0.8583887529770982
0.8583898055709499
0.8583921730987163
0.8583923811162967
0.85839278923034
0.8583922365838356
0.8583931164598593
0.8583946232687683
0.8583966148513148
0.8583981511061318
0.8583981793988822
0.8583961774175111
0.8583951523033384
0.8583938006817482
0.8583914973238066
0.8583905481075821
0.8583899557592405
0.8583895331048451
0.8583885582466286
0.8583892088958514
0.8583898081369308
0.8583914758721068
0.8583944377921157
0.8583959364725302
0.8583971657351188
0.8583975812698715
0.8583979177341601
0.8583982850277754
0.8583989282364178
0.8583993495488162
0.8583985764584482
0.8583981478756635
0.8583982792238182
0.8583984092242075
0.8583981875643761
0.8583983207297272
0.8584004873410733
0.8584018059920331
0.8584027543371111
0.8584034847452806
0.8584055219114641
0.8584086337622368
0.8584105648042878
0.8584111361747399
0.8584124530923652
0.8584147913076193
0.85841587733689
0.8584172471456539
0.8584191518941995
0.8584217932252384
0.8584240436397037
0.8584256740235061
0.8584278630906244
0.8584301793471655
0.858432006208887
0.8584319801111286
0.8584315381017557
0.8584307214514667
0.8584321906361134
0.8584313301122363
0.8584314604891874
0.858430239840265
0.8584279186794862
0.8584262229365351
0.858426026083141
0.8584259547298149
0.8584246802233775
0.858423537176253
0.8584222383914097
0.8584228104925893
0.8584228270794705
0.8584222703234502
0.8584222109220618
0.8584233056980035
0.8584238464426882
0.8584247120424493
0.8584251144235598
0.858425140115474
0.8584247687066704
0.8584245169882063
0.858424526077945
0.8584260328982127
0.8584276313171397
0.8584296097347001
0.8584315657641901
0.8584326287454757
0.8584331770244404
0.8584340864956107
0.8584335674037908
0.8584319169395221
0.8584301801249512
0.8584283150495094
0.8584254626863873
0.8584228724731663
0.8584214379563349
0.8584218358186776
0.858421941593316
0.8584231204526727
0.8584237380217762
0.8584227938495922
0.858421960390515
0.8584223051898672
0.8584223631898684
0.85842206089474
0.8584209560029425
0.8584216096453787
0.8584228643779731
0.8584242334045792
0.8584245559467757
0.8584252844124597
0.8584274129772141
0.8584293159321076
0.8584306031731581
0.8584312524896864
0.8584312001401857
0.8584294390647451
0.8584290693873422
0.8584288056892713
0.8584274250795387
0.8584273062110477
0.8584286706682328
0.8584300831209297
0.8584310381475062
0.858433468300892
0.8584340361540627
0.858433112363534
0.8584323309370703
0.8584314446361748
0.8584315821104646
0.8584331045064829
0.8584338184779715
0.858434040542856
0.85843440148805
0.8584347861777862
0.8584350961463721
0.8584358658586351
0.8584390897999872
0.8584413235215649
0.8584429416256025
0.858444735924576
0.8584460986610453
0.8584473012892351
0.8584466652731712
0.8584453195431052
0.8584457165454976
0.8584444338998523
0.8584437355856712
0.8584433219167205
0.8584419924355827
0.8584432767067909
0.8584456167233465
0.858446964586498
0.8584477446197616
0.8584482891473929
0.8584500295953436
0.8584527630133867
0.8584555780668549
0.8584566356028337
0.858455650843713
0.8584553451437524
0.8584552735812258
0.8584559399081231
0.8584566150803353
0.8584573819246019
0.8584586602922523
0.8584588032616364
0.8584591522592594
0.8584601562086884
0.8584605251446152
0.8584608347671433
0.8584616917725452
0.8584615057106294
0.8584614619363181
0.858459645411219
0.8584593150310771
0.8584593511800275
0.8584588315380851
0.8584612462828375
0.858464000100864
0.8584655859697967
0.8584656110986639
0.8584671005710263
0.858469351263295
0.8584719917131385
0.8584748634655833
0.8584756802334095
0.8584761104359431
0.858477721056348
0.8584792538551369
0.8584812745168947
0.8584825871253668
0.8584820679804199
0.8584838684835242
0.8584845031424201
0.8584837501102439
0.8584833439722327
0.858481866706274
0.8584806624544445
0.8584802206139286
0.8584816497671812
0.8584822860420515
0.8584826062886355
0.8584816311106935
0.8584807168135762
0.8584806291729308
0.8584799455143013
0.858479988451778
0.8584783655012967
0.8584751835489512
0.8584727772071271
0.8584733189257855
0.858475273674688
0.8584769328833955
0.8584771406890734
0.8584774358277003
0.8584780453040579
0.8584792805085834
0.8584832846207793
0.8584842754475053
0.8584837697577772
0.8584845195886355
0.858484370457032
0.8584836725201911
0.8584834750479426
0.8584821657437545
0.8584809406751135
0.8584807462318269
0.8584824223472239
0.8584842462579322
0.8584862953451087
0.8584886581266954
0.8584903053910652
0.8584924559917078
0.858493632869873
0.8584929650892058
0.8584924142713072
0.8584927960503477
0.8584938373681343
0.8584954309980226
0.8584962355807666
0.8584972426367479
0.8584984393059001
0.8584973079263633
0.8584956207211378
0.8584930025910311
0.858492726610559
0.8584931767825508
0.8584923658117481
0.8584921497476835
0.8584928585301387
0.8584937908054537
0.8584930598456589
0.858492293448671
0.8584928363377016
0.858494450824641
0.8584967582439368
0.8584978559173523
0.8584977003187022
0.8584983741106331
0.85849844257181
0.8584985994172648
0.8584989005665206
0.8584984632941832
0.858498378680135
0.858498182519069
0.8584980091356702
0.8584959106960408
0.8584919734837138
0.8584902694443302
0.8584905607366304
0.8584898432187705
0.8584891385096967
0.8584884550457482
0.8584881583583696
0.8584878361122693
0.8584869461812192
0.858484505955162
0.8584814729685466
0.8584787351304898
0.8584760409321492
0.858474655403119
0.8584738244144039
0.8584730096984308
0.8584732377785075
0.8584741534159098
0.8584748658812491
0.8584747562126106
0.85847425696455
0.8584737867287532
0.8584750013527613
0.8584753049380689
0.858474882951123
0.8584737548196484
0.8584738854859755
0.8584749682254537
0.8584758317650659
0.8584763346497801
0.8584765852716544
0.858477223323233
0.858478746567848
0.8584794962888823
0.8584798949752876
0.8584804895057895
0.8584793951619071
0.8584776706835764
0.8584762718608866
0.858475189939381
0.8584735645704291
0.8584724858125643
0.8584720245649937
0.8584720997306687
0.8584732829043776
0.8584744692482612
0.8584747747080363
0.8584754194516686
0.8584771398812333
0.8584778272991871
0.8584783126976646
0.8584786672795398
0.8584787822998939
0.8584802641587663
0.8584813961529177
0.8584821669491588
0.8584827813175718
0.8584820418321241
0.8584831235236815
0.8584840896167575
0.8584864758660694
0.85848861609431
0.8584892426173099
0.8584901028094237
0.858489829990875
0.8584892826285159
0.8584885395029086
0.8584876081165405
0.8584876900872845
0.8584885186833972
0.8584883010988755
0.858487988794802
0.858487672669641
0.8584869600022014
0.8584873417766541
0.8584889929314711
0.858491464210784
0.8584948058786508
0.8584970180000031
0.8585003449923133
0.8585017633686425
0.8585035487901275
0.8585039910715856
0.8585041181317752
0.8585050500291096
0.8585073308756677
0.8585080602016771
0.858508000297432
0.8585075708432586
0.8585053829004287
0.8585048078056005
0.8585040152641283
0.8585022005264845
0.8585004029807228
0.8584987036844989
0.8584978292713465
0.8584963385594351
0.8584957399052492
0.8584941619412265
0.858492590250955
0.8584904745681847
0.8584886354625744
0.8584869055110271
0.8584855652203931
0.8584853837438005
0.858484803641986
0.8584843009167303
0.8584825258290408
0.8584812954889302
0.8584795790679788
0.8584768652319199
0.858474974959555
0.8584742642400707
0.8584759076819728
0.8584767108729443
0.8584769839602661
0.8584774908013822
0.8584776802332437
0.8584767281577126
0.858475095559163
0.8584728504158091
0.858470666133548
0.8584692096796508
0.8584667108195007
0.8584632103129605
0.8584603970210267
0.858459524437693
0.8584601140159939
0.858461805918804
0.8584634650089965
0.85846492158893
0.8584648598734599
0.8584631376730552
0.8584612969099975
0.8584595492075721
0.8584574732097228
0.8584548596911947
0.8584532835682646
0.858453495829694
0.8584535645020459
0.858454428582911
0.858455825353352
0.8584556298521825
0.8584559311316747
0.8584561752430074
0.8584567254922616
0.8584577062844508
0.8584587132463907
0.8584591282714812
0.8584570416761204
0.8584550095351416
0.8584547858927613
0.8584552067773974
0.8584561898526795
0.8584551892589024
0.8584532033070996
0.8584531338947986
0.8584544813292757
0.8584553039680044
0.8584563330407763
0.8584576730508356
0.8584589620275179
0.8584576661155467
0.8584557689512944
0.8584540533972828
0.8584529111922214
0.8584528816962999
0.8584523718834801
0.8584510822303377
0.8584508595805459
0.858451398983603
0.8584518269328084
0.8584531856955346
0.8584549813563068
0.8584553386862213
0.8584536667931104
0.8584515318375843
0.8584515748627637
0.8584521257886953
0.8584519838577387
0.8584507710847261
0.8584473989314196
0.8584452941303862
0.8584436957206625
0.8584418389556839
0.858440321422367
0.8584408736732251
0.8584408057746283
0.8584412208719365
0.8584399420902843
0.858437408021265
0.8584350962346603
0.8584331640483044
0.8584333617465388
0.8584336800867278
0.8584338458015474
0.8584345983709131
0.8584361363609067
0.8584373312048303
0.8584374080718011
0.8584387263643461
0.858440440034666
0.8584404294560978
0.8584395808471579
0.8584385049667281
0.8584381351287329
0.8584363568149205
0.8584343036403862
0.8584348576030851
0.8584366118794747
0.8584376559219882
0.8584386146701097
0.8584397253883066
0.8584410862176431
0.8584425438793171
0.8584421506746384
0.8584412894781681
0.85844300835802
0.8584441301353573
0.8584440223195638
0.8584449355222709
0.8584448139609905
0.8584436604465884
0.8584426624394482
0.8584426043623004
0.8584439115999514
0.8584452707621152
0.8584475249996613
0.8584480233940998
0.8584475158196899
0.8584477316668736
0.8584475528634632
0.8584465306214806
0.8584465258488904
0.8584469988982691
0.8584475118223143
0.8584478016160134
0.8584481098257184
0.8584478084804544
0.8584491111038931
0.8584490507045591
0.8584480894034489
0.858447689001767
0.8584482493874958
0.8584487233032474
0.8584481007107356
0.8584471787318279
0.8584448109085292
0.8584447390150902
0.8584443700344511
0.8584441108284442
0.8584445028746519
0.8584443716416116
0.8584445684754823
0.8584442006162967
0.8584442803497938
0.8584452676635127
0.8584450235041915
0.8584441110092182
0.8584436882985491
0.8584438855327767
0.858444980846784
0.8584470964229707
0.8584462586104512
0.8584455774656873
0.8584442404650078
0.8584436535660772
0.8584432809431742
0.8584430102829151
0.8584426971439043
0.8584413785483112
0.8584418045645272
0.858442150530646
0.8584417449646716
0.8584406620794957
0.8584405720661252
0.8584414502833548
0.8584407339687671
0.8584403603725117
0.8584400163032697
0.8584403788311649
0.8584410509384367
0.8584424101873356
0.8584439230571351
0.8584435656511616
0.858444556883981
0.8584457147562164
0.8584457052823826
0.8584444153677953
0.8584450912865971
0.8584450517858631
0.8584445160655015
0.8584445035361845
0.8584446224649929
0.8584453573488232
0.8584455996638388
0.8584466904336763
0.8584482344534409
0.8584499128316454
0.8584511694254753
0.8584507859015558
0.8584512482626246
0.8584510382481862
0.8584501245354735
0.8584475279679222
0.8584451675493444
0.8584426642291445
0.8584423404117411
0.8584429854719473
0.8584426315226033
0.8584435421707202
0.8584443649523863
0.858445353137263
0.8584444951544219
0.8584421564139652
0.8584395369845699
0.8584376420148089
0.8584348350813374
0.8584341480229677
0.858433923214976
0.8584323803667467
0.8584329275516562
0.858432726831722
0.8584313773320431
0.8584309579813019
0.8584317674895339
0.8584334940238613
0.8584346131171349
0.8584336642960622
0.8584334583071958
0.858432562806066
0.8584319803936135
0.8584311069567866
0.8584300520684871
0.8584295954269382
0.8584303916385089
0.8584300010534249
0.8584287878034828
0.8584288252593204
0.8584304023255063
0.8584313121691297
0.858432249721073
0.858433411692627
0.8584341797927784
0.8584347317825363
0.8584341915200753
0.8584350092596179
0.8584350996979022
0.8584353450046867
0.8584363512388833
0.8584376765340103
0.8584397010703152
0.8584394168350177
0.8584370917428512
0.8584364067636864
0.8584376735870505
0.8584378356260788
0.8584369364690129
0.8584380386494797
0.858438238093873
0.8584365351094594
0.8584343585591031
0.8584340249015183
0.8584345937964839
0.8584354011480719
0.8584374105354736
0.8584396947841281
0.8584417641161086
0.8584436472157794
0.8584437831189863
0.8584428996857608
0.8584413460479919
0.858440865157716
0.85844058349159
0.858440383377412
0.8584410021976798
0.8584419917656412
0.8584405730748291
0.8584392813702884
0.8584392247702975
0.8584389432270277
0.8584390476441625
0.8584382718721842
0.8584387636175704
0.8584395244972005
0.8584396463650066
0.858438441888968
0.8584374443303624
0.8584386483719002
0.8584388337631128
0.8584392838831894
0.8584408995035143
0.8584422808914559
0.8584424861813551
0.8584422212160597
0.8584422133732011
0.8584418562067954
0.8584414777807773
0.8584406182230534
0.8584408082043192
0.8584413881480579
0.8584411301265694
0.8584409542746418
0.8584401731782165
0.8584393617048428
0.8584408185775735
0.8584408692321084
0.8584405637500968
0.8584408370011722
0.8584413017816311
0.8584426190285346
0.8584424716479861
0.8584424379490337
0.8584430969397286
0.8584430577049935
0.8584431629905904
0.8584430267152785
0.8584427383218018
0.8584418702132122
0.8584409762724426
0.858439927931261
0.8584392511871484
0.8584393556793121
0.8584389785771058
0.8584368396065174
0.858435547646275
0.8584351427391493
0.8584346584358636
0.8584351396691776
0.8584341741865146
0.8584335696141153
0.8584326466622639
0.8584301364396161
0.8584283946182218
0.8584270019920882
0.8584238478273527
0.8584224158851389
0.8584221565056276
0.8584219550610014
0.8584215050808259
0.858421464267315
0.8584202829452128
0.8584186629767878
0.8584184562621489
0.8584180704350506
0.8584169798059964
0.858416289017872
0.8584177963322118
0.8584179630492856
0.8584186746842667
0.8584211887527116
0.8584229912802716
0.858423568494775
0.8584230581536283
0.858424081271144
0.8584245749751143
0.8584239857562733
0.8584238827544838
0.8584256628429896
0.8584272196927757
0.8584277200254338
0.8584264257247942
0.8584257757981554
0.8584261718361369
0.8584262614477499
0.8584272930659802
0.8584292895309397
0.858431010073559
0.8584320402379919
0.8584336111663726
0.858435984151531
0.8584377331926291
0.8584373902787764
0.8584370286112022
0.8584361314174825
0.858435372942061
0.8584354543250873
0.8584364887258326
0.8584368093558111
0.8584362723937653
0.8584342669716208
0.858433098413174
0.8584333394908452
0.8584335087801133
0.8584332219419711
0.8584310237411911
0.8584290978317296
0.8584291611087185
0.8584295461673842
0.8584298259607874
0.8584295465872264
0.8584297200389639
0.858429628910781
0.8584287816869064
0.858428566654512
0.8584299045811564
0.8584304514105561
0.8584297442787285
0.858429677220553
0.8584308019692711
0.8584309670441863
0.8584301384851384
0.8584306337135355
0.8584325918606884
0.8584334251581559
0.8584330512570862
0.8584335766109504
0.8584332086419438
0.8584342286247159
0.8584346480403161
0.8584343333372276
0.8584336900041792
0.8584319118624395
0.8584310006840935
0.85842971139811
0.8584283553814385
0.8584273891292459
0.858426699846081
0.8584267285458785
0.8584270495008799
0.8584272431013438
0.8584277099478553
0.8584282599644629
0.858428266808157
0.8584297807601459
0.858431628478783
0.8584326795305034
0.8584333061802076
0.8584334862195803
0.8584329905302276
0.8584326597340793
0.8584325589518406
0.8584324166149151
0.858432694367864
0.8584335002333031
0.858435024710308
0.858435634817402
0.8584359184939068
0.8584357732976857
0.8584339978715442
0.8584342144369027
0.8584332812079208
0.8584325061656858
0.858433871012445
0.8584358128961679
0.8584362273969074
0.8584362494003521
0.8584345279747725
0.8584325475854927
0.858433229271334
0.8584327254571422
0.8584312580711085
0.8584312533812922
0.8584313039443325
0.8584312780965706
0.8584337399940835
0.8584345294100724
0.8584355965144151
0.858436234225911
0.8584371946319544
0.8584375292498749
0.8584385539307992
0.858440068178281
0.8584405907980522
0.8584405477198663
0.8584407262271873
0.8584405055414124
0.8584417045903502
0.8584415627807912
0.8584410536125575
0.8584407454156139
0.858441404527951
