0.3920470743282632
0.448062481863565
0.46137090939945485
0.4820506278063803
0.4923899662350415
0.4955471718923811
0.49963060706278584
0.511802512263856
0.520458657082057
0.5279079967722936
0.5324056020768169
0.5380549163122588
0.5457821553628466
0.5547510817078674
0.5653218790455019
0.5721300404739293
0.5808061009472337
0.58787890379474
0.5944948688293612
0.6028262939306248
0.6113516382467338
0.6208829013168445
0.6281646025377018
0.6353276359978742
0.6425843099394667
0.6498964454892975
0.6561863981837593
0.663926588027804
0.6713135566610051
0.678214744961
0.6851473745388514
0.6917721817854737
0.6985521294150726
0.7047620582831833
0.7102206849309096
0.7154475198355159
0.7201856088035533
0.7249728010252541
0.7297151757570262
0.7345329215961433
0.7394267899084237
0.7445509088785948
0.7492684686685678
0.7537008320504637
0.7581475314504564
0.7621071544494437
0.7653994392397436
0.7680811259545993
0.7713961280261391
0.774739255518316
0.777891783708048
0.7808093979916009
0.7833058282285477
0.7859315356844533
0.7885655652287543
0.7912536765970305
0.7936057267491298
0.7959595802094126
0.7983873071693073
0.8004808593348185
0.8028424046498318
0.8049830906838269
0.8070398802780907
0.8091200904149806
0.8111773258241074
0.8130446906552182
0.8149002841575316
0.8166707394212167
0.8182462072384599
0.8198034644522683
0.821515246626406
0.8229774809300958
0.8244925047309689
0.8259259112091689
0.8273459002388606
0.8289075103183215
0.8301928667457689
0.831307506619199
0.8323988521966628
0.8335722129151684
0.8346709899937428
0.8359128462035802
0.8370511966024291
0.8381677026255357
0.8392986263174713
0.8403258234437522
0.8414526897898118
0.8424526441928066
0.8434445357023961
0.8443768202485257
0.8454436639359292
0.8463207441620688
0.84715208339118
0.8480301454713931
0.8489089062859478
0.8497039994054925
0.8504733020441029
0.8512671683548059
0.852102834212188
0.852827838377161
0.8533797115648311
0.8539471784660458
0.8545583098448823
0.8552562101510595
0.8561068178774881
0.8568711562024565
0.8574244159624408
0.8577854547285061
0.8582636776003387
0.8588968573386789
0.8594488944824519
0.8599203303631204
0.8604168765109618
0.8609598664198727
0.8614791675313235
0.861949247639058
0.8623570932024326
0.8628071412779512
0.8633364930358717
0.8638318544044826
0.8642731755850519
0.8646278577993964
0.8649199694485544
0.8652440343698404
0.8655167977633922
0.86584802851095
0.8662231939862024
0.8665601689270912
0.8668203757696064
0.8671062301815975
0.8673710293877883
0.8676576676166395
0.8679279708273593
0.8681926278375643
0.8684998599807937
0.8687762091919139
0.8690432237814613
0.8692818590719199
0.8694310581826765
0.8696252911504672
0.869818579356867
0.8699906567911064
0.8701639885317686
0.8703722855889902
0.8706286428042465
0.8708679954306098
0.8710226632986282
0.8711710232684562
0.8713546583099944
0.8714584844652549
0.8715234737838292
0.8716292921216606
0.871748158863
0.8718673690682262
0.872019976044849
0.8721952043431559
0.8723437625479564
0.8724707279235309
0.8726475763311038
0.8728788072526731
0.8730744867458312
0.8732734982692864
0.8735137699736865
0.8736830360751987
0.8737997750161661
0.873958454704157
0.8741128872279109
0.8742375772547744
0.874331668916879
0.8744811738340933
0.8746365773811247
0.8747691394572767
0.8749283703835657
0.8750831530333942
0.8751646741145727
0.8752373750308912
0.8753390686898815
0.8754244344638384
0.8754938618916216
0.8756456390841676
0.8758009109604903
0.8759199130300872
0.8760125968221951
0.8761269761930299
0.8762623737796007
0.8763915278243407
0.876507762626267
0.8766037210546089
0.8766909182124808
0.8767687429278546
0.8768382119120455
0.8769097209390997
0.8769851630045582
0.8770662749147877
0.8771616601147235
0.8772795796964401
0.8773852568557461
0.8774659972327264
0.8775702316367092
0.877654017388633
0.8777302737847676
0.8777694989282986
0.8777982906507342
0.8778274060214541
0.8778713905651556
0.8779481023843289
0.878039107467837
0.8781360711461855
0.8782186522786692
0.8783023544059348
0.8783988940190063
0.8784796154299526
0.8785273978627803
0.8785763665585414
0.8786307411979463
0.8786689585083794
0.878708848340398
0.8787622967380082
0.8788080678943151
0.8788235094955184
0.8788638441739546
0.8789163689065905
0.8789485980375085
0.8789894407948586
0.8790395771417371
0.8790752044283786
0.8791207045791978
0.8791924896224355
0.8792851629689439
0.8793502156665715
0.8794083537348323
0.8794698493370671
0.8795594421519509
0.8796514085414726
0.8797082178807272
0.8797762077235155
0.879845426012111
0.8798761238748934
0.8799314679968987
0.8800073742854154
0.880057469853331
0.8800957760160473
0.8801317263800708
0.8801567039878797
0.8801787236427702
0.88019846793588
0.8802112098578034
0.8802042137422074
0.8801972341693727
0.8801845253626708
0.8801640005477915
0.8801523731881249
0.8801599451643463
0.8801691547495678
0.880181230686981
0.8802143387798729
0.8802294695424914
0.8802436007148802
0.8802731629327042
0.8803087575801073
0.8803636050315703
0.8803879225816928
0.8803925705121374
0.8804083338022234
0.880431882816384
0.8804395449037765
0.8804401107727616
0.8804332524723489
0.8804552468203024
0.8804678436194957
0.8804788132842202
0.8805132408097244
0.880542104034002
0.8805544460347113
0.8805691178754229
0.8805925983451496
0.8806323714473432
0.880662674133574
0.8806888764225111
0.8807162338891603
0.8807186299002312
0.8807104946525933
0.8806962366507922
0.880710091591375
0.8807464550491134
0.8807914750852196
0.8808431362706975
0.8808945750780997
0.8809401374545772
0.8809829558224893
0.8810241701954782
0.881055579736041
0.8810725457284069
0.8810904351278528
0.8811152654810773
0.8811263028936489
0.881136610903245
0.8811551087901103
0.8811557854276754
0.8811609582873394
0.8811934220407153
0.881219714870621
0.8812449349112496
0.881262427547197
0.8812716455231447
0.8812990272871178
0.8813214713480828
0.8813431231103616
0.8813599329538023
0.881348046058683
0.8813699180308607
0.8814024404846905
0.8814092285967003
0.8814096838299229
0.881401080605339
0.8814036376995804
0.8814145062240206
0.8814468562180704
0.8814910093055932
0.881508797513594
0.8815352035465127
0.8815610385440198
0.8815759118094593
0.8815999159614198
0.8816152130029843
0.8816315777535114
0.8816614587481686
0.8816774095921444
0.881681896703113
0.8816971746122942
0.8817253234085132
0.8817540708542959
0.8817674244542792
0.8817741119787139
0.8817772492827446
0.8817849468264034
0.8817757705046422
0.8817670162140732
0.8817755229907277
0.8818049575588641
0.8818440558700612
0.8818773324045096
0.8819134235081629
0.8819349978145066
0.8819724963243496
0.8820169898094569
0.8820512902380184
0.88207895007809
0.882081471671584
0.8820897061472842
0.8821107902590747
0.8821216217880671
0.8821216552537766
0.8821341636828952
0.8821589675709317
0.8821619326722802
0.8821669522668832
0.8821702002324547
0.8821796783360158
0.8821896386690032
0.882219124502995
0.8822494606405799
0.8822574747659352
0.8822601014066865
0.8822546457957187
0.8822544373217118
0.8822359891743984
0.8822012330506432
0.8821881633982309
0.8821930493371823
0.8822205650812391
0.8822426309492204
0.8822420200142504
0.8822315702984966
0.8822283155379349
0.8822234666965779
0.8822123849029927
0.8821916764257883
0.8821590027194023
0.8821326262428839
0.8821217128831957
0.8821225106493285
0.8821299573597634
0.8821483880121448
0.8821637121045925
0.8821881596969969
0.8821999695962811
0.882197552131125
0.8821968779685786
0.8822219180801931
0.8822277882908247
0.8822322197597746
0.8822299329311175
0.882230684560337
0.8822181979336594
0.8822122650696591
0.8822169352596669
0.882210526009779
0.8822226611498115
0.8822348154433869
0.8822299398516985
0.8822403966860125
0.8822461176521239
0.8822213932958074
0.8822034722771557
0.8822013897105093
0.8822169292111997
0.88222783824397
0.8822249495302337
0.882226168227996
0.8822570631889084
0.8822740681765355
0.8822743593099955
0.8822916071666508
0.8822985479999204
0.8823064774705408
0.8823095305143269
0.8823212160582049
0.8823303500859343
0.8823316653332403
0.8823392449964583
0.882360403711644
0.8823797848431293
0.8823904463213939
0.8823966298895971
0.8824107112631429
0.8824135605947353
0.8824024873594937
0.8824007687603403
0.8824066514022744
0.8824281593434478
0.8824475524762623
0.8824536861808887
0.8824519141808752
0.8824469320541787
0.882456038543566
0.8824481404885502
0.8824293729419088
0.8824297841725004
0.8824281230384959
0.8824217442917444
0.8824212415221079
0.8824277656865727
0.8824341517568425
0.8824414192921902
0.8824536512004315
0.8824701352713733
0.882469046041344
0.8824458005207854
0.8824468712406982
0.882460175231731
0.8824683240829395
0.8824834593547924
0.8825052726548939
0.8825143902059183
0.8825215309501723
0.8825365410447255
0.8825639577794938
0.882578028746773
0.8825917987144197
0.8826054301871715
0.8826095163014462
0.8826066585223851
0.8826014509922793
0.8826043125893214
0.882611543422058
0.8826066485043618
0.8826050400142499
0.8826012814878142
0.8826016527613982
0.8826149126569723
0.8826283243983489
0.8826385779191133
0.8826450709385164
0.8826553213585052
0.8826646455982141
0.8826544457390891
0.8826418527590351
0.8826441724330384
0.8826641922833377
0.8826767170348313
0.8826748906536949
0.8826795789128847
0.8826815494241027
0.8826959573512746
0.8827217261278443
0.8827456893617741
0.8827507878268829
0.8827440193062764
0.8827419703569078
0.8827464747586852
0.8827492338925228
0.8827576981552797
0.882775092508726
0.8827755032741389
0.8827686682004382
0.8827701059760602
0.8827799108124124
0.8827832993955815
0.8827856023040654
0.8827835968061117
0.8827915234348274
0.8828159564852048
0.8828292452425888
0.8828360954256279
0.8828364901257312
0.8828217971681988
0.8828142907050986
0.8828234240156975
0.8828326431308838
0.8828455393675722
0.8828663477209601
0.8828803311629997
0.8828885797915553
0.8828881499144302
0.8828782190302462
0.882880223509609
0.8828744249103259
0.8828721152640749
0.8828933672335857
0.8829046975971475
0.8829094509938018
0.8829253060331382
0.8829457008983442
0.8829619790202458
0.8829679790798206
0.8829710683090719
0.8829765314692355
0.8829745926278718
0.882978723188813
0.8829964343711301
0.8830055633912209
0.8830045821389131
0.8830077047620948
0.8830101624347775
0.8830117216062834
0.883013620083606
0.8830285324336952
0.8830424347014763
0.8830495527272171
0.8830521842178436
0.8830506833418144
0.88305379705543
0.8830509634792714
0.8830421462640698
0.8830323073439124
0.8830204920331441
0.8830174625351614
0.8830265876452724
0.8830405347776048
0.883049756841819
0.8830542633557529
0.8830605419231942
0.8830570429955721
0.8830610298024069
0.8830693634739104
0.8830838065344364
0.8830934053689219
0.8830900768408998
0.8830815366507314
0.8830950348666691
0.8831168956621337
0.883127066427667
0.8831346390410761
0.8831496225663978
0.8831581945088777
0.8831630596554146
0.883170341687574
0.8831718158506942
0.8831659493658056
0.8831646481911856
0.8831736444740829
0.8831873158078433
0.8831957053500515
0.8832047462480975
0.8832126942492406
0.8832170612844683
0.8832243775261459
0.883239195155929
0.8832469031341665
0.8832659697704147
0.883290560665238
0.8833011248616544
0.8833105539613398
0.8833205646027955
0.8833163242001794
0.8833129222571595
0.8833197568157953
0.8833319876914276
0.8833431164027282
0.8833487910281757
0.8833598762490106
0.8833689968169376
0.8833759188604027
0.8833851541750346
0.883387121330481
0.8833908907934807
0.8833788203904922
0.8833689786254579
0.8833722291334987
0.8833660754005704
0.8833550667544218
0.8833523945896887
0.8833607412375338
0.8833579471608857
0.8833511630641597
0.8833543449340271
0.8833590403280518
0.8833507589104763
0.8833518772191615
0.8833426678295766
0.8833436921035336
0.8833650750466916
0.8833715282536214
0.8833745637500171
0.883388483357607
0.8834089685343941
0.8834243007204798
0.8834254271521265
0.8834275828246566
0.8834308496453227
0.8834310944117014
0.8834262271511761
0.8834181793725239
0.8834218151217124
0.8834312067445979
0.8834371722848589
0.8834301710094469
0.8834320291059637
0.8834419973848952
0.8834471067833808
0.8834574221834034
0.8834655568746841
0.8834725066136238
0.8834816999299886
0.8834834181908365
0.8834849712861775
0.8834973301948257
0.8834979443317834
0.883501470915097
0.8835151096821806
0.8835244872776773
0.8835440752774631
0.8835608652355756
0.8835707431029816
0.8835764913570291
0.8835900153114483
0.8836036649706898
0.8836073981770649
0.8836051288669154
0.8836025459519351
0.8835997720773269
0.88359289280343
0.8835903775849638
0.8835949090458817
0.8835937832045198
0.8835897010020148
0.8835872591079198
0.8835913294228013
0.8836056717682756
0.8836136696819336
0.8836168038688385
0.883630271912374
0.883640641578548
0.8836470479546213
0.8836616908218402
0.8836672130618946
0.8836638659894762
0.8836679686646065
0.8836722098289923
0.8836705776085703
0.8836629378740438
0.883668764382167
0.8836709588040828
0.8836682484555981
0.8836694479236552
0.883665973219571
0.8836716094086174
0.883675180864761
0.8836788260579727
0.8836831259357777
0.8836795141725676
0.8836854409672015
0.8836860272199154
0.8836797029568698
0.8836860952780663
0.8837014615218238
0.8837203985907365
0.8837351924637771
0.8837416917475533
0.8837470525077954
0.88375341972021
0.8837634339817471
0.8837718129943899
0.8837731174091846
0.8837683762562193
0.883768037137893
0.8837719350982957
0.8837676668892989
0.8837712728535628
0.8837696552341919
0.883762647297139
0.8837573534182528
0.8837473293538619
0.8837401015650765
0.8837265633819493
0.8837110538017842
0.8837098338257421
0.8837131286868888
0.8837155664380045
0.8837181674442005
0.8837276264984036
0.88373071104812
0.8837294338333135
0.8837349512754321
0.8837373214902932
0.8837453431950587
0.8837510398150032
0.8837534466355526
0.8837540018458724
0.8837529947399049
0.8837633979302293
0.8837762652592814
0.8837838554505657
0.8837825114672915
0.8837896744529218
0.8837978890047928
0.8837954127302307
0.8837881961553655
0.8837813885605318
0.8837760826280674
0.8837762934900534
0.8837796014991793
0.8837748955702013
0.8837685205513773
0.8837660406236313
0.8837621020922476
0.8837591716138066
0.883752096791273
0.8837454052127688
0.8837510519222324
0.8837507135659614
0.8837388540967355
0.883731452473453
0.8837292186128403
0.8837307805143437
0.8837321003634264
0.8837328849535283
0.8837387736817895
0.8837341069764605
0.8837236468840705
0.883718567104205
0.8837206927742138
0.8837178576048593
0.8837112762602289
0.8837144973742974
0.8837232085152049
0.8837212527898213
0.8837169976982217
0.8837204200592597
0.8837182445294788
0.8837148601307091
0.8837148841274511
0.8837145945949189
0.883717917378471
0.8837266606287485
0.8837309165652277
0.8837295358553732
0.8837268524474796
0.8837274609721661
0.8837300416032122
0.8837297258995505
0.8837265548447556
0.8837326707272444
0.8837479260103319
0.8837545445838187
0.8837495552072367
0.883747222545139
0.8837554451038547
0.8837653499584761
0.8837715463933471
0.8837874731697543
0.8838040609995881
0.8838124402317274
0.8838106399587434
0.8838052642843366
0.8838075091872067
0.8838155760731006
0.8838194823960377
0.8838265042678527
0.8838383096757559
0.883842887335326
0.8838380367220332
0.8838425227864776
0.8838539038998525
0.8838550986071094
0.8838615221378608
0.8838710544914207
0.8838729406313001
0.883874882024797
0.8838781404906506
0.8838813877715216
0.8838826919561161
0.8838794128686043
0.8838752851302779
0.8838659637545453
0.8838573796728846
0.8838519361710685
0.8838589080324053
0.8838681963084084
0.8838690369825556
0.8838631725444346
0.8838636763881218
0.8838667919194332
0.8838555930519024
0.8838428143045124
0.8838362036186764
0.8838341687226413
0.8838312993392561
0.8838294381426368
0.883830772201501
0.8838331882292414
0.8838375918479445
0.8838426461805039
0.8838424749216361
0.8838385144177504
0.8838338490778864
0.8838337573610082
0.8838346962191401
0.8838369676143003
0.8838423284627478
0.8838407876422547
0.8838367653556797
0.8838347498505045
0.8838368376116422
0.883833243780629
0.8838245188011005
0.8838176793704351
0.8838150257459264
0.883805381935108
0.8837957166699744
0.8837952492365635
0.8838027866243726
0.8838122346523861
0.8838225956157834
0.8838386364293066
0.8838439507864008
0.8838460253281402
0.8838536749441825
0.8838640868674735
0.8838712463621065
0.883872279697052
0.8838759968174239
0.8838832253609707
0.8838806287011309
0.8838714064411898
0.8838731383158883
0.8838739048441003
0.8838748335545007
0.8838816006780853
0.8838892920968571
0.8838913834161597
0.8838893802851235
0.8838883131434135
0.8838942174988546
0.8839046088112269
0.883920153276153
0.8839323935620822
0.8839406753023202
0.8839431820444001
0.8839428513077027
0.8839393807479856
0.883935676375604
0.8839354305043039
0.8839432304093563
0.8839399900195865
0.8839309899565772
0.8839322837857608
0.8839351869946691
0.8839335714434156
0.8839281540472884
0.8839290601001287
0.8839359978644613
0.8839478840434147
0.8839553262860219
0.8839523684632208
0.8839558551136539
0.8839584264989674
0.8839534770174217
0.8839559385065437
0.8839588565907891
0.8839597821311111
0.8839639739963114
0.8839754477402821
0.88399045247225
0.8839977672965067
0.8840003548014568
0.8840023092606383
0.8840049254190215
0.884007642419765
0.8840151147383932
0.8840224290943198
0.884026079617557
0.8840314447067928
0.8840406223036879
0.8840485484831472
0.8840424603137207
0.8840388873259002
0.8840392362795039
0.8840394628459339
0.8840426904210539
0.884037252484723
0.8840311519863432
0.8840322270049289
0.8840264101932729
0.884018637382545
0.8840142695865334
0.8840125959280859
0.8840175699958172
0.8840225271303982
0.8840222822922352
0.8840207822974915
0.8840171293189403
0.8840116045438479
0.8840052530091265
0.8839960787796678
0.883994658338367
0.8840000279446815
0.8840044568788058
0.8840105712353813
0.8840132766519139
0.8840206079890721
0.8840280762678762
0.884028312498179
0.8840296665281955
0.8840359739150759
0.8840448758020732
0.8840498302809826
0.8840550913836337
0.8840640243817763
0.8840722242405767
0.8840778210904334
0.8840758149334415
0.8840722092037094
0.8840763724353198
0.8840836813162182
0.8840880133929334
0.8840909513517227
0.884094329323449
0.8840947146038468
0.8840908396346892
0.8840826833912682
0.8840889594569031
0.884100621910329
0.8840996454386518
0.8840991215485691
0.8841023133821246
0.8841071146077049
0.8841118909889685
0.8841124182236886
0.8841133930122301
0.8841115969654184
0.8841055025419261
0.8841054659318079
0.88410477513072
0.88410256553552
0.8841015906163832
0.8840999296072505
0.8840954421525904
0.8840826753632576
0.8840734298156817
0.8840751453479355
0.8840797933708279
0.8840744535999547
0.8840688868361956
0.8840686263500678
0.884065698814734
0.8840608391075602
0.8840568564536265
0.884052309622785
0.8840493355408877
0.8840415560878593
0.8840400343561652
0.8840374670299781
0.8840277218309089
0.8840193627208657
0.8840109239027771
0.8840084357281113
0.8839984711062256
0.8839883373013611
0.8839849142942483
0.8839777056813775
0.8839717365407996
0.883972916638553
0.8839758629630559
0.8839680562198671
0.8839610534344654
0.8839545422536343
0.8839469156494192
0.8839447604820542
0.8839405628618752
0.88393490328412
0.8839283018324594
0.8839236494450916
0.8839230823197908
0.8839239701576911
0.8839188971192175
0.8839138753175778
0.8839106946276315
0.8839062774102927
0.8839100035661682
0.8839060581629407
0.8839020672946017
0.8839016692489049
0.8839010654773385
0.8839021267014443
0.8839067549044565
0.8839067393616094
0.8839026741225353
0.883905123929155
0.8839023244366917
0.8838938427910356
0.8838928854969473
0.8838990533210584
0.8839018126124376
0.8839056617707556
0.8839075713301996
0.8839125689097923
0.8839196289982183
0.8839196321979339
0.8839225865486573
0.8839217995884596
0.8839187491194741
0.8839128681535117
0.8839056224672465
0.8838972395945357
0.8838886108591977
0.8838913720131806
0.8838976963703098
0.883900721907786
0.8839044117791205
0.8839068385469157
0.8839049568900661
0.8839005344110095
0.8838940273937681
0.8838925980256453
0.8838938957212211
0.8838954131959288
0.8839017119669849
0.8839051832840894
0.8839117156358045
0.8839155548904377
0.8839183402358141
0.8839109962470114
0.883900033094001
0.8838970713533241
0.8838973234077291
0.8839009246689326
0.8839051894997452
0.8839092765209603
0.8839055635707629
0.8839057190577545
0.8839079778066538
0.8839042797074558
0.8839050758384316
0.8839099446106399
0.8839164991102428
0.8839254689999496
0.8839301575144051
0.8839323337294138
0.8839335239423458
0.8839378011239798
0.8839386871848517
0.8839412759684322
0.8839466987839273
0.883951930631506
0.8839569098196821
0.8839623016081725
0.8839667745913763
0.8839683558707115
0.8839685680609685
0.8839668161448133
0.8839618830240301
0.8839633508243865
0.8839673822958454
0.8839708535566744
0.8839735838194668
0.8839700228099016
0.8839710531563131
0.8839729642199213
0.8839770396665618
0.8839825954416277
0.8839884726950782
0.8839931532846432
0.8839936427326188
0.8839970146558168
0.8840009971285309
0.8840072344905973
0.884014348327339
0.8840135367665177
0.8840078496617512
0.8840077031918292
0.8840115501496335
0.884018170741118
0.8840231982883421
0.8840229551065083
0.8840220094767707
0.884031036315365
0.8840438022256532
0.884048602246821
0.8840511836999311
0.8840610852279677
0.8840687659783476
0.8840705772125573
0.8840717182016894
0.8840723502694464
0.8840721077586967
0.8840711402739402
0.8840679289667955
0.8840654183616984
0.8840658421685447
0.8840667982485333
0.8840695597847598
0.8840739008979426
0.8840755483265021
0.8840751111427981
0.8840757110904607
0.8840725728339738
0.8840698276010759
0.8840714843541733
0.8840714853600665
0.8840769296654666
0.8840842777120707
0.8840905223173616
0.8840953342531387
0.8840970554512928
0.8840982263649635
0.8840993501273791
0.8840983048034672
0.8841009130343298
0.8841033936484906
0.8841104097503948
0.8841197827013243
0.8841226632499615
0.8841174849281455
0.884116882907385
0.8841194607780565
0.8841191787006777
0.8841216004653584
0.8841251474257971
0.8841322792145772
0.8841354114429436
0.8841371503320279
0.8841411897519793
0.8841493305584008
0.8841554136498332
0.8841586723297838
0.8841582555058225
0.8841614227286173
0.8841627147507078
0.8841670044430692
0.8841703426849926
0.8841665200784072
0.8841586675723933
0.8841559817302815
0.8841599773503451
0.8841644876393079
0.8841652630620103
0.8841685655076191
0.8841701632238534
0.8841645871784928
0.8841568006177075
0.8841509649698823
0.8841464706429715
0.8841458988924428
0.8841428053216083
0.88413884339613
0.8841374799817628
0.8841333564509244
0.8841305906507944
0.8841307146661407
0.8841301031066953
0.8841285827863846
0.8841263368138457
0.8841225068237124
0.8841139540940403
0.8841020301345657
0.8840921376838425
0.8840893429974153
0.8840862869287427
0.8840883215095775
0.8840942044906351
0.8840953957873859
0.8840978863508877
0.8841013345371403
0.884103694073069
0.8841038539130529
0.8841070433966114
0.8841094881891272
0.8841113647735559
0.8841082570111046
0.88410671825019
0.8841049001600052
0.8840972039639508
0.8840930711375194
0.8840922278935759
0.8840949346968192
0.8840973965741031
0.8840997546836107
0.8841009927034253
0.8840970101973166
0.8840918990840724
0.8840927054329357
0.8840948411087356
0.8840948632753649
0.8840956932853828
0.8840963471272383
0.8840991725439565
0.8841005376259777
0.8840956391803155
0.8840914686586355
0.8840897724756337
0.8840856122749464
0.8840869779803993
0.8840957266014218
0.8840999022320813
0.8841053546366949
0.8841062122065568
0.8841042634163903
0.8841034075228158
0.8841034282932945
0.8841064255207753
0.8841083246124829
0.8841048246850036
0.8840978680408964
0.8840930711314764
0.8840891700027398
0.8840825629265012
0.8840742372644568
0.8840725320725268
0.8840772615445608
0.8840851446705944
0.8840927477193466
0.8840945011588439
0.8840932388011093
0.8840901219388602
0.8840918262309
0.8840937833174775
0.8840930795687507
0.8840929051585037
0.8840936671229991
0.8840942436887692
0.8840961840678764
0.8840967438584514
0.8841005810464935
0.8841008411170955
0.8841039983817354
0.8841068656784209
0.8841096760211996
0.8841204912900924
0.8841317949253527
0.8841436872981475
0.8841536748346075
0.8841591335246304
0.8841612754986488
0.8841688774899703
0.8841735082345498
0.8841780874194015
0.8841816498222609
0.8841857696774581
0.884188976304682
0.8841900205750481
0.8841897904308587
0.8841907001617871
0.8841939258264583
0.8841955065081165
0.884198656735499
0.8841996596135934
0.8841972417214322
0.8841969523267942
0.884198130203193
0.88419956068784
0.8842038524335455
0.8842070255210354
0.8842105991007198
0.8842137922489165
0.8842165624285966
0.8842169076871941
0.8842140596857189
0.884213634465539
0.8842138673577218
0.8842109091568131
0.8842069249886665
0.8842080046136602
0.8842083569419747
0.884207960303085
0.8842066304251849
0.8842048876616311
0.8842039269175845
0.8842038138309244
0.8842032208249709
0.8842039601316262
0.884206359766571
0.8842094908034361
0.8842116863891197
0.8842118280118368
0.8842164857146785
0.8842204966973616
0.8842193837609071
0.8842164757097406
0.8842137681152681
0.8842126873467558
0.8842139833127707
0.8842192780157044
0.8842212909284664
0.8842214425817295
0.8842177003126936
0.8842131821852769
0.8842079398573409
0.8842055998216313
0.8842069783328818
0.8842099348629171
0.884212851744959
0.8842168512293942
0.8842225634142531
0.8842273983601077
0.8842313190685215
0.8842369126867455
0.8842403689202425
0.8842426429802144
0.8842458348261956
0.8842515766537955
0.8842538316781062
0.8842578869284831
0.8842566137360347
0.8842572065765618
0.8842591122237985
0.8842607077021112
0.8842616239849419
0.8842607113212364
0.8842627492254957
0.8842620666533385
0.8842628475130888
0.884262305965256
0.8842655129002402
0.8842666852876947
0.8842683849620315
0.8842668902210714
0.884266435264928
0.8842675724449182
0.8842685734940668
0.8842694561284005
0.884270060843309
0.8842724908117351
0.8842761146224388
0.884278113157213
0.8842794770121681
0.8842807534453048
0.8842832837755369
0.8842852608840863
0.8842882349565084
0.8842913247964292
0.8842914361705899
0.8842916559146413
0.884291564628033
0.8842915896831789
0.8842920524459175
0.8842915458529751
0.8842931850533858
0.8842943179786409
0.8842966197535417
0.8842981237743418
0.8842993171249801
0.884299421257325
0.884301298716475
0.8843058040166045
0.8843110473601228
0.8843179648528461
0.8843164534209479
0.8843170889079801
0.8843227151394851
0.8843286839677448
0.8843348506867174
0.8843401665939046
0.8843438591523254
0.8843483238037607
0.8843466117209318
0.8843455834203022
0.8843436225898196
0.8843422400321561
0.8843384830440312
0.884334489783312
0.8843320359883672
0.8843305986384512
0.8843325976500943
0.8843345693923834
0.8843348993652145
0.8843327988989553
0.8843280284129772
0.8843281614198369
0.884327896563332
0.8843305835460366
0.8843344414290571
0.8843372265832715
0.8843389575130832
0.8843380986567424
0.8843377446977339
0.8843380276346336
0.8843390416930887
0.8843397181661543
0.8843425528336261
0.8843463690134186
0.8843475440780287
0.8843465101152493
0.8843453138084273
0.8843476562055644
0.8843491405230702
0.884352611993954
0.8843574592603454
0.8843595099555227
0.8843589611086398
0.8843593116137172
0.8843601500887764
0.8843587655002423
0.8843532095510587
0.8843507764476931
0.8843493063804868
0.8843512193443702
0.8843517650116978
0.8843515155425374
0.8843554003088532
0.8843553460786213
0.8843521077827093
0.8843479889767168
0.8843436996571494
0.8843446488109614
0.884341774347544
0.8843341295959637
0.8843309795692516
0.8843275828563933
0.8843201206013245
0.8843113113962578
0.8843057054289304
0.8843089519912649
0.8843058881416366
0.8843011601182577
0.8843031429317453
0.8843046826891543
0.88430531948172
0.8843037888712496
0.8843024709174898
0.884304644434174
0.8843032202174654
0.884298099950274
0.8842968559848461
0.8842973738584239
0.884298046277689
0.884298263486511
0.8842978925920106
0.8842949473596555
0.8842944830514045
0.8842890722115673
0.8842894271354462
0.8842881395751256
0.8842867356614731
0.8842875658838437
0.8842874593078803
0.8842879226639082
0.884286989898898
0.8842882101575776
0.8842921272684144
0.8842933406467907
0.8842956475779846
0.8842957084065367
0.8842958088421651
0.8842978491631853
0.8842983095936983
0.8842968465501772
0.8842903233268284
0.8842887619993249
0.884290642752269
0.8842930645173779
0.8842965046143285
0.8842996947204792
0.8843019724501989
0.8843026663817237
0.884301046631226
0.8843024465560113
0.8843029301725982
0.8843122259633585
0.8843151702148869
0.8843159261587645
0.8843139973066719
0.8843163754117743
0.8843222560043247
0.884320276529581
0.8843134941940006
0.8843097628221719
0.8843052336883731
0.8843018405782995
0.8842992057923674
0.8842983117312677
0.8842968864847336
0.8842919768006227
0.8842851495619102
0.8842849342588688
0.8842860855211949
0.8842867825425094
0.8842864559462673
0.8842836124362108
0.8842817615230766
0.8842800442944753
0.8842772045659114
0.8842725209508395
0.8842725939600934
0.8842751543017298
0.8842804344346638
0.884280709191862
0.8842827855157375
0.8842828176364702
0.8842844751187167
0.8842854500672936
0.8842886428691042
0.8842937967737707
0.884295178033631
0.8842980042236007
0.8842998006983686
0.8842970043469812
0.884293375974743
0.8842940546743028
0.8842939472587741
0.8842917559751312
0.8842914974857183
0.8842915921404246
0.8842915430968582
0.8842877998729822
0.8842836350673019
0.8842834522474545
0.8842851976391641
0.8842892411272258
0.8842956039699887
0.8843042185314552
0.8843118136310654
0.8843176495579911
0.8843214504058927
0.8843212533201805
0.8843185586661741
0.8843204256361753
0.8843255479848142
0.8843218194367451
0.8843172375181632
0.8843146231941015
0.884311788761297
0.8843102592049048
0.8843085489981454
0.884304766141158
0.8843038891788736
0.8843045946838287
0.8843047605736851
0.8843014001512164
0.8842970454510283
0.884295722417089
0.8842928890690067
0.8842928029989384
0.8842918305353905
0.8842907479588636
0.8842891674102572
0.8842841201700866
0.8842832023829639
0.8842813046506204
0.8842821456090466
0.8842842112492791
0.884282257908023
0.8842870056533252
0.8842914957192776
0.8842921390148561
0.884294705398795
0.8842981571424434
0.884299985528379
0.8843020480493636
0.8843035829318405
0.8843054627269439
0.8843068350996987
0.8843080422531715
0.8843047949436965
0.8843010869922318
0.8843030438128744
0.8843022719305283
0.8843046993122434
0.8843084964953336
0.8843103308427374
0.8843117272892762
0.8843140706985535
0.8843152272864708
0.8843146166142364
0.8843142613424667
0.8843142931179806
0.8843146635212479
0.8843117965622779
0.8843087852301771
0.8843038406779868
0.8843004357695471
0.8843000326096879
0.884295813340491
0.8842950921964449
0.8843003247503199
0.8843031281729533
0.8843056154721979
0.8843059490887267
0.8843085068933958
0.8843103519341067
0.884311898017922
0.8843105678371853
0.8843126881112116
0.8843196043142428
0.88432359174186
0.8843276843113598
0.8843296496604715
0.8843305561848085
0.8843283048708437
0.8843303339026362
0.8843304138726471
0.884330580747669
0.8843296413895763
0.8843303289744078
0.884336592391156
0.8843427719296452
0.8843437866095681
0.8843444989455719
0.8843461007874819
0.8843502380665198
0.8843499630283871
0.8843519758224702
0.8843563072557482
0.8843592527367221
0.8843560610811732
0.8843525954766891
0.8843491176932394
0.8843468143146066
0.8843473649606212
0.8843483937094873
0.8843486728908598
0.8843521806952327
0.8843528166659356
0.8843564419503814
0.8843593117467737
0.8843578822378364
0.8843538805663642
0.8843511503679231
0.8843505572970387
0.8843457739170709
0.8843423502387622
0.884341150657906
0.8843462765821409
0.8843470550165603
0.8843472810872821
0.8843483365910381
0.8843467857404111
0.8843484815245493
0.884350195255784
0.8843520006682685
0.8843507599551067
0.8843481226979473
0.8843459339390101
0.8843503802431804
0.8843502021594376
0.8843473827957585
0.8843450175761635
0.8843435887763261
0.8843413220356562
0.8843391593826304
0.8843418377479714
0.8843389066792572
0.884333857709371
0.8843304950796059
0.8843268453389145
0.8843225710583982
0.8843183307939331
0.8843154714847611
0.8843136157003406
0.8843159797505936
0.8843132509045364
0.8843098263331345
0.8843082375706236
0.8843074756771863
0.8843056182620941
0.8843047401556086
0.8843031900315961
0.884302511455737
0.8843046871918617
0.8843005240953014
0.8842974779800439
0.884290864551076
0.8842854832593644
0.8842848403321157
0.8842863309000086
0.8842864502134701
0.8842888909446963
0.8842888149300332
0.8842871589187378
0.8842829137411813
0.8842761045696983
0.8842747212866089
0.8842745652526094
0.8842752330489466
0.8842797790554827
0.8842803024285188
0.8842791731688568
0.8842790565602282
0.8842819317362195
0.8842834436967336
0.884285704467555
0.8842852785900358
0.8842844958995331
0.8842851500701268
0.8842838221253639
0.8842824239416547
0.8842786959926955
0.8842759215129179
0.884274613510062
0.8842770753903049
0.8842782038183635
0.8842787241621332
0.8842797220915591
0.8842781049931334
0.88427091448779
0.8842639009257658
0.884260918258827
0.8842607310636607
0.8842601151999933
0.8842604681575854
0.8842622800698791
0.8842616913945971
0.8842656353231659
0.8842711188126477
0.8842743512480511
0.8842773862705225
0.8842768619654273
0.8842759806868263
0.88427776753821
0.8842784756413582
0.8842766219019252
0.8842736461454576
0.8842710121239752
0.8842674315723257
0.8842673234152797
0.8842670443698846
0.8842677648762608
0.8842691452544227
0.8842644776816847
0.8842610369765166
0.8842592415480351
0.8842593887236989
0.884259076922962
0.8842626318820749
0.8842690593161876
0.8842735333077602
0.8842760327192141
0.8842766803467733
0.8842763320738456
0.8842779165419931
0.8842797274339257
0.8842796288770398
0.8842824134877262
0.8842817622842393
0.8842838321192172
0.8842852264161908
0.8842833854224389
0.8842821790657601
0.8842810098626797
0.884284159362348
0.8842881616935078
0.8842870123311701
0.8842894334701336
0.8842922200704444
0.8842926705360561
0.8842925494226499
0.8842911341479924
0.884289986641013
0.884288444001497
0.8842883934951353
0.8842902408419021
0.8842894834960917
0.8842892986199506
0.884289192139949
0.8842882564000992
0.8842878524439373
0.8842880260673149
0.884287757063124
0.8842884757791397
0.8842895502053815
0.88428572106487
0.8842860526594989
0.8842858583836479
0.884289505921205
0.8842966479567618
0.8842979651743454
0.8843032842332497
0.8843086928498016
0.8843115643096059
0.8843146858898818
0.8843171033168988
0.8843158531628014
0.8843133341881456
0.8843107498169247
0.8843087836303589
0.8843066937158915
0.8843035655814844
0.8843038514774463
0.8843069924020114
0.8843072446438807
0.8843064857664442
0.8843062984910804
0.884310668414817
0.8843095967568311
0.8843101194981724
0.8843108862527597
0.8843123061602747
0.884312061964324
0.8843149294264142
0.8843158663825316
0.8843145877112145
0.8843126600901776
0.884311983362585
0.8843101030784676
0.8843078268774542
0.884308165512004
0.8843082992101301
0.8843086632880381
0.8843093785735575
0.8843075685861562
0.8843068158047555
0.8843059313337104
0.8843068010084014
0.8843065550104809
0.8843061294092883
0.8843070723189211
0.8843068530975046
0.8843051938435762
0.8843062482870312
0.8843083442684746
0.8843107035235312
0.8843115196875394
0.8843163543617276
0.8843209387757011
0.8843278678845563
0.8843331537582559
0.8843366756682941
0.8843380037572031
0.884340190362839
0.8843404665897927
0.8843406058177482
0.8843405653493711
0.8843396962446404
0.8843408444815909
0.8843448400675411
0.8843473285036118
0.8843483467863616
0.8843482303417628
0.8843507912537479
0.8843538913155922
0.8843577311049331
0.8843600484013124
0.8843588285055204
0.8843587671441366
0.8843579578363849
0.8843563682893376
0.884355258886098
0.8843555628603239
0.884360119030922
0.8843668012639478
0.8843712225854575
0.8843780085816223
0.8843881743607799
0.8843959585600585
0.8844018367002544
0.8844063877689815
0.8844103138044419
0.8844131719681805
0.8844141815272553
0.8844145879979399
0.8844146503647301
0.8844131276118378
0.8844131411810234
0.8844128910386247
0.8844113291231364
0.8844099962361976
0.8844110757043582
0.8844123011264013
0.8844121428281019
0.8844136563279766
0.884414709360673
0.8844138163036452
0.8844151370326314
0.8844171304010857
0.884417879724614
0.8844158588430434
0.8844173588153702
0.8844155008440003
0.884414080704598
0.8844109014206045
0.8844083011586342
0.8844046222936895
0.8844033450117483
0.8844021356452731
0.8844022630071222
0.8843999435645084
0.8843947857327275
0.8843912443227239
0.8843872970165032
0.8843837201031444
0.8843810076011618
0.8843822710040785
0.8843856774291619
0.8843836800070678
0.8843838836795935
0.884384036663309
0.8843842233242187
0.8843863043889411
0.8843893500108988
0.8843883758713706
0.884389275750507
0.8843918193800222
0.8843922321015287
0.8843908976015548
0.8843913838871041
0.8843918817280252
0.8843929573699336
0.8843953771522803
0.8843941262033637
0.8843909428339871
0.8843890340346924
0.8843888078994373
0.8843898280523398
0.8843890586726597
0.8843929782339344
0.8843964344292674
0.8843974584420379
0.884397894308286
0.8843992498560742
0.8844004525554355
0.884399535568519
0.8843977821161798
0.8843972101426114
0.8843969695592471
0.88439852855697
0.8843998109455661
0.8844014497997037
0.8844002539665449
0.8844020793873679
0.8844054915899768
0.8844083197766164
0.8844127312491392
0.8844155536952371
0.8844170059095964
0.8844203518440428
0.8844230273074164
0.8844221404140922
0.8844209261911694
0.8844219426337249
0.8844228726799944
0.8844236712040078
0.8844234238693549
0.8844223038598855
0.8844230209841776
0.8844261679483687
0.8844295979938963
0.8844299424669019
0.8844318273246446
0.8844332977245055
0.8844377079261272
0.884441521945555
0.8844447170249047
0.884446999042774
0.8844479916916989
0.8844481976985483
0.8844464601943134
0.884443901174488
0.8844448581754606
0.8844439210690141
0.8844433621092395
0.8844408692913055
0.8844403547987215
0.8844402869740382
0.884440624204968
0.8844408496946649
0.8844430660547575
0.8844444806153816
0.8844468900238706
0.8844483851602174
0.8844503862684685
0.8844525536058213
0.8844534817153852
0.8844538758805071
0.8844522618150722
0.8844519625750892
0.8844535571174353
0.8844548501856884
0.88445389695562
0.8844537774798541
0.8844532228516391
0.8844518649658178
0.8844525671575839
0.8844558226227632
0.8844579255719931
0.8844603753436615
0.8844628095015181
0.8844623380929014
0.8844634631008019
0.8844637107827336
0.8844650755764828
0.8844678752709116
0.8844705332989148
0.8844739012065881
0.8844749221921834
0.8844743251129351
0.8844756443166044
0.8844800947683357
0.8844839989714264
0.8844871951518521
0.8844889876008022
0.8844908150896851
0.8844930658773393
0.8844945439065268
0.884501862955948
0.8845062756642106
0.8845053951915464
0.8845033573422456
0.884504804534483
0.8845101668760619
0.884515353451539
0.8845212036379977
0.8845230983330438
0.8845197470113219
0.8845207620650498
0.8845231922817898
0.8845241661102267
0.8845228349918003
0.8845220601040422
0.884519246441283
0.8845192408530638
0.8845212505600736
0.8845207509665786
0.8845198272923711
0.8845190408215406
0.8845216313606791
0.8845224014483379
0.8845224834616346
0.8845231270789954
0.8845205518752124
0.8845188367906409
0.8845153805577274
0.884513101200917
0.8845118786850923
0.8845123721929782
0.8845116447024035
0.8845081973092644
0.8845056169405338
0.8845070849035725
0.8845080675891088
0.8845081226674354
0.8845094218941488
0.8845115414353278
0.8845113478130617
0.8845106887228315
0.884511653564275
0.8845110610633007
0.8845132188931063
0.8845141561164022
0.8845154108868176
0.8845176413547104
0.8845177323611383
0.8845176009881415
0.8845157374276077
0.8845145725497293
0.8845160924054859
0.8845171651930206
0.8845202098966461
0.8845221451037933
0.8845210810772636
0.8845183887170774
0.8845184889127358
0.8845162584611134
0.8845153613459968
0.8845166448516484
0.8845148993104577
0.8845153216115108
0.8845153463746036
0.8845156125329975
0.884517102429377
0.8845164417361187
0.884514494229134
0.884515041789078
0.8845127457732617
0.8845085728108013
0.8845048497303525
0.8845043959917303
0.8845044785649727
0.8845061445917578
0.884511256779387
0.8845151863955392
0.8845157425042837
0.8845139011545032
0.8845117067413798
0.8845119068546573
0.8845108236879494
0.8845097607012719
0.8845108150763248
0.8845118103057464
0.8845113380365057
0.8845098870696433
0.8845106321973749
0.8845124461119833
0.8845119377325037
0.8845136489535164
0.8845151172454123
0.8845148376330066
0.8845164833538682
0.8845203342895168
0.8845231692721992
0.8845231606994157
0.8845249029464118
0.8845244889366065
0.8845259707640007
0.8845288242386443
0.8845313644916392
0.8845327917074228
0.8845328725185093
0.884534378482329
0.8845352560263766
0.8845376038260058
0.8845393819138806
0.8845397683016283
0.8845374810091755
0.8845365698296088
0.8845361382460127
0.884535009433744
0.884533839236271
0.8845325088300707
0.8845331739230418
0.8845331816146049
0.8845297037962132
0.8845257564888752
0.8845208957426585
0.8845147975598322
0.8845091900882559
0.8845035734463793
0.8845002048168713
0.884496805946212
0.8844941202927877
0.8844916265172436
0.8844889032902588
0.8844866327330033
0.8844845403088846
0.8844839165791396
0.8844835776460536
0.8844825704209557
0.8844819485498178
0.8844823092561158
0.8844830225552475
0.8844865946212839
0.884487129260358
0.8844843939961604
0.8844849560489427
0.8844878039463774
0.8844909469307866
0.8844945974601826
0.8844953528506966
0.8844962904674032
0.8844989275668821
0.8845028404774093
0.8845076484840291
0.8845102101001269
0.88450976659928
0.8845098662175226
0.8845094146982406
0.8845071351446845
0.8845053172506063
0.8845047583066332
0.884502735431245
0.8845009593187424
0.8845023288308957
0.8845042681568431
0.8845054344979575
0.8845063245816269
0.8845079717578037
0.8845109704530025
0.8845129657921507
0.8845130358020569
0.8845123656381406
0.8845125622672401
0.8845168422059695
0.8845182408157376
0.8845160384606755
0.8845162627084787
0.8845162654204296
0.8845171070633407
0.8845196243416796
0.8845206258383992
0.8845207690895389
0.8845197567328323
0.884521118680827
0.8845214435481604
0.8845207657994115
0.8845235347621889
0.8845253969416959
0.8845260851596487
0.8845275988142622
0.8845291899757669
0.8845327138357229
0.884534242634695
0.8845341706603383
0.8845346687985434
0.8845357867287075
0.8845345966790139
0.8845337358805555
0.8845348206647637
0.8845349701777683
0.8845342893261395
0.8845325736129696
0.8845303176406902
0.8845289021260607
0.8845268039459496
0.884524678206013
0.8845231285169682
0.8845226875169999
0.884525027256166
0.8845275165303477
0.8845281801200596
0.8845255419512149
0.8845234177484717
0.8845229071395558
0.8845208942743543
0.8845198638480308
0.8845189079244592
0.8845196758656306
0.8845209706872582
0.8845225889356237
0.8845223963666803
0.8845205563553209
0.884521090239283
0.8845222058499662
0.8845226681020523
0.8845223661492402
0.8845209745708786
0.8845202821015499
0.8845190543796271
0.8845201745635332
0.8845224701705912
0.8845237557801969
0.8845260478126631
0.8845289711950389
0.8845324051846434
0.8845343960021518
0.8845350396232259
0.8845355900210505
0.8845356472846196
0.8845348392582228
0.8845323235345545
0.8845298661498174
0.8845310515809313
0.884531356979052
0.8845289536708806
0.8845261859112813
0.8845264905921992
0.8845278063657029
0.884527169658723
0.8845261493262434
0.8845249982819926
0.8845267426231217
0.8845287883219688
0.8845285528628628
0.8845293544362693
0.8845327096832115
0.8845332600410495
0.8845332871956404
0.8845321276718204
0.8845297647858845
0.8845268458038746
0.8845237348680582
0.8845228716879646
0.8845217199897235
0.8845207556411533
0.8845205607770756
0.8845184010655461
0.8845157716183454
0.8845151203914929
0.8845133328990278
0.8845138123146207
0.8845143085812339
0.8845150032283032
0.8845153670580507
0.8845144775603466
0.8845122556913061
0.8845118932608529
0.8845105963782137
0.884508320755161
0.8845080944975438
0.8845094520312587
0.8845093033874473
0.8845071037120577
0.8845046105021483
0.8845022930928389
0.8845016264371579
0.8845029244039005
0.8845050175360871
0.8845074440332643
0.8845102904212756
0.884510733953611
0.8845098976723998
0.8845105879486594
0.8845124894168042
0.8845130483229952
0.8845141547449861
0.8845149926514329
0.8845120056560573
0.8845097593452166
0.8845123060805546
0.8845129792159537
0.8845088280990838
0.8845045635783941
0.8845037994246957
0.88450207971917
0.8845006423425934
0.8844983926210127
0.8844949863216344
0.8844934524972915
0.8844933859199022
0.8844921820912215
0.8844897045292617
0.8844876157494853
0.8844839366008175
0.8844823461706871
0.8844830169136023
0.8844829245738036
0.884483404727441
0.8844847300042693
0.8844847557264015
0.8844843886701801
0.8844847438360552
0.8844856514036108
0.8844822249180854
0.8844800288196862
0.8844796010765814
0.8844768269093273
0.8844764204305365
0.8844761772107061
0.8844733636519613
0.8844724991256601
0.8844744991092763
0.8844733697584588
0.8844741424544099
0.8844742952276402
0.8844751691497965
0.8844748908540456
0.8844726220082078
0.8844722221723337
0.884473074088309
0.8844745383584397
0.8844755324588489
0.8844744006530952
0.8844735420789788
0.8844749356305547
0.8844749056862434
0.8844756469120928
0.8844771753623548
0.8844745257488439
0.8844719067788943
0.8844716059735994
0.8844724290196169
0.8844721281177568
0.8844711723428255
0.8844702127781444
0.8844717163068111
0.8844714167700344
0.8844704894856106
0.8844696384592469
0.8844676165499754
0.8844694355768152
0.8844715447989477
0.8844708861293368
0.8844695771833939
0.884468654637789
0.8844683310183873
0.8844676683225521
0.8844678878592156
0.8844673466852917
0.8844671624771069
0.8844661428014652
0.8844656321820231
0.88446487518131
0.8844646545141738
0.8844656793115118
0.8844691310769187
0.8844737269607084
0.8844756892206895
0.8844774566282321
0.8844762182789222
0.8844740914335737
0.8844745385827998
0.8844780027865379
0.884479616693217
0.8844811825100559
0.8844830218651417
0.8844858105714188
0.8844892321469172
0.8844909595215701
0.8844924007658969
0.8844923471532927
0.8844923735969604
0.8844938022497301
0.8844972336764841
0.8844987181665548
0.8845014188356064
0.88450469303401
0.884506952328149
0.8845104723055889
0.8845144198138122
0.8845194117470023
0.8845219539233722
0.8845238705547322
0.8845264394636461
0.8845267681100157
0.8845271971665751
0.8845287600957664
0.8845307602478646
0.884531939378457
0.8845339414264487
0.8845345126197096
0.8845340842146702
0.8845319842538637
0.8845301904209889
0.8845281508473973
0.8845256023885065
0.8845239701141011
0.8845235704433339
0.8845219239814791
0.8845213298616285
0.884520236044359
0.884518569761392
0.8845195628925805
0.8845200083370333
0.8845170882853635
0.8845141665232432
0.8845116114641077
0.8845105327287274
0.884509118282562
0.8845083778782219
0.884509129009004
0.8845101661250117
0.8845088584308699
0.8845063036656953
0.8845045476078426
0.8845049968006624
0.8845072488821849
0.8845085729326041
0.884508718308372
0.8845094454149659
0.8845088312226647
0.8845086939603196
0.88450801776618
0.884507824526112
0.8845096494075196
0.8845110002688291
0.8845108804515713
0.8845118793638088
0.8845122893686661
0.8845130861086582
0.8845166656727281
0.8845189636552744
0.8845202575077488
0.8845198235680639
0.8845201076809746
0.8845204677835612
0.8845181211863046
0.8845147750091406
0.8845153591933361
0.884514522178304
0.8845149036750773
0.8845160280934993
0.8845152913518789
0.8845150039617952
0.8845152265989699
0.8845172912281076
0.8845192414112953
0.8845201193635582
0.8845206333712632
0.8845200335780302
0.8845196156191252
0.8845181366725031
0.8845150544461322
0.884513426806335
0.8845115971320944
0.8845093903905175
0.884508176915081
0.8845057232603135
0.8845051829040628
0.8845069377989191
0.8845093465534142
0.8845079510030384
0.8845075794876995
0.8845094868327132
0.8845085717750708
0.8845071501160052
0.8845050236300068
0.8845036539877643
0.8845034850903364
0.8845014233505106
0.8844991856971964
0.8845005944334904
0.8845023872489872
0.8845042456395065
0.8845052156751556
0.8845043660892641
0.8845024513238524
0.8845013131318527
0.8845001456318234
0.8845014747126344
0.8845030334658025
0.884503280481608
0.8845038667061239
0.8845041155118953
0.8845046499188419
0.8845081324675774
0.8845107346745241
0.8845123421386097
0.8845139884540656
0.8845147997558347
0.8845149769030023
0.8845129096568535
0.8845109751512277
0.8845099925155411
0.8845102487846355
0.8845131724248797
0.8845160792057246
0.8845164052375505
0.884517254560664
0.8845206260420237
0.8845235888569694
0.8845267532732887
0.88452971554112
0.8845309094440773
0.8845341975276179
0.8845369449377163
0.8845383866776968
0.8845426103477464
0.8845447923390584
0.8845461696133314
0.8845477300491887
0.8845472977690239
0.8845469044589069
0.884545369479651
0.8845467552680593
0.8845497196765197
0.8845508736085544
0.8845514072433444
0.884550498697365
0.884549428680116
0.8845485797606907
0.8845492665815109
0.8845540471861719
0.8845593215355853
0.8845630033506701
0.8845641985042852
0.8845626547545199
0.8845609196070973
0.8845598792015237
0.8845581499597848
0.8845591079548469
0.884561149604705
0.8845604100517895
0.8845603206646911
0.8845609926543394
0.8845613031929523
0.8845624989771385
0.8845642116070908
0.8845638002584685
0.8845633148940819
0.8845628208854437
0.8845624130467553
0.8845600051298733
0.8845569227080343
0.8845540699676773
0.8845526875894448
0.8845517164060664
0.8845506923764025
0.8845501269872866
0.88455021446295
0.8845507094513564
0.8845520089346524
0.8845529723483333
0.8845517734840301
0.8845476725116606
0.8845446045546349
0.8845420972338098
0.8845395571783112
0.8845376212481709
0.8845364119867114
0.884537062093323
0.8845383623233635
0.8845390521899565
0.8845387925732591
0.884538370253099
0.8845376652236706
0.8845366523822549
0.8845368744740816
0.8845387211113069
0.884542027658612
0.8845448234485622
0.884544191633175
0.8845404395308556
0.8845373878527023
0.8845370064523753
0.8845388307489469
0.8845406769954334
0.8845408610885316
0.8845389143448175
0.8845384125038781
0.8845380854510742
0.8845385957791385
0.8845372587452924
0.8845359935037241
0.884536990353045
0.8845383241206134
0.8845396004039133
0.8845401276907865
0.8845382681076183
0.8845369365611749
0.884537936775143
0.8845388952131655
0.8845407433898146
0.884542768528997
0.88454405409479
0.8845452773114378
0.8845475056325681
0.8845500798247137
0.88455274983618
0.8845520190954737
0.8845515558144234
0.884551876674476
0.8845521482261107
0.8845526090051669
0.8845518814476865
0.8845517033470058
0.8845533317170123
0.884555213173613
0.8845541023028773
0.8845537295353728
0.8845527588934491
0.884553055132379
0.8845537023194375
0.8845548176759145
0.8845564766183318
0.884557274507084
0.8845567693878963
0.8845536875841666
0.8845512676729014
0.8845523705796797
0.8845541040520275
0.8845559632968567
0.884557262603482
0.8845586578831469
0.8845576569757653
0.8845580106749458
0.8845581838974452
0.8845571841351445
0.8845541689000223
0.8845526192696961
0.884551427874793
0.8845510966848247
0.8845506367307022
0.8845474280951361
0.8845457938980954
0.8845454958630493
0.8845456312371968
0.8845465643284627
0.8845484524573016
0.8845482440106166
0.8845475882024249
0.8845453499254182
0.8845442884576793
0.8845403935952659
0.8845398351107917
0.884539270830581
0.8845380786402811
0.8845371585403444
0.8845367983045546
0.8845330378995621
0.8845311999370671
0.8845310464919504
0.8845315716871791
0.8845324803513568
0.884532618874142
0.8845318215847886
0.8845281279966845
0.884525455212598
0.8845238753919702
0.884523273731433
0.8845215348006716
0.8845202705069993
0.8845195390818814
0.8845198896288444
0.884520435211871
0.8845240665628865
0.8845261160996407
0.8845265198422639
0.8845256528703134
0.8845230088123422
0.8845205442833394
0.884519581328856
0.8845217150569394
0.8845232538686584
0.8845252645080722
0.8845281148920513
0.8845314310046798
0.8845336641860636
0.8845341736584535
0.8845361652952887
0.8845376676303452
0.8845383089159816
0.8845403392525775
0.8845420340619594
0.8845427444303794
0.8845419707857155
0.8845417737513541
0.8845421745041976
0.8845414729639948
0.8845399789120036
0.8845387828989298
0.8845372594242705
0.8845355630653788
0.8845346533123705
0.884533075345095
0.8845330369799438
0.8845317219906321
0.8845281802963617
0.8845227464288529
0.8845196047501517
0.8845189381076657
0.8845158235463958
0.8845123004191952
0.8845099762794458
0.8845110280091779
0.8845113145094902
0.8845112439819005
0.8845132929863228
0.8845147177113591
0.8845155159987079
0.8845170716077956
0.8845176932719402
0.8845192880741332
0.8845198610940626
0.8845185098345032
0.884516625872398
0.8845153377477856
0.8845148913007003
0.8845141920227427
0.8845135489580412
0.8845118000026785
0.8845113813566112
0.8845119863797719
0.8845127460898133
0.884514150532417
0.8845144653583552
0.8845142917685721
0.8845158474596314
0.8845182934283341
0.8845193560133059
0.8845201352908334
0.8845207949240813
0.8845205762616071
0.8845210142163378
0.8845213522328499
0.8845211317773654
0.8845205770020911
0.8845190212055006
0.8845167551068246
0.8845163047642469
0.8845159508471424
0.8845158027786152
0.8845177397773337
0.8845198554196427
0.884522830921443
0.8845249716817859
0.8845243819051638
0.8845247724304531
0.8845245257128376
0.8845240498040379
0.8845249233121851
0.8845244140212395
0.8845227568603309
0.8845229195558553
0.8845219775180149
0.8845228484177062
0.8845232540414466
0.884521413970916
0.8845187776339082
0.8845195091086417
0.8845210375034501
0.8845225544467867
0.8845231020067855
0.8845223876758164
0.8845201636574179
0.8845170682699828
0.8845152864167068
0.8845147126628706
0.8845147300079723
0.8845164762090504
0.8845169578980518
0.8845181086027912
0.8845201398838033
0.8845211752510733
0.8845210249329734
0.8845222279484245
0.8845241392574934
0.8845249306686517
0.8845254980237094
0.8845278682101755
0.8845287520689873
0.8845278538504573
0.8845285975569778
0.8845301423136052
0.8845309627807392
0.8845343716473295
0.8845371098245874
0.884536597500673
0.8845353095804684
0.8845351178470194
0.8845340286720896
0.884533956915477
0.8845356584499415
0.8845367000244688
0.8845365076555749
0.8845340943368567
0.8845314327962849
0.8845301788668087
0.884529511554938
0.8845285610955534
0.884526329419846
0.8845249252712551
0.8845256157933906
0.8845261318087256
0.8845257481183123
0.8845242961633462
0.8845240712579043
0.8845218401923134
0.8845205842184468
0.8845201051742423
0.8845183555658978
0.8845175927458107
0.8845164911045551
0.8845147920817411
0.8845131241152563
0.8845122890535074
0.8845126422635204
0.8845131790909061
0.8845120543549656
0.8845107319456431
0.8845095654563842
0.8845088303984355
0.8845086505916469
0.8845064453571433
0.8845053034733732
0.8845054754046558
0.8845049908717253
0.8845048014020922
0.8845056722496936
0.8845064171403145
0.8845071048254494
0.8845080570299518
0.8845079835173778
0.8845077088231733
0.8845076245229668
0.8845079064965607
0.8845099821138522
0.8845129181158247
0.8845153903912505
0.8845161926037188
0.8845168588902577
0.8845157999827123
0.884513789688687
0.8845141713745384
0.8845148847492414
0.8845155024055626
0.8845167136323464
0.8845180927321247
0.8845173791434162
0.8845164602808911
0.8845158811841282
0.884516704125976
0.8845183461048918
0.8845207485352755
0.8845187436256057
0.8845157410004516
0.8845139006861071
0.8845118042476395
0.8845120184281708
0.8845121214806803
0.8845127201551826
0.884513338956967
0.8845128086227853
0.8845123854302297
0.8845137695928483
0.8845154953342215
0.8845162327150514
0.8845162637702576
0.8845162172507512
0.8845173544395228
0.8845213608731115
0.8845248714288276
0.8845256542349904
0.8845252942086236
0.8845234315677277
0.8845236651026359
0.8845262136277493
0.8845269401703665
0.884526843287326
0.8845258749092764
0.8845250774776643
0.8845249888746191
0.8845235271270342
0.8845219241871496
0.8845196431770127
0.8845168551249892
0.8845137575923803
0.8845128759184998
0.8845131382545433
0.8845127254061587
0.8845143971937377
0.8845178390416942
0.8845187311088158
0.8845212710733579
0.8845230941303158
0.8845253929161963
0.8845291244754756
0.8845297730574934
0.8845272650829398
0.88452614677441
0.8845274446864786
0.8845279176468525
0.8845265153888685
0.8845248647447274
0.8845258430764759
0.8845274933313472
0.8845296668162184
0.8845308328512751
0.8845331609897572
0.884533233998141
0.884531923348443
0.8845315513537799
0.884531164198807
0.8845325755550976
0.8845327395926756
0.8845313437226924
0.884532113428922
0.8845329909948911
0.8845327630554789
0.8845331238906792
0.8845331619921966
0.8845335783584171
0.8845344750760493
0.8845355146423315
0.8845374841662281
0.8845390975778784
0.8845395224090359
0.8845394598614433
0.8845383400488999
0.8845386286122358
0.8845387292034241
0.8845405597274998
0.884543615596493
0.8845427229952976
0.8845405872646246
0.8845408909554445
0.884542012726086
0.8845421818255018
0.8845431296878149
0.8845422995497914
0.8845426771440903
0.8845436222492862
0.8845431162616277
0.8845417846387906
0.8845406544740474
0.8845390075603685
0.8845383451276136
0.884539481686492
0.884541585709992
0.8845437635470019
0.8845449315537404
0.8845470811985696
0.8845480296313005
0.884548930543987
0.8845484554594608
0.8845467050031964
0.8845462479047439
0.8845446524650534
0.8845440675530771
0.8845441382349779
0.8845432834766623
0.8845422300497103
0.8845414571189864
0.8845429802983134
0.8845439757993347
0.8845446683693766
0.8845439945472336
0.8845440742450401
0.8845454914147788
0.8845451864502136
0.884544881531728
0.8845447397158354
0.8845424558077694
0.8845416050861468
0.8845423335654989
0.8845409870778433
0.8845417353823816
0.8845429877133777
0.8845431780119417
0.8845441338106839
0.8845437977854631
0.8845435681665171
0.8845434484576444
0.8845436773475669
0.884544509781923
0.8845453870480163
0.8845472547027482
0.8845500963393841
0.8845499140972085
0.8845477480979798
0.8845489619030755
0.8845514277673229
0.8845498809924565
0.884549360080198
0.8845496043989858
0.8845509082011761
0.8845526038461237
0.8845559542042789
0.8845569963888527
0.8845575106338348
0.884559445471471
0.8845595435886439
0.8845585032165021
0.8845593938676019
0.8845619946239609
0.8845659476088797
0.8845689802689479
0.8845687270789248
0.8845691052659773
0.8845717922124627
0.8845729163243652
0.884573877540998
0.8845754235282856
0.884577082935247
0.8845789832899994
0.8845813957461696
0.884582483051445
0.8845810110013047
0.8845782207298306
0.8845763097267605
0.8845744959838965
0.8845738773800175
0.8845741096696821
0.884576206332498
0.8845780329870674
0.884581101510682
0.8845847743815732
0.8845871955317687
0.8845876020721704
0.8845852475533018
0.884582767770409
0.8845820757173273
0.8845810491449528
0.8845817546587355
0.8845819688062964
0.8845835367454572
0.8845865068744415
0.8845877296173236
0.8845878818423007
0.8845866339547555
0.8845889184759842
0.8845896742566669
0.8845901835278962
0.884589203975744
0.8845877059644698
0.884588357998351
0.8845887678673288
0.8845885691841452
0.8845858206348793
0.8845836313103042
0.8845842129942642
0.8845856265154328
0.8845843957369367
0.8845836945723651
0.8845848203999654
0.8845869791666556
0.8845871826803884
0.884586062567347
0.8845869391187756
0.8845882455895328
0.8845874791994742
0.8845870685839449
0.8845871956687411
0.8845875278962588
0.8845875202561537
0.8845871099044874
0.8845868438999662
0.8845842301629538
0.8845841369343751
0.8845867957763432
0.8845869446314828
0.8845864547853332
0.8845860187375866
0.8845874377001405
0.884587553603843
0.8845888558204937
0.8845906929330275
0.8845908256647459
0.8845914621840267
0.8845919890972443
0.8845928805056404
0.8845938267667899
0.8845957653650356
0.8845971122964167
0.8845954920626452
0.8845957709519199
0.8845950509187488
0.8845947021707484
0.8845987168332407
0.8846029944200796
0.8846057283822549
0.8846074390802653
0.8846070708772873
0.8846061941183777
0.8846031017190303
0.8846033388827729
0.8846063914245947
0.8846073473764278
0.8846078573939101
0.8846101704755398
0.8846105059872076
0.8846098666994027
0.8846108387949024
0.8846117773369752
0.8846112449938094
0.8846136067719522
0.8846176188476192
0.8846193857141179
0.8846200691644761
0.8846219382586709
0.884622014650613
0.8846217042268951
0.8846236387141933
0.8846260672203377
0.8846271492336962
0.8846274889611463
0.8846261609649768
0.8846247242180142
0.8846230446715243
0.8846230582511103
0.8846239810792097
0.8846245781789955
0.8846251793845971
0.8846245631270592
0.8846241062976146
0.8846246400423986
0.8846261614385876
0.884627101683143
0.8846264799057141
0.8846270253084985
0.8846278659873933
0.8846280781677829
0.8846294161981105
0.884630194975496
0.8846301333844095
0.8846285044518919
0.8846257491814842
0.8846254338662255
0.8846243635378919
0.8846209604070073
0.8846195603326921
0.8846175089030355
0.8846139982950039
0.8846117697718191
0.8846110219867127
0.884611654514559
0.8846091793452726
0.8846084153109413
0.8846075537871714
0.8846072125212319
0.8846068751142584
0.8846054650342888
0.8846033883844022
0.8846008207441773
0.8845988856148856
0.8845982569726166
0.8845973216116023
0.8845963832470706
0.8845974333557869
0.8845989612853242
0.8845996341671626
0.8846005275606645
0.8845992676854955
0.8845961662556483
0.8845936769342859
0.8845931358808462
0.8845925038522269
0.884591475939904
0.8845912865839902
0.8845925067942253
0.8845932389735717
0.8845936910431438
0.8845933258805404
0.8845945378814359
0.8845968143406372
0.8845982910301946
0.8845993817939443
0.8846007660621563
0.8846027167652849
0.8846035566532872
0.8846032873345528
0.8846054427539907
0.8846060038745498
0.8846065488134591
0.8846092135879279
0.8846112513469981
0.8846120323845434
0.8846121101006471
0.8846135287556577
0.8846145111891228
0.8846153412913844
0.884619309182606
0.8846226648175503
0.8846239465193874
0.8846235864094344
0.8846232671887271
0.8846242220476882
0.8846245937328616
0.8846236295722081
0.8846232704046705
0.8846262031124639
0.8846268049650314
0.8846237410409975
0.8846233755367544
0.8846229087902209
0.8846235654900085
0.8846243841754704
0.8846232622264374
0.8846223013526313
0.8846216669633229
0.8846223379763595
0.884622227130496
0.8846227731069272
0.8846250093763266
0.8846267289737354
0.8846277323904171
0.8846285229061722
0.8846307012626456
0.8846316902485575
0.8846335899879607
0.8846358273506814
0.8846376208020788
0.8846391795041302
0.8846408065155222
0.8846423041401211
0.8846419013183755
0.884642889854267
0.884645218578604
0.884646195543949
0.8846459669129481
0.8846466603206783
0.8846452993810596
0.8846432594453273
0.8846437692324136
0.8846451657569501
0.8846456652139765
0.884647910033011
0.8846500569255366
0.8846521385877797
0.884652552975209
0.8846535538395746
0.8846528700342186
0.8846548211929026
0.8846557072567971
0.8846559687747321
0.8846552080260547
0.8846530150413241
0.8846512343982551
0.8846490059214257
0.8846492461007924
0.884650963727129
0.8846531832745407
0.884654943542715
0.884654071899116
0.884654504168562
0.884653710051531
0.884652096349077
0.8846497786367757
0.8846472772089267
0.8846453473858077
0.8846435889692246
0.8846423510711897
0.8846393972533515
0.8846391670504781
0.8846383311132147
0.88463648017231
0.8846338202752865
0.8846358668765321
0.8846345857145097
0.8846319057499772
0.8846299818426052
0.8846289383734782
0.884629828410879
0.884629548025126
0.8846286176660801
0.8846282565968755
0.8846274974918658
0.8846266225572751
0.884625327011027
0.8846251651850312
0.8846247170939715
0.8846220677830258
0.8846199246640608
0.8846187136806292
0.8846174321173964
0.8846175120317074
0.8846173290437641
0.8846157520643882
0.8846158535241249
0.8846163558364434
0.8846157008501973
0.8846154195081919
0.8846149223067843
0.8846147942396153
0.8846157915330005
0.8846166194103741
0.8846177605975375
0.8846186038592346
0.8846185622880067
0.8846208777287896
0.8846234536095875
0.8846243799654483
0.8846256731491966
0.8846261369807187
0.8846256001500381
0.8846241251375581
0.8846223713650606
0.884621138764584
0.884621468885652
0.8846202285787104
0.8846191790364748
0.8846186545492262
0.8846186101052727
0.8846185744992413
0.8846190350145032
0.8846197133111038
0.8846190493899009
0.8846176602039222
0.8846181530724798
0.8846194690274062
0.8846192877072926
0.8846188116601801
0.8846171910960233
0.8846176031920618
0.8846175202586694
0.8846177611304407
0.8846171095608043
0.8846159268861504
0.8846174347041253
0.8846182479821331
0.8846198448359724
0.8846212963572464
0.8846218498139561
0.8846213302020922
0.8846211242535112
0.8846201357891488
0.8846190728515853
0.8846196129009233
0.8846211058469197
0.8846224743870088
0.8846237220314683
0.8846249436034566
0.8846276078238294
0.8846301515911021
0.8846310207216962
0.8846316032347677
0.8846309353708302
0.8846309443802707
0.8846296376701974
0.8846268652891913
0.8846271382160426
0.884628316794042
0.8846284928023803
0.8846294015049132
0.8846320939646584
0.8846342251701141
0.8846352793087168
0.8846341034248467
0.8846332936543294
0.8846322401443739
0.8846316433847424
0.8846306606982565
0.884631176051668
0.8846326178367359
0.8846347857018385
0.8846348357558372
0.8846353687574011
0.8846345379905423
0.884634828723227
0.8846364966932313
0.8846376913733289
0.8846399311903075
0.8846408141628809
0.8846405048040509
0.884638827748183
0.8846374686868939
0.8846377800061317
0.8846365787089419
0.8846363225348423
0.8846371676402234
0.884640246567019
0.8846419775201543
0.8846443686001112
0.8846475673482623
0.8846483179629676
0.8846477931369519
0.8846474768896351
0.8846459899947093
0.8846474356684355
0.8846502591027546
0.8846534486272923
0.8846562409848787
0.8846579558638683
0.8846607235763048
0.8846631090819392
0.884664706532151
0.8846660237864603
0.8846673430500838
0.8846676455600126
0.8846670101333818
0.884666232787479
0.8846678108198096
0.8846696817029808
0.8846715166709992
0.8846723036308066
0.8846728697418831
0.8846739046859572
0.8846743073738587
0.8846747111167371
0.8846752025789753
0.8846770391631303
0.8846766652226181
0.8846776753688221
0.8846794649086377
0.8846810305195014
0.8846807591549463
0.8846811061118991
0.8846814744132211
0.884680877575393
0.8846817815750913
0.8846819598578937
0.884683090245579
0.8846848657144719
0.8846846429303272
0.8846828999814655
0.8846812267409215
0.8846794252276936
0.8846786017506333
0.884678923358825
0.8846800747231716
0.884680505227867
0.884680024201507
0.8846802933861698
0.8846806040021905
0.8846776386447581
0.884676132533734
0.8846767737541587
0.8846781810149414
0.8846784527428614
0.8846792462426064
0.8846807054167697
0.8846792208837877
0.8846792130233818
0.8846797537957104
0.8846787850863138
0.8846767807644624
0.8846744952759227
0.8846746211716242
0.8846745229136433
0.8846742160072938
0.884674871893201
0.8846756102471569
0.8846761530313295
0.8846779853170904
0.8846783077737144
0.8846779740711258
0.884678140002445
0.8846798327656763
0.884680842868941
0.88468215436424
0.8846844919148324
0.8846857302048037
0.8846874709939548
0.8846878511036934
0.8846869293560309
0.8846845175952591
0.8846828258566997
0.8846831131439441
0.8846830670448975
0.8846813105485783
0.8846808305231264
0.8846819605135257
0.8846820433440761
0.8846827705416814
0.8846837393060221
0.8846842741581674
0.8846821380576658
0.8846798756530088
0.8846794592188345
0.8846796621684068
0.8846783987321275
0.8846769593917562
0.8846761018790383
0.8846748018946212
0.8846735641288297
0.8846724688002914
0.8846717576149667
0.884671402675107
0.8846703445609794
0.8846697570368116
0.8846705577669289
0.8846711115419394
0.8846718592777917
0.8846719151286532
0.8846699867745699
0.8846689130375619
0.8846672396119845
0.8846655056023964
0.884666238611601
0.884667318870603
0.8846686644958734
0.8846696304448793
0.8846688084643481
0.8846697517344945
0.8846720382414501
0.8846727181317705
0.8846727840212216
0.8846734864658448
0.88467300799941
0.8846731521523618
0.8846731859883928
0.8846749565724287
0.8846756882302285
0.8846772251837269
0.8846795145486887
0.8846818619329259
0.884682805133546
0.884681649558104
0.8846802689192251
0.884681482587894
0.8846835271801049
0.8846826198887949
0.884680505608777
0.8846794711434284
0.884680986280763
0.884681455469538
0.8846838472343086
0.8846848208044765
0.8846843799738237
0.8846832751362219
0.8846838296774815
0.8846848779851135
0.8846836650482791
0.8846832919736005
0.8846816076141599
0.8846802703868581
0.8846797176152752
0.8846786970252026
0.8846785177425607
0.8846782321046659
0.88467836937881
0.8846786774153329
0.8846780417344255
0.8846779923537158
0.8846767181361618
0.8846750909296429
0.8846741280088689
0.8846729197543306
0.8846706369791336
0.8846686713183013
0.8846677848074955
0.8846674559268143
0.8846675739041002
0.8846682664993498
0.8846666269861461
0.8846659901769207
0.8846674253608937
0.8846678687174683
0.8846667455197089
0.8846671301749779
0.8846686899027089
0.8846711471394055
0.8846733194131912
0.8846747988879461
0.884676033507309
0.8846773266284886
0.8846777136755812
0.8846779475761708
0.8846794450864687
0.8846808390598481
0.884682247560105
0.884682743540962
0.8846826017826491
0.8846817397155391
0.884680666862867
0.8846787113524769
0.8846785099088799
0.8846796520061535
0.8846802471126203
0.8846798110020013
0.8846795482089812
0.884680175171591
0.8846805866886434
0.8846795376688545
0.8846783045375235
0.8846768421587841
0.8846751542533747
0.8846751767998768
0.8846743257393536
0.8846743567562041
0.8846729374681638
0.8846729119021115
0.8846711292844647
0.8846702196569768
0.8846710234707464
0.8846742579943376
0.8846763474918103
0.8846780657271073
0.8846765321861189
0.884673924171172
0.884671068086375
0.8846697042803103
0.8846698328302669
0.8846695660361762
0.8846680339396218
0.8846670481666387
0.8846656104460258
0.8846642273383308
0.8846636700647577
0.8846635747602449
0.8846642233765571
0.8846654529454273
0.8846652499804681
0.8846653540192236
0.8846661717149414
0.8846664573172655
0.8846652662514999
0.8846653853146615
0.8846654582589728
0.8846644775207476
0.8846643092535832
0.8846625775091373
0.884662937144091
0.88466228594881
0.8846618324119195
0.8846601321330199
0.884659748891757
0.8846598135828176
0.8846574782221344
0.8846554764929633
0.8846554637712208
0.8846547595802992
0.884654503997424
0.8846538681389431
0.8846544394341057
0.884654202900398
0.8846542883749547
0.8846543467031093
0.8846551695201406
0.884656686512936
0.8846569343197592
0.8846571144123976
0.8846572781270313
0.8846563137378072
0.8846552854385376
0.8846532325277893
0.8846508468954607
0.8846502180031541
0.8846500889500276
0.8846497626423674
0.884648760550975
0.8846468334888138
0.8846462328614482
0.8846451651159591
0.8846425737102268
0.8846415187744868
0.8846411082089644
0.8846409028063374
0.8846396921726286
0.8846390089596854
0.8846378062006396
0.884636680148839
0.8846389068551954
0.884640416930886
0.8846404818696965
0.8846408881695786
0.8846415856356129
0.8846430169643342
0.8846421005865029
0.8846412406321454
0.8846409651742073
0.8846408563964105
0.8846425200528429
0.8846444819010526
0.8846471065119761
0.8846480565020332
0.8846493187296762
0.8846491082960913
0.884648962195342
0.8846492201835029
0.8846499299685341
0.8846499288163916
0.8846499700622391
0.8846495323318437
0.8846492489009842
0.8846473270010881
0.8846470500808091
0.8846472660205412
0.8846469567120459
0.884648385692901
0.8846479606765039
0.8846464672924123
0.8846464168477806
0.8846473286767516
0.8846481934402809
0.8846473328587416
0.884647157324565
0.8846487925653742
0.8846496026314088
0.8846491359575116
0.8846482477592408
0.8846477701983383
0.8846486041342754
0.8846498208183379
0.8846507353082569
0.8846522842403404
0.8846545549178678
0.8846559899852087
0.884658606174143
0.8846594144532466
0.8846599567136083
0.8846610275556652
0.8846612336534334
0.8846606255981362
0.8846595340065114
0.8846588490810857
0.8846592336201573
0.8846595277867785
0.8846587142044491
0.8846590026718886
0.8846600068712123
0.8846626756202146
0.8846642868425921
0.8846649637583192
0.8846673919935812
0.8846680294286726
0.8846692248375876
0.8846698995805777
0.8846708990165281
0.8846735000604985
0.8846765680548744
0.8846780567304502
0.8846796481034256
0.8846806386240978
0.8846819966208427
0.884681469659083
0.8846800275044496
0.8846797629883669
0.8846787695616322
0.8846771604023397
0.8846750250725368
0.8846736253153137
0.8846726973066019
0.8846712004650794
0.8846699943679982
0.8846686386491169
0.8846676281684932
0.8846671754346437
0.8846671322689611
0.8846677612293798
0.8846696425336037
0.884671201718853
0.8846718557175344
0.8846732990022812
0.8846744237592358
0.8846750349256186
0.8846753485227873
0.8846739859571258
0.8846739166471053
0.8846730104926915
0.884672267853742
0.8846719877404402
0.8846715146762707
0.8846708151219644
0.8846702458368911
0.8846678896808459
0.8846658148281014
0.8846627501259549
0.8846609335690587
0.8846598667703763
0.8846593305547469
0.8846588833992649
0.8846583744820101
0.8846582276455021
0.8846593305465703
0.8846609972358463
0.8846615598261045
0.8846613794936822
0.8846616806287534
0.8846625973092279
0.8846627804534465
0.8846627790718304
0.8846630896860302
0.8846631360389158
0.8846635570244995
0.8846655241383734
0.8846650144493672
0.8846647397761094
0.8846666914183406
0.884667664833951
0.8846697044272143
0.8846705675334939
0.8846728244702007
0.8846733406153906
0.8846735354963502
0.8846735724933904
0.8846741664718217
0.8846728349253964
0.884672320291791
0.8846732033134609
0.8846732987709777
0.8846743463097758
0.8846741959178415
0.884673252117734
0.8846719492622672
0.8846723949883245
0.8846711993841403
0.8846700431856226
0.8846687186748827
0.8846674895874426
0.8846669918078524
0.8846669893643342
0.8846660023920395
0.884664654242783
0.8846643515413398
0.8846633358577358
0.8846626793828569
0.8846618083340365
0.8846605795496887
0.8846594985012114
0.8846579827086876
0.884657260811258
0.88465725589578
0.8846561421649608
0.8846548841172457
0.8846543548614635
0.8846555611827823
0.884654688305504
0.8846547861038883
0.8846544371589331
0.8846543047978609
0.8846544367674332
0.884653364036906
0.8846519808411477
0.8846502725041447
0.8846478799711256
0.884646327556592
0.8846441416322813
0.8846441011875638
0.8846444935965759
0.8846461855503511
0.8846475606153639
0.8846498997287604
0.8846518792911087
0.88465215579029
0.8846527756143663
0.8846544472309138
0.8846559790500236
0.8846575809973974
0.8846578152147508
0.8846585311666009
0.8846595120359071
0.8846610456977994
0.8846639440365482
0.8846648663529089
0.884665511481507
0.8846673261363771
0.8846692555189367
0.8846707847892321
0.8846720006264674
0.8846726623661766
0.8846736003476443
0.8846754606928396
0.8846754140348649
0.8846745705818697
0.884675741093411
0.8846766257367081
0.8846760134453537
0.8846761194866345
0.8846769035841641
0.8846779975912366
0.884678219281188
0.8846796315483606
0.884679041130577
0.8846791342168355
0.8846790050804256
0.8846802876439935
0.8846814470830409
0.8846820345353449
0.8846831060982765
0.884683268275012
0.8846847408883609
0.8846862620989617
0.8846878076745135
0.8846883356195268
0.8846901293102568
0.8846921067013906
0.8846939090353266
0.8846969310245741
0.8846998298520452
0.8846993497310253
0.8847005634327341
0.8846993118786863
0.8846978941038453
0.8846983023688634
0.8846998186269428
0.8847011941849731
0.8847028379937063
0.884704293019098
0.8847057893633113
0.884706350466145
0.8847063694291246
0.8847073855345579
0.8847076216158005
0.8847079512973001
0.8847078026196801
0.8847067182391621
0.8847060810312363
0.8847050967858578
0.884704768669524
0.8847045575641023
0.8847034152173545
0.8847018627329268
0.8847005084466169
0.8847003606525367
0.884701129391501
0.8847019355299076
0.8847022191816751
0.8847027435289604
0.8847015980188075
0.8847008420512824
0.8847016524217717
0.8847007105068381
0.8847000781585402
0.8847004218833485
0.8846995953896891
0.8846987362756534
0.8846993114841805
0.884699261483025
0.8846990673928461
0.884699235216967
0.8847006566833134
0.884700122276489
0.8847004780028086
0.8847003644281242
0.8846997866895064
0.8846985293653218
0.8846995120766045
0.8847006825046709
0.8847022286392205
0.8847027063037008
0.8847036214688339
0.8847030082918182
0.8847015757892518
0.8846988579292285
0.884697985680382
0.8846976849223341
0.8846963540349921
0.884697035322789
0.8846969593514435
0.8846975117768529
0.8846971594235749
0.8846991644090452
0.8847005888597814
0.8847027373505807
0.8847041147587378
0.8847056898030348
0.8847076202384282
0.8847093595063986
0.8847101549019015
0.8847110463010144
0.8847117361456709
0.8847125208474277
0.8847134943207009
0.8847134214199411
0.8847137839643896
0.8847141983135668
0.8847137198398726
0.8847138103074542
0.8847151149533328
0.8847160464562237
0.8847181715428664
0.8847221610596755
0.8847258862568664
0.8847262447343798
0.8847256649532345
0.8847262072525481
0.8847274045353575
0.88472712169197
0.8847265579246916
0.8847261884729595
0.8847263552051348
0.8847257671757851
0.8847256103560021
0.8847236347653736
0.8847215099498256
0.884720112923422
0.8847183830782647
0.8847173067076506
0.8847189796583323
0.8847198877196868
0.8847213846425264
0.8847243519491977
0.8847266608769102
0.8847296424529998
0.8847318551923569
0.8847327077622594
0.8847340395959135
0.8847326747547436
0.8847323416702059
0.8847336459787236
0.884734724995865
0.8847350033719323
0.8847347961521138
0.8847337499322787
0.8847335541240385
0.8847345715684352
0.8847344004089704
0.8847334581710761
0.884731790935368
0.8847315514533359
0.8847308075018326
0.884730350950756
0.8847314125190641
0.8847331597380806
0.8847350933975778
0.8847358826325598
0.8847365423404413
0.8847356684469744
0.884735255660395
0.8847351332817767
0.8847346873400116
0.8847337105476093
0.884733525526899
0.8847323552980899
0.8847318560108934
0.884731900880875
0.8847330637340578
0.8847352695350423
0.8847375881484689
0.884740805655628
0.8847424543326409
0.884743273758855
0.8847436434996679
0.8847440897973086
0.8847447549135353
0.8847442199928587
0.884743939398862
0.8847433004330546
0.8847431090072236
0.8847432772511896
0.8847427753357117
0.8847428814095165
0.8847431665391802
0.8847429987375668
0.8847431125631511
0.8847428833355492
0.8847428777040977
0.8847417866287203
0.884741245953205
0.8847426879062049
0.8847440775660701
0.8847448552351125
0.8847463079293441
0.8847465208386358
0.8847463922897748
0.8847466827982864
0.8847454531613188
0.884744218901963
0.8847437178752373
0.8847419373792471
0.8847422565072905
0.8847432245617677
0.8847443445436776
0.8847447318490471
0.8847458879833675
0.8847465505524503
0.8847475144264897
0.8847482878322481
0.8847480633713478
0.8847484670265101
0.8847483356393433
0.8847477176084452
0.8847462735794662
0.8847447931074338
0.8847445493897612
0.8847435641184842
0.884741429192096
0.8847408793993701
0.8847413809206784
0.8847416292413649
0.8847430500369663
0.8847444684668294
0.8847455911996942
0.8847476546096923
0.8847480375053852
0.8847485606713017
0.8847495978715536
0.88475016454437
0.8847506769930251
0.8847521723829369
0.8847512126142544
0.8847501865469891
0.8847514859570864
0.8847512040307708
0.884751488162917
0.8847528017724937
0.8847534549381211
0.8847536687382509
0.8847545029769223
0.8847559123285351
0.884755547262588
0.8847550436300842
0.8847553466062908
0.8847551482590288
0.8847554521274914
0.8847554080412277
0.8847556725516987
0.8847567616840313
0.8847574490315707
0.8847564906450976
0.8847555475771917
0.8847543550475097
0.8847532180715205
0.8847543254230517
0.8847539355412377
0.8847529335330558
0.8847517343930057
0.8847505333852154
0.8847488664538466
0.8847472891572634
0.8847470252789854
0.884745504372137
0.8847449031276884
0.8847447412994391
0.884744781218618
0.8847446867701614
0.8847441322290844
0.8847458045582577
0.8847462151890267
0.8847460222838349
0.8847458241173736
0.8847443368277912
0.884742189400341
0.8847408104212663
0.8847406627338938
0.8847401585825317
0.8847404260880757
0.884740850685476
0.8847415624612316
0.8847415196686718
0.8847427157960752
0.8847433530700685
0.8847457521050829
0.884746690873206
0.8847473144068182
0.8847488816758957
0.8847491468218355
0.884749900735142
0.8847506632901083
0.8847508531768772
0.8847512123099669
0.8847510489623217
0.8847520300745358
0.8847528988056534
0.8847526900242106
0.8847532815790982
0.8847529565700908
0.8847530593581919
0.8847529395910361
0.8847533108000573
0.8847548769160158
0.8847562684608498
0.8847562987348006
0.8847580514007277
0.8847580520082331
0.8847582381636512
0.8847568681772082
0.8847550726708612
0.8847535589307224
0.8847531581309009
0.884753614713162
0.8847544733835916
0.8847563591740686
0.8847575835568093
0.8847584435100606
0.8847584928097203
0.8847590169576004
0.8847602003430965
0.8847629750754327
0.8847632232178075
0.8847626844838578
0.8847639037557051
0.8847664369243018
0.8847672719816637
0.8847681361848346
0.8847685093129926
0.8847687513733743
0.8847691974507665
0.8847692940186034
0.8847692256810767
0.8847702741900345
0.8847704804510536
0.8847714354850724
0.8847722550027235
0.8847738806818813
0.8847749684143492
0.8847750763273026
0.8847731495964059
0.8847719952030421
0.8847709171689642
0.8847705257172337
0.8847708181441419
0.8847706947364836
0.8847705817104672
0.8847699888899909
0.8847705086634947
0.8847703525499018
0.8847696463781496
0.8847700525768332
0.8847692629180043
0.8847694278071003
0.8847705330208709
0.884770741427602
0.8847706786692509
0.8847709144800743
0.8847722149822064
0.8847719613392987
0.8847724402712794
0.8847734353982237
0.8847738075434645
0.8847736433465677
0.8847735292070027
0.8847729998390781
0.8847729200236729
0.8847719966034797
0.8847721825806345
0.8847727544363487
0.8847721401665215
0.8847720931016698
0.8847722773963554
0.8847730458158775
0.8847732445583216
0.8847734439432076
0.8847736158989222
0.8847736506556211
0.8847736124660955
0.8847742991911628
0.8847751223439455
0.8847744107483456
0.8847721179190348
0.8847707540728921
0.8847710288911824
0.8847730337168278
0.8847750117215645
0.8847752455464352
0.8847764795610882
0.8847775468022926
0.884778469384425
0.8847776386370837
0.8847771078184075
0.8847781598116948
0.8847791633103944
0.8847807917936934
0.8847819302081157
0.8847814965583254
0.8847814472737875
0.8847812024016839
0.8847816378902098
0.8847808380699164
0.8847813424829432
0.8847822556838736
0.88478252606459
0.8847829744543588
0.8847821300162327
0.8847828050887259
0.8847834007466592
0.8847840611523481
0.884783159025299
0.8847813487262485
0.8847802064436809
0.8847784366602193
0.8847767340674916
0.8847749761525233
0.8847744427902493
0.8847745130560705
0.8847748161359135
0.8847744280083848
0.8847748306234487
0.8847742734729795
0.8847746185448827
0.8847759437457093
0.8847766427498034
0.8847774420596592
0.8847778464392244
0.8847768726144273
0.8847764220221438
0.8847774066219768
0.8847781480561201
0.8847785534546856
0.8847782239458519
0.8847777935663175
0.884777642981227
0.8847777980517364
0.8847777124241258
0.8847788073761597
0.8847802984221556
0.8847805884578329
0.8847814318299764
0.8847814306651481
0.8847833315725327
0.8847853116640997
0.8847868773352386
0.8847871927209583
0.8847865002521443
0.8847871736223542
0.8847878561145244
0.8847875888828505
0.8847858765677195
0.8847852058625129
0.8847859502986614
0.8847845934515667
0.8847841490986089
0.8847840851366793
0.8847834397614027
0.8847811134782836
0.8847783622134471
0.8847782641160942
0.8847798255500338
0.88478013743584
0.8847805285208082
0.8847812634563803
0.8847815342041011
0.88478356235231
0.8847828711164099
0.8847815620361311
0.8847801968739264
0.8847795058594882
0.8847784348988993
0.884777052289272
0.884775921153699
0.8847740800193525
0.8847736571870871
0.8847728804980698
0.8847721362645913
0.884771518596757
0.8847711039527414
0.8847709631032656
0.8847703049143344
0.8847707475992516
0.8847712206582501
0.8847721839497708
0.8847723992927424
0.8847730275029758
0.8847733242099622
0.8847733986705058
0.8847745116653969
0.8847745162895857
0.8847732918936868
0.8847740124526388
0.8847742532744259
0.884774134514236
0.8847737504893134
0.8847736131049116
0.884773050642992
0.8847705629276075
0.8847683516121357
0.8847657596631383
0.8847628886579145
0.8847615233434534
0.8847615235450123
0.8847616046312025
0.8847612527019098
0.8847614754299602
0.8847615674167052
0.8847609559143558
0.8847606984515856
0.8847599798061455
0.8847592463669759
0.8847602780077416
0.8847604175921774
0.8847598466559031
0.8847592415573258
0.8847600437565467
0.884760207823324
0.8847583752170206
0.8847569480730559
0.8847561868614028
0.8847558728671807
0.884755725861418
0.8847551519640289
0.8847536587684148
0.884755441802638
0.8847574384783743
0.8847584232291392
0.8847596024421227
0.8847604296955935
0.88476072164052
0.8847601593043372
0.884760977826881
0.8847609874639187
0.8847616962195813
0.8847614555169845
0.8847609569423198
0.8847601401903147
0.8847595902229358
0.8847589835736116
0.8847600803841031
0.8847611096394904
0.884761333929127
0.8847598616445556
0.8847581092562291
0.8847553668865624
0.8847534172177942
0.8847514406027791
0.884749512823617
0.8847489779801929
0.884749541948445
0.8847497760773252
0.8847502469837434
0.8847499274345587
0.8847495225369061
0.884748940439558
0.8847486387093095
0.8847484586401095
0.8847471294959055
0.8847464846159184
0.884745781897412
0.8847448419479367
0.8847442874010915
0.8847437785148592
0.8847419037171312
0.8847410383660804
0.8847402737989205
0.884738973050904
0.884737735799669
0.8847374882932074
0.8847380916503156
0.8847383572416117
0.8847379718657441
0.8847380401015987
0.8847372455177756
0.8847374802683032
0.8847367856076291
0.8847359734476675
0.8847359521946341
0.8847338329054341
0.8847330844142031
0.8847319457814095
0.8847316070524074
0.8847309938951737
0.8847304129347713
0.8847297282124368
0.8847289632484939
0.8847286399349169
0.8847277534640505
0.8847266015107654
0.8847252256569647
0.8847246445217938
0.8847246973822592
0.8847251156881997
0.8847248063957946
0.8847234690188963
0.884721290450907
0.884721718810099
0.8847229448745537
0.8847241922870698
0.8847250348602954
0.8847248849443036
0.884726938942998
0.8847297080051855
0.8847319358481176
0.884732611719425
0.884733209161998
0.8847339052568436
0.8847343124021649
0.8847345681697706
0.8847351958861627
0.8847349432912175
0.8847351054474327
0.8847364118650478
0.8847376826425721
0.8847392188549744
0.8847396382512046
0.8847400439386478
0.884741758361688
0.8847434058709365
0.8847440524623965
0.8847448327870682
0.8847449962551678
0.8847460774975064
0.8847475668376378
0.8847494032114879
0.8847502306698471
0.8847502813080361
0.884751687556895
0.8847527311961733
0.8847539146933345
0.884756312292805
0.8847585687939122
0.8847598101742897
0.8847612270598831
0.8847617325372286
0.8847621681031707
0.8847632449087811
0.8847634387846075
0.8847631836816647
0.8847629221601886
0.8847629700660641
0.884762943733703
0.8847633422995604
0.884763879422365
0.8847631650791623
0.8847629109187896
0.8847632441312322
0.8847642245696697
0.8847646572851975
0.8847652792595084
0.8847659053867084
0.8847669941267681
0.8847667490351719
0.8847667263383683
0.8847661493891801
0.884766368150127
0.884767051284203
0.884767524299407
0.8847675788262872
0.8847681061444501
0.884767911344593
0.8847673759328728
0.8847669489611364
0.8847672149814652
0.8847672802072021
0.8847673857990008
0.8847676366540831
0.8847677858373622
0.8847668357819535
0.884765851506076
0.8847652435657941
0.8847651842729771
0.8847645518393132
0.884763725966127
0.8847632363523518
0.8847627260219171
0.8847617527582018
0.8847607827432794
0.884760666270845
0.8847612209755381
0.8847615458590976
0.8847624170722177
0.8847619985667727
0.8847618753194026
0.884761520626001
0.8847613450022322
0.8847607935253802
0.8847608435045234
0.8847614484838163
0.8847621648838484
0.8847628968243068
0.8847629431055495
0.8847624586780466
0.8847615213377541
0.8847602209552755
0.8847604291628597
0.8847598663504774
0.8847605995278316
0.884761416790982
0.8847613144314502
0.884761401661316
0.8847607808652674
0.8847603010194497
0.8847603650336087
0.8847617515233187
0.8847620191551119
0.8847629610930071
0.8847631014779221
0.8847633070647719
0.8847638340741614
0.8847631519996607
0.8847624475896285
0.8847635307019388
0.8847636421560536
0.8847631553727733
0.8847634393172362
0.8847645077062436
0.8847643741837131
0.8847646931023131
0.8847659284827283
0.8847675094578245
0.8847687457735285
0.8847689893673457
0.884768523876085
0.8847681975093525
0.8847687652947748
0.8847692139206769
0.8847697331055947
0.8847698657948262
0.8847696503395454
0.8847695470780446
0.8847684724130729
0.8847685603952189
0.8847692403231339
0.8847698712032943
0.8847694918606036
0.884770678478417
0.8847715300865929
0.8847724540157629
0.8847737055241288
0.8847745252293775
0.8847747468602993
0.8847737588281323
0.8847734794894497
0.8847719896642572
0.8847696142633961
0.8847679991077445
0.8847675548214412
0.8847675033737131
0.8847677633489678
0.8847699416870418
0.8847724848030049
0.8847733186650952
0.8847751526057297
0.8847774479146738
0.8847780228768685
0.8847777614545288
0.88477929166252
0.8847807806588175
0.8847820388121392
0.8847815283376436
0.8847806213114394
0.8847782345790788
0.8847767616929306
0.8847758811818894
0.8847753823571042
0.8847751554809048
0.884774778845761
0.8847755978302863
0.8847758388772498
0.8847761250182815
0.8847772120883655
0.8847769893507236
0.8847768889346922
0.8847768678360344
0.8847764467900701
0.8847764362237256
0.8847757721935782
0.8847756975714561
0.8847757480099094
0.8847746140598336
0.8847732675779487
0.8847728266964026
0.8847727982547303
0.8847716559066812
0.8847713773298024
0.8847714857629304
0.8847705895941022
0.8847703249581143
0.8847708127420281
0.8847715224667487
0.8847711007152076
0.8847717846997202
0.8847715837221011
0.8847721892732628
0.8847713318548299
0.8847704431524621
0.8847698686201271
0.8847685689620969
0.8847673133651898
0.8847670061057114
0.8847657853441651
0.8847647708511912
0.8847634889470457
0.8847624699375638
0.8847611412614976
0.8847612072155281
0.8847613600433288
0.8847601599539963
0.8847587978010559
0.8847587817851604
0.8847593719423184
0.8847589161351936
0.884759012386028
0.8847591838919889
0.8847607484257882
0.8847612753716776
0.8847625720305823
0.884763493298699
0.88476286128092
0.8847614505677316
0.8847605799224666
0.8847613438097807
0.8847629432664891
0.8847631678867957
0.8847642182527051
0.8847641236415795
0.884764996345011
0.8847657147304389
0.8847650077335151
0.8847644948919728
0.8847646153458569
0.8847654384144139
0.8847675385879621
0.884770076301805
0.884769947396865
0.8847696908040759
0.8847686838882269
0.8847680810353332
0.8847677558858184
0.8847682917116146
0.8847680922490913
0.8847678630967891
0.884768130725994
0.8847687309659112
0.8847681735865474
0.884766976782515
0.8847661767335098
0.8847656584293784
0.8847643209614316
0.8847637992599414
0.8847645421289485
0.8847648403300596
0.8847646816918328
0.8847646912440642
0.8847644771880715
0.8847654345214492
0.8847665759573469
0.8847678324459542
0.8847688816336077
0.8847701296662991
0.8847722285678634
0.8847734718338812
0.88477280276217
0.8847722841734327
0.8847708062551819
0.88476968174535
0.8847697784826839
0.8847716160254586
0.884773230202947
0.8847750887044815
0.8847750704159711
0.8847752772260625
0.884775500462598
0.8847753294995432
0.8847744663744751
0.8847743839371519
0.8847738945362777
0.8847733305833534
0.884774476950595
0.8847763170023699
0.8847771068142789
0.884777518916054
0.884778699979296
0.8847797507658851
0.8847802259415594
0.8847801327552544
0.8847819349404282
0.8847836446289412
0.88478477081856
0.8847858119656707
0.8847873965437668
0.8847892345729801
0.8847905121391808
0.8847920810629214
0.8847934337986672
0.8847943524644613
0.8847957388772347
0.8847964246127321
0.8847974337654099
0.8847979180867512
0.8847980683644212
0.8847984138781388
0.8847989038426595
0.8847989075605437
0.8847996263503823
0.8847997411289211
0.8848010814698533
0.8848016750723893
0.8848008218711962
0.8847998642957902
0.8847994157687472
0.8847985427476953
0.8847968253556235
0.8847947305519394
0.884793898231639
0.8847933588390984
0.8847926734947182
0.8847922446588952
0.8847924808429405
0.884791556808142
0.8847904974651144
0.88478888812785
0.8847873944147151
0.8847861943670454
0.8847859981966125
0.8847854875321229
0.8847860962408765
0.8847857563825179
0.8847847101448127
0.8847851133037992
0.8847840454210013
0.8847834451210889
0.8847841205822501
0.8847842851376739
0.8847839246539987
0.8847835824987694
0.8847828693018368
0.8847834214571932
0.8847834763614398
0.8847824588040941
0.884781721465175
0.8847820919152996
0.8847823904332871
0.8847817051558589
0.8847818823171365
0.8847811151350643
0.8847822441656271
0.8847812128777358
0.8847810463733781
0.8847802163003142
0.8847788669908232
0.8847785650966564
0.8847784294220765
0.8847785881201872
0.8847788903196948
0.8847791226302678
0.8847798692305833
0.8847811146640457
0.884781243821884
0.8847807920270755
0.8847809194878258
0.8847808108113386
0.8847798586443699
0.8847799138608028
0.8847803488014071
0.8847800956937992
0.8847799812428132
0.8847798695050624
0.8847803212978369
0.8847795971632025
0.8847796040157072
0.8847800990963153
0.8847810567481897
0.8847829228396898
0.8847841254853324
0.8847846678129352
0.8847852724875829
0.8847853093555803
0.8847857232712505
0.8847854491763617
0.8847841942508887
0.8847831383391886
0.8847823142817072
0.8847823703837984
0.8847826001763641
0.8847821996770631
0.8847818960295232
0.8847824472778143
0.8847828635211752
0.8847837525532911
0.8847849787891304
0.884785656245929
0.8847858283914413
0.8847846346712653
0.8847842078013407
0.8847841186159614
0.884783650634737
0.8847836161619416
0.8847846804010505
0.884784898028465
0.8847845702962349
0.8847847402905925
0.8847841920607
0.8847831942655621
0.8847824884985013
0.8847825776221975
0.8847841188210702
0.8847853770020995
0.8847858675286522
0.8847872785403251
0.8847882311324019
0.8847875132717353
0.8847883932103097
0.8847890687651881
0.8847895959417275
0.8847898867634935
0.8847902315969642
0.8847899117639336
0.8847894606164372
0.8847896525301957
0.8847902860949844
0.8847903713906121
0.8847900272213813
0.8847896684481114
0.8847887299144394
0.8847879799810789
0.8847868919379089
0.8847853299965324
0.8847824603121098
0.8847804884829088
0.884778308711258
0.8847773111417623
0.8847764621538391
0.8847756796331766
0.8847755312511492
0.8847772543817323
0.884777827615912
0.8847792191211304
0.8847802035557553
0.8847816689173387
0.8847830094315982
0.8847828750604094
0.8847828415904962
0.8847829509106065
0.8847831349691498
0.8847826782997653
0.8847827971793134
0.8847838631087321
0.8847824795444236
0.8847821734868184
0.8847826885063705
0.8847842492743604
0.8847847298547099
0.8847853989586688
0.8847866747722357
0.8847878453531448
0.8847898423389093
0.8847914537904399
0.8847938471641179
0.884795389051243
0.8847963859769865
0.8847969508157886
0.8847971809515317
0.884798011597049
0.8847991382791411
0.8848002941653021
0.8848015186745501
0.8848023706364723
0.8848029515411235
0.884801880583345
0.8848013077072525
0.8848015910426639
0.8848028366077642
0.8848033523527132
0.8848042432217843
0.8848050624488824
0.8848056842428544
0.8848050925841389
0.8848065098894623
0.8848078376778098
0.8848093304311768
0.8848091373487591
0.8848081342237095
0.8848081597581273
0.8848078185123895
0.8848078106654768
0.8848077682523245
0.8848079264603056
0.8848080630986362
0.8848080393637836
0.8848078343184816
0.8848089064952016
0.8848097139606169
0.8848092470605281
0.8848084071419962
0.8848082974500183
0.884808187537853
0.8848070033148286
0.8848061044835356
0.8848052221561731
0.8848043178129146
0.8848041950146405
0.8848043242008387
