0.556592076805624
0.6182524805062835
0.6423741391976785
0.6587609063892789
0.6740288760491902
0.6832390131800278
0.6910403779683534
0.6982129300035432
0.7044770075818073
0.7079000495532446
0.7120140445660825
0.7160983535180409
0.7213523008273798
0.7273273731341928
0.7321211587978882
0.7362545631337285
0.7404770608589264
0.7437679343607843
0.7460254801476318
0.7486168632155236
0.751958077111487
0.7557968657542646
0.7582974607114324
0.7600423784815352
0.7621842187493545
0.764428662307188
0.7667294296166942
0.7685559081134612
0.7701744305737521
0.7717641937709724
0.7733383491528463
0.7751977775324987
0.7764945479000667
0.7778530906711424
0.7786603775773098
0.7806309328593692
0.7823927454818826
0.7838577347252831
0.7854222499440258
0.7864337028805265
0.7876202993961046
0.7887144370437248
0.7900389713831325
0.7913881519990906
0.7926383767395755
0.7937767643414209
0.7946011353662404
0.7955119240158844
0.7962782384638017
0.7972604012722938
0.7982117149159464
0.7992298092561319
0.8001951132188746
0.801131480875343
0.8020454842740646
0.8029229101324744
0.8040196270317502
0.8048317371002217
0.8056219752712656
0.8064450140785764
0.8073837428829539
0.808237732488491
0.809197676154775
0.810391182946038
0.8113434613483936
0.8122275159148196
0.8131285465328717
0.8137387274528319
0.8145465927853432
0.815322997069441
0.8160098235532248
0.8165487877862977
0.8171046382464415
0.8176205931171747
0.8182567254546853
0.8188100809603938
0.8192155220269028
0.8197202004137771
0.8202234937665317
0.8206596045907718
0.8211488485900477
0.8215259681106281
0.8218428259423036
0.8222037375473125
0.8228097066535036
0.8232512849280169
0.8236617000504894
0.823908759919765
0.8242806947713448
0.8247477665262849
0.8249822423085819
0.8253633288240005
0.8256909097982092
0.8258568777914866
0.8261441819108712
0.8263956948781696
0.8267326943670997
0.827041285100513
0.8274131291314555
0.8277334618149954
0.8280848338484544
0.8284716532790102
0.8287897873159983
0.8291143274164763
0.8293735606090058
0.8296297195430428
0.8299000385465596
0.8301457202220937
0.8304094997747059
0.8306115435211311
0.8307833834261905
0.8310272832076804
0.83123904219361
0.831545340452194
0.831896038150128
0.8321157228877574
0.8323458211409569
0.8326146862641972
0.8327996034901878
0.8330303010365339
0.8331455055320578
0.8333387324604948
0.8335080898946063
0.8337345223812384
0.8338746124023024
0.8340332311201714
0.8343304931124976
0.8345294161572435
0.8346560275033047
0.8348601229395601
0.8350474318898617
0.8352965130734307
0.8354930732366749
0.8356340304805858
0.8357788747819204
0.8358626440579188
0.8359740700181938
0.836116148245781
0.8363157383755546
0.8365431410281001
0.8367020443207045
0.8368663831784819
0.8370622685377826
0.8373164553481706
0.8375274891797095
0.8377475592185967
0.8379555975002704
0.8381374616932569
0.8383705601930611
0.838488579167236
0.8386496383369269
0.8388531841636433
0.8390209103005183
0.8392184526136099
0.8394985251396131
0.8397860720526515
0.840010755770242
0.8401910235950621
0.840389581284687
0.8406343217561146
0.8408239074532496
0.8409864713573476
0.8411778496209227
0.8413513317651746
0.8415354108011867
0.8417756145071512
0.8419695550412054
0.8422380775400135
0.8424514179305475
0.8426344500668201
0.8427785412660143
0.8429094631406102
0.843152127302801
0.8433317234595656
0.8435021715306805
0.8436814048167107
0.8438881678483652
0.8441121445473735
0.844282241838655
0.8444713101727656
0.8445979102991195
0.8447086548532236
0.8448716241224175
0.8450688934631716
0.8452538144912467
0.8453853218756449
0.8454798680215377
0.8456088667957952
0.8457036086454668
0.8457906488058458
0.845884123280585
0.846009811070018
0.8461490499125379
0.8463739298288014
0.8465660874363814
0.8466785149837317
0.8467835439332086
0.8468228423121975
0.8469001903165161
0.8470274365336015
0.8471260370013936
0.8472563906582647
0.8473530497848643
0.84744856511491
0.8475316179561613
0.8476873381252191
0.8478007269941702
0.8478786602729146
0.8479706997468781
0.8480784120947025
0.8481387991659672
0.8482219298318918
0.8482828708729061
0.8483355914059153
0.8484413239604044
0.8485481856484872
0.8486705644202801
0.8487987880688189
0.8489053944974443
0.8490226365947179
0.84916712435561
0.8492947198153848
0.8493960341958569
0.8495271051755607
0.8496621884802978
0.8498005405606317
0.8498671295888793
0.8499589221650065
0.8500324836667357
0.8501208191242275
0.8502799799784636
0.8504051980430842
0.8504924618042612
0.8506022160639587
0.8506709220928285
0.8507943298228559
0.8508774852071751
0.8509647935575193
0.8510344081304545
0.8510908281218527
0.851143046688954
0.8512141213622998
0.8513414096694425
0.8514178146178628
0.8514590505443437
0.8515727876505521
0.8516999315681105
0.8517620057977594
0.8518035297072265
0.851856807625135
0.8519303164118687
0.8519919126468727
0.8520486455610347
0.8521242811116825
0.8521553274718763
0.8522362282474347
0.852313556043161
0.8524127417310768
0.8525312092311367
0.8525899898109622
0.8526654056850607
0.8527660243884915
0.8528374850506749
0.852890279337137
0.8529710188113876
0.8530924654361804
0.8532007370549071
0.8532986444429209
0.853399359326613
0.8534588042366524
0.8535140281688282
0.853562533418496
0.853637585243557
0.853758533703301
0.8538627231276636
0.8539571350411573
0.8540363052133328
0.8541163251027584
0.8541893064850785
0.8542619915682026
0.854353221908733
0.8544422439473918
0.8545020283073549
0.8545837787116177
0.8546825722986284
0.85474096945872
0.8547994276297234
0.8548328103952821
0.8549027986915827
0.854993591922295
0.8550825894553769
0.8551580135029169
0.8552281548742153
0.8552960988993507
0.8553324093749698
0.8553989693984015
0.8554508538337815
0.8555000833397753
0.8555757447376033
0.8556606093234578
0.8557311126118422
0.8557572427447401
0.855785463384724
0.8558404598774763
0.8558964786314616
0.8559032202011314
0.8559088208639396
0.855957734405735
0.8560407507470051
0.8560889752173421
0.85610046681703
0.8561316462035726
0.8561427026062971
0.8561494197750681
0.8561763103691364
0.8562014394715507
0.8562013119403079
0.8561951715559847
0.8562427313851825
0.856280889249744
0.8563052925868595
0.8563450826969816
0.8563624834047434
0.8563974244538357
0.8563999856112694
0.8563873969092732
0.8564276782421342
0.8564596300630201
0.856494916171356
0.8565551665876041
0.8566140097448194
0.8566989426847872
0.8567755514581291
0.856805043108159
0.8568379163404012
0.8568527172852347
0.8568719819396491
0.8569011581364725
0.8569012594244074
0.8569196480315369
0.8569323067868392
0.8569468451485244
0.8569646599407981
0.8569769063901289
0.8569877561203098
0.8569920700885871
0.8570209427132485
0.8570413742577646
0.8570748967354891
0.857100172931908
0.8571433393722838
0.8571868192580709
0.857233775823204
0.857231735352429
0.8572568999659026
0.8573190392011136
0.857319399665828
0.8573325798208342
0.8573509648600879
0.8573688500395467
0.857413258971947
0.8574812013010461
0.8575328305930189
0.8575583644493886
0.8575882461767487
0.8576422720930219
0.8576946086235561
0.857736250444588
0.8577597825634561
0.8577953693636744
0.8578470138206178
0.8578812931935962
0.857891554989229
0.8579271855579608
0.8579605545746517
0.8579874171425289
0.8580480253859687
0.8581056942408799
0.8581582517121551
0.8581747479653818
0.8581958283694597
0.8582418724602449
0.8582787146619042
0.8582866282494338
0.8582958099852944
0.8582979529182404
0.8583166889859224
0.8583781642530278
0.8584026675566703
0.8584001520811362
0.8584302526402602
0.8584781152221423
0.8585068254642565
0.8585679421907884
0.8586312598432483
0.8586837677261989
0.8587272716458135
0.8587322670547655
0.8587602075743305
0.8587969205680218
0.8588264707147409
0.8588450412803168
0.8588600402722932
0.8588943478470601
0.8589407818026797
0.8589745368754776
0.8589910586985439
0.8589970661010229
0.8590105208901726
0.8590342931797776
0.8590480368509081
0.8590583176514343
0.8591041715200339
0.859138657895619
0.859164661869732
0.8591699822646103
0.8591500009582016
0.8591210739800202
0.8591335874604231
0.8591414349191445
0.8591699588343649
0.8592094124963909
0.8592373652697918
0.8592706197693896
0.8593016440255925
0.8593282215736565
0.8593461616985979
0.8593619013877325
0.8593753439255466
0.8594194367297731
0.8594410763567366
0.8594543872696617
0.8594595230275662
0.8594513757232547
0.8594578464805737
0.859459654604718
0.859489169645718
0.8595207059963161
0.8595318464358582
0.859531334754663
0.8595278370389682
0.8595243938363143
0.859518821108215
0.8595215661503318
0.8595269198035418
0.8595129855568789
0.859499429543252
0.8595030348129562
0.8594928867731708
0.8594901765872779
0.8594971568998264
0.859473597445254
0.8594617124715239
0.8594554854947188
0.8594513265634401
0.8594604325944691
0.8594729400359719
0.859474605978588
0.8594960033210748
0.8595338996890702
0.8595581845409721
0.8595663624638645
0.859572631198156
0.8595692167037413
0.8595634760722091
0.8595861948031781
0.8596006116641514
0.8596180572856397
0.8596582634039237
0.8596902027985479
0.8597033345249215
0.8596969369761396
0.8597168325232604
0.8597511256365505
0.8597857239968827
0.8598150662369747
0.8598405347677981
0.8598704987133111
0.8599048647045097
0.8599316811810477
0.8599638038041955
0.8600025475241893
0.8600405108228786
0.8600668684814938
0.8600933469246994
0.8601112940947416
0.8601390943577685
0.860164082309738
0.860184523324314
0.8602172207320209
0.8602511583587603
0.8602707454744265
0.8602973265587699
0.8603458525031087
0.8603647260185571
0.8603991821181586
0.8604441209414757
0.8604927384343376
0.8605189260504315
0.8605459771740359
0.8605643357858247
0.8605806536403322
0.8606068824976769
0.8606384031675964
0.8606835145598406
0.8607107178773787
0.8607350613784417
0.860761538714836
0.8607787001747853
0.8607855602840574
0.8607984499390187
0.8608125073202528
0.8608288670277202
0.8608355470489191
0.860840894638988
0.8608724930367306
0.8609054852446781
0.8609307650770794
0.8609455669826058
0.8609648143159939
0.8609845840731732
0.8610123564996537
0.8610432380254701
0.8610823484300163
0.8611156633058042
0.8611544681030442
0.8611736255514888
0.8611964163919689
0.8611900750272532
0.8612044218749454
0.8612414214530995
0.8612702833515389
0.861293769403818
0.8613070015768782
0.861310688921916
0.8613256014567874
0.8613545902535816
0.8613819311408955
0.8613965835089106
0.861406698872713
0.8614230502360893
0.8614227215271695
0.8614197631443182
0.8614462347948982
0.8614785345058404
0.8615032745508321
0.8615090480288837
0.8615109337303515
0.8615166523856287
0.8615318904395145
0.8615278369215044
0.8615206444671252
0.8615112827935919
0.8615118216814318
0.8615259417919711
0.8615524410872836
0.8615694996095061
0.8615771019643462
0.8615786227381772
0.8615927333432656
0.8616034029076225
0.8616138479572172
0.8616314860536254
0.8616493612950463
0.8616630449378417
0.861691200510884
0.861713202379673
0.861713650818786
0.8617124191319945
0.8617238502613157
0.8617509818887482
0.8617731457976663
0.861782345416797
0.861795870823926
0.8618132199270011
0.861833779250401
0.8618529934113319
0.8618533347082535
0.8618628203237952
0.861877524492249
0.8618977690316285
0.8619139742989002
0.8619193533826134
0.8619194299030225
0.8619444594861223
0.861969365413364
0.8619844333519735
0.8619998745439481
0.8619963516808838
0.8619904776314441
0.862006268139535
0.8620191540307574
0.8620286139708533
0.862050888430491
0.8620508907918069
0.8620578280034743
0.8620739785991923
0.8620831619412057
0.8621063120170942
0.8621149539616958
0.8621171399471383
0.862134871768399
0.8621327099499972
0.8621413619987249
0.8621417063764363
0.8621461041689931
0.8621598850537765
0.8621750583668872
0.8621880985227449
0.8621995475435715
0.8622111422873865
0.862219412265819
0.8622250436501886
0.8622371118700983
0.8622538351480526
0.8622853343953871
0.8622972116405638
0.8623010670672857
0.8623161382176956
0.8623298839463727
0.8623475861556509
0.8623598372473833
0.8623800218975166
0.8623974051015447
0.8624133595108283
0.8624408228495065
0.862470486947056
0.8624757153087078
0.8624741638528185
0.8624821971958292
0.8624873380721562
0.8625120284143319
0.8625405425648136
0.862555213264263
0.8625577400756802
0.8625531808826806
0.8625529473195399
0.862563562262156
0.8625767580431962
0.8625830675421746
0.8625964386182471
0.8626028312817264
0.8625987061671425
0.8626134674034028
0.862612255250991
0.8626147555389388
0.8626285336025736
0.8626302495108482
0.8626467992962817
0.8626386700063006
0.862649101253607
0.8626718788263659
0.8626808908995651
0.8626903735971487
0.8626903572083361
0.8626961202362385
0.8627026426973304
0.862709313660722
0.8627039928306711
0.8627112942855444
0.8627194230375066
0.862722073305961
0.8627382773283219
0.8627518800939555
0.862766667017281
0.8627818144542564
0.8627966957258748
0.8628075630380029
0.8628225543784118
0.8628231057336659
0.8628157479082674
0.8628317379736309
0.8628415650143809
0.8628458422119573
0.8628642878208244
0.8628672945642204
0.8628595115305215
0.862858405857146
0.8628637857511579
0.8628803858836387
0.862885088130106
0.8628881528529396
0.8628826274748841
0.8628853480880224
0.862896257370815
0.8628948150947264
0.8628854558212331
0.8628859038785162
0.8628916207847936
0.8628805531456825
0.8628920263480186
0.8629070231338184
0.8629104240255093
0.8629222889830587
0.8629377156696035
0.8629560295388098
0.86297619363262
0.8629781961800012
0.8629886461068359
0.8629906566361794
0.8629896761460804
0.8629915204766433
0.8629939372652805
0.8630064846281292
0.863028056407922
0.8630469789954137
0.8630540774523243
0.863051083988841
0.8630503042499527
0.8630601494852568
0.8630664150116726
0.8630521712354908
0.8630569132905079
0.8630692901570389
0.8630697462266335
0.863066086140862
0.8630728606894632
0.8630941912531701
0.8631041364434767
0.8631170273745346
0.8631277028203774
0.8631392661339146
0.8631490253841235
0.8631658078886274
0.86318805262364
0.8631949926768003
0.863210697713165
0.8632398368368797
0.8632565112666704
0.8632634046343672
0.8632629179385414
0.8632576915374494
0.8632633585017869
0.86327398411464
0.8632805954670496
0.8632933553555386
0.8633064953434397
0.8633134361599081
0.8633083369365613
0.8633107950005345
0.8633171078349192
0.8633228884323083
0.8633244895959014
0.8633251291767876
0.8633368464750746
0.8633436310792347
0.8633369093054659
0.8633322694999378
0.8633358152002257
0.8633321285687604
0.8633349325558479
0.8633295720097002
0.8633374290118554
0.863351378099665
0.8633562553810729
0.8633538966618195
0.8633547563964238
0.8633737693174462
0.8633922433360024
0.8634018268582873
0.8633989126283093
0.8633947450763134
0.8633928736861356
0.863395693372077
0.8634039720215743
0.8634010286615779
0.8634091909059737
0.8634171539805577
0.8634334835804999
0.8634457428691278
0.8634471432319809
0.8634436481298273
0.8634412054275434
0.8634368373851895
0.8634296149631983
0.863435533719274
0.8634573991906305
0.8634632337172383
0.8634645796897784
0.8634737973831762
0.8634892578543348
0.8635007633131545
0.8635191259976722
0.8635302165877766
0.8635381068046941
0.8635471462603199
0.8635501703356334
0.863551345888596
0.8635453973458638
0.8635381778803167
0.8635395266225722
0.8635342024436711
0.8635326110100969
0.8635379949257245
0.8635279022912301
0.8635153948997164
0.8635128287891279
0.8635155327763223
0.8635287815918427
0.8635403397219805
0.8635504231676814
0.8635521914018119
0.8635505341727304
0.8635526857200322
0.8635515971476192
0.8635480364280399
0.8635512506227064
0.8635632491338892
0.8635761374589287
0.863587522006299
0.8636090813544572
0.8636289848628607
0.8636362676801473
0.8636505515526232
0.8636614434706028
0.8636578813582847
0.8636499160674873
0.8636422649037462
0.8636463104735014
0.8636442749634343
0.8636398158835783
0.8636527962843837
0.8636621835078924
0.863661763866805
0.8636664784648325
0.8636691625621721
0.8636773329468302
0.8636801843627655
0.863683268260111
0.8636834294204037
0.8636819953611328
0.8636844667204661
0.8636851798175458
0.8636809382572025
0.8636831616819293
0.8636899776153327
0.8636986906370459
0.8636936360001352
0.863684410986703
0.8636800057718416
0.8636767236000339
0.8636755857826736
0.8636857559640021
0.8636901122389612
0.8636965811829916
0.8636926643026854
0.8636921092461769
0.8637032010779613
0.8636993517355644
0.8636990123811884
0.863700702168189
0.8637091271969312
0.863716162741712
0.8637243003426057
0.8637318061682382
0.8637356182047657
0.8637459831163773
0.8637567371709364
0.8637669710395777
0.8637716850692307
0.8637791923540745
0.863791161440474
0.8637941616838487
0.8637930110699833
0.8637948932287947
0.8637907074441483
0.8637954986686897
0.863794550045501
0.8637946416466704
0.8638047249637587
0.8638127372404237
0.8638264755169277
0.8638406651510754
0.8638490766159754
0.8638490782131958
0.8638445446353561
0.8638440988887406
0.8638546471829038
0.8638659970293054
0.8638782275222469
0.8638933131664023
0.8639108679105189
0.8639255667467722
0.8639253768534721
0.863925017858586
0.8639336520299716
0.8639352152556584
0.8639366696077099
0.8639368530411279
0.8639389366903054
0.8639409096051378
0.8639329774362206
0.863919979638005
0.8639151043590954
0.8639105863862946
0.8639061945808986
0.8639132499767955
0.8639171109685655
0.8639268665986465
0.8639294112265988
0.8639338511605518
0.8639402159740487
0.8639420293959608
0.8639510717798078
0.8639665953886028
0.8639801979695623
0.863975075870497
0.8639664918474588
0.8639610085504695
0.8639608301081969
0.8639670969577077
0.8639775409049456
0.8639779664297751
0.8639687862461295
0.8639647259459764
0.8639668293415408
0.8639754334470201
0.8639786996164982
0.8639835532917585
0.8639965806602316
0.8640143334733406
0.8640265946270158
0.864038124508121
0.864041866237933
0.8640427281782042
0.864055830230243
0.8640668235420124
0.8640686771739355
0.8640772604773383
0.8640792404349168
0.864081030538316
0.8640847444983812
0.8640962112692833
0.8641068174778853
0.8640993561545415
0.8640882180175418
0.8640916330364917
0.8641016989502995
0.8641084464229462
0.864112316215806
0.8641147620075789
0.8641244352740883
0.8641387663460026
0.864146202054009
0.8641494133595531
0.8641497105953345
0.8641519965493734
0.8641559757575267
0.8641643009813915
0.8641739847182519
0.8641877727758455
0.8641933253781556
0.8641927311028751
0.864188441959971
0.8641816687438472
0.8641845872004351
0.8641839964270531
0.864186165285661
0.8641990928434097
0.8642020578728925
0.8642034878192857
0.8642106666439233
0.8642245174528058
0.8642354251955842
0.8642406109035814
0.86424836651588
0.8642446442224346
0.8642466261570919
0.8642517504305565
0.8642659644990264
0.86427907382554
0.8642801739425677
0.8642837922836326
0.864285492786173
0.8642900562994092
0.8642931677828504
0.8643092365531302
0.8643244618897862
0.8643300794149821
0.8643352297626842
0.8643398185689903
0.8643485841868406
0.8643578958525348
0.8643586793655053
0.8643670839614804
0.8643670710468133
0.864368897026183
0.8643703804807674
0.8643646532334803
0.8643713147228526
0.8643730900445314
0.864363884341102
0.8643556333558953
0.8643514361147475
0.8643569120543557
0.864360449092968
0.8643664560522677
0.8643807641785776
0.8643937336470907
0.8643976732843336
0.8643987058918349
0.8643942385593816
0.8643855278443564
0.8643801692329405
0.8643728317941105
0.8643705793794241
0.8643634576000522
0.864366554749312
0.8643683329045064
0.8643630806015771
0.8643609797459366
0.8643618543992199
0.8643708693619588
0.8643746959074308
0.8643771888439594
0.8643853590267337
0.8643910762563422
0.8643905625969026
0.8643921929824766
0.8643903462597818
0.8643832657478313
0.8643828441943434
0.8643825671423183
0.8643796123492611
0.8643673087458563
0.8643620580060634
0.8643519502899796
0.8643435839624443
0.8643489337969065
0.8643549984296549
0.8643494620916788
0.8643476136130436
0.8643462056937351
0.8643384578392942
0.8643339020721053
0.8643295606206498
0.8643284994814372
0.8643311991467156
0.8643325153877982
0.8643366316247578
0.864339513511368
0.8643338701344944
0.864330814553735
0.864323394362781
0.8643179093443801
0.8643201823431305
0.8643239292916391
0.8643347611147656
0.8643371471748286
0.86433391746953
0.8643410908174947
0.8643428936063019
0.8643476939771858
0.8643525477787634
0.8643599587730423
0.8643605359227436
0.8643573327541835
0.8643611112298373
0.8643555900427988
0.8643578895988648
0.8643582793630169
0.8643502407827974
0.8643472693200576
0.8643596993815956
0.8643741106899052
0.8643877810034479
0.8644076753948502
0.8644167692275905
0.8644195747096344
0.864427119140484
0.8644256086045383
0.8644269759069786
0.8644262694349707
0.8644308097849125
0.8644373674295003
0.8644391382206025
0.864444064653023
0.8644510926263385
0.8644571573414846
0.8644592410625032
0.8644592066478545
0.8644596327977716
0.8644591425886372
0.864457586759038
0.8644570502611335
0.8644545044211908
0.8644554566104705
0.8644419089641378
0.8644309630470947
0.8644267153777485
0.8644255570359481
0.8644302981807136
0.8644376731608872
0.864433474625982
0.8644324341495451
0.8644370238200364
0.8644385782804966
0.8644349516985339
0.8644391627337098
0.8644462832721128
0.8644527442742097
0.8644599365928959
0.8644684859755201
0.8644726169538514
0.8644835287347808
0.8644889927774105
0.8644926131944827
0.8644953536319405
0.8644916673771332
0.8644933807661629
0.8644943421804856
0.8644977408406781
0.8644944182496865
0.8644934562362089
0.8644984116366824
0.8645014569504264
0.8645132014924365
0.8645208123713275
0.864528251327822
0.8645362019473154
0.864542074792052
0.864534920183863
0.8645365483848577
0.8645398657605731
0.8645349847375611
0.8645274967074899
0.8645306853720643
0.8645353240072744
0.864539889729196
0.8645457242911362
0.8645461178479585
0.8645563732826834
0.864569939768296
0.8645770756579472
0.8645874236405799
0.8646005519881351
0.8646090100571033
0.8646124032515026
0.8646190057020401
0.8646210508675705
0.8646206037305434
0.8646210862155681
0.8646273438476397
0.8646363613208851
0.8646414960250322
0.8646530088739891
0.8646591358098918
0.8646683875394833
0.8646804363364203
0.8646879785045124
0.8646923896373147
0.8646839162504558
0.8646807313551877
0.8646887463051469
0.8646908566000256
0.8646929873918914
0.8646962402436944
0.8646962076821255
0.8646999058311841
0.8647056436787594
0.8647029751393474
0.8647004759109362
0.8647026188309546
0.86471242539454
0.8647224903291919
0.8647164199210239
0.8647107948334104
0.8647017241324694
0.8646907067754912
0.8646895784424652
0.8646948415808171
0.8646958302608329
0.8646874216707917
0.864682211364877
0.8646859553586478
0.8646967325559944
0.8647023945858594
0.8647044930487001
0.8647007535066741
0.864698620735906
0.8646983098769757
0.864698890093199
0.8646935953719792
0.8646948323408205
0.8646955637018162
0.8646995172626483
0.8646992488666806
0.8647024684504614
0.8647035591845131
0.8647059934714134
0.8647136623205878
0.8647222209192352
0.8647184349142799
0.8647095995277286
0.864706040088499
0.8647123526530701
0.8647199007430026
0.8647244458139468
0.8647333355715303
0.8647377214638553
0.8647357091869896
0.8647335021585514
0.8647413672369598
0.8647572553097407
0.8647664891940857
0.8647709939787602
0.8647739736157509
0.8647791706451532
0.864781585290164
0.8647882242312482
0.8647877356634884
0.8647858829273081
0.8647883626273282
0.8647896088743146
0.8647840578611893
0.8647770760132698
0.8647728959839243
0.8647674876871713
0.8647684927905651
0.8647745453408706
0.8647799287045446
0.8647856782558921
0.8647856539639307
0.8647745847937551
0.8647776953081693
0.8647850849429177
0.8647889925082989
0.8647948427511546
0.8647987966559234
0.8648020100414825
0.8648075914364084
0.8648113921731865
0.8648103711082946
0.8648139905785686
0.8648182084812411
0.8648223646623745
0.8648183325256692
0.864816545542228
0.8648201668142323
0.864823234357023
0.8648239095089076
0.8648254618288355
0.8648263465081657
0.864830097527653
0.8648360435663001
0.8648408422581094
0.8648406572688393
0.8648390017783081
0.8648411586061837
0.8648423222977144
0.8648565613533207
0.8648654568097283
0.8648721528670335
0.8648717081152234
0.8648698097312271
0.8648635519014821
0.8648707892650433
0.8648749072305183
0.8648753196601031
0.8648822327909009
0.8648871995560566
0.8648844564068159
0.8648803302444873
0.8648850556794009
0.8648856709549114
0.8648844338864501
0.8648884543840664
0.8648890764344139
0.8648880698055611
0.8648899322011163
0.8648923133254118
0.8648917577455333
0.8648934539159058
0.8648942576415986
0.8648927942543553
0.864892305717339
0.8648943117411698
0.8648938678365596
0.8648896950890688
0.8648855149134685
0.86488229838414
0.8648785044291801
0.8648690723855461
0.864869408267932
0.864866873996561
0.8648630592231602
0.8648596089476376
0.8648588562376474
0.8648567155109445
0.864860408247569
0.8648611504512919
0.8648620347106667
0.8648655733331225
0.8648685906583826
0.8648758041995526
0.8648805386073001
0.8648858635830519
0.8648805756111279
0.8648761769920751
0.8648746462623959
0.864876943991963
0.8648750250155102
0.8648772393778331
0.8648841024201454
0.8648818976891627
0.8648755307779599
0.8648733635538974
0.8648694870111252
0.8648673694586421
0.8648701766868481
0.8648658653212561
0.8648666467828798
0.8648732010401655
0.8648771521962525
0.8648847384340816
0.8648844121410109
0.8648857701515843
0.8648899195025839
0.8648866097035198
0.8648852490081794
0.8648840228760006
0.8648868716678861
0.8648857262419618
0.8648856310704358
0.8648817192862045
0.8648805580829291
0.8648842806868517
0.8648839485858086
0.8648875154622415
0.864893831806385
0.8648967409680762
0.8648925784071984
0.864897174558389
0.8649024076571825
0.8648990596982568
0.8649010829345075
0.8649051808692567
0.8649027516661653
0.8649012863141701
0.8649042654050124
0.8649079701148068
0.8649152699429055
0.8649239319523073
0.8649289471036713
0.8649310532364886
0.8649313948705439
0.8649288688904292
0.864930247361322
0.8649254365327842
0.8649195469529894
0.8649196148695004
0.8649213052935317
0.8649166090653864
0.8649143588014646
0.8649097303445306
0.8649040703150207
0.8649062891076491
0.8649025211650854
0.864897717907251
0.864896019964819
0.8648986541192277
0.8648993317872244
0.8649022390964579
0.8649103007594665
0.8649075484404096
0.8649097716213984
0.8649107750642835
0.8649161073043641
0.8649154695437833
0.8649200184883686
0.8649266729577817
0.8649284605328811
0.8649289202567793
0.8649256816250019
0.8649192888672759
0.8649113416780796
0.8649075398768602
0.8649057073762059
0.8648983253700072
0.8648941357682819
0.8648933633600618
0.8648954666696504
0.8648974028294232
0.8649000207666377
0.8649055259683995
0.8649029967516705
0.8649060897590967
0.8649066554573956
0.8649068908476368
0.8649063849922842
0.8649034189761682
0.8649036691001234
0.8649014544082434
0.8649000889738246
0.8648938892700277
0.8648925756318792
0.8648945089478812
0.864888088565166
0.8648841936736347
0.864890908075599
0.8648884055543594
0.8648882104050826
0.864891637655379
0.8648942807674347
0.8648967299027916
0.8649021403224334
0.8649044779185722
0.8649013532181228
0.8648966900995668
0.86489296876199
0.8648863435205516
0.8648721436604415
0.8648684269841534
0.8648571898995523
0.8648498116323164
0.8648391264349009
0.8648362566048874
0.8648383506892412
0.8648340736457187
0.8648336908327576
0.8648319050813222
0.8648338682070855
0.8648321611313745
0.8648383161944752
0.8648443288070701
0.8648480676990025
0.86485076920088
0.8648508105530666
0.8648553466220602
0.8648521695893102
0.8648550893731646
0.8648564485565101
0.8648559351699862
0.86485669103459
0.8648530292421304
0.8648536160220076
0.8648551033228584
0.8648513726703361
0.8648504803407339
0.8648531849818252
0.8648590913127663
0.8648577264139345
0.8648565345950612
0.8648581176495438
0.8648546705168286
0.864852457400003
0.8648492885944088
0.8648466966744401
0.8648477741688676
0.8648551602527946
0.8648647044407003
0.8648691252263208
0.8648673257103658
0.8648710022391154
0.8648744845717128
0.8648756010004418
0.8648769151556204
0.864877190957998
0.8648789513985902
0.8648801381426607
0.8648800521923532
0.8648854810408096
0.8648869837784152
0.8648847646698479
0.8648846382379034
0.8648837835482591
0.8648803571339437
0.8648808446979083
0.8648884354187909
0.8648861161828368
0.8648886079861394
0.8648917352282688
0.8648966387355709
0.8649005432360822
0.8648996528932855
0.864902709411267
0.8649079972808855
0.8649091637675109
0.8649089426179458
0.8649074308649107
0.8649084795304642
0.864905853917956
0.8649050576170203
0.8649090006970562
0.8649121538716973
0.8649137973929977
0.8649164001488877
0.8649146538322127
0.8649147162434339
0.8649146319988885
0.8649219350914807
0.8649282909970167
0.8649319372587871
0.8649404160151029
0.8649492415755013
0.8649541298554818
0.8649520789840958
0.8649493699120746
0.8649454641452932
0.8649396663256621
0.8649362336529114
0.864941201520835
0.8649445348449438
0.8649425913541816
0.8649449897200039
0.8649555429606788
0.8649529664797587
0.8649548982934376
0.8649601212851052
0.8649657999093396
0.8649713332526163
0.8649773697858334
0.8649785629072938
0.8649842372097546
0.8649838080568452
0.8649861118124264
0.8649886021692412
0.8649947524884278
0.8649993285335447
0.8650064051811759
0.8650017547603299
0.8649974637965239
0.865001467139241
0.8650043747086313
0.8649992416468395
0.8649958968549295
0.8649954948194138
0.8649979697810346
0.8650012908679551
0.8650048193829536
0.8650113405058134
0.8650110067910421
0.8650081780312168
0.865006035277283
0.8650076802268032
0.8650102865373576
0.8650105593914286
0.8650124398301998
0.8650151099309042
0.8650142208091047
0.8650185566668328
0.8650223445629269
0.8650249532624379
0.8650309339229726
0.8650353002809253
0.8650405416632327
0.8650452783106065
0.8650510378622415
0.8650505788928218
0.8650447533277541
0.8650461678612791
0.8650516037108813
0.8650566593625061
0.8650581571290945
0.8650579659498371
0.8650523625801227
0.8650489288094355
0.8650485844424658
0.8650471846204452
0.8650484782882257
0.8650505320865151
0.8650530849640546
0.8650454873800402
0.8650423214195774
0.8650453849569399
0.8650471482469313
0.8650487695009158
0.8650521966674539
0.865057082370839
0.8650624924499684
0.8650751626339976
0.8650790210499258
0.865083132770112
0.8650869640902817
0.8650885924513926
0.8650866732014
0.8650835338695658
0.8650813351586332
0.8650778337730465
0.8650792890789305
0.865081689722519
0.865082743104277
0.865081213121737
0.8650827750143734
0.865084125599206
0.8650830594133057
0.8650813691119991
0.8650829479942832
0.8650790908057294
0.8650779801756455
0.8650709096754842
0.8650694297228035
0.8650679376579986
0.8650670250735651
0.8650700894050142
0.8650694639360442
0.8650685833161439
0.8650725390523816
0.8650763769879198
0.8650760100839483
0.8650781408426961
0.8650785938316515
0.8650778847487157
0.8650716572766481
0.8650705912098425
0.8650737658532085
0.8650744926907091
0.8650714116993059
0.8650698828542466
0.8650684921718147
0.8650731791510211
0.8650682537845141
0.8650713975712618
0.8650728631941124
0.8650751753210025
0.8650754107937255
0.8650712948099296
0.8650723749954595
0.8650750612482462
0.8650731988204502
0.8650728130876969
0.8650750748497609
0.865075534634006
0.8650726673385835
0.8650684755862655
0.8650631129560701
0.8650630640399635
0.8650669483641622
0.8650677604033792
0.8650659608877568
0.8650638919415201
0.8650667139521712
0.8650692224813313
0.8650638953830191
0.8650611082368298
0.8650548555019514
0.8650465803504779
0.865045978249473
0.8650460662944162
0.8650480319555144
0.8650460672262905
0.8650377263131952
0.8650371727441978
0.8650358148854509
0.8650364684151074
0.8650369658430195
0.8650370357107156
0.865039480827164
0.8650417426484639
0.8650438560440705
0.8650479166828284
0.865049220501882
0.8650498300008944
0.8650455666795059
0.8650460595870716
0.8650483667142117
0.865057678307483
0.8650623268923944
0.8650699541017912
0.8650704084976018
0.8650648098110053
0.8650625369598581
0.8650597626112998
0.8650583928272654
0.8650644423337006
0.8650652393038148
0.8650631990097236
0.865064209400563
0.8650647203896575
0.8650607641974339
0.8650603610880646
0.8650603018765457
0.8650647730087009
0.8650715315831182
0.8650780253332196
0.8650808265111444
0.8650859896555988
0.8650937690543785
0.865105806337202
0.8651128569311212
0.8651157991723977
0.8651166513839934
0.8651223267789692
0.8651264161307181
0.8651365935644502
0.8651405588003344
0.8651399033170415
0.8651364078084209
0.8651370408969016
0.865138283669502
0.865136711945612
0.8651334076298096
0.865130731487487
0.8651299518375226
0.8651270887603021
0.8651235719304635
0.8651233347295472
0.865132746608327
0.8651413783724855
0.8651432323256406
0.8651436674611956
0.8651480451572635
0.8651520959270569
0.8651493215712825
0.8651446189335172
0.8651420666080774
0.8651407510016872
0.8651360477348995
0.8651278011193072
0.8651248146365427
0.8651245913328185
0.8651260005455752
0.8651307527310534
0.8651343400274625
0.8651378281037777
0.8651358267882604
0.8651377615693395
0.8651421238887961
0.8651515735626715
0.8651550288850801
0.865154418212691
0.8651566302892536
0.8651573270683365
0.865161943222766
0.8651653107044166
0.8651679366907394
0.8651695564562502
0.8651746294087888
0.8651785190320461
0.8651803903617944
0.8651822419495675
0.8651830597792752
0.8651796693232154
0.865176287968789
0.865177884019498
0.8651802736756304
0.8651837047591999
0.8651820399468139
0.8651789508096003
0.8651830764436482
0.8651864155352598
0.8651880131334989
0.8651867206536579
0.8651893334775874
0.8651887494336385
0.8651897485479618
0.8651910719163622
0.8651959696203081
0.8651970288534422
0.8651941443367511
0.865196290892088
0.8651983780052306
0.865199960365975
0.8652007077433036
0.8652006919063462
0.8652006533789129
0.86520499769504
0.8652099052816014
0.8652168876521856
0.8652190781274298
0.8652208944213691
0.8652310996249258
0.8652361218777289
0.8652396251615712
0.8652348618826662
0.8652360527666161
0.8652370717787723
0.8652370389910284
0.8652372505496941
0.865233966985367
0.8652358773395498
0.8652340279655844
0.8652345961465858
0.8652369185482585
0.8652381308265824
0.8652433509715032
0.865246013279907
0.8652491084613314
0.8652498741759101
0.8652490551434083
0.8652485130999701
0.8652497921759629
0.8652533156901485
0.865257371235596
0.8652579816268585
0.8652567442955632
0.8652563917666003
0.8652566583499673
0.8652575029679386
0.8652583494669698
0.8652586118407952
0.8652567890536684
0.8652555051682592
0.8652539768525245
0.8652490244466433
0.8652506772136891
0.8652492381129538
0.8652403923848129
0.8652313021747844
0.865225451631768
0.8652157375636629
0.8652090289856097
0.8652059066142721
0.8652029784082957
0.8652058083457072
0.8652034502061525
0.8652023492105417
0.8652036282086413
0.8652036404126715
0.8652054559770345
0.8652079452734388
0.8652108670800799
0.8652105950420167
0.8652137566803322
0.8652168589202587
0.8652211836234754
0.8652237322351242
0.8652251800203188
0.8652269742378705
0.8652254845551426
0.8652237947907383
0.8652224828403218
0.8652206532217274
0.8652214229144025
0.8652232911467372
0.8652222378077671
0.8652262356064517
0.8652291837601569
0.8652310247675508
0.8652295716390921
0.8652250591909004
0.8652198191424357
0.8652151042974986
0.8652110136006537
0.8652087698493945
0.8652123864223144
0.8652187123658744
0.8652218700989789
0.8652248066176037
0.8652273249508816
0.8652319734012737
0.8652369739578243
0.8652401406028676
0.865243635228215
0.8652427434717993
0.8652444000219816
0.8652478131979402
0.8652550124050652
0.8652598530895784
0.8652599656064787
0.8652560309257279
0.8652550008948899
0.8652598779317958
0.8652659081579479
0.8652706409358362
0.865274636345705
0.8652747488736662
0.8652760482866221
0.8652765900102264
0.8652713676107527
0.8652650295394969
0.8652625717937203
0.8652643327557686
0.8652662469780591
0.8652753592872517
0.8652792672091377
0.8652801989559302
0.8652817773069155
0.8652827656649754
0.8652794307596778
0.8652768536630928
0.865275097535943
0.8652745302358548
0.865276850536061
0.8652744917179964
0.8652734109802693
0.8652726418782979
0.8652712951506903
0.8652666840332074
0.8652677058609286
0.8652696920272739
0.8652663376327837
0.8652615948640788
0.8652624864608337
0.8652663962774085
0.865271947072917
0.8652735923294518
0.8652770715009128
0.8652811687245211
0.8652853256037848
0.8652870802161557
0.8652906523766675
0.8652914605306381
0.8652889085838271
0.8652848038058462
0.8652824983727969
0.8652817843904134
0.8652800585082242
0.8652794866641026
0.8652806274963106
0.8652839578974231
0.865290391176555
0.8652935943025691
0.8652978990626556
0.865303751123366
0.8653085863478304
0.8653122865661661
0.8653127371830653
0.8653135796691581
0.8653154874298077
0.8653171871396588
0.8653194754237685
0.8653193473532539
0.8653167923172561
0.8653172024187882
0.865320179985979
0.8653212565546577
0.8653238819661512
0.8653244841025461
0.8653235381881983
0.8653206191273353
0.865320256473916
0.8653230032145351
0.8653255937928501
0.86532962432652
0.8653315343002539
0.86533663994613
0.8653376245930237
0.865338224219292
0.8653381294639668
0.8653387216479288
0.8653421066684418
0.8653416725687428
0.8653424117077309
0.8653450161273094
0.8653468777720035
0.8653513396421889
0.8653581423097441
0.8653606939469712
0.865362644849025
0.8653597402717834
0.8653598883204069
0.8653601299963979
0.8653598926367772
0.8653614324072328
0.8653633559905403
0.8653654798190815
0.8653660414845029
0.8653666423916293
0.8653699574209333
0.8653719936262342
0.8653728288251619
0.8653724291329877
0.8653733808287548
0.865379507321568
0.8653810926254979
0.8653848143451917
0.8653893536259849
0.8653905305452426
0.8653895284448022
0.8653941357971813
0.865397395821938
0.8653993384993618
0.8654005388402436
0.8654023138284201
0.865400036439293
0.8654013235980299
0.8654008079233029
0.8654027664136208
0.8654034170403536
0.8654079851358099
0.865408222762631
0.865406996746891
0.8654067479472687
0.865406815011924
0.8654086200638589
0.8654091454757232
0.8654082329131875
0.8654021826517339
0.8653989408576702
0.8653967209346507
0.8653941365150035
0.8653903469851805
0.8653865041577395
0.8653882694517316
0.8653876802810647
0.8653896127645864
0.8653895346640071
0.8653888486140628
0.8653912673742776
0.8653917907463821
0.8653907373964305
0.8653924491694265
0.8653941791920998
0.8653941640255396
0.8653998158972899
0.8654054221584263
0.8654097151353298
0.8654121324259415
0.865411651986302
0.8654090162657531
0.8654081029274188
0.8654099160689951
0.8654150660575799
0.8654195235196134
0.8654210488613244
0.8654185281950723
0.8654207957725482
0.8654205735673146
0.8654187475343721
0.865420973070207
0.8654205815389663
0.8654218908024991
0.8654240620309538
0.8654281848920208
0.8654324378527212
0.8654360874770147
0.865440958157359
0.8654478799815544
0.8654535794734541
0.8654589292331907
0.8654636971384794
0.8654630205088214
0.8654634137087402
0.8654647623537651
0.8654713985122182
0.8654752579038575
0.865474615940219
0.8654742340915575
0.8654750812268469
0.8654793575827023
0.865482333001194
0.8654837266367215
0.8654855697322398
0.8654828414718493
0.865479319042573
0.8654745327651818
0.8654742589556532
0.8654742958190704
0.8654718407213143
0.8654718406298776
0.8654789797622289
0.8654860687612285
0.865489880158299
0.8654935218163073
0.8654965988908452
0.8654968860874726
0.8654967731717083
0.8654971152288959
0.865501122438778
0.8655046711326192
0.8655069995205643
0.8655065147498854
0.8655076529221805
0.8655084191377884
0.8655087892423278
0.8655080376818443
0.8655086257589911
0.8655087823946273
0.8655073295488963
0.8655063943284316
0.8655056527466722
0.865505953508867
0.8655050529426835
0.8655044092567898
0.8655044680963895
0.8655050404018574
0.8655043642319475
0.8655067922912298
0.865511708732733
0.8655150981225849
0.8655182651755713
0.865516153172624
0.8655109943416947
0.8655110651956336
0.8655113230573999
0.865511201810145
0.8655096017659966
0.8655088284521774
0.8655058245472979
0.8655040407946354
0.86550343284166
0.8655028237328991
0.8655014528867472
0.8655016538372833
0.8655039856393841
0.8655054936126324
0.8655072908191292
0.8655086727122346
0.8655113833438172
0.8655153305597183
0.8655171182359077
0.8655186465151976
0.8655201221885086
0.8655198313433333
0.8655239156376012
0.8655271870707669
0.8655289980881027
0.8655306804225622
0.865533707984163
0.865539227179529
0.8655467066002168
0.8655506897842623
0.8655528821214676
0.8655551726130591
0.8655609742606406
0.8655653340542818
0.8655659220867398
0.8655678660375844
0.8655717992711501
0.8655800081768864
0.8655855655550285
0.8655881209224883
0.8655875110036992
0.865589869733012
0.8655937347501234
0.8655980898800422
0.8656004943929068
0.8655996054694405
0.8655982235186591
0.8656008423957969
0.8656043602477437
0.8656070168038243
0.8656101443012186
0.865612706018636
0.8656137221973669
0.8656146409435569
0.8656172955541166
0.8656168485796844
0.8656144771335358
0.8656142820825318
0.8656166601402157
0.8656179359278899
0.8656194950257237
0.8656216106537832
0.8656234419511144
0.8656270131518474
0.8656311634805779
0.8656333335348216
0.8656359662930905
0.8656390235046734
0.8656384950933231
0.8656386375443023
0.865636555485889
0.8656340145754818
0.8656334631167806
0.8656347891474467
0.8656371126784578
0.8656420834867403
0.8656429421569417
0.8656446033737181
0.8656461897179384
0.8656500102070146
0.8656521433209123
0.8656515733753559
0.8656524596089336
0.8656528291173543
0.8656533215979274
0.8656546000287245
0.8656597226721403
0.8656648145408535
0.8656697464255353
0.8656701008579728
0.8656666009482457
0.8656663330094305
0.8656674924110205
0.8656683250229585
0.8656667898568279
0.8656647436307787
0.8656663812779742
0.8656673924027563
0.86567193190205
0.86567558087487
0.8656782275433915
0.8656802139764008
0.8656783684215612
0.8656796481924836
0.8656821927479988
0.8656849022699539
0.8656885764748594
0.865687533313964
0.8656840655859508
0.8656845213578352
0.8656852421916558
0.865685445422026
0.8656867362508598
0.8656883046378314
0.8656896057477613
0.865698424030657
0.8657033147376065
0.8657049496033645
0.8657119128790993
0.8657175164048003
0.8657217116698387
0.8657234433114562
0.8657231784938952
0.8657223889470118
0.8657225503810112
0.8657218818474363
0.8657228573828841
0.8657215664897007
0.8657209629239789
0.8657217087722908
0.865727797589477
0.8657336921680696
0.86573803862697
0.8657410319880423
0.8657455535216845
0.8657489193395052
0.8657492747950782
0.8657500993258944
0.8657513734510783
0.8657541266148919
0.8657509536818863
0.8657510183417583
0.8657554166309722
0.865760659463354
0.8657678359427667
0.8657696943273782
0.8657707716072287
0.8657717242904509
0.8657752070533549
0.865777060022901
0.8657752680048835
0.8657731319112949
0.8657725482175817
0.8657723542725896
0.8657725646084743
0.8657719557519497
0.865772566559733
0.8657688935350062
0.8657661651276448
0.8657671254602485
0.8657677485949937
0.8657699983530991
0.8657709585292418
0.8657746809772916
0.8657771530361029
0.8657745658709418
0.8657730455572255
0.8657713800941763
0.8657699271083609
0.8657704096886226
0.8657737573122422
0.8657768487529435
0.8657772376513112
0.8657752239921465
0.8657762725335224
0.865778488961322
0.8657807411757387
0.8657803264636982
0.8657781760719737
0.8657814534809586
0.8657859633662232
0.8657878640671407
0.865784738009331
0.8657850706550739
0.8657878643677368
0.8657885774607311
0.8657877896493746
0.8657865883363249
0.8657860573930323
0.8657863541036155
0.8657874195653968
0.8657859395301831
0.8657912758588675
0.8657962823373155
0.8657995440121756
0.8658043532283849
0.8658055094381784
0.8658042860947179
0.8658048523825592
0.865805505850324
0.8658068629684137
0.8658039817915834
0.8657994706372039
0.8657975910589264
0.8657975517727535
0.8657968838446186
0.8657931032877284
0.8657898806102354
0.8657908474521615
0.8657913650642239
0.8657890658209396
0.8657872768900765
0.8657863205900317
0.8657846547232527
0.8657860374778519
0.865789230104476
0.865792201079815
0.8657931879780859
0.865794559628749
0.8657932541308049
0.8657910505326895
0.8657916592869062
0.8657920791886757
0.8657898534600553
0.8657865584040195
0.8657811250015043
0.8657805715037474
0.8657830612648454
0.8657844231628065
0.8657880993606678
0.8657902717470661
0.865789932346817
0.8657894762319122
0.8657918393577368
0.865793315951792
0.8657916493467172
0.8657890367545078
0.8657897720798762
0.8657895751334973
0.8657933494232083
0.8658003423534891
0.8658044318402112
0.8658049233387588
0.8658082277165634
0.8658095301177354
0.8658085613084185
0.865808501683922
0.865809896198537
0.865810946031411
0.8658098904212751
0.865811789841617
0.8658155893030659
0.8658167483388848
0.8658170029574962
0.8658197812327918
0.8658188256113939
0.8658164214727206
0.8658192580907222
0.8658199320220438
0.8658228754073489
0.8658275758881767
0.8658294765012788
0.8658315181903302
0.8658334055172561
0.8658355999419284
0.8658366514360241
0.8658390746644373
0.8658432665934964
0.8658469600841018
0.8658483430635431
0.8658499916345744
0.8658505354144379
0.8658506529676123
0.865848900796498
0.8658497628653273
0.8658503456954308
0.8658526136981953
0.8658573720611671
0.8658580132422525
0.8658592473698651
0.8658594077177101
0.8658579175253679
0.8658574998418582
0.865858755888625
0.8658600667499491
0.8658588733871206
0.8658599311246833
0.8658575341273043
0.8658562174234993
0.8658609878486869
0.865863351142131
0.8658631314201819
0.865863639592799
0.8658653102574779
0.8658651824840711
0.865866150499278
0.8658698139775837
0.8658710602945267
0.8658732722211123
0.8658761983833412
0.8658762594960868
0.865874995012525
0.8658750283828295
0.8658734886126437
0.8658729963833014
0.8658745642190889
0.8658781540418916
0.8658819668529163
0.8658860595409423
0.8658910177205201
0.8658866282577422
0.8658815463948721
0.8658785183933199
0.8658799888696614
0.8658814207416782
0.865878565029881
0.8658815072904043
0.8658837011662822
0.8658837864074299
0.8658822768760389
0.865880420948885
0.8658806538593272
0.8658827748232601
0.8658829340147404
0.8658846111035882
0.8658879907789335
0.8658909324409054
0.8658934656548626
0.8659007236691232
0.8659103231889762
0.8659136367422452
0.8659157742792961
0.8659198518265863
0.8659219615650185
0.8659232292433314
0.8659259828025773
0.8659291866082746
0.8659294060014693
0.8659274150305699
0.865927143825315
0.8659280055283567
0.8659255217256739
0.8659217333618381
0.8659187052759824
0.8659169300393479
0.8659183702360843
0.8659213858676582
0.8659205121652769
0.8659217510162592
0.8659212814049653
0.8659216761954571
0.8659217275807496
0.8659184481397941
0.8659154425162028
0.8659119071058834
0.8659087058500751
0.8659061741390224
0.8659060943744574
0.8659018571147272
0.8658983483960578
0.8658983922790309
0.8659002486987928
0.8659042416585297
0.8659014281611638
0.8658997140239261
0.8658969250269961
0.8658943795196333
0.8658919513405815
0.8658928559791143
0.8658917664995746
0.8658900503970177
0.8658896242762024
0.8658897824857745
0.8658890382328305
0.8658925361116251
0.8658950978160745
0.8658992473270184
0.865905160184151
0.8659093756719475
0.8659111110423152
0.8659129006277616
0.8659183211858172
0.8659195266056439
0.8659171679082555
0.8659181878748503
0.8659199459966461
0.865920931600025
0.8659173052956686
0.8659158465651402
0.8659144318223454
0.8659152496658935
0.8659176001923159
0.8659211711408957
0.8659251711133971
0.8659283193518305
0.86592921617949
0.8659334000925812
0.8659313201467973
0.8659278115798453
0.865925536997029
0.8659245359053214
0.8659245522685236
0.8659220696476817
0.8659224958916931
0.8659258684351329
0.865931625432762
0.865931922146534
0.8659325879643501
0.8659349023345568
0.8659342737733728
0.8659367049515059
0.8659394848370163
0.8659391045711727
0.8659391378803603
0.8659362415513687
0.8659353764602384
0.8659359025506503
0.8659347030531157
0.865931361424417
0.8659308944676042
0.8659293753945897
0.865925909570044
0.8659266409300505
0.8659296977032331
0.8659278619165242
0.8659265157165276
0.8659211558547559
0.8659140508861497
0.865911171327888
0.8659102017846417
0.8659099345899631
0.8659097351442736
0.865910835048886
0.865910549217781
0.865909056453281
0.865908430888581
0.865909993410354
0.8659096644453462
0.86591287388738
0.8659137658911562
0.8659130805184311
0.8659161399718122
0.8659198001666961
0.8659229100067628
0.8659222025253984
0.8659194502234296
0.8659172470481
0.8659118369542168
0.8659077769436698
0.8659073683984783
0.8659088347419734
0.8659081937847479
0.8659048742530799
0.8659009265066524
0.8658991035873485
0.8659020999969825
0.8659034414321648
0.865904765754462
0.8659048637849822
0.8659007354046843
0.8659001549530366
0.8658996207048945
0.8658994888416671
0.8659007009801408
0.8659000376568461
0.865899061473805
0.8658971091783463
0.8658971473105951
0.8658990534291303
0.8659009229574092
0.865903633425446
0.8659025276850828
0.8658989472118336
0.8659004969739651
0.8658993924447681
0.8658956584276161
0.8658972558074015
0.8658988035174507
0.86589872480396
0.8659028520724007
0.8659014130506107
0.8658987316218495
0.8659033400388624
0.8659039840972901
0.8659048663083704
0.8659034452013332
0.8659001931734509
0.8659018609405916
0.8659003482392968
0.8659006166700457
0.8659026786664316
0.865901908601658
0.8659008423310872
0.8658991672943098
0.8659008724008744
0.8658989809424366
0.8658975743202665
0.8658971363604131
0.8658991522616273
0.8658987468498198
0.8658996286438733
0.8658995178719774
0.8658994071631959
0.8659044603144922
0.8659093410955994
0.865908627242387
0.8659092215047688
0.865909475672762
0.8659094599855205
0.8659106314023005
0.8659136073220226
0.8659147548603225
0.865917998845467
0.8659188421931033
0.8659208644729791
0.8659213319694303
0.8659213014745805
0.865918488815115
0.8659168121434231
0.8659181347452507
0.8659182532373946
0.8659193632721609
0.8659220178017566
0.8659236516679043
0.8659251528279814
0.8659265190769555
0.8659274577903043
0.8659284722324361
0.8659283361296374
0.8659309384859716
0.8659329717225053
0.8659333830089001
0.8659334332734195
0.8659313397371683
0.8659312089622926
0.8659306102101287
0.8659281080293173
0.8659246641285915
0.865924305424597
0.8659269408390144
0.8659298679436169
0.8659326239286016
0.8659340403473534
0.8659327852777902
0.8659320821920141
0.8659318208793066
0.8659308089030486
0.8659264528788428
0.8659207363962509
0.8659206399624061
0.8659199123358262
0.865919244343837
0.8659204363917904
0.8659189253438521
0.8659163247025444
0.8659163419234692
0.8659172677220668
0.8659186709482221
0.8659181550017564
0.8659163690572135
0.8659168366860559
0.8659214935819374
0.8659248533815513
0.8659289854156204
0.8659295014480858
0.8659289853930255
0.8659328534676636
0.8659363907538186
0.8659387077831546
0.8659392567701439
0.8659389104978685
0.8659380891769013
0.865936145108284
0.8659323036135579
0.8659319204623463
0.8659317947309682
0.8659315129351828
0.8659316910181635
0.8659321484964012
0.8659335923212179
0.8659330195683568
0.8659311352634521
0.8659312748895965
0.8659309803566366
0.8659332085816415
0.8659379398279805
0.8659412530937499
0.8659430688244505
0.8659437840746383
0.8659438376709752
0.8659439767856477
0.8659470281756698
0.8659485185003039
0.8659469092378871
0.8659476613363348
0.865947128844437
0.8659477675799941
0.865948067830269
0.86594938552817
0.8659492985105283
0.865948130749572
0.8659441216205905
0.8659405827183903
0.8659394005326366
0.8659402268863612
0.8659399156712033
0.865940907478768
0.8659421779874227
0.8659445738489712
0.8659479664622454
0.865948352682089
0.8659496653370579
0.8659476059171671
0.8659461135043879
0.8659465216824404
0.8659464768634288
0.8659453033233382
0.8659420774115572
0.8659439387589285
0.8659465812762237
0.8659478490217847
0.8659453313029378
0.8659421057385699
0.8659402258604277
0.8659388383011144
0.8659387436730089
0.8659355497316982
0.8659336350903054
0.8659335764568705
0.8659367100486451
0.8659367083145356
0.8659369990508886
0.8659376711323066
0.8659381190162514
0.8659367744678959
0.8659390316369806
0.8659385250904188
0.8659398187286014
0.8659424347778852
0.8659425465098148
0.8659434196118927
0.8659436482250445
0.865944613621966
0.8659467577172738
0.8659475725130724
0.8659485497928759
0.8659500864394072
0.8659498842303254
0.8659500605842302
0.865950501407
0.8659517598978628
0.8659500524351516
0.865947081423619
0.865944102018144
0.8659398248505534
0.8659379473211105
0.8659358508303447
0.8659345370153593
0.8659363257300206
0.8659393376671942
0.8659409517202088
0.8659404042062888
0.8659404246128096
0.8659404127585917
0.8659409932738372
0.8659411690756854
0.8659429690011426
0.8659463649226337
0.8659483101027837
0.8659488774339434
0.8659494392712276
0.8659483577054322
0.8659468015437402
0.865947790701243
0.8659459112138641
0.8659412703174495
0.8659408469169707
0.8659417772218632
0.8659436808889842
0.8659449074745182
0.8659471301494597
0.8659506198210721
0.8659554642899588
0.8659596118072005
0.8659623127365573
0.8659638429610907
0.8659673026673371
0.8659685299226193
0.8659691543073329
0.8659704243767467
0.8659718291301716
0.8659754731218604
0.8659783422341131
0.8659831994334242
0.8659851230297471
0.8659872818204133
0.8659913946916433
0.8659977358297991
0.8660016769641355
0.8660051368141911
0.8660061967701995
0.8660076980251086
0.8660083797212926
0.8660096637959287
0.8660097560688418
0.8660101539695915
0.8660112396299234
0.8660138774356965
0.8660161068460822
0.8660153390836335
0.8660139051361735
0.866013533167098
0.8660100373979404
0.8660104382111744
0.8660115506848441
0.8660117143176591
0.8660119347492468
0.8660141762585336
0.8660154327393544
0.8660170543268368
0.8660167381111334
0.8660144855822891
0.8660128212272941
0.8660102824990813
0.8660124037906575
0.8660131920583068
0.8660137713364773
0.8660125853668551
0.8660179846746434
0.8660203185289701
0.8660202828792551
0.86601984042449
0.8660199343967865
0.8660210083629795
0.8660205507843856
0.8660211166612158
0.8660208671243877
0.8660204389807459
0.8660190144763494
0.8660220543225423
0.86602312559284
0.8660264684297062
0.8660313291848537
0.8660332396819541
0.8660365920066229
0.8660404571221575
0.866043432653398
0.866044693633359
0.8660469444582665
0.8660461543088361
0.8660480913697927
0.8660476932771614
0.8660462215091799
0.8660448541908754
0.8660454975426579
0.8660490592368557
0.8660526490716883
0.8660579730349663
0.8660629876293002
0.8660678801709039
0.866070486139229
0.8660730671376053
0.8660743954769384
0.8660781623787117
0.8660814937631838
0.8660843464870188
0.8660830059279154
0.8660829381066012
0.8660804681649126
0.8660824327592684
0.8660846292809213
0.8660857895693039
0.8660853372326957
0.8660863972751844
0.866082860935969
0.8660790538985945
0.8660768154468688
0.866077385673613
0.8660773580914923
0.8660777687763732
0.8660773010425399
0.8660787618578817
0.866081053512217
0.8660848341778546
0.8660850138752592
0.8660868767683134
0.866086809663435
0.8660893364320796
0.8660922172706557
0.8660962555469672
0.8660981212106311
0.8660998056749298
0.8661026163126979
0.8661043169923817
0.8661064795419141
0.8661090965729348
0.8661123765878471
0.8661129158744746
0.8661128528485764
0.8661137784836883
0.8661138159915063
0.866113327476715
0.8661146320717115
0.8661173903654192
0.8661211166202459
0.8661246008087886
0.8661271178177307
0.8661321345839909
0.8661352729490691
0.8661355614636976
0.8661355502127748
0.8661349576079533
0.8661355611515823
0.8661333346125871
0.8661313822164043
0.8661307569748529
0.866130805248039
0.8661322028622176
0.8661345356981243
0.8661367891162742
0.8661380660040237
0.8661399554352114
0.8661429366145255
0.8661442899272661
0.8661440806895792
0.8661427894158864
0.8661422303436861
0.866145505239584
0.8661494564019993
0.866151519035201
0.8661527414013164
0.8661550693984235
0.8661531186277421
0.866152931055357
0.8661529662768377
0.8661547151809722
0.8661547568142054
0.866151091960066
0.8661500021799184
0.8661497848181045
0.8661468157612928
0.8661454409561203
0.8661452289083289
0.8661451884381594
0.8661461654124256
0.8661477972402502
0.8661471950416534
0.8661501983241896
0.8661512958436991
0.8661513171073069
0.8661512923930412
0.8661507758730224
0.8661521610423161
0.8661555390507273
0.8661568903826866
0.8661579783007627
0.8661580259211725
0.8661563206123821
0.8661568797583603
0.8661572023101205
0.8661576963994175
0.8661595956903587
0.8661614744812135
0.8661637362973721
0.8661640370465385
0.8661646480635505
0.8661622221801156
0.8661593468065474
0.8661599834504871
0.8661621864531465
0.8661640658274918
0.8661633239592715
0.8661628974522191
0.8661636199324163
0.8661650922246248
0.866166135456535
0.8661661244968911
0.8661671769518047
0.8661676956071199
0.866169435313925
0.8661707944166422
0.866174569218931
0.8661769882716721
0.8661750016655464
0.866174006224302
0.8661774886963328
0.8661795614131088
0.8661812073550649
0.8661823105707603
0.8661828444147017
0.8661833786214713
0.8661814234874342
0.8661780623625851
0.8661789434012132
0.8661818889861292
0.8661857264603938
0.8661877971493985
0.8661880726300116
0.8661881981167335
0.8661884930983353
0.8661892705187823
0.8661862394385759
0.8661867577769289
0.8661896125157209
0.8661954475106193
0.8662003662185782
0.8662021345112644
0.8662017251088662
0.8662002732961439
0.8662000397046007
0.866198499805865
0.8661959977480063
0.8661947726065841
0.8661924435675373
0.866191456987427
0.8661910734184074
0.8661907311903685
0.8661922887042981
0.8661948795975821
0.8661964647093121
0.8661969737558013
0.8661994072866437
0.8662014379183125
0.8662039896299825
0.8662059607385154
0.8662079864403257
0.8662081962143756
0.8662059301970958
0.8662045753595714
0.8662063575405092
0.8662103246108925
0.8662092250539273
0.8662081704314616
0.8662094365283411
0.866212550045466
0.8662129392549689
0.8662142339651874
0.86621507620953
0.8662144741497165
0.8662119556037157
0.8662107579246764
0.8662126353328328
0.8662155767177016
0.8662188317638531
0.8662209896562488
0.8662208730201643
0.8662216350415788
0.8662228277500761
0.8662247399824924
0.8662247847906982
0.8662236573015393
0.8662234638528084
0.866225017505893
0.8662246215987982
0.8662223400432149
0.8662223926836264
0.8662245093173769
0.8662263376097591
0.8662268961994704
0.8662290451530226
0.866228563173563
0.8662284319690816
0.8662279484507565
0.8662277690933315
0.8662286544100999
0.8662284268100171
0.8662310324498961
0.8662342888451439
0.8662370218389954
0.8662371544616985
0.8662371257455639
0.8662341827271416
0.866230213233144
0.866228359154387
0.8662273312197049
0.8662282411207232
0.8662304301103312
0.8662327161462204
0.8662338342699227
0.8662334118936276
0.8662347960217395
0.8662358382081662
0.866236438365231
0.8662341887967584
0.8662310063322777
0.8662290826356213
0.8662305296229114
0.8662319970349582
0.8662346721398997
0.8662361027801514
0.8662373546592109
0.8662394013737763
0.8662422496821527
0.8662439104203808
0.8662440249352629
0.8662449887228091
0.8662463979944175
0.866250400576689
0.8662514041657405
0.8662533608491763
0.8662552112786762
0.866253291734913
0.8662542568769844
0.8662555980773156
0.8662577043441106
0.8662592787083404
0.8662586901558353
0.8662578943955563
0.866257861283299
0.8662597577057495
0.8662603902131601
0.8662617178240577
0.8662603910850316
0.8662618461740972
0.8662629964280444
0.8662623298969058
0.8662637751583441
0.8662642709751833
0.866264765030291
0.8662668249955585
0.8662701270485442
0.8662699653489719
0.8662675956269565
0.8662642789884972
0.8662607442487921
0.8662567054586725
0.8662518505849738
0.8662492833753082
0.8662439394608155
0.866240935343685
0.8662412186889862
0.8662418254476748
0.866240878735983
0.8662375279149439
0.8662343114642416
0.8662319883330976
0.8662322391376124
0.8662306227892714
0.8662301584357471
0.8662321698539694
0.8662314393884409
0.866230928286123
0.866232204592044
0.866231408060228
0.8662322793426923
0.8662321073103566
0.866230735235362
0.8662291055808521
0.8662284276070853
0.866226509763607
0.8662255121246405
0.8662265430905375
0.8662275872783011
0.8662271100330565
0.8662240447651646
0.866223164480362
0.8662233387995332
0.8662230246229247
0.8662228526529809
0.8662219130917858
0.8662196511536284
0.8662176423890173
0.8662149291756516
0.8662120973401787
0.8662095223150936
0.8662058369389447
0.8662021822933181
0.8662011397925816
0.8662010899803075
0.866201450994525
0.8662044863379177
0.8662069779826717
0.8662084855669534
0.8662091142614614
0.866208145807106
0.8662081725649994
0.8662084694246345
0.8662080914325013
0.8662056848949594
0.8662034755215904
0.8662032940169566
0.8662039516842337
0.8662034622012384
0.8662026393205099
0.8662010612262678
0.8661999412236469
0.8662012374484094
0.8662013558363101
0.8662001420924449
0.8661999465408741
0.8662014598910076
0.8662052262059404
0.8662082863030885
0.8662097756695074
0.8662108328079481
0.8662128640555389
0.8662135809508447
0.8662130326414207
0.8662158750850848
0.8662192251310843
0.8662213068376609
0.8662231086967528
0.8662252065448028
0.8662281251263074
0.8662289324016627
0.8662319169919336
0.8662322225881715
0.866232073327108
0.8662331871114171
0.8662348005539721
0.866235295540543
0.8662378432950245
0.8662395808525148
0.866240664599335
0.8662412929968463
0.8662416745457141
0.8662420419789495
0.8662429093569727
0.866242765505305
0.8662441321912201
0.8662454022575071
0.866246262353126
0.8662466161150679
0.8662457571290489
0.8662454689575418
0.8662478809103354
0.8662495634296649
0.8662523877667222
0.8662557409132793
0.8662565932458106
0.8662566244400355
0.8662553989039575
0.8662560913705729
0.8662565951603548
0.866257744422767
0.866258359622642
0.8662598533141536
0.8662614895745357
0.8662649255945036
0.866266546994941
0.8662678217321742
0.8662695370306084
0.8662682274632723
0.866268031070883
0.866269797775797
0.8662682800732402
0.8662689768770048
0.866266691001979
0.8662636973847493
0.8662606021976078
0.8662587227773573
0.8662581986353546
0.8662582018072741
0.8662597185309735
0.866261616168124
0.8662654289496495
0.8662661573229622
0.8662654892742995
0.866265054155436
0.8662664100509199
0.8662686159926497
0.8662690366513525
0.8662702634383385
0.8662721691744701
0.8662761653353874
0.8662798594887511
0.8662813113481794
0.8662843787983224
0.8662883362374857
0.8662914474994108
0.8662938577956663
0.8662965856596779
0.866300121709494
0.8663038865768491
0.8663041757840012
0.8663071699897807
0.8663091376728866
0.8663111932716457
0.8663120886658252
0.8663119492139064
0.8663109680681228
0.8663113204599607
0.8663122188909343
0.8663125687535062
0.8663122693099656
0.8663129777396282
0.8663156484671372
0.866317166929309
0.8663146525548817
0.866313716454362
0.8663154829814582
0.866315943371628
0.8663161997684696
0.866315965087656
0.8663168506944645
0.8663177717431443
0.866318204021415
0.8663198353798979
0.8663206418025464
0.8663223300883707
0.8663230572592171
0.866324343464724
0.8663235589972599
0.8663224979854836
0.8663218777145817
0.8663216777158464
0.8663236587617512
0.8663245034670524
0.8663250894044233
0.8663270460885685
0.8663271633743727
0.8663279527842318
0.8663276118911033
0.8663294580339365
0.8663302761110556
0.866332404193241
0.8663317553864728
0.8663316037437623
0.8663310124154934
0.8663293162163759
0.866329666042503
0.8663284256490684
0.8663269604151649
0.8663275046901618
0.8663279099082777
0.8663246543205477
0.8663227895866509
0.866322431655505
0.8663225882023773
0.866321464453038
0.8663233202996117
0.8663259411699831
0.866328073716186
0.8663253326961992
0.8663237136984634
0.8663218508448497
0.8663211280426955
0.8663225109050526
0.8663215520538566
0.8663197286444069
0.8663195586882926
0.8663189125662456
0.8663217293205406
0.8663253149813638
0.8663282021890878
0.8663307515308223
0.8663288276917348
0.8663293741312524
0.8663278922639539
0.8663261994232495
0.8663235138333751
0.8663231275195002
0.8663245393161794
0.8663246514542274
0.8663266459008869
0.8663272122615063
0.8663255912365398
0.8663250742698168
0.8663248458047408
0.8663254536553586
0.8663252293796588
0.8663255750296512
0.8663256043399319
0.8663251297040331
0.8663251689211412
0.866323818054403
0.8663236660413044
0.8663255635436902
0.8663268350511141
0.8663263558351476
0.8663268335645787
0.8663272986538556
0.8663276003512842
0.8663285523855727
0.866327580688355
0.8663261765046006
0.8663248317853123
0.8663249075697439
0.8663238077860992
0.8663256111134733
0.8663278598785773
0.8663303208039197
0.866331775187885
0.8663334896285132
0.8663359829841368
0.8663377175726482
0.8663391183530484
0.8663417677656895
0.8663429806159403
0.8663444785938752
0.8663441581153183
0.8663467560287562
0.8663499959970521
0.8663519122301276
0.8663538800593983
0.8663554318599329
0.8663564372315294
0.866355638061324
0.866352864979473
0.8663497652392811
0.8663488985180826
0.8663483184735171
0.8663488524985609
0.8663488251043308
0.8663506704945996
0.8663490824126012
0.8663471340653747
0.8663454527199983
0.8663435181179415
0.8663423611715606
0.8663426349452146
0.8663439684060288
0.8663460615734543
0.866346214289938
0.8663438215543132
0.8663437746663353
0.8663442915473958
0.8663435463664668
0.8663427287286496
0.8663404134505727
0.8663374132876845
0.8663350806359175
0.8663356721678172
0.8663369607229462
0.8663381183124572
0.8663393146681839
0.8663407804894053
0.8663400042039143
0.8663421294470441
0.8663446681511662
0.8663478344201196
0.8663492181388224
0.8663455190423791
0.8663429472038093
0.8663426359585014
0.8663406810536343
0.8663402999731873
0.8663413160455807
0.8663417319667182
0.8663414211412279
0.8663412729328388
0.8663398997143092
0.8663390944749216
0.8663377512249156
0.8663372376348597
0.8663391857512478
0.8663390555941614
0.8663382397654782
0.8663376332966205
0.8663365862248563
0.8663355027426614
0.8663356202157847
0.8663345960319732
0.8663341869453444
0.8663312480771066
0.8663307646967597
0.866332890997669
0.8663333795680562
0.8663337475171885
0.8663329494719099
0.8663335608541332
0.8663328605486588
0.8663338157632563
0.8663351219760955
0.8663348728784419
0.8663347933654031
0.8663351166212595
0.8663341768116509
0.8663338596528761
0.8663338151988751
0.8663364047993822
0.8663382696959381
0.8663363874074379
0.8663353941608712
0.8663353841011016
0.8663378889574249
0.8663407417695845
0.8663432403664416
0.8663461407182834
0.8663474756164552
0.8663491664668793
0.8663475952151607
0.8663484223438607
0.8663489601173693
0.8663479367547913
0.8663469219532051
0.8663463880584598
0.8663471330300102
0.8663460235256782
0.8663453619034641
0.8663445021862325
0.8663432145978183
0.8663438673443128
0.8663454966428334
0.8663480627774031
0.866349481595153
0.8663523005165908
0.8663547760986847
0.8663573729656932
0.8663572586096474
0.8663556820452608
0.8663546431457079
0.8663549727090234
0.8663552143329584
0.8663567700137554
0.866358583052438
0.8663597068552981
0.8663603488918051
0.8663622114127438
0.8663635912757292
0.8663648269951403
0.8663677576551801
0.866370751432871
0.8663723281099609
0.8663740470391781
0.8663765016259528
0.8663822452046621
0.8663851543108627
0.8663863820400621
0.8663861462181415
0.8663861148271338
0.8663834841937492
0.8663806313267971
0.8663791462322439
0.866381333052626
0.866382667031819
0.866382469244118
0.8663818055420622
0.8663801824991006
0.8663796879979291
0.8663792760639354
0.8663795007893168
0.866379181564985
0.8663789170778249
0.8663778790975998
0.8663809647782115
0.8663836144198906
0.8663833528867626
0.8663824137915471
0.866380982827159
0.8663812278509173
0.8663819137620802
0.8663809028643696
0.8663805643452042
0.8663829402682203
0.8663866703886175
0.8663885467304759
0.8663872019519474
0.866385108720729
0.8663837694105264
0.8663840274259593
0.8663850151354813
0.8663866836570245
0.8663884913777811
0.8663900378447738
0.8663927430334567
0.8663934075460028
0.86639264610645
0.8663924629683447
0.8663943202647033
0.8663942286407847
0.8663914694934628
0.8663904453302654
0.8663883846867316
0.866387481986623
0.8663865285880324
0.8663875151053292
0.8663897438223913
0.8663904119510025
0.8663887815499172
0.866385346523008
0.8663823321784891
0.8663803504607112
0.8663785859317576
0.8663785213683355
0.866377982472344
0.8663799311171676
0.8663816234193873
0.8663840003152952
0.8663853994067763
0.8663855237747115
0.8663838527638272
0.866381694080349
0.8663795768675725
0.8663787273414204
0.8663791816844822
0.8663781328051507
0.866375366280133
0.8663726992881716
0.8663717001852982
0.8663706811952253
0.8663699969968148
0.8663701614840761
0.8663717581760723
0.8663741375766228
0.8663754751058333
0.8663758789879595
0.866378529130081
0.8663805781626382
0.8663799106354896
0.8663795620819457
0.8663795829830208
0.8663786548059653
0.8663774354192547
0.8663789900963093
0.8663790897490697
0.8663803227235699
0.8663817072782465
0.8663820724343252
0.8663816040635735
0.8663819935885729
0.8663828060935745
0.8663827044175054
0.8663819903507998
0.866382441610456
0.8663828973257192
0.8663808106195182
0.8663793136099028
0.8663783861908481
0.8663759322220669
0.8663731867774197
0.86637130271127
0.866370768717232
0.8663707050413488
0.8663705041590238
0.8663710084198326
0.8663708009454842
0.8663689634290224
0.866368836751448
0.8663708824124603
0.8663710746308158
0.8663712175370454
0.8663723384655108
0.8663737206277597
0.8663731057182747
0.8663732007660616
0.8663737007677275
0.8663746520379763
0.8663751764710496
0.8663760779815602
0.8663763444146289
0.8663772088709389
0.8663777990337108
0.8663774419494018
0.866374989718876
0.8663720309422573
0.8663697833857181
0.8663676184674235
0.8663650186421995
0.8663635743669982
0.8663616801703756
0.866360602748424
0.8663592784349885
0.866357897426975
0.8663556910866809
0.8663544478065747
0.8663546284204605
0.8663547605061223
0.8663554482965388
0.8663579739366231
0.8663586776962122
0.866358803332205
0.8663590279469137
0.8663589218626974
0.8663596207893506
0.8663605139941297
0.8663617819325165
0.8663622373820978
0.866364991365548
0.8663658516440381
0.8663668282588962
0.8663671843524268
0.866368852062174
0.8663697179661086
0.8663694281421584
0.8663710630743512
0.8663747224811861
0.8663779652174239
0.8663797449736754
0.8663813220958667
0.8663823128758622
0.8663824476509144
0.866384169627158
0.8663869683079469
0.8663890996259097
0.8663905500935698
0.8663908500017689
0.8663932547325497
0.8663949267717905
0.8663971695930345
0.8663984089846833
0.866399231450304
0.8664004885721445
0.8664033948507539
0.8664048528019282
0.8664058400945099
0.8664074784442314
0.8664094082352517
0.8664114755551832
0.8664120187235514
0.8664121439539221
0.8664112016101403
0.8664095326930047
0.866409359149038
0.8664086954841901
0.8664062697676362
0.8664044521388118
0.8664031733210579
0.8664027500503609
0.8664020981210648
0.8664007278956951
0.8663997282753579
0.8663979447494843
0.8663961467405332
0.8663950209719532
0.8663937919118097
0.8663934359234545
0.8663927118269135
0.8663912542626128
0.8663895377832708
0.8663878889467732
0.8663883573417617
0.8663893865747256
0.8663911026419678
0.8663931566266582
0.8663963320678443
0.8663957701984324
0.8663951522842741
0.8663957099753617
0.8663975855302153
0.8663972490575272
0.8663966427975667
0.8663953183162326
0.866394130935849
0.8663951175216745
0.8663975529185044
0.8663999190277638
0.8663995408441229
0.8663993635506284
0.8663993020169419
0.8663993540611681
0.8664011695627506
0.8664028852298055
0.8664027707414469
0.8664017931838528
0.8664026136813239
0.8664036248902245
0.866405094743241
0.8664046753090804
0.8664036286375364
0.8664048457860448
0.8664058689552585
0.8664066026611421
0.8664069900729675
0.8664073322143667
0.8664071249927361
0.8664061530898266
0.8664086653778962
0.8664118375728496
0.8664139508078186
0.866415844806408
0.8664171167279692
0.8664155746984114
0.8664145750181352
0.866414784414733
0.8664142670615992
0.86641429181318
0.866413931674061
0.8664136684705126
0.8664125185330768
0.8664110272034136
0.8664118226521292
0.866413244647339
0.8664142972377286
0.8664153901599202
0.8664158850320028
0.8664149724822059
0.866412836347447
0.8664111496046942
0.8664084007416957
0.8664069006709958
0.8664054731820715
0.8664041286906385
0.8664029133636085
0.866402513781513
0.8664002824532467
0.8663985798498369
0.8663953088068306
0.8663952339929136
0.8663948195908587
0.8663938385755533
0.8663930294825392
0.8663936542653156
0.8663950143039475
0.8663974593505201
0.8663982945310096
0.8663999246426007
0.8664010162669465
0.8664022899794778
0.8664050382025258
0.8664061923428819
0.8664076181496183
0.8664082634258273
0.8664087266982393
0.8664067901241708
0.8664071226624347
0.8664077202735285
0.8664072065646271
0.8664046715534643
0.8664023531712803
0.8664011817235377
0.8664000840415486
0.86640053901369
0.8664016495500683
0.8664036031750986
0.8664057599316367
0.8664065902005228
0.8664072473306184
0.8664084980445562
0.8664105767498205
0.866413058896842
0.8664149299262954
0.8664165728169358
0.8664210047086791
0.866423936142594
0.866425052393279
0.8664259370554441
0.8664261576811678
0.8664260613573926
0.8664251956915084
0.8664233381750077
0.8664217407686047
0.8664195029711188
0.8664185805784491
0.8664192680029539
0.8664199797978782
0.866420702383362
0.8664212449886396
0.8664216480790603
0.8664217985647202
0.8664214918204237
0.8664206370196779
0.8664198705942444
0.866419953078452
0.8664205534083107
0.8664198852925052
0.8664197937065214
0.8664196995840902
0.866418713370813
0.8664175325763122
0.866417686476361
0.866416295542584
0.8664155084435825
0.866413439515773
0.8664116911390249
0.8664132122202216
0.8664136220962217
0.866415023337581
0.8664163680898767
0.8664145006239481
0.8664124095045203
0.8664112648804814
0.8664117871546557
0.8664134033652866
0.8664150993790444
0.8664148015447317
0.8664134467298418
0.8664130939438166
0.866412261862336
0.8664124820895008
0.8664135741197119
0.8664134415064205
0.8664130802631721
0.8664131779560993
0.8664132438454306
0.8664138609750841
0.8664135434379459
0.8664147908980935
0.8664155112411777
0.8664151534951254
0.8664152714599165
0.8664154483826224
0.8664156161713138
0.8664162564078141
0.8664165714356371
0.8664165419217681
0.8664154303938543
0.8664147860245737
0.8664165057283396
0.8664169462089276
0.8664164528198187
0.8664166091433396
0.8664169499476604
0.866416894479391
0.866418299031514
0.8664187042618641
0.8664189711780649
0.8664187443642049
0.8664172194688551
0.8664167007379344
0.8664149533584209
0.866414000483217
0.8664133053078922
0.8664116830308128
0.8664113647268771
0.8664110144779196
0.8664117540225071
0.8664136879919733
0.8664143549121006
0.8664147126912923
0.8664136858438082
0.8664143865570424
0.8664146494086609
0.8664167702163709
0.8664184182773673
0.8664221771823011
0.8664253059590059
0.8664276734710367
0.8664287924769557
0.8664310073468864
0.8664332332745517
0.86643351243657
0.8664340797014086
0.8664340423737342
0.8664354793361092
0.8664365616138773
0.8664353460179506
0.8664337842748432
0.8664339740663793
0.8664343100298044
0.8664363815018103
0.8664385660077663
0.8664383241440342
0.8664377298757966
0.86643737189853
0.8664373618873094
0.8664366382592914
0.8664367017744112
0.8664368030957521
0.8664360563020058
0.8664347934965213
0.8664349428606196
0.866434925579103
0.8664343524325563
0.8664338935587865
0.8664354172766813
0.8664365952542263
0.8664382335117721
0.8664389170773542
0.8664388630916343
0.8664388414927641
0.8664394562057856
0.866441343997696
0.8664416144380133
0.8664413139745509
0.8664406550056516
0.8664388459281549
0.8664395126288673
0.8664378115761919
0.8664353675940099
0.8664348332635697
0.8664349381237612
0.8664334029688758
0.8664339002288682
0.866435457722891
0.8664362108323262
0.8664370421149721
0.8664385370878651
0.8664391752969043
0.8664401233380054
0.8664413971182592
0.8664439638821488
0.866444875706096
0.8664457581737227
0.8664450317034814
0.8664447948396841
0.8664446654321731
0.8664446735940676
0.8664423115557752
0.8664409172949226
0.8664395536449582
0.8664369409664959
0.8664362864501882
0.866435639826338
0.8664342830660337
0.8664325870174862
0.8664314649959513
0.8664303652006569
0.8664293356957508
0.8664292967526852
0.8664298814036575
0.8664286371713257
0.8664282731088723
0.8664272447726127
0.866427281551911
0.8664264424057716
0.8664254019175613
0.8664262694427828
0.8664269247137886
0.8664277381977954
0.8664278763476965
0.8664283194710849
0.8664289948680565
0.8664304929089031
0.8664318888993949
0.8664325881933574
0.8664325735285918
0.8664320547500828
0.8664317207572503
0.8664297416667475
0.8664268987434547
0.866424385714208
0.866422748687863
0.8664203180470978
0.8664192455489814
0.8664191276259566
0.8664180577137724
0.8664163568451729
0.8664142727929792
0.8664133136118362
0.8664127387021717
0.8664113840733108
0.8664114023932588
0.8664124221899839
0.8664131515482163
0.8664107580379005
0.866407964854654
0.8664059094795382
0.8664045023323962
0.866404620074621
0.8664051564150815
0.8664068557356283
0.8664083935492891
0.8664091132420179
0.8664091823028738
0.8664081481711648
0.8664076183200992
0.8664069272917442
0.8664057352124465
0.8664042603936852
0.8664026594850741
0.8664014174994953
0.8664003360879088
0.8663979572586719
0.8663978055195604
0.8663983012008387
0.866398785754432
0.866397869149184
0.8663966148651312
0.8663963500738043
0.866397172251224
0.866397267573347
0.8663980018481781
0.8663980184390361
0.8663973463890569
0.8663978994407114
0.866399561557065
0.866398548702251
0.8663954611089467
0.8663929096396505
0.8663912471314933
0.8663909551254709
0.8663886198090369
0.8663872250228125
0.8663874901451978
0.866388381873652
0.8663894280741389
0.8663881968606836
0.8663877269910798
0.8663890131949137
0.8663911033450628
0.8663930668086147
0.866395188219076
0.8663966285281244
0.8663979934927378
0.8663998999559606
0.866400886166008
0.8664002059881555
0.8663991596941797
0.8664004808280327
0.8664025467057397
0.8664047182196839
0.866406966748851
0.8664082928833425
0.8664091249235336
0.8664109088796788
0.866414159225977
0.8664166571193895
0.8664191652881753
0.8664209992659575
0.866422209856705
0.8664223370867252
0.8664216819733874
0.8664204916901931
0.8664197818697469
0.8664187606247985
0.8664175659217149
0.8664164053354878
0.8664161217109735
0.8664168870465466
0.8664185352563665
0.8664199192994327
0.8664210356138625
0.8664231108489613
0.8664238259335983
0.8664241301306803
0.8664253918749681
0.8664264699398282
0.8664282707286993
0.8664294083376011
0.8664299424711184
0.8664303935645628
0.8664318535448053
0.8664342602751564
0.866436287767692
0.8664402017609122
0.8664448515570196
0.8664485027759162
0.8664500918165049
0.8664500699011599
0.8664494098196729
0.8664484595178874
0.8664470573903852
0.8664450726912484
0.8664430702275611
0.8664412225324978
0.8664409636588455
0.8664402084363045
0.866438714924334
0.8664376250913007
0.8664373927972827
0.8664380512533223
0.8664396689535586
0.8664411745225356
0.8664423194935346
0.8664434137221316
0.8664430761019803
0.8664431887022417
0.8664439633524357
0.8664455246080677
0.8664473415403954
0.8664505433242075
0.8664530335445294
0.8664563273358495
0.8664592253506755
0.8664631090859334
0.866468070424398
0.8664721551462797
0.8664751628757827
0.8664782692007678
0.8664797575307396
0.8664803599227044
0.8664822710699588
0.866483282100721
0.8664846348921822
0.8664862360120106
0.8664891583340583
0.8664912151103371
0.8664945283968009
0.8664971757183774
0.86649749357915
0.8664983878994487
0.8664991620493593
0.8665011724302115
0.866502486811171
0.8665026867385109
0.8665041030414423
0.8665046787566588
0.8665049911703631
0.8665057462763861
0.8665043034459565
0.8665026252098127
0.8665017216546903
0.8665012751279193
0.8665004987763474
0.8664986075142183
0.8664959890457422
0.8664942959926574
0.8664924891148597
0.8664907321062081
0.866488442052721
0.8664869384405678
0.8664853736038276
0.8664859396439166
0.86648744607467
0.8664881192130753
0.8664870122167928
0.8664853774335193
0.8664832363385738
0.8664804120693894
0.8664772150628717
0.8664752027461998
0.8664741125922245
0.8664744993196632
0.8664760251208519
0.8664773220847164
0.8664795946668644
0.8664820841126322
0.8664818132470963
0.8664818155232171
0.8664830097280267
0.8664836997820987
0.8664861052235292
0.8664887946756022
0.8664896357345737
0.866490683401637
0.8664916524414733
0.8664914515129615
0.8664896625497448
0.8664886859802181
0.8664880380466699
0.866489163370886
0.8664896071558834
0.8664907700531294
0.8664927875332267
0.8664943376743247
0.8664958877558026
0.8664961766189804
0.8664961941127812
0.8664982116644225
0.8665009389844627
0.8665031221255879
0.8665044933490695
0.866504464066546
0.8665038349037065
0.8665009146826222
0.8664990453541613
0.8664994273428233
0.8665014367465504
0.8665042549371349
0.8665051164368183
0.8665043253775183
0.8665049197577175
0.8665057940365095
0.8665066500882772
0.8665088536396928
0.8665110237742707
0.8665140161987707
0.8665177135333666
0.866520378274281
0.8665228537461818
0.8665231472081861
0.8665225204600115
0.8665222016539914
0.866522838873386
0.8665239898848681
0.8665245471836444
0.8665252679574679
0.8665263096162729
0.8665263088564563
0.8665254436589739
0.8665266176661715
0.8665280867530601
0.8665275654223878
0.8665260733413765
0.8665250510852063
0.8665256002070117
0.866526609075889
0.8665264695671591
0.8665252405684439
0.8665241661532317
0.8665243194152054
0.8665246517408961
0.8665256844085693
0.8665268939081865
0.8665272908192309
0.866529607911502
0.8665303675816977
0.8665290036625309
0.8665298634030022
0.8665296366033505
0.8665283598880941
0.8665277060380647
0.8665277008518989
0.8665284063970237
0.8665298943694535
0.8665307217286552
0.8665308270754762
0.8665318144585918
0.8665326248714523
0.8665318094846217
0.8665297383539394
0.8665270503542625
0.8665237950306008
0.8665225489553735
0.8665228897018427
0.866523236262856
0.8665248920427278
0.8665263672948689
0.8665278178335523
0.8665296340918428
0.8665296307647318
0.8665295151842991
0.8665303061826274
0.8665302478402008
0.8665290935140548
0.8665277486316386
0.8665281352592674
0.8665288791036198
0.8665285423104891
0.8665288019011581
0.8665284227214868
0.8665281627135812
0.8665296139671249
0.866531405023977
0.8665315770184124
0.8665292855144764
0.8665277427442976
0.8665274333019708
0.8665278916831542
0.8665295077160652
0.866530846372738
0.866531833123984
0.8665327019648279
0.8665341050319688
0.866535762132328
0.8665349189361589
0.8665328880988258
0.866531533612919
0.8665313407601072
0.8665324636409719
0.866533903628637
0.8665357890465856
0.8665374715210481
0.866538790616226
0.866541164305468
0.8665432158783517
0.8665440390735304
0.8665453766258041
0.8665452759620779
0.8665454096712955
0.8665457830872748
0.8665451473458273
0.8665448716213053
0.866544843632995
0.8665446574069365
0.8665447553304564
0.8665454386303549
0.8665448082548628
0.8665442986748068
0.8665439498703886
0.8665428862825322
0.8665418661252199
0.8665420574489437
0.8665419430869749
0.8665425679175613
0.86654223536526
0.8665422575637851
0.866542276710111
0.8665437764092602
0.8665456594994488
0.8665457697673706
0.8665459840051357
0.8665464583658153
0.8665484484672294
0.8665486405973252
0.8665478354211871
0.8665473757091583
0.8665474486403816
0.8665478912542324
0.8665492169188284
0.866549902442326
0.866548708041379
0.8665499312289465
0.8665533713965387
0.8665568934477581
0.8665580625378001
0.8665594891966852
0.8665589281817422
0.8665572974685403
0.8665571671624859
0.8665576685141404
0.8665576103138664
0.8665578793975635
0.866559479198811
0.8665603718214792
0.8665611747524778
0.8665626195722715
0.8665628212510262
0.8665627169307639
0.8665632468205701
0.8665617290522001
0.866559310540008
0.8665576797777972
0.8665582160507221
0.8665593892056337
0.8665584035896245
0.866557630679379
0.8665585065169165
0.8665606137826841
0.8665613508780654
0.8665588369963481
0.8665575740024299
0.8665575770249534
0.866557580817927
0.8665573023739336
0.8665550711406329
0.8665531425156939
0.8665526164454844
0.8665521043964975
0.866554177911509
0.8665572442542521
0.8665605994826918
0.8665617977311115
0.866562935016506
0.8665641903282956
0.8665660883846269
0.866566840873468
0.866565624942091
0.8665651700212882
0.8665663066913338
0.8665659339064966
0.8665662120932442
0.8665669215694647
0.8665683506434889
0.8665698463093335
0.8665703367412323
0.8665707841689538
0.8665702544363109
0.8665701097755149
0.866570063238787
0.8665707719050959
0.8665726623752221
0.8665742250257871
0.8665755160214373
0.8665772696233809
0.866578427458695
0.8665798053480117
0.8665803736482767
0.8665793351889746
0.8665777611383014
0.8665772525112626
0.8665779906657419
0.8665799515854238
0.8665819452809523
0.8665829037732949
0.8665830625572034
0.866584037234198
0.8665853169401102
0.8665858980146964
0.8665858940195041
0.8665857483627698
0.866584756120797
0.8665839345012631
0.8665840005461958
0.8665838917668803
0.8665843156897995
0.8665837646082509
0.8665822772292003
0.8665811769744263
0.8665809517206525
0.866581652699925
0.8665809462752714
0.8665795119454016
0.8665788887724531
0.8665794840871945
0.8665804296707106
0.8665806005478923
0.8665795415048302
0.8665795384872564
0.8665791556315854
0.8665790293464684
0.8665795620907012
0.8665814882719572
0.8665824146394013
0.8665833288707095
0.8665821145934318
0.8665801832168925
0.8665789864454003
0.8665777195436137
0.8665777835909236
0.86657681807277
0.8665753305267211
0.8665746749724644
0.8665729572772655
0.8665717183140546
0.8665701223209779
0.8665696854992018
0.8665692140669216
0.8665683502811586
0.8665674822211602
0.8665659799629147
0.8665665200827934
0.8665669350914961
0.8665670816582097
0.8665651401337279
0.8665643754616781
0.8665655570723544
0.8665664944019248
0.8665667012659217
0.8665659333922575
0.86656571389504
0.8665656389847217
0.8665646285321206
0.8665642764292159
0.8665641771542346
0.8665638570775974
0.866564757142201
0.8665662805391781
0.8665687774368962
0.8665706455917982
0.8665709653443264
0.8665722157287112
0.8665738671464277
0.8665749483475274
0.8665759359463621
0.8665761831395383
0.8665763262984909
0.8665757239070034
0.8665763566777441
0.8665763038973432
0.8665778537419714
0.8665794847695286
0.8665797431146787
0.866580342078094
0.8665811359267281
0.8665816036166237
0.8665818645905751
0.8665823459339396
0.8665845866419372
0.8665857134951301
0.8665845233634576
0.8665819731777338
0.8665803666608879
0.8665791693106063
0.8665794834039475
0.8665811240050465
0.8665816971652939
0.866580848210167
0.8665814655256494
0.866580998640747
0.8665792193257439
0.8665778905384274
0.8665751490156948
0.8665738869849867
0.8665725886197041
0.8665731244276733
0.8665726020364461
0.8665731927832248
0.8665741159597972
0.8665728633157552
0.8665727399968319
0.8665738068499306
0.8665758712259366
0.8665769433034981
0.866579128674139
0.8665808569090717
0.866582052190528
0.8665837298412735
0.8665837826540477
0.8665832358553968
0.8665814822846348
0.8665808103834419
0.8665806342051164
0.8665814532101648
0.8665814556927326
0.8665821956507233
0.8665837072830056
0.8665840647153193
0.8665823367006965
0.8665805209381532
0.8665797595130357
0.8665798599947558
0.86657873540128
0.8665770858645404
0.866574685859746
0.8665733562765056
0.866572128321598
0.8665715218200223
0.8665711011129372
0.8665714525810371
0.8665713319701349
0.8665707437700141
0.8665697210338952
0.8665674762972283
0.8665673686711287
0.8665660042655985
0.8665653973032571
0.8665654142018795
0.8665672053101473
0.8665678235697234
0.8665670067608074
0.8665670667584926
0.8665667557479609
0.866567565685342
0.8665687674591128
0.8665701476406128
0.866571392786549
0.8665714484860177
0.8665701293978362
0.8665688454602937
0.8665668484624804
0.8665665636886785
0.8665659895948952
0.8665650745014206
0.8665645968901231
0.8665640193251586
0.8665637644584175
0.8665644259135109
0.8665645355051507
0.8665644769557237
0.866564065370323
0.866565013688924
0.8665656786380665
0.8665649833323082
0.866565167791124
0.866565940650288
0.866567611426014
0.8665704835348227
0.8665719694737279
0.8665735607002888
0.8665766607485041
0.8665779737677864
0.8665782593999176
0.8665779045628841
0.8665781874862086
0.8665771508167764
0.8665770811711354
0.8665774478084837
0.8665772232720749
0.8665771435616905
0.8665766362688898
0.8665763871374587
0.866575991606258
0.8665750632502927
0.8665745464465797
0.8665756641431032
0.8665768126198079
0.8665769742070598
0.8665784101543272
0.8665784876850556
0.8665789896464039
0.866579984108134
0.8665812760169016
0.8665835133712007
0.8665849042667965
0.8665834226111079
0.8665818750937052
0.8665801224175227
0.86657952411288
0.8665793585824526
0.8665799933807483
0.8665784393727395
0.8665765516866024
0.8665754023583736
0.8665764223537982
0.8665763159622477
0.8665752761544931
0.8665743293581049
0.8665741542478737
0.8665758154081852
0.8665769373686082
0.8665753140997932
0.8665723276908986
0.8665682959253506
0.8665673164466519
0.8665666274518702
0.8665679403297843
0.8665685347247556
0.8665688846296387
0.866568163559541
0.8665670428357101
0.8665660526773978
0.8665643709252278
0.8665631304451084
0.8665634874744486
0.8665635252769964
0.8665623570450596
0.8665621217487167
0.866561266783049
0.8665613245740206
0.8665626822887746
0.8665645182953323
0.8665658810665029
0.8665664616661484
0.8665664008109981
0.866566431901073
0.8665670534007359
0.8665660746145929
0.8665651781278102
0.8665648315261556
0.8665657786861386
0.86656647797957
0.8665680429910564
0.8665678748942467
0.8665677441679884
0.8665699353112395
0.8665706859634656
0.8665710828107175
0.8665717173035743
0.8665709751189368
0.8665683897726668
0.8665680324977405
0.8665674500868125
0.8665673644915123
0.8665672538318822
0.8665660208535082
0.8665662238005719
0.8665671984037621
0.866568200252509
0.866568058635282
0.866568001895575
0.8665677673505611
0.8665674817231572
0.8665672170233142
0.8665648718619743
0.866563920641581
0.86656335824151
0.8665640219631803
0.8665648832312913
0.8665660377871683
0.8665652112033589
0.8665640846151718
0.8665640511632355
0.8665651356527942
0.8665663902555664
0.8665665672336939
0.8665662147130372
0.8665645674778523
0.8665628053795245
0.8665612371977178
0.8665598183313028
0.8665595194122389
0.8665592058557897
0.8665585136461276
0.866556349581539
0.8665555874188642
0.8665562083825821
0.8665565619286968
0.8665568344192518
0.8665583293166396
0.8665594117710003
0.8665595373861922
0.8665579466965793
0.8665568155735264
0.8665555268800996
0.8665552427261504
0.8665542053755031
0.866554841710288
0.8665563500335235
0.8665582765770068
0.8665595318522465
0.8665591053436785
0.8665596522472301
0.8665604948344497
0.8665611537124343
0.8665612990230979
0.8665618458501527
0.8665612893368595
0.8665609350484607
0.8665606688473511
0.866560619309686
0.8665606461953214
0.8665612402492707
0.8665627780497145
0.8665627275863536
0.866564164130862
0.8665661157535707
0.8665675019456939
0.8665689865597798
0.8665700159517784
0.8665693698037624
0.8665687325059743
0.8665682674197166
0.8665663738508423
0.8665657194758742
0.8665676618800301
0.8665686913461365
0.8665689633100804
0.8665688082841154
0.8665676827441584
0.8665666845646426
0.8665660502642925
0.866566736336719
0.866566636814128
0.8665661472937766
0.866565684008422
0.8665650892978625
0.8665653801557577
0.8665652288872013
0.8665662470420161
0.866568810267559
0.8665702660123775
0.8665705201219811
0.8665722644698741
0.8665737949864107
0.8665763032863883
0.8665788910197908
0.8665797155734182
0.866579772694578
0.866580634590713
0.8665822870672566
0.8665838553771765
0.8665845762761742
0.8665848944727216
0.8665851029386051
0.8665843339431999
0.8665840488811698
0.8665840108240837
0.8665838424873563
0.8665828733300835
0.8665834512857555
0.8665842183493991
0.8665848712196067
0.8665850357242796
0.866586151048848
0.8665865045656328
0.8665880240903693
0.86658808540757
0.8665888067447094
0.8665913978787351
0.866593018232329
0.8665933203468265
0.8665938725811242
0.8665952096638391
0.8665964117216116
0.8665974253055396
0.8665981478775215
0.866597195779028
0.8665964136618879
0.8665966434547062
0.8665970390802152
0.8665972132318903
0.8665985197927454
0.8666006501317393
0.8666024072991396
0.8666034642873013
0.8666041516014155
0.866605207597624
0.8666061517627816
0.8666064536102169
0.8666067109636089
0.8666060957642816
0.8666051127273555
0.866603227006321
0.8666005888843603
0.8666008637952247
0.866602348942283
0.8666039830076748
0.866604632030659
0.8666026163270764
0.8666011023434521
0.8666003626581106
0.8666002046155791
0.8666002972776806
0.8665993002353058
0.8665985442082603
0.8665986289821948
0.8665975444789141
0.8665952557209197
0.8665929063484117
0.866591506984354
0.8665905093055786
0.866588898269236
0.8665884765026809
0.8665881400608612
0.8665887164621583
0.8665901638295562
0.8665903504731177
0.8665897424310307
0.866589113343021
0.8665880624475808
0.8665887663665068
0.8665901974963174
0.8665898761496386
0.8665889776392921
0.8665887540288377
0.866589013372448
0.8665888371465731
0.8665884418208188
0.866587901184206
0.866588003467697
0.8665870673567884
0.8665851478574929
0.8665835404657094
0.8665828116394141
0.8665821355360788
0.8665799134247468
0.866579408645874
0.8665801231609355
0.8665805027699662
0.8665813419601793
0.866581058610289
0.866581005664254
0.8665811131888546
0.8665810428603857
0.8665823304721544
0.8665842541036699
0.8665854128081975
0.8665859496592234
0.8665868068116025
0.8665869661718324
0.8665900982252549
0.866594491800198
0.8665971741617556
0.8666000586541938
0.8666033196671961
0.8666047764660118
0.8666059597772193
0.8666071738747974
0.8666095007238376
0.8666132772188649
0.8666158550557517
0.8666161626308423
0.8666180513165871
0.8666197608755368
0.8666201411887745
0.8666206865295697
0.8666205103324573
0.8666200414413979
0.8666198723507597
0.8666192299390967
0.8666188266517116
0.8666188745956886
0.86661951223322
0.8666217673420658
0.8666237535952078
0.8666250622480078
0.8666256716647616
0.86662683431371
0.8666273608553399
0.8666264912903228
0.8666274946426414
0.8666284083257082
0.8666275558641139
0.8666265921658485
0.866626902733531
0.8666252307002739
0.8666235946101851
0.8666237899937096
0.8666244583759779
0.8666248304989997
0.8666258004402922
0.866626670810669
0.8666251778290734
0.8666241987025377
0.8666251998265815
0.8666250017766788
0.8666247767313234
0.8666241555682695
0.8666235882330919
0.8666226203845716
0.8666208325162995
0.8666207561028253
0.8666215082771942
0.866621874266857
0.8666221172640007
0.8666219432354352
0.8666220926747593
0.8666227410894797
0.8666216268538882
0.8666200860668101
0.8666194188993152
0.8666191956051592
0.866619560241507
0.8666182480942466
0.8666171229064945
0.866618141196596
0.8666188273585702
0.866620032393323
0.8666209991198374
0.8666201772581312
0.8666201472550111
0.8666211648490858
0.8666224152239521
0.8666227926765877
0.8666207551163834
0.8666198827697699
0.8666187969294259
0.8666183901893066
0.8666192568169755
0.8666198921242272
0.8666210206080984
0.866620729634865
0.8666196494857831
0.8666190787380392
0.8666179109704649
0.8666174499651667
0.8666167900956472
0.8666161567196348
0.8666157990701131
0.8666153873808755
0.8666145209494852
0.8666126472408814
0.8666116169936809
0.8666121240235662
0.8666119765966505
0.8666117564605283
0.8666124457739796
0.8666127035751312
0.866613860698803
0.8666160951456026
0.8666165421833943
0.8666180202767285
0.8666191234185991
0.8666213180294499
0.8666233733214523
0.8666242552452824
0.8666258946363778
0.8666280333758639
0.8666286744114023
0.8666293118257431
0.8666308658723592
0.8666323185090842
0.8666333522163499
0.8666332698925207
0.8666340692387123
0.8666351935130152
0.8666346815190057
0.8666343318698319
0.8666351476032853
0.8666362989285112
0.8666364066965296
0.8666359181208018
0.8666353374595435
0.8666371887624298
0.866638837608758
0.8666397567063693
0.866639963657333
0.8666407135418798
0.8666425234614606
0.8666433507042766
0.8666437257246924
0.8666444040206581
0.8666453838435292
0.8666459603711502
0.8666462521556046
