0.4460112325280449
0.5067262961851776
0.5397937584701891
0.5579520733879207
0.5728820068839857
0.5806604939237096
0.5911614134104212
0.5980382366159813
0.6052885125242852
0.6109016973292446
0.6182412105124659
0.6232818330755524
0.6296922320977335
0.6354872965750641
0.6432696107638078
0.6502960129351327
0.6565163728020066
0.6624864789343705
0.6680826020310364
0.674254120132601
0.6799459178398312
0.6854073444079268
0.6905138072491047
0.6946307091059474
0.698752532348048
0.7019574341662345
0.7048527191666399
0.7074382616708264
0.7113266700297303
0.7140788588104791
0.71730431248888
0.7204261914763969
0.7235511100233234
0.7264471806421804
0.7291530279529493
0.73158845556261
0.7344620883430689
0.7371679447343974
0.7393277423708169
0.7410725032084756
0.7424925437499187
0.7445393989390826
0.7467623771937602
0.7489384658222471
0.7506089511126218
0.7523700524748382
0.7540000755514247
0.7551407896595232
0.7562191150677163
0.7576405480178892
0.7593808518206177
0.76079267593488
0.7621823768173638
0.763819164578523
0.7656267396949821
0.7673593940902869
0.7688272567761324
0.7706547439312599
0.7724502318462064
0.7741375327965409
0.7756571880506615
0.7769512906884373
0.7780724968527202
0.7792256534001418
0.7806073945926677
0.7821481306031074
0.7833101348307957
0.7844551727081621
0.7854912441072744
0.786232459529172
0.7871137258909088
0.7880880139056238
0.7891014521227206
0.7901815484373641
0.7911621045566093
0.7918928166844085
0.7928542843272659
0.7938146363429404
0.7947193094765749
0.7957816408761124
0.7966271865788356
0.7973291180436757
0.7982238470701808
0.7991345454768596
0.7999696980308587
0.8008500309149422
0.8017793407770729
0.8027281416593869
0.803829418280723
0.8048152008989451
0.8056791774056712
0.8063682927523156
0.8071052526469285
0.8078482225070607
0.8083281340870336
0.8088303840103165
0.8094001167261465
0.8100175569000011
0.8106718476678343
0.8112304723479207
0.8118200490174177
0.8123869318415275
0.812948212048429
0.8134676583639513
0.8140771956990215
0.8145627880446259
0.8150025431391676
0.8154551741823811
0.8159297138275109
0.8162859751779256
0.8166479890444744
0.8169140568692312
0.8172021999607474
0.8176183472717994
0.8180523650936168
0.8184936384643245
0.8189372003944737
0.8193687123944982
0.8196921845682305
0.8200691981217011
0.8206034754043087
0.8211088365202937
0.8214018787828321
0.8217173064355892
0.8221405845130481
0.8225586779623143
0.8229777094920637
0.8232528644392633
0.8234741824947481
0.8237911708853385
0.8241978077933805
0.8246270532713789
0.8249615250619965
0.8252109123850708
0.8255147201017902
0.8258524877093086
0.826242572185709
0.8265012125847312
0.8266918537609151
0.8269659395311935
0.8272721322885839
0.8275507583013032
0.827849557856111
0.8281269773488753
0.8283842381590956
0.828675762839421
0.8289841704775429
0.8292515381527458
0.8295526574257341
0.8298618924896706
0.8302152548160434
0.8304907249576023
0.8307439102373262
0.8310959552780679
0.8314011716216801
0.8316248709179382
0.8319120689731947
0.8322639019045757
0.832676657962635
0.8330113498626581
0.8333653134570178
0.8337325681838417
0.833983429723218
0.8342294368228206
0.8344864727376081
0.8346995358341125
0.8349272032893942
0.83520793974081
0.8354913979677718
0.8357385298237946
0.8359527572463512
0.836164602553923
0.836417565058021
0.836713197421508
0.836961721688406
0.8371738831417201
0.8373764576592746
0.8376122218203237
0.8378690437116153
0.8381337549986843
0.8384070472966043
0.8386802018226714
0.8389150989443613
0.8391722981002516
0.839434746997079
0.8396391239890957
0.8398521579722912
0.8401139135716861
0.8403964707035092
0.8406668960661067
0.8409746108590287
0.8412835003712918
0.8415675401776077
0.8418338265239955
0.8421014425757033
0.8423460817192832
0.8425351677321321
0.8426972223574957
0.8428865852200551
0.8430730231407997
0.8432137083661696
0.8434011529219501
0.8435700430652845
0.8437117324199961
0.8438462424327396
0.8440284434063986
0.8442210136043242
0.8443671546048597
0.844525851437116
0.8447301347500484
0.8449153623035283
0.8450845348641328
0.8452583125337213
0.8454404027770926
0.8456460730247032
0.8457934186450551
0.845889157038014
0.8459922779808288
0.8461182180906527
0.846263800149903
0.8464186767178913
0.8465810366260836
0.8467236905607607
0.8468590851044411
0.84698700463471
0.8471119133577885
0.8472432207606292
0.8473753028302262
0.8474945951430767
0.847644333305378
0.8478150851829143
0.847992281094406
0.8481910797190608
0.8483542917787815
0.8484787165140895
0.8485736198756939
0.8486827582863236
0.8488467576135419
0.8489918668528154
0.8491191770211161
0.8492199914520699
0.8493085861575118
0.849368021461396
0.8494787307838302
0.8495970205354865
0.8497075373642003
0.8497975671713454
0.8498997842343634
0.8499982553222063
0.8500980050012883
0.8502040782909006
0.8502686573256664
0.8503553166939236
0.8504369299456424
0.8505157397867191
0.8506128775409991
0.8506999798582551
0.8507958388595953
0.8508774823210435
0.8509419500458395
0.8510018308813424
0.851068248951279
0.8511105852229646
0.8511616386252381
0.8512398495472796
0.8512813907876485
0.8513250479104009
0.8514041771414541
0.8514788251655511
0.8515336153947772
0.851627863298073
0.8517286960892271
0.8517923599176557
0.8518625904310557
0.8519222532646509
0.8519890725053844
0.8520392098838844
0.8520855125162395
0.8521037363042063
0.8521355289041473
0.8522158563251478
0.8523063573407638
0.8524107982144016
0.8525128834165947
0.8526106252491288
0.8526973903452063
0.852764674487689
0.852854278599785
0.8529648845082309
0.8530352858333661
0.853084129360506
0.8531118171037276
0.853142924387631
0.8531790127539562
0.8532185944626051
0.8532877888286298
0.8533693924862331
0.8534196156841393
0.8534666776742595
0.8535215865051962
0.8535930190440161
0.8536553371266296
0.8537465077717372
0.8538422911632622
0.8539284477013028
0.8539887940775063
0.8540427311220682
0.8541202356787181
0.854188353496637
0.8542300731564219
0.8542616110501731
0.854312251184392
0.8543709238468822
0.85443971370765
0.8544867455460843
0.8545103941991103
0.8545362608635042
0.8546015159628414
0.8547061922062115
0.8547966701122779
0.854895294378884
0.8549777065828664
0.8550249681764832
0.8550777142135199
0.8551364742292429
0.8552309840871575
0.8552989062508174
0.8553509188455716
0.8554282607632996
0.8554978383399592
0.855558236891993
0.8556233223190666
0.8556731715881657
0.8557243352835157
0.8558165499346457
0.8559340080200589
0.8560101351123686
0.8560660481126378
0.8561163113527832
0.8561482826000233
0.8562118446517146
0.8562642782358215
0.8563086772984763
0.8563509531815916
0.8563622871030431
0.8563927765423218
0.8564510230524662
0.8565227445022925
0.8565825530484021
0.8566511884123804
0.8567154338827598
0.8567512834025829
0.856776075444247
0.8568223976356386
0.8568907089251725
0.8569549203549017
0.856977889586993
0.8570115660870667
0.8570894129205062
0.8571439220639157
0.8571705438093381
0.8572202668668011
0.8572748904371349
0.8573156812696904
0.8573689174546809
0.8573934978546518
0.8574104631460149
0.8574357693125685
0.8574398015866921
0.8574551990176251
0.8574546812579801
0.8574460305860206
0.8574582343370825
0.8574622661943889
0.8574807557647806
0.8575270843521738
0.8575641994219844
0.8575988404664063
0.8576263015442169
0.857655895611136
0.8576834918856643
0.8577157347180728
0.8577483588564516
0.8577509785174491
0.8577582691708039
0.8577575921530117
0.8577681092589418
0.8577931738240094
0.8578073006102359
0.8578018283985324
0.8578019465111618
0.8578057391269448
0.8578137786554796
0.8578402584565092
0.8578633331141436
0.8578791451812647
0.8579088258870896
0.8579238712729336
0.8579356713056898
0.8579698688501427
0.8580097881029898
0.8580555868976998
0.85808240224722
0.8581027903519043
0.8581473758742612
0.8581818957956014
0.8581980095043974
0.8582167113790878
0.8582446530753903
0.8582737890575649
0.8582833664217371
0.8582798254413854
0.858271070064995
0.8582746925298278
0.8583021032827569
0.8583239845290673
0.8583243764372627
0.8583069275990279
0.8583086263267796
0.8583284406226023
0.8583486943467071
0.8583461083419788
0.858345510046732
0.8583536365812776
0.8583595903328247
0.8583684155857394
0.8583828227087411
0.8583981622277294
0.8584010050830598
0.8583924447052699
0.858391172071706
0.8583869741133671
0.8583790479257932
0.858408554458501
0.858457997903723
0.8584839050551084
0.8585079390831859
0.8585375035352178
0.8585585418947255
0.8585694831273056
0.8585771349869805
0.8585912683651932
0.8585996686164433
0.8586288334213654
0.8586724008357545
0.8586900084944048
0.8586951601840187
0.8586912431125661
0.8586812087297656
0.8586894196715253
0.8587137775771226
0.8587302925598681
0.8587370644247885
0.858750554763772
0.8587656237775699
0.8587656854355463
0.8587526297412843
0.8587397854904631
0.8587305655034291
0.8587527809435302
0.8587812190444089
0.8587991252883572
0.8588173585776897
0.8588331939865721
0.8588401497940639
0.8588355519752326
0.8588361186613453
0.8588520475076915
0.8588829138883024
0.8589090690188917
0.8589297533639337
0.8589445439965867
0.8589555437695713
0.8589786683886942
0.8590172765229483
0.8590385095368445
0.8590392257690928
0.859051654710829
0.8590611652694415
0.8590722159226907
0.8590899203462062
0.8591065650883343
0.8591183565083195
0.8591210973011919
0.8591364790450158
0.8591688285204004
0.8591984537457263
0.8592266512373274
0.8592720592337437
0.8593099175397277
0.8593322115393854
0.8593539190067545
0.8593637753870733
0.8593639506161396
0.8593770906680566
0.8594083170814949
0.859418815703549
0.8594329932766603
0.8594406595224467
0.8594525705923838
0.8594698837624983
0.8594722859306116
0.8594917491573021
0.8595147069136284
0.8595428339885302
0.859556207089731
0.8595626382482248
0.8595912715844073
0.8596234233742763
0.8596506968290512
0.8596708444608835
0.8596789329050524
0.8596669889937539
0.8596738394635218
0.8596997479954178
0.8597219966262296
0.8597328672334035
0.8597580756109823
0.8597814212924031
0.8598009822110141
0.8598185289724313
0.8598354576140028
0.8598551181052936
0.8598690251115615
0.8598832759832041
0.8598959835823794
0.8599063725129272
0.8599151778803167
0.8599385130983247
0.85996318415166
0.8599814625917821
0.8600058751881172
0.860026434498425
0.8600318849462686
0.8600229319659723
0.8600155930332841
0.8600064888959206
0.8599967278122697
0.8599941656489637
0.8599933656423541
0.8600089208022262
0.8600293686231456
0.8600405838782686
0.8600524540327233
0.860068798717116
0.8600856028986729
0.8600996239307714
0.8601254024648654
0.8601561316133635
0.8601878511415321
0.8602049397247684
0.8602064170384675
0.8602143847520358
0.8602208069855153
0.8602236344272638
0.8602295665642863
0.8602443964133047
0.8602526763779706
0.8602608827319999
0.8602741555907827
0.8602901481512124
0.8603036211657494
0.8603233196398524
0.8603419955130523
0.8603602237225546
0.8603791878387098
0.8603939740613444
0.8604041569658671
0.8604166964119824
0.8604340774448715
0.8604308604916135
0.8604194792608381
0.8604180859272098
0.8604222765465558
0.8604257984294991
0.8604470096465262
0.8604742766363388
0.8604887869515689
0.8604980293870308
0.8605175058230186
0.8605409276864956
0.8605547985049127
0.8605753974516
0.860598922656205
0.8606079547721635
0.8606024924692277
0.8606068165123119
0.8606271341881727
0.8606418811375453
0.8606555447055697
0.8606729425615441
0.8606868700693608
0.8607031452011741
0.8607053009674892
0.8607073712723909
0.8607256957063195
0.8607474923835984
0.8607690386233557
0.8607844997983075
0.8607982125229002
0.8608131249515518
0.8608290046995013
0.8608455245084663
0.8608483846633659
0.8608539916010104
0.8608608345588739
0.8608596600763538
0.8608656924276364
0.8608833961924421
0.8609104525755226
0.8609312989214831
0.860940777406955
0.8609408268855981
0.8609445574238594
0.8609529257075509
0.8609604074097539
0.8609732409211639
0.8609873659787914
0.8609905126622398
0.8609929221786861
0.8610101044271615
0.8610130680174373
0.8610073681427224
0.8610194243333753
0.8610298889231923
0.8610408048348127
0.8610532137877513
0.8610640261071011
0.8610840165670454
0.861090012136917
0.8610936614225235
0.8610960713940364
0.8610935180916606
0.8611042399466845
0.861114218400817
0.8611194235801074
0.8611286954419296
0.8611418066768899
0.8611502476153002
0.8611509077868429
0.861151493818244
0.86115587044692
0.8611638688953556
0.8611711875525446
0.861177102858017
0.8611797173231561
0.8611926833075825
0.8612086762026302
0.8612126803331334
0.8612245168568348
0.8612483151055973
0.8612629519759386
0.8612742532089205
0.8612852705201355
0.8612844834910195
0.8612865916775375
0.861299712156521
0.8613065770089372
0.8612934456195172
0.8612835167889261
0.8612909251066436
0.8613041561816867
0.8613170676809037
0.8613348867084342
0.8613527072111262
0.8613706606808418
0.8613930471157024
0.8613988556854059
0.861397535650866
0.8613966977604653
0.8613988576250267
0.8614116388800128
0.8614219033297226
0.8614236039524262
0.861430157814915
0.8614320789237113
0.8614215452843441
0.8614055668241676
0.8613994398672692
0.8613952618948538
0.8613942453390769
0.8613965544540823
0.8613940768052218
0.8613909902232247
0.8613911869177358
0.8613982169669593
0.8614093927477245
0.8614255853250099
0.861436288947454
0.8614477608212141
0.8614585096520198
0.8614574429173962
0.8614518428958216
0.8614484908415337
0.8614462125996298
0.8614345853430682
0.8614206703534049
0.8614211243131977
0.8614184242459763
0.8614136951908976
0.8614204776853298
0.8614291380721325
0.8614393113246915
0.8614513352053879
0.8614466910157734
0.8614319777129771
0.8614259500154596
0.8614210969290171
0.8614188409663603
0.8614268920481772
0.861432453190424
0.8614298103071563
0.8614316903239377
0.8614399995584072
0.8614422159087153
0.8614412484836987
0.8614477785140432
0.8614544682366914
0.8614508839723508
0.8614481488258735
0.8614498563194184
0.8614561359093966
0.8614622266074872
0.8614627716132953
0.8614566201213454
0.861454067569864
0.8614510975644362
0.8614449890903165
0.8614480950498004
0.8614586279882691
0.8614600214795637
0.8614689241062777
0.8614894577099412
0.8615047582124906
0.8615252957871895
0.8615448966713781
0.8615558029081184
0.8615661233158375
0.8615818460880941
0.861598885134179
0.8616039568326287
0.8616009501525482
0.8616015063083129
0.8616010695406812
0.8616009157689412
0.8616043119834987
0.8616068888181174
0.8616159443724025
0.8616237112657125
0.8616150999624848
0.8616059740292896
0.8615943968482433
0.8615916889536439
0.8615886801032728
0.861586792162823
0.8615987381601757
0.8616160224249856
0.8616272152663145
0.8616219662934981
0.8616112437405188
0.8616096621511236
0.8616057084395087
0.8615834195056634
0.8615729764618956
0.8615855266927385
0.8615971787168718
0.8615996405820032
0.8616001195474176
0.8616011321248592
0.8616066227647847
0.8616188894972991
0.8616268549264431
0.8616303954435242
0.8616341257130095
0.8616368154619872
0.8616424558464981
0.8616451333847496
0.8616375924851579
0.861632040764305
0.8616274751445493
0.861630095520596
0.8616223889501111
0.8616161146135369
0.8616177650826147
0.8616125818750181
0.8616141383423365
0.8616120820955931
0.8616075464815593
0.8615969564141359
0.8615851998623284
0.8615759409501137
0.8615757463525007
0.8615739974796398
0.8615699707956013
0.8615637562085634
0.8615693564032701
0.8615755127246852
0.861572232144789
0.8615624527326237
0.8615501106952755
0.8615444123557676
0.8615447104484364
0.861541527518299
0.8615389016349713
0.8615445664023218
0.8615596308935023
0.8615700443346351
0.8615816158676716
0.8615904360087594
0.8615928451691569
0.8615944670809578
0.8615914963203254
0.8615857893553421
0.8615776724171323
0.8615625903607786
0.8615477524546357
0.8615338227952171
0.861527468518682
0.8615256192738494
0.8615294120210901
0.8615390382868168
0.8615547618545132
0.8615640577344622
0.8615705662622268
0.8615856428045279
0.8615967374009381
0.861603145689606
0.8616087625906894
0.8616139423367042
0.8616151458877838
0.8616164056154545
0.86161949872548
0.8616174349273578
0.8616046166995327
0.8615933079833155
0.8615866537978345
0.8615749205935425
0.8615605316162682
0.8615498184628134
0.86154130116498
0.8615359309862791
0.8615286427934891
0.8615284708464422
0.861532265153433
0.861533816388903
0.8615307109907657
0.8615367699424021
0.8615352119174315
0.861536899355034
0.8615459318354073
0.8615438909357399
0.8615338517134528
0.861520696628938
0.8615120753233599
0.8615102753180447
0.8615131498886858
0.8615161184451272
0.8615226763313749
0.8615236459975217
0.8615303414745318
0.8615357453119153
0.8615339672361955
0.8615402098213398
0.8615435058383576
0.8615395032825255
0.8615359114678927
0.8615338856397112
0.8615444400206056
0.8615579480084056
0.8615666600358252
0.8615767003081599
0.8615875341849849
0.8615876925499015
0.861591721900211
0.8616024610826797
0.8616088887019929
0.8616152261960424
0.8616293013512426
0.861644358495119
0.8616563351380274
0.8616646543437576
0.8616731213365216
0.8616823279368393
0.8616942489948836
0.8616958816863213
0.8616896710041091
0.8616837839194335
0.8616809788956277
0.8616845458159031
0.8616847150139378
0.8616872860645474
0.861687268291534
0.8616918905538685
0.8616943012261346
0.8616907810261625
0.8617015170374678
0.8617085835369002
0.8617081958484543
0.8617112956293757
0.8617112771772116
0.861707826805984
0.8617099997233835
0.861715677783003
0.8617157143370447
0.8617088631265264
0.8617026590304574
0.8616983531207659
0.8616916020025835
0.8616908603922927
0.8616912948379524
0.8616854538671238
0.8616806497153714
0.861678016085109
0.8616699360168183
0.8616625195142489
0.8616630593148192
0.8616661695269998
0.8616658529235366
0.8616580439832601
0.861653330012096
0.8616589942589918
0.8616661475815602
0.8616684896670022
0.8616740441617926
0.8616701716286388
0.8616603617249066
0.8616525005441854
0.8616471590054956
0.8616359223202328
0.8616231668960049
0.8616107019569675
0.86161017557699
0.861617859302886
0.861621481100673
0.8616224338492199
0.8616201830954291
0.8616175067951506
0.8616220075680759
0.8616292935660393
0.8616368911261945
0.8616390982412916
0.8616417690662838
0.8616519148603415
0.8616584143029129
0.8616647643760509
0.8616671843000638
0.8616635706932501
0.8616621671165254
0.8616615026022779
0.8616696296878865
0.8616786938722909
0.8616784586745916
0.86167772563353
0.8616752443375575
0.8616741055806708
0.8616768672890571
0.8616753271581982
0.8616674704943114
0.8616676920087596
0.8616697839174252
0.861668370878288
0.8616669856659149
0.8616643842908296
0.8616609554224965
0.8616536491646092
0.8616487539083129
0.8616448806417358
0.8616509274023205
0.8616562191727974
0.861653723643215
0.8616494704692609
0.8616515777277897
0.8616602305164224
0.8616590401015308
0.8616559238135072
0.8616670916736565
0.8616716153501455
0.8616715841257376
0.8616639467289092
0.8616616237455005
0.8616585398173912
0.8616481816444186
0.8616409487486125
0.8616432589364994
0.8616522792425728
0.8616596905078217
0.8616616543906783
0.8616637742232772
0.8616661953803675
0.8616695201667286
0.8616679838542203
0.8616716743216487
0.8616723561949158
0.8616742667496847
0.8616701879341038
0.8616579880489323
0.8616512378154421
0.8616516196530924
0.8616561767523038
0.8616579814167376
0.8616652050368758
0.8616696539721806
0.861665956345971
0.8616618983351235
0.8616648062239113
0.8616704670331183
0.8616727158664591
0.8616821850028081
0.8616916292013649
0.8616949235215248
0.861697570369389
0.8617006555878637
0.8617026373215095
0.8617004837051644
0.8616967529283491
0.8616944409764754
0.8616930805119302
0.8616948121487933
0.861696532845005
0.8616979927564159
0.861703162250718
0.8617109142593912
0.8617114288328603
0.8617077189688029
0.8617024827314558
0.8617026573365403
0.8617053377096
0.8617138904536592
0.8617136247753608
0.8617049047346065
0.8617049768292555
0.8617058652308066
0.8617045591757844
0.8617028572186821
0.861705055580653
0.8617053041487441
0.8616993393912039
0.8616976977212453
0.8616969590666109
0.8617004286644516
0.8617069304789539
0.8617074840949313
0.8617108570709625
0.8617153458539724
0.8617110913985178
0.8617117198472724
0.8617155739075388
0.8617176981099122
0.8617159282032729
0.8617133284673236
0.8617158256672709
0.8617193875690954
0.8617169929251519
0.8617201514578058
0.8617149138459294
0.8617133500570165
0.8617141157268924
0.8617203147955009
0.8617219276681642
0.861716873666673
0.8617158564299973
0.8617155757100131
0.8617195242003882
0.8617234029741769
0.8617255246204568
0.8617261109839237
0.8617259837389164
0.8617349388267119
0.8617391641059028
0.8617390676421594
0.8617401556847835
0.8617394017044828
0.861738195335933
0.8617443394929581
0.8617510811777446
0.8617557119411242
0.8617634571661984
0.8617760508165468
0.861787658910044
0.8618024051091145
0.861818426574724
0.8618276567321848
0.861831782624045
0.8618356089120449
0.861843276833012
0.8618509001889221
0.8618560177762934
0.8618616084068049
0.8618663859762832
0.8618711792851937
0.8618761719582997
0.8618810876775679
0.8618812980712702
0.8618876957524707
0.8618916198241862
0.8618941069825561
0.8618980841521834
0.8619108966286567
0.8619200890339831
0.8619228302708936
0.8619296591597497
0.8619418537574762
0.861951106286374
0.8619540376545956
0.8619544844533105
0.8619519425047936
0.8619465521386582
0.8619468076074716
0.8619523187558198
0.8619571761390112
0.8619612201289729
0.8619649234676487
0.8619730562762008
0.8619758015483009
0.8619770328503561
0.8619790394252269
0.8619809253380621
0.8619878688562292
0.8619952986843398
0.8619948639014557
0.8619906848495449
0.861985813019697
0.8619845757885566
0.8619893901914516
0.8619962737570531
0.8620042900624697
0.8620068709148786
0.8620098564275354
0.862010439138969
0.8620102935665773
0.8620115860520483
0.8620105783305487
0.8620125187044217
0.862012576091298
0.862004648143737
0.8620022395774818
0.8619993929079965
0.8619936365852348
0.8619917249573322
0.861993230790456
0.8620003192588175
0.862008717304309
0.8620175097368401
0.8620252501079779
0.8620316009619821
0.8620383483496566
0.86203763096821
0.8620383504299908
0.8620409613569963
0.8620408153919242
0.8620475987612413
0.8620530893010421
0.8620563064243524
0.862061512290513
0.8620680739165129
0.8620797268352244
0.8620896060738812
0.8620914837952648
0.8620900930043985
0.8620882526789277
0.862093402017985
0.8620929151790917
0.862083990847791
0.862078761472755
0.8620770116683779
0.8620758642307991
0.862080190548876
0.8620793906618224
0.8620739538997271
0.8620741680217228
0.8620729423168443
0.8620757361508449
0.8620785103423568
0.8620753529863143
0.8620703793554586
0.8620665321180931
0.8620637201674742
0.8620618667300326
0.8620617579790505
0.862065263547897
0.8620639450058856
0.8620621154491626
0.8620562584968694
0.8620516240029898
0.8620476629986086
0.8620500010902874
0.8620530631289522
0.8620583062709937
0.86206958222134
0.8620743545269889
0.8620739861939956
0.8620752702500357
0.8620813672597775
0.8620897574908551
0.862098171592311
0.8621023633820565
0.8621129987005659
0.8621232605380924
0.8621302319459413
0.8621335418465983
0.8621356910450234
0.8621416228161753
0.8621443829997767
0.8621471002978736
0.862150875084671
0.8621580047089996
0.8621624870848057
0.8621616664933487
0.8621611762643813
0.8621629470257532
0.8621639293247295
0.8621681809485584
0.86217298340663
0.8621746654010475
0.8621744402717785
0.8621728500497955
0.8621764803484196
0.8621814954298772
0.8621888243913493
0.8621910989877508
0.8621908952033306
0.8621961692485967
0.8622018417653976
0.8622054103851577
0.8622061299750481
0.8622030354378933
0.862198372997048
0.86219297760529
0.8621855755222041
0.862184780279347
0.8621888534929275
0.8621938113796742
0.862196400576961
0.862189663514967
0.8621800793838454
0.862172511142952
0.8621669894803661
0.8621605939658721
0.8621532772406078
0.8621458164198557
0.862140714305268
0.8621381378298706
0.8621310876374051
0.8621268870442667
0.8621265513603193
0.8621309956791215
0.8621339385488827
0.8621412176653804
0.8621489702457885
0.8621570402362815
0.8621618209534283
0.8621678124253915
0.8621757735492442
0.8621857869187828
0.8621948501885616
0.8622029052269168
0.8622063777199197
0.862210329938707
0.8622131378350375
0.8622143628780261
0.8622158128066172
0.8622180451110449
0.8622156174853709
0.8622147659706034
0.8622169238886404
0.8622125871428985
0.8622093564246307
0.862206661456859
0.8622077846842738
0.862208180731148
0.8622100085415082
0.8622131797310147
0.8622170861541802
0.8622219732175407
0.8622289479006716
0.86223267528492
0.8622348979592873
0.8622375070763612
0.8622387670938613
0.8622375470440479
0.8622363648844693
0.8622372459919261
0.8622371626366087
0.8622336082084372
0.8622296352716882
0.8622274205807322
0.8622256265349677
0.8622240216427896
0.8622214541801181
0.8622198755657343
0.8622229252901098
0.8622209629239648
0.8622168387641146
0.862213774330018
0.8622133521545955
0.8622142787813099
0.8622144883255066
0.8622116972965714
0.8622114694567073
0.8622106048058702
0.8622099761084676
0.8622006813831078
0.8621940015961145
0.8621899758985648
0.8621871793246275
0.8621826491834976
0.8621798078872286
0.8621732860195925
0.8621667726787506
0.8621609109973637
0.8621553279704165
0.8621514414438395
0.8621517082091301
0.8621502555184948
0.862151699414668
0.8621528664814033
0.8621553608027543
0.862152484901505
0.862154212716634
0.8621567919570062
0.8621627036247334
0.8621636522461108
0.8621671203131753
0.8621675895922706
0.8621697607008064
0.8621739097184677
0.8621803731707357
0.8621861036933911
0.862189487823714
0.8621938794400303
0.862197686472604
0.862203776333872
0.8622160494599068
0.8622225964133818
0.862229433218787
0.8622354152852746
0.8622406706596124
0.8622428663155355
0.8622431135532158
0.8622429476003106
0.8622435615482885
0.8622438422991634
0.8622407538694888
0.8622376477021697
0.8622329623840248
0.862229345002455
0.8622281166487162
0.8622282390168217
0.8622281115885969
0.8622262632805788
0.8622247444278132
0.8622232598650322
0.8622218635940601
0.8622191767817025
0.8622185418766078
0.8622197322400074
0.8622196921007855
0.8622194916719172
0.8622193052660974
0.8622200467433926
0.8622191980322984
0.8622219176375965
0.8622236347083764
0.8622245700534079
0.8622226281823036
0.8622250889606793
0.8622242536172884
0.8622237114151516
0.8622261079281173
0.8622246368545113
0.8622248256096239
0.8622265573560752
0.8622281380526694
0.8622298520422014
0.8622283946473792
0.8622302856778373
0.8622312620448869
0.8622408345034482
0.8622456720536178
0.8622502035288445
0.8622518867489151
0.8622527940020154
0.8622537151903255
0.8622552344019003
0.8622568682734192
0.8622544305461127
0.8622513251304353
0.8622513941087167
0.8622542273064729
0.8622553641183788
0.8622609762904124
0.8622674764323434
0.8622709356566879
0.862273396013333
0.8622751278149333
0.8622764391457007
0.8622802472008396
0.8622899259016888
0.862305695901615
0.8623196795996996
0.8623303435974976
0.8623369684504703
0.8623430393730405
0.8623552753139443
0.862364280625655
0.8623706537162271
0.8623771381957126
0.8623837645830186
0.862387727893047
0.8623926402096526
0.8623999432480829
0.8624055566755251
0.8624110208491063
0.8624134514259553
0.8624189247778252
0.8624205711167786
0.8624238597456556
0.8624260821038183
0.8624269653751767
0.8624236260200232
0.862424771722483
0.8624288502573091
0.8624288708186093
0.8624309630690478
0.8624276733890698
0.8624269853094121
0.8624260764678776
0.8624266917637794
0.8624235770570847
0.8624197771021408
0.8624220109949919
0.8624256069283489
0.8624287062238882
0.8624305328845637
0.8624375247199912
0.8624417608974303
0.8624467324360563
0.862448582368118
0.8624509343187908
0.8624523464894046
0.8624585051841784
0.8624645307062596
0.8624694451211417
0.862473878609194
0.8624783689419158
0.8624807845580799
0.862481733904761
0.8624832994455678
0.8624832975722734
0.8624823467311097
0.8624801324171896
0.8624847513138307
0.86249057556828
0.8624927676489208
0.8624978334351036
0.862505178011189
0.8625107728386426
0.8625124434465418
0.8625115059964975
0.8625113138284859
0.8625124066794272
0.8625108876205081
0.8625140286138604
0.8625158528117286
0.8625154334731071
0.8625124220579353
0.862509822239643
0.8625121642213958
0.8625102099366386
0.8625059158736471
0.8625051118869749
0.8625040121974646
0.8625009987656855
0.8624933241594205
0.8624873148948865
0.8624860836778514
0.8624863817126854
0.8624905093353955
0.8624915060024143
0.862491136521361
0.8624904213495381
0.8624887391233438
0.8624907329473388
0.862491688517381
0.862489641708254
0.8624882482667774
0.8624885016658637
0.8624909012602412
0.8624926598229693
0.8624894254952844
0.862488258119183
0.862491566573854
0.8624973655009616
0.8625011059296748
0.862500683959337
0.8624982535116339
0.8624991597881461
0.8625041810970488
0.8625086281747707
0.8625187604500535
0.8625285477125015
0.8625377299255245
0.862546631531891
0.8625546660583346
0.8625628378568448
0.862569021783741
0.8625733780858359
0.8625809590764413
0.8625871597161204
0.8625936187911487
0.8625994939813526
0.8626005323628244
0.8626044057934614
0.8626115088593355
0.8626184761512276
0.8626233906275633
0.8626246890711046
0.8626293571640371
0.8626321385163862
0.8626362582680268
0.8626404012108021
0.8626421673294952
0.8626445055506138
0.862645363963211
0.8626438856472394
0.8626472403677014
0.8626507347413851
0.8626524176473059
0.8626533057690269
0.8626560758007544
0.8626636139531609
0.8626697352142269
0.86267308590639
0.8626806195555135
0.8626816527700387
0.8626820317584154
0.8626845475475764
0.8626835330219372
0.8626785396483468
0.8626775677495464
0.8626779123118233
0.862681183476587
0.862690502451656
0.8626987579619899
0.8627044983609922
0.8627082477139917
0.8627078074451779
0.8627048497952211
0.8627043489759846
0.8627076598382311
0.8627080975495344
0.8627117577123805
0.8627134559006191
0.8627135641743933
0.8627158300797988
0.862717773128296
0.8627188856954092
0.8627171454525957
0.8627196230414796
0.8627192899439379
0.8627163006085317
0.8627191049005222
0.8627255292249334
0.8627305358784308
0.8627318551369916
0.8627323833879519
0.8627294496808361
0.8627286439369087
0.8627319162364944
0.8627312236313279
0.8627321676320074
0.8627320220981147
0.8627333990277627
0.8627327269733632
0.8627302212990334
0.862728059698396
0.862723637051869
0.8627190176958112
0.8627148718443812
0.8627123299515924
0.8627110454715262
0.8627106539932816
0.8627106299576325
0.8627090212557996
0.862710156614832
0.8627162955324391
0.8627229065426244
0.862729106179867
0.8627301387476625
0.8627288020973436
0.8627277536695924
0.8627256952667018
0.8627245634415225
0.86272156162926
0.8627181948052112
0.862718841096801
0.8627208302203323
0.8627212584240247
0.8627230521452839
0.8627228365104903
0.8627215771050157
0.8627189926025304
0.8627181458340197
0.8627205157412905
0.8627233644918205
0.8627257948661827
0.8627236308880533
0.8627213938865389
0.8627248637535204
0.8627279653096298
0.8627301509335591
0.8627304304279791
0.862726172081685
0.8627285470152413
0.8627307618938639
0.8627329701652715
0.8627367808341353
0.8627386893412601
0.8627420430340693
0.8627429468115994
0.8627406758183422
0.8627420279894432
0.8627405241818638
0.8627400479728599
0.8627415665387714
0.8627423710962261
0.8627426439420001
0.8627447902830189
0.862745714317463
0.862747387778806
0.8627514236195364
0.8627541796375027
0.8627556560223528
0.8627564729600865
0.862753050059263
0.8627481332481913
0.862746222357977
0.8627467070429649
0.8627514100402998
0.8627556684834794
0.862760266198851
0.8627668307704462
0.8627712012065871
0.862774962261017
0.8627733480521492
0.8627737630216061
0.862774039121664
0.8627763408279133
0.8627774597706926
0.8627792298840192
0.8627835295256734
0.8627864502043991
0.8627866674751702
0.8627872628666065
0.8627892055231536
0.8627855030691138
0.8627825100125291
0.8627829234107613
0.8627847307686313
0.8627887895514461
0.8627895094143608
0.8627862922474981
0.8627847833401727
0.8627819082888101
0.8627826229478266
0.8627868969856004
0.8627891606125774
0.8627906216768694
0.8627930040071764
0.8627908354968101
0.8627900491099714
0.8627913084428662
0.8627987827338848
0.8628077487097258
0.8628123386090666
0.8628163851385681
0.8628187082276351
0.8628225532154883
0.8628291299866664
0.862834632868581
0.8628373980731618
0.8628354573680392
0.8628336626653083
0.8628311991926679
0.862831855363113
0.8628313033447662
0.8628308919420878
0.8628337952356183
0.8628368711467442
0.8628434388643077
0.8628489768048051
0.8628513574142765
0.8628532860158359
0.8628581372780397
0.8628644972262309
0.8628647901844675
0.8628630787182513
0.862864105209029
0.8628624178204106
0.8628611773438538
0.862858170675383
0.8628562851981544
0.8628565308917375
0.8628590838621972
0.8628586632136883
0.8628548042895511
0.8628514802061772
0.8628501767338879
0.8628491344245305
0.8628434106444678
0.8628369087669524
0.8628359162588863
0.8628344361872377
0.8628301067795381
0.8628317010065277
0.8628361471281393
0.862838674553425
0.8628407630574959
0.8628402185553855
0.8628420100766998
0.8628444214178872
0.8628467315701073
0.8628495565118945
0.8628510218415505
0.8628533438692833
0.8628562425048167
0.8628590269158299
0.8628615316909946
0.8628613931516662
0.8628602636281582
0.8628588257272646
0.8628542920840726
0.8628488422759822
0.8628438422584221
0.8628419878433315
0.8628428768189752
0.8628447341507771
0.8628426381876969
0.8628355907240671
0.8628312074712842
0.8628294205368444
0.8628266678126271
0.8628212388942965
0.8628206811245261
0.8628272896375379
0.8628302927238914
0.8628341453286466
0.8628413522428184
0.8628438447800707
0.8628440942480242
0.8628431044392455
0.8628413654983921
0.8628379827758933
0.8628362970234447
0.8628366528534777
0.8628362906292649
0.8628392721638589
0.8628401782255994
0.8628448060009402
0.8628505658347875
0.8628570316714311
0.8628625646471838
0.8628661601613696
0.8628649481263966
0.862864327920077
0.8628652636294357
0.8628655200473173
0.8628672056425273
0.8628675136258206
0.862864017109617
0.8628621239961463
0.8628576808476223
0.8628491077700442
0.8628440312730549
0.8628430208550645
0.8628441967593733
0.8628434205497353
0.8628425258420311
0.8628418111997745
0.8628411623874146
0.8628422617267377
0.8628480025247267
0.8628548605058842
0.8628602537196758
0.8628634412486577
0.8628666723410376
0.8628673853053593
0.8628658729587865
0.8628656352720311
0.8628691584457938
0.8628743070938882
0.8628750329514395
0.8628743021574257
0.8628749952915548
0.8628740996583999
0.8628774105125459
0.8628828290520983
0.8628910000624842
0.8628988223080937
0.8629032887834731
0.8629046646579352
0.8629046064556063
0.8629023772800396
0.8629021069669609
0.8629001555520701
0.8628958547171256
0.8628880431651273
0.8628802579990118
0.8628739522866972
0.8628690473038764
0.8628703539881567
0.8628718423076585
0.8628731856367401
0.8628735572748653
0.862871995635201
0.862873080323469
0.8628776633277185
0.8628829961107752
0.8628854451069214
0.8628850138588293
0.8628864898252715
0.8628897238280516
0.8628924787430114
0.8628909525747334
0.8628850979151477
0.8628819831382977
0.8628806251986789
0.8628804353874967
0.862882851535259
0.862885785725866
0.8628891940689589
0.862893736902121
0.8628970351356785
0.8628956295150918
0.8628924793042636
0.8628882469277621
0.8628855588150118
0.8628831085338441
0.8628824762342937
0.8628828875708133
0.862882631356242
0.8628839227207377
0.862887537628217
0.8628910361934508
0.8628921156810606
0.8628914201077833
0.8628935498566689
0.8628963989883828
0.8628987675122444
0.8629033467134803
0.8629064502090896
0.8629126513781427
0.8629151336521994
0.8629146678096854
0.8629162497915793
0.8629158168071267
0.862915860507384
0.8629190041780967
0.8629226539343999
0.8629260944278969
0.862929879219926
0.8629309271832597
0.8629260015071603
0.8629232824411562
0.8629245623663123
0.8629251381433559
0.8629252584844409
0.8629277492314893
0.862928459308717
0.8629305816814187
0.8629328646160922
0.862935673105451
0.8629406210274534
0.8629461802529419
0.8629530464092843
0.8629556456800095
0.8629551655063917
0.8629557818632526
0.8629576616278428
0.8629567510817827
0.8629582702132764
0.8629602288448609
0.8629637043979266
0.862968053933872
0.8629718678438077
0.8629775320150108
0.8629842498564427
0.8629905013948476
0.8629942011097178
0.862997531849813
0.8630004528612509
0.863003908373617
0.8630071489451985
0.8630084436219566
0.86300608944381
0.8630033882068967
0.8630033843655073
0.8630032658065914
0.8630048388703553
0.8630101386373121
0.86301446356347
0.8630180092884356
0.8630222040481612
0.86302336861785
0.8630253433410189
0.8630273674248952
0.8630261922481164
0.8630249527928033
0.8630218150303246
0.8630195935338305
0.8630166260279348
0.8630118917882607
0.8630095872104007
0.8630057683194213
0.8630038837798261
0.8630038147879155
0.8630035039585505
0.86300221062474
0.8629976597494564
0.862992147160423
0.8629883201106062
0.8629864618029321
0.8629854832841692
0.8629892652062405
0.8629932569329514
0.862997405040725
0.8629997413381962
0.8629995711854329
0.8630003991883202
0.8630018624062722
0.863005017124875
0.8630071657764825
0.8630090607331334
0.8630113716647195
0.8630148212280948
0.8630198782759055
0.8630245982106528
0.8630274470924183
0.8630286026245882
0.8630283304868468
0.863027386668073
0.8630298225718755
0.8630304717303288
0.8630294643829433
0.8630288951883074
0.8630261050004264
0.8630220226861609
0.8630199838096819
0.8630157419494298
0.863011168449788
0.8630066221312177
0.8630029431495557
0.8630031430108613
0.8630019440592298
0.8630001110068376
0.8629986120097731
0.8629956851896095
0.8629929439297147
0.86298977791472
0.86298513218193
0.862982189344758
0.8629790737489134
0.8629775678412672
0.8629760529286356
0.8629784731758559
0.8629812557160546
0.8629806172423302
0.8629779199532179
0.8629766649279115
0.8629764993589989
0.8629726880194768
0.8629671921721873
0.8629617928263469
0.8629584408963671
0.8629561997681187
0.8629560848312623
0.8629546850514667
0.8629528608647175
0.8629524451578178
0.8629517887428552
0.862951496458901
0.862950131134515
0.8629474049425656
0.8629448689157692
0.8629450204998618
0.8629482796374044
0.8629502681404984
0.8629514927212178
0.8629560041248111
0.8629606631336803
0.8629627220711003
0.8629676653565693
0.8629712371213998
0.8629731446676702
0.8629742395351166
0.8629737710140222
0.8629730334373598
0.8629701597746204
0.8629683747136593
0.8629656940931796
0.8629631161975586
0.8629616370341917
0.8629606453272888
0.8629601366481798
0.8629630384616626
0.8629664181192358
0.862967184861287
0.8629686484955348
0.8629670507345886
0.8629661750079415
0.8629671763988231
0.8629655104289259
0.8629610576672387
0.8629578230912859
0.8629572606970064
0.8629564849476944
0.862956299194629
0.8629562249472783
0.8629547783073706
0.8629531327361725
0.8629516228881853
0.8629497133121421
0.8629515019164223
0.8629508746138004
0.8629451653088187
0.8629427403332048
0.86294503436653
0.862945644342325
0.8629456887284271
0.8629492329452746
0.8629525327950837
0.8629543501611455
0.8629529306352932
0.8629490038894433
0.8629470686871809
0.8629475565715647
0.86294958123214
0.8629523724830268
0.8629539857695121
0.8629567950564475
0.8629557771926115
0.8629507318595451
0.8629477195848798
0.8629477628390648
0.8629461014238916
0.862944803656853
0.8629447479788763
0.8629493628723724
0.862951373094908
0.8629521610090648
0.8629527191222225
0.8629512837644429
0.8629531615274049
0.8629544569204698
0.8629560181110543
0.8629558200223798
0.8629539184272433
0.8629506235725438
0.8629478145691923
0.8629456782824307
0.8629427417747974
0.8629420882553855
0.8629419822400898
0.8629411277304836
0.8629437096298902
0.8629466591747469
0.8629479239001101
0.8629491972723421
0.8629512437420234
0.862952398951842
0.8629549730722169
0.8629541702350038
0.8629532901810167
0.8629496502162611
0.8629462682089484
0.8629429660271505
0.8629390958087945
0.8629363309162063
0.862934627262751
0.8629334553127945
0.8629319830087686
0.8629309884994321
0.8629309954236393
0.8629305519889001
0.8629290679826591
0.862928550289495
0.8629290194148475
0.8629283568400444
0.8629272339315169
0.8629249020110769
0.8629200449839477
0.8629150333003975
0.8629115460725354
0.8629124126201695
0.8629149905746402
0.8629171159930599
0.862920268785228
0.8629224775969473
0.8629210782626732
0.8629194145035131
0.8629194902493725
0.8629202290348938
0.862921296314273
0.8629223597902806
0.8629225106271733
0.8629218864267515
0.8629219081245495
0.8629241077721392
0.8629260599705153
0.8629249577769339
0.8629228915316367
0.8629235223062296
0.8629273183568386
0.8629268463231239
0.8629277065750037
0.8629307832084601
0.862930999662347
0.8629333521760731
0.8629376306956933
0.8629412827956593
0.8629432887126824
0.8629471661447463
0.8629520690886032
0.8629578370077775
0.862961049266102
0.8629620954694907
0.8629625079832847
0.8629622003606315
0.862964507122244
0.8629681144169148
0.8629687957338622
0.8629677419840962
0.8629675640093533
0.8629676999978969
0.8629643784232782
0.8629606829017672
0.8629578509393353
0.8629542328402788
0.8629512688448394
0.8629490814168828
0.8629496753480795
0.8629485850818482
0.8629447244387943
0.8629449379626353
0.8629462738104091
0.8629470359286306
0.8629467280738161
0.8629434432319386
0.862940428671379
0.862938280748354
0.8629404892615886
0.862942387412132
0.8629435240334757
0.8629452850692512
0.862946344932992
0.8629461442614268
0.8629442945718351
0.8629422628945046
0.8629404634930051
0.8629389537998983
0.8629388381194563
0.8629387359064621
0.8629397467201456
0.8629395945041405
0.862935893512992
0.8629339822679821
0.8629324022245719
0.8629344016575758
0.8629339348570456
0.8629305472001685
0.862927014256985
0.8629251217044199
0.8629245935855683
0.862924939900168
0.8629239421264387
0.8629231584740322
0.862922620443367
0.8629228195563299
0.8629230216541193
0.8629241305692964
0.862923683458937
0.8629230184021439
0.8629226127762757
0.862920520702365
0.8629202408794255
0.8629214427456068
0.8629214353658067
0.8629196101872221
0.8629187660864697
0.8629152551019957
0.8629121892186226
0.8629137295662564
0.862916510494842
0.8629179706194563
0.8629180516912521
0.8629170509344315
0.862914309145858
0.8629117737854525
0.8629119316001896
0.8629114821319541
0.8629084176996459
0.8629072513571542
0.8629077517700491
0.8629072133333228
0.862905136083075
0.8629037235234235
0.8629019033863528
0.8628984255254198
0.8628975653686262
0.8628965498134632
0.862892773544492
0.8628942403360493
0.8628962175971684
0.862897247119631
0.8628983455593577
0.8628994104450027
0.8628984013995131
0.862895250301338
0.8628914903278131
0.862887065339379
0.8628869508586836
0.86288708891809
0.8628857153656593
0.8628852056748932
0.8628840379619195
0.8628811245123941
0.8628777795516733
0.8628771221688966
0.8628775003763348
0.8628783594261072
0.8628768774346816
0.8628756468199396
0.8628720604448507
0.8628666999927391
0.8628613501889335
0.8628575222553357
0.8628572562582997
0.8628546160447539
0.8628526593468461
0.8628530785922399
0.862852859431947
0.8628521572005272
0.8628531100362946
0.8628555155029594
0.862857754402215
0.8628583463608156
0.8628588262718752
0.8628591255432368
0.8628611721877446
0.8628612500460979
0.8628601609428116
0.862860393536289
0.8628586299200716
0.8628595186423293
0.8628605144232874
0.8628604089789956
0.8628594599708287
0.8628576312109051
0.8628583772132333
0.8628588841407886
0.862859574003861
0.8628596310037973
0.862857249440516
0.8628534337971596
0.8628498714798556
0.8628502412824581
0.8628499725660372
0.8628512172549073
0.8628509748837183
0.8628506872021708
0.862854115731531
0.8628553663669408
0.8628557647560909
0.8628558216149336
0.8628577437954225
0.8628601243816254
0.8628621768509389
0.8628642248445209
0.8628622890369232
0.8628600862982683
0.862857903231331
0.8628578341786896
0.8628578710531055
0.8628573506073421
0.8628553802669325
0.8628541922235825
0.8628534912394359
0.8628509303406382
0.8628509663231531
0.8628535042230694
0.8628564819035928
0.8628556590749127
0.8628556317185673
0.8628565528214518
0.8628571836782405
0.8628573537100419
0.8628545493853036
0.8628526083105269
0.8628508816636408
0.8628483305251309
0.8628465056951632
0.8628445115757098
0.8628424746905501
0.8628406036277988
0.8628359719372058
0.8628329842997428
0.8628336614283334
0.8628330666953962
0.8628327545255537
0.862829255696716
0.8628262663998908
0.8628256286989715
0.8628219287642686
0.862817428476111
0.8628128761862295
0.8628100382598329
0.8628083780297658
0.8628077912274158
0.8628100847105449
0.8628080624102766
0.8628055773890057
0.8628019853625017
0.8627987683581027
0.8627981295040993
0.8628015933810916
0.8628073936514113
0.8628140843383506
0.8628183168088086
0.8628197900299746
0.8628212666305011
0.862823993677172
0.8628229109589444
0.8628203163580032
0.8628190462408971
0.8628197274951936
0.8628191855742454
0.8628193687103072
0.8628185453361091
0.8628163509473421
0.8628130313543978
0.8628092940561118
0.8628085323308883
0.8628075871982814
0.8628043947875388
0.8628045729582026
0.8628063740106451
0.8628066415627035
0.8628075648181543
0.8628095362115338
0.8628104214011546
0.8628083708982883
0.8628079693996445
0.8628094807625702
0.862812435201819
0.8628125682865218
0.8628126973538719
0.8628144484450972
0.8628148647405984
0.8628159287701923
0.8628136944770521
0.8628120896247501
0.8628129037924442
0.8628151470845209
0.8628185423148994
0.8628211203335825
0.8628222283699196
0.8628228452699693
0.8628239335306178
0.8628233820916278
0.8628236357546601
0.8628248671025442
0.8628264694679684
0.8628285714978183
0.8628281931003259
0.8628244727282925
0.862822494403972
0.8628249126435302
0.8628282991880047
0.8628328685277317
0.8628354054671279
0.8628359778499022
0.862835396425138
0.8628383739636816
0.8628404883169666
0.8628395143799021
0.8628405704728455
0.8628452525649718
0.8628488565323005
0.8628497198595232
0.8628470787096347
0.8628469921920439
0.8628482885900062
0.8628481554535395
0.8628499596275785
0.8628511268843407
0.8628512921750803
0.8628505179383272
0.8628474310970047
0.8628451968905072
0.8628432376855849
0.8628397981561963
0.8628377597847762
0.8628363636696849
0.8628363615524858
0.8628384555774772
0.8628394681908088
0.8628365100211519
0.8628325281622085
0.8628319584712418
0.8628338725796807
0.8628341793666572
0.8628328413554455
0.8628297500915568
0.8628281187968425
0.8628293601431176
0.8628286685043377
0.8628274517095912
0.8628233537360254
0.8628196362158895
0.8628185384753594
0.862816497246966
0.8628159732557319
0.8628153113395605
0.8628139488297454
0.8628139473538288
0.8628112837547854
0.8628082798492928
0.8628074445929372
0.862806196863755
0.8628061945374597
0.8628065453735337
0.8628075148143602
0.8628051280062039
0.8627992838555733
0.862794780563167
0.8627923527621654
0.8627928230942742
0.8627915856272541
0.8627906800869432
0.8627916040895736
0.8627905284953855
0.8627897927710497
0.8627869338127627
0.8627826627766232
0.8627808419926398
0.8627785608695849
0.8627773977838821
0.8627772959181367
0.8627798122416158
0.8627817535255218
0.8627830105167116
0.8627862427933668
0.8627883537572298
0.8627894653536505
0.8627916590813195
0.8627951424691387
0.8627980690637348
0.8627988174067514
0.8627980049799562
0.8627955416129518
0.862794705928583
0.8627936492380706
0.8627909438921686
0.8627878516878178
0.8627868239368379
0.862787460387825
0.8627887752730481
0.8627921992488233
0.8627952656273146
0.862796995710151
0.862797755228407
0.8627991697022144
0.8627990644748639
0.8627965023790728
0.862795011041838
0.8627946136621155
0.8627950342754247
0.8627973898256873
0.862801237986313
0.8628075527972293
0.8628145799265221
0.8628201059825834
0.8628211557142075
0.8628223548511609
0.8628217620026677
0.8628231745994045
0.8628241625507498
0.8628217478583543
0.8628201711988688
0.8628201373073384
0.8628152715402131
0.8628095356122646
0.8628077399141465
0.8628092253631721
0.8628077539885367
0.8628062272770519
0.8628062475274008
0.8628059110346455
0.862805171303435
0.8628023799528627
0.862801717192068
0.8628039397298453
0.8628038833414599
0.8628038057169863
0.8628050491832373
0.8628045605522416
0.8628010107774674
0.8627985793239871
0.8628007974006762
0.8628005584042883
0.8627993462540726
0.8627979723012055
0.8627970878864056
0.8627969593053192
0.8627963355227368
0.8627977797040303
0.8628000971390543
0.8628001041135237
0.8627990560779514
0.862797058809427
0.8627959316242253
0.8627921029906621
0.8627864065028837
0.8627794459528755
0.8627733009618275
0.862771552696899
0.8627709553781084
0.8627699103822585
0.8627687085434419
0.862767154090012
0.8627652110498186
0.8627639205431797
0.8627603925888326
0.8627587073904206
0.8627578171065107
0.8627573064473472
0.8627559124488143
0.8627517733126795
0.8627472404437063
0.862741911039607
0.8627363300995926
0.8627297342251876
0.8627239112704002
0.8627198648713345
0.8627158193130038
0.8627110843118097
0.8627079521747211
0.862706969637414
0.8627061813709979
0.8627051808475207
0.8627042669943997
0.8627050150251125
0.8627066266121793
0.8627047435648307
0.862702229632554
0.8627012817864592
0.8626999851427236
0.8626982317679408
0.8626963258475409
0.8626931962699446
0.8626888788997155
0.8626873652690633
0.862688520246301
0.8626875253484455
0.8626884287323564
0.862690875401411
0.8626942293954449
0.8626976082369054
0.8626995620097693
0.8626983867842141
0.8626973494714694
0.8626946507802509
0.8626905784465991
0.8626861314355333
0.862682452861952
0.8626795886772936
0.8626780759429041
0.8626798100040463
0.8626856427765782
0.8626897937062803
0.8626912167653945
0.8626918188936223
0.8626935105397844
0.8626962626795261
0.8626969241668514
0.8626964223485645
0.8626954567565552
0.8626964602083794
0.86269585414941
0.8626946856499795
0.8626951733201255
0.8626957891683872
0.8626939387454285
0.8626905122454476
0.8626876973505225
0.8626886786030695
0.8626870722012653
0.8626840318244501
0.8626828137229241
0.8626820743067081
0.8626854978886586
0.8626872266422853
0.8626868528001288
0.8626861132438628
0.8626816737724118
0.8626749156902866
0.8626690494043634
0.8626644999786591
0.8626625237126476
0.8626617816628847
0.8626599906754208
0.8626590899478177
0.8626590476939415
0.8626592261902354
0.8626580484019167
0.8626561063082097
0.8626549187088276
0.8626530568213164
0.8626512402047088
0.8626521127865908
0.8626522327708955
0.8626518006641248
0.8626541348485385
0.8626551111256204
0.8626542722984599
0.862653765781816
0.8626523273395931
0.862654267917157
0.8626546764233768
0.8626524185324717
0.8626536317225759
0.8626545776605091
0.862655470014512
0.8626546439371201
0.8626538808807077
0.8626531742689778
0.8626530536288788
0.8626501908975888
0.8626467869417764
0.8626443952892027
0.8626431139835129
0.8626402933723301
0.8626396105764408
0.862641393436712
0.8626453146725477
0.8626459879751744
0.8626462242016452
0.8626465859471707
0.8626475510922321
0.8626492955822811
0.8626498707164012
0.8626508550643498
0.8626542489372532
0.8626578895168316
0.8626601307370647
0.8626613748479078
0.862660274561522
0.8626596363921706
0.8626590106614814
0.8626591166764304
0.8626604141822825
0.8626596666145069
0.8626586645307259
0.8626549703160327
0.8626521968394494
0.8626508023347003
0.8626494711267116
0.8626473459072623
0.8626442738366228
0.8626411607055359
0.8626407345490665
0.8626400833100059
0.8626386184235618
0.8626391292171249
0.8626371651528739
0.8626386247356892
0.8626397368976625
0.8626401744429507
0.862640993448866
0.8626412761736229
0.8626404467267942
0.8626385337245437
0.8626385070029758
0.8626400901863268
0.8626422919015168
0.8626438220469327
0.862645786530588
0.8626469499097444
0.8626502146101083
0.8626493822329299
0.8626495733223214
0.8626487684611223
0.8626488811828598
0.8626457446277191
0.8626452441680456
0.8626475214391138
0.8626451272653687
0.8626439542955107
0.8626441683287723
0.8626445292542836
0.8626465557167919
0.8626496338774685
0.8626529331469703
0.8626570215091092
0.862658603219352
0.8626588270864013
0.862660064107752
0.862661091396792
0.8626602497417714
0.8626561922573878
0.8626527675874504
0.8626525690816993
0.8626518448741869
0.8626525093382906
0.8626531702318766
0.8626546408350487
0.8626541449298206
0.8626542842720932
0.86265477842636
0.8626547334064163
0.8626538688160946
0.862652916586597
0.8626504579091512
0.8626490157879316
0.8626491341620455
0.8626495752773667
0.8626534048449462
0.8626566027409054
0.8626576995186638
0.8626569670858353
0.8626559626063516
0.8626545067159416
0.8626549297112776
0.8626563015705999
0.8626568220730934
0.8626570572437531
0.8626569835744141
0.8626562225710823
0.8626558833099829
0.8626554624835358
0.8626549587403323
0.8626531630103592
0.8626523716852991
0.8626532410218833
0.862653772030716
0.8626558835069865
0.8626572363774079
0.8626600367819068
0.8626630498467142
0.8626651160605493
0.8626675157936341
0.8626675183286211
0.8626676828748745
0.862668787192552
0.8626718244597227
0.8626741813150931
0.8626736428372377
0.862672350351698
0.8626715346347825
0.8626681920510153
0.8626659485635413
0.8626632184401107
0.8626613768133394
0.8626592548683084
0.8626571639715871
0.8626553298233476
0.8626543631416832
0.8626515603855243
0.862650146357995
0.862647391370137
0.8626448452924922
0.862643846661998
0.8626436417449656
0.8626407502621533
0.8626409366107968
0.8626421654500793
0.8626436584776035
0.8626426852690526
0.8626421757293273
0.8626425543154411
0.8626449049150214
0.8626483978764408
0.8626503652218744
0.8626534135381232
0.8626555859235532
0.8626588152409923
0.8626605779791773
0.8626623821903832
0.8626655285179627
0.8626674855745415
0.862670008985097
0.8626720271690218
0.8626720755376672
0.8626724401246226
0.8626724979645525
0.8626717043561312
0.8626718521445679
0.862674924736314
0.8626761588294747
0.8626777703601969
0.8626810294163116
0.8626826946242081
0.8626839824995673
0.8626866351319322
0.8626877276169481
0.8626886748748936
0.862687812263186
0.8626871150720067
0.8626851214238607
0.8626820641883209
0.8626816011516812
0.862680930303899
0.8626809351088611
0.8626823671081993
0.8626848767037356
0.8626882234088545
0.8626907902975298
0.8626898210222447
0.8626906731536531
0.8626902122018821
0.862687484910501
0.8626831861596858
0.862681734932247
0.8626802666488068
0.8626779052505297
0.8626766386064052
0.8626762459769481
0.8626766430779566
0.8626780291248414
0.8626784500155827
0.8626775299902054
0.8626755163315785
0.8626754106229745
0.8626777958243916
0.8626796640164663
0.8626813301700801
0.8626809842208645
0.862681218603155
0.862680707877034
0.8626797089961392
0.8626788949653298
0.8626793007662005
0.8626799648222587
0.86268011223461
0.8626808486767822
0.8626820542650434
0.8626820621910078
0.86268095056688
0.8626824079027042
0.8626827964896506
0.8626828137483821
0.8626828657602422
0.862684626591677
0.8626869029062877
0.8626869858604767
0.862687750419287
0.8626898138184499
0.8626901488308264
0.8626891454993716
0.8626883095482478
0.8626871158003041
0.8626851291972567
0.8626842786946506
0.8626864917144996
0.8626900468537604
0.8626941599473977
0.8626973692401918
0.8626967442530108
0.8626970404917037
0.8626992388021709
0.8627018524364253
0.8627021169231176
0.862703362042489
0.862705689814069
0.8627060402541873
0.8627057136080524
0.8627083375156536
0.8627091376664253
0.8627087737932078
0.8627095160988867
0.8627092747564611
0.8627071052893415
0.8627054753680753
0.8627047556294412
0.8627024499622372
0.8627007217627869
0.862699941959703
0.862698762952296
0.862699292854487
0.8627009825876246
0.8627024852801228
0.8627049301585934
0.8627063560950677
0.8627081188964363
0.8627109270815103
0.8627125961965062
0.8627154358510426
0.8627170132164032
0.8627184087688455
0.8627209831162789
0.862722375934454
0.8627229030020763
0.8627249555834947
0.8627267131639169
0.862728072185752
0.8627279190317583
0.8627283190642799
0.8627295353139375
0.8627301709182795
0.862731419702199
0.8627305722251658
0.8627269741743817
0.8627244160928867
0.8627222066593759
0.862718533847078
0.8627135358645627
0.8627110832044105
0.8627117596207049
0.8627143088123453
0.8627157558379275
0.8627156021632288
0.8627160237387188
0.8627180618789425
0.8627205166198807
0.8627232908004882
0.8627246036772055
0.8627234664748316
0.8627240094375322
0.8627262596346297
0.8627276583084137
0.8627277106755621
0.8627291621586458
0.8627309787790961
0.8627308283553706
0.8627311135513402
0.8627313211663974
0.8627311147937274
0.8627321604077287
0.8627353706316658
0.8627394025218398
0.8627432053249852
0.8627451066379704
0.8627454134461976
0.8627480441177678
0.8627494102979515
0.8627486693985084
0.8627500380602179
0.8627500638708974
0.862750816710569
0.8627538273770659
0.8627569550964839
0.8627596572881028
0.8627613568036473
0.8627615951275279
0.8627617293983251
0.8627615803885824
0.8627616033265696
0.8627592340378032
0.862757293403041
0.8627574217913042
0.8627585190917584
0.8627606832186078
0.8627629451651605
0.8627640908236247
0.8627635948216166
0.8627634664333491
0.862764037049013
0.862764731298421
0.862765303696751
0.8627655648158851
0.8627668966667358
0.8627682218250052
0.8627679752680022
0.8627679592148085
0.8627691150214483
0.8627697382760365
0.8627693862339374
0.8627699916405306
0.862773735608736
0.8627757908637163
0.8627761913869848
0.8627772623213079
0.8627787987943372
0.8627792333723027
0.8627808929435311
0.8627816338260563
0.8627814417392192
0.8627839332944217
0.8627866978962725
0.8627886649530917
0.8627883625769184
0.8627887788579316
0.8627912341304581
0.8627915271322798
0.8627911510572748
0.8627897857330382
0.8627870831803033
0.8627849961110015
0.8627847183079689
0.8627855673540361
0.8627879792554211
0.8627900400777643
0.8627890591325773
0.8627892197598783
0.862789355195769
0.8627876580995676
0.8627851455658361
0.8627837806178345
0.862783142921862
0.8627840843925909
0.8627861018341307
0.8627878237069578
0.8627893198585921
0.8627908205614897
0.8627914030110386
0.8627926991349726
0.8627939929847169
0.8627965347516898
0.8627995716856453
0.8628001267655494
0.8627992925273107
0.8628004225690978
0.8628020305254264
0.8628031664179814
0.8628023609553807
0.8627998350206492
0.8627993157425615
0.8628011158037023
0.8628026699871715
0.8628027750779318
0.8628026016768886
0.8628017526904039
0.862802102866591
0.8628026644611072
0.8628044180426356
0.8628072162319677
0.8628094086979339
0.8628093617608064
0.8628074401575482
0.8628057807355402
0.8628060910755365
0.8628077251638739
0.8628086021489443
0.8628106521879849
0.8628112450668713
0.8628100744157482
0.8628093753690869
0.8628116039343594
0.8628135577692632
0.8628143827056224
0.8628147147414809
0.8628143666816778
0.8628135231082485
0.8628113205371456
0.8628086904257333
0.8628052359273344
0.8628008522527795
0.8627965410563272
0.8627938382740362
0.8627927169994306
0.8627916965494794
0.8627941846898575
0.862795757865337
0.8627940640075712
0.8627934541964751
0.8627933030766233
0.8627922529081001
0.862789730566002
0.8627877451309143
0.8627853797931588
0.8627829859128692
0.8627819207837848
0.8627783734854522
0.8627736007645057
0.8627710684997812
0.8627706407150163
0.8627706623390229
0.8627722587139439
0.862772482707687
0.8627708002251915
0.8627688055808033
0.8627682749662091
0.8627686487303475
0.8627677938432382
0.862767233790305
0.8627688769038094
0.8627666996226302
0.8627639895020928
0.8627626028941419
0.8627596905438032
0.862757234078754
0.8627584645049022
0.8627625619245876
0.8627630692204505
0.8627623200230313
0.8627617154082009
0.8627605737812767
0.8627595025562721
0.8627571939500683
0.8627560445115564
0.8627561682544775
0.8627566046144066
0.862757337168101
0.8627576523370067
0.8627571759716118
0.8627573168594228
0.8627564339248983
0.8627536792935525
0.8627511197913714
0.8627503743573389
0.8627531364241301
0.8627556150042525
0.8627565362531099
0.8627564458098763
0.8627571511732918
0.8627574480855661
0.8627570372404676
0.8627559134374168
0.8627554088016983
0.8627545326540732
0.8627538446165508
0.8627542314872564
0.8627552700568493
0.8627582811899209
0.8627608954833812
0.8627618172160432
0.8627631004871091
0.8627636876171824
0.8627635930857805
0.8627642090732986
0.8627636068615886
0.8627634394743615
0.8627636078693389
0.8627635252318271
0.8627634824396333
0.8627649812989601
0.8627674201611418
0.8627686908791118
0.8627682332563571
0.8627668484275208
0.8627653193446292
0.8627660812505971
0.862766439230919
0.8627643003326405
0.8627629318503299
0.862762909310474
0.8627620534219576
0.8627603109517915
0.8627597100747895
0.8627601423623975
0.8627595017870442
0.8627575655847022
0.8627567368103924
0.8627571029475154
0.862758223382681
0.8627591779416709
0.862758602783105
0.8627604246907657
0.862762476429752
0.8627621783013925
0.862762791415471
0.8627639038511925
0.8627674945968503
0.8627709379198858
0.8627717925065932
0.8627730588168875
0.8627744648998086
0.8627777886177707
0.8627821040666679
0.8627831308190973
0.8627839207638358
0.8627841942916992
0.8627864745025283
0.8627903526417184
0.8627914924570315
0.8627918643593417
0.8627917347918376
0.862792904946379
0.8627937061090262
0.8627938640931713
0.8627920438238922
0.8627902437786557
0.862789696787711
0.8627905223258632
0.8627907941272285
0.8627892801634317
0.8627871407887299
0.8627855359911742
0.8627864953449385
0.8627872957839157
0.8627871834842527
0.8627881713606355
0.8627877862835347
0.8627855748227214
0.8627840033866467
0.8627858540978399
0.862785832880777
0.862785696254034
0.8627871769403942
0.862789741819746
0.8627913087793679
0.8627937096331335
0.8627969542638614
0.8628003902429381
0.8628043548914868
0.8628058723242965
0.8628067182157144
0.8628073925248143
0.8628082606395325
0.8628099344496519
0.8628139606839179
0.862819310995973
0.8628220379366264
0.8628222841924137
0.8628229478927566
0.8628236793072036
0.8628253392371489
0.8628234556009572
0.8628210751069255
0.8628214006461842
0.8628209436291433
0.8628204209902771
0.8628206537228463
0.8628220776246948
0.8628244166896667
0.8628248752303549
0.8628244365057494
0.8628254030666341
0.8628269760178541
0.8628288710807415
0.8628319656527801
0.8628349179650777
0.8628353063393535
0.8628345412230067
0.8628353593743148
0.8628382283284295
0.8628389211622972
0.8628390346806828
0.8628405147143113
0.8628421443575339
0.8628424061371875
0.8628398563001356
0.8628400631685467
0.862842004640668
0.8628435640563962
0.8628419725849082
0.8628404932443149
0.862841129756582
0.8628417452267303
0.8628431240985267
0.862845840156081
0.8628480911097363
0.8628506752221237
0.8628523850352666
0.8628513435495723
0.8628507514740142
0.8628519599366452
0.862855155423298
0.8628574171078254
0.8628577516840477
0.8628572151199021
0.8628563063061536
0.862855204776885
0.8628534640440078
0.8628512956713065
0.8628488171815637
0.8628481762198055
0.8628483617791125
0.8628483204743105
0.8628473864536791
0.8628465790250035
0.8628442519206903
0.8628420464633998
0.8628414994087578
0.8628411161875598
0.8628425810512531
0.8628420481356486
0.8628416574619617
0.8628402633558117
0.8628391351572617
0.8628370072935815
0.8628362127810195
0.8628343513701827
0.8628321750875249
0.8628303082641633
0.86283097846723
0.8628322420136556
0.8628334100235979
0.862833770381189
0.8628346528859756
0.862834347403346
0.8628326986061612
0.8628325927914899
0.8628313433300877
0.8628290905715057
0.8628258285638821
0.8628238210269483
0.8628244481311006
0.8628262871770526
0.8628292940680707
0.862831296200912
0.8628326969940224
0.8628317565698963
0.8628285633385032
0.862827239516668
0.8628251813813078
0.8628251490460787
0.8628262216957568
0.8628252139387143
0.8628215097238287
0.862820269077439
0.8628201756413286
0.8628207311700904
0.8628216576863124
0.8628220098860031
0.8628223990032265
0.8628243992203658
0.8628267765347517
0.8628271011711794
0.8628257168918329
0.8628256523201869
0.862826232827365
0.862827531001846
0.8628296730784246
0.8628303388062624
0.8628299033129309
0.8628315354442334
0.8628317725905018
0.8628320587719625
0.862833159382347
0.8628335425749718
0.8628334915047613
0.8628339166189439
0.8628344113568633
0.862835662131385
0.8628369570698579
0.8628376218361712
0.8628362989318349
0.8628351725348935
0.8628354685599958
0.8628369999789204
0.8628360123244466
0.8628357267665161
0.8628349725406447
0.862833762788499
0.8628343859979812
0.8628351618879632
0.8628372411963433
0.8628375994851275
0.862837649683545
0.8628387482022868
0.8628399695482092
0.8628404468685711
0.8628420218587068
0.8628422552115318
0.8628419535607208
0.8628394069307026
0.8628383835078909
0.862837973808187
0.8628375940745614
0.8628366851999715
0.8628365009586952
0.8628375730229929
0.8628395253346424
0.8628411024778834
0.8628410834005414
0.8628409990491344
0.8628430860801344
0.8628446897157195
0.8628453567624195
0.8628486322782621
0.8628514021364382
0.8628539995363039
0.8628559567063376
0.8628569184591788
0.8628560760787303
0.8628562101524385
0.8628560034535816
0.86285539881813
0.8628541024603449
0.8628550892094865
0.8628581259749535
0.8628617441537005
0.8628634821948774
0.862864763239799
0.8628663831419133
0.8628668671537151
0.8628661115991516
0.8628667997053221
0.862868348786651
0.8628693505381436
0.8628669085292212
0.8628651781430278
0.8628638952337754
0.8628631942584076
0.862863628246348
0.8628633258736947
0.8628640501972777
0.8628631855046559
0.8628616795550588
0.8628585475478093
0.8628573415206444
0.8628579319265435
0.8628582297849607
0.8628580417525638
0.8628572031620121
0.8628555885129813
0.862853380528419
0.8628524163323407
0.8628521464977014
0.8628518809277707
0.8628509280024177
0.8628497172209331
0.8628514064765165
0.8628524167365553
0.8628528422171947
0.8628565042587897
0.8628567888259046
0.8628575507287072
0.8628587837026073
0.8628596941914531
0.8628597650360993
0.862860712621889
0.8628617439401348
0.8628621366241908
0.8628624983697023
0.8628622389753864
0.8628596404802493
0.8628586005691238
0.8628589994992222
0.8628584506284354
0.8628576443330194
0.8628563427273255
0.8628570694121812
0.8628578669646463
0.8628565229689815
0.8628556425980294
0.8628563530637053
0.862856952913116
0.862858273935813
0.862857750307816
0.862857397223244
0.8628583128340912
0.8628589285028184
0.8628607884675685
0.8628622624293261
0.8628625530273073
0.8628622920081339
0.8628622742592434
0.8628613613564038
0.8628606207615074
0.8628614819660851
0.8628605748246054
0.8628595035251875
0.862858741857782
0.8628567350020923
0.8628556799682998
0.8628554500837674
0.8628549755636458
0.8628554799043506
0.8628560657355243
0.8628571245977001
0.8628579519317912
0.8628586271073688
0.8628595643573479
0.8628573608024533
0.8628546918155748
0.8628533667977138
0.8628506836023986
0.8628485347032984
0.8628472761801783
0.8628446980247864
0.8628411344759016
0.8628376462388265
0.8628350088426125
0.8628342540867844
0.8628335916740626
0.8628308454832871
0.8628276243061784
0.8628248168079424
0.8628220157562366
0.8628185175097591
0.8628171647694197
0.8628158527875903
0.8628132104979023
0.8628109029887312
0.862811253624406
0.8628116545250125
0.8628132778256314
0.8628148500868571
0.8628166403714009
0.8628162451576346
0.8628148438302247
0.8628131212563176
0.8628111165707326
0.8628100177406419
0.8628102837056628
0.8628104138022945
0.8628107222429111
0.8628106325315338
0.8628111766296179
0.8628114943349778
0.8628104633854167
0.8628102847247857
0.8628099276288168
0.8628089381501155
0.8628072612969875
0.8628064070788062
0.8628063094062626
0.8628056407546965
0.8628053625644964
0.8628047182997389
0.8628045674433436
0.8628016409851689
0.8627984276098886
0.8628006805728727
0.8628046650617196
0.8628050667040535
0.8628056032557527
0.8628049511297483
0.8628039072273922
0.8628005425807853
0.8627986996065196
0.8627969214033112
0.8627960482057545
0.862795710360968
0.8627941745464374
0.8627949639171087
0.8627958691588445
0.8627970685284043
0.8627990147437326
0.8628008521051345
0.8628027348399996
0.8628027012384322
0.8628022640323271
0.86280121884393
0.8627998616622677
0.8627987003322087
0.862797312068197
0.8627958148301392
0.8627938657804514
0.8627920350258372
0.8627917060633821
0.8627926637678736
0.8627940556283834
0.8627953780305637
0.8627980956455454
0.8627991660950459
0.8628004408521499
0.8628018800796369
0.862803566695464
0.8628055939133877
0.8628087539125899
0.862810890421685
0.8628142882824034
0.8628161228784385
0.8628187201266624
0.862819680176707
0.8628189527373894
0.8628177900408277
0.8628154308573565
0.8628135704519687
0.8628118864899603
0.8628112122703936
0.8628120640742372
0.8628143911005234
0.8628185234861575
0.862822022422544
0.8628228504479568
0.8628241699600274
0.8628255583207115
0.8628254269384674
0.8628253861874405
0.8628270439758364
0.8628292813694127
0.8628289998660983
0.862826810424224
0.8628238564963104
0.8628227316512426
0.8628225806665811
0.8628226046005171
0.8628235171149332
0.8628242018251367
0.8628236858371955
0.8628248740502373
0.8628245122225974
0.8628267590365749
0.8628281832347113
0.8628301457073629
0.8628317980182979
0.8628323596829661
0.8628317401367217
0.862830715670217
0.8628319301801832
0.8628332201322616
0.8628353151028001
0.8628375616219276
0.8628400597871045
0.8628441443695833
0.8628477450755629
0.8628507774259314
0.8628535129945141
0.8628550386927571
0.8628555724053447
0.8628553547621929
0.8628549008412874
0.8628557829549047
0.8628564559654103
0.8628572638315521
0.8628574093583159
0.8628567055519575
0.8628555634739858
0.8628554432864438
0.8628577844235721
0.8628591700194108
0.8628600572926923
0.86286153113657
0.8628629396509625
0.8628667197741944
0.8628697038846869
0.8628698948084911
0.8628699945837118
0.8628708379377269
0.8628717768945647
0.8628725576140422
0.8628728419060657
0.8628744168219419
0.8628761283132934
0.8628770364682832
0.86287818499464
0.8628788134757011
0.8628793687926845
0.8628807386587082
0.8628824360405095
0.8628827810404078
0.8628826030280101
0.8628831451238921
0.8628822729959047
0.8628810364561167
0.8628819289837958
0.8628822942458705
0.86288314024456
0.8628832322970547
0.8628848191524466
0.8628856559544461
0.8628866368766038
0.8628880163422782
0.8628882285074886
0.862888326547672
0.8628890085444527
0.8628896509465076
0.8628902184004723
0.8628904394928425
0.8628897969287556
0.8628887766046511
0.8628873790625708
0.862886436903904
0.8628861396729147
0.8628852832428091
0.8628832759360898
0.8628812605246625
0.8628812754907889
0.8628821972348899
0.862883110342845
0.862881851025379
0.8628815239378222
0.8628809290587407
0.8628808442311948
0.8628809358240711
0.8628822638371877
0.8628827018358182
0.8628826208834924
0.8628832416473571
0.8628834878045213
0.8628842712823088
0.8628861784062176
0.8628865808828303
0.862885833466595
0.8628841171002566
0.862883356223565
0.8628846082129285
0.8628855493302631
0.8628857732531933
0.8628866118307039
0.8628880523019158
0.8628900256028548
0.8628919661628359
0.8628948952889225
0.8628982504078495
0.8629014317184315
0.8629045762322234
0.8629061147094594
0.8629059980836261
0.8629061471757367
0.8629071297264839
0.8629063602368288
0.8629047445984502
0.862903268128706
0.8629013926205237
0.8628998519912722
0.8628979360738113
0.8628969120267198
0.8628976270934628
0.8628972090912904
0.8628969270350512
0.8628969017457713
0.8628969798402663
0.8628962350708284
0.8628963318380914
0.8628954914753832
0.8628951337018415
0.8628947983413221
0.862894653950515
0.8628934035620448
0.8628923090647249
0.862893299951894
0.8628944564902532
0.862895696420432
0.8628973290684777
0.8628972154183653
0.8628985433481396
0.862899662294726
0.8629002042348947
0.8629001051765379
0.8628997987460068
0.8629000906488626
0.8628997522929144
0.8628994079907246
0.8628990967888797
0.8628985119740636
0.8628995638315312
0.862901753207104
0.8629046983539682
0.862906513415829
0.8629092745100907
0.8629108761021597
0.8629124092962823
0.8629131021056236
0.8629135304290281
0.8629122188998609
0.8629120574713753
0.8629116968360655
0.8629117265147317
0.8629121731006189
0.8629118432041453
0.8629119016480112
0.8629105310275471
0.862909762136338
0.8629102232645813
0.8629115148705458
0.8629116615022479
0.8629113822275893
0.8629105313057643
0.8629093217329041
0.8629092767151009
0.862909770648497
0.8629101490940447
0.8629107453113359
0.86291089743532
0.8629114270652253
0.8629120742788849
0.8629133556330398
0.8629143584520477
0.8629139119358746
0.8629123748449747
0.8629115149315856
0.862910334610113
0.8629081073273589
0.8629061256763663
0.8629026687586536
0.862900220559012
0.862898568205484
0.862896844535918
0.8628940740385278
0.8628928427340977
0.862892447272517
0.8628906696641511
0.8628900016751188
0.8628892631098931
0.862889336202451
0.8628904634017674
0.8628907150014347
0.862889640971929
0.862889842259727
0.8628888280921868
0.8628867289318997
0.8628845138708792
0.8628830529244788
0.8628823280357177
0.862882313334471
0.8628817800190618
0.8628818594980076
0.8628830519846057
0.8628851807910297
0.8628871279783554
0.8628889232291311
0.8628910994462163
0.8628913994757489
0.8628922378278564
0.8628927044215902
0.8628927783148156
0.8628930999019581
0.8628924166231327
0.8628916846959964
0.8628909227097349
0.8628915004208596
0.8628924453123656
0.8628930437351023
0.8628938224812718
0.8628944016136302
0.862894188701235
0.8628941301859981
0.8628937460674506
0.8628931429890655
0.8628909410342004
0.8628895464163475
0.8628884987976378
0.8628872175035727
0.8628879712185251
0.8628882400765331
0.8628883087583804
0.8628882075416786
0.862887146812215
0.8628861573494307
0.8628851126537321
0.862885320242722
0.8628854794566881
0.8628868445780818
0.8628894415332403
0.862891679457294
0.8628941513677454
0.8628960433163612
0.8628964775897244
0.862895237421752
0.8628947254359565
0.8628943569969078
0.8628913513343581
0.8628887640354583
0.8628877741931051
0.862887550652582
0.8628891573430847
0.8628907041767895
0.8628931184831071
0.8628948423202406
0.8628952209973304
0.8628942347200449
0.8628944596923479
0.8628945381006332
0.8628952765986275
0.8628946588447161
0.8628954751002196
0.8628955769701924
0.8628951611187448
0.8628952635575751
0.8628953134487305
0.8628959100341153
0.8628958853311949
0.862897617866048
0.8628995624679007
0.8629009115693159
0.8629016882499736
0.8629011919994716
0.8629007354899738
0.862901334747271
0.862901340111202
0.8629013887699611
0.8629009455142468
0.86290089976788
0.8629016341340552
0.8629018057122461
0.8629033446057667
0.8629049456303572
0.8629067654234245
0.8629082155791847
0.8629100514661217
0.8629136521704877
0.8629162424314801
0.8629184511394153
0.8629217533069284
0.8629247288088376
0.862926848779958
0.8629278602359043
0.8629283015169694
0.8629277903395088
0.8629273210982958
0.8629251769709935
0.8629231264776902
0.8629213719320039
0.8629203334448997
0.8629202055612605
0.8629212701018292
0.8629207869818228
0.8629194575825376
0.8629175632253678
0.86291769937842
0.8629180910620798
0.8629187278400371
0.8629190658096105
0.8629201234037308
0.8629215293182894
0.8629233343244089
0.862924313093372
0.8629256099745208
0.8629274408899593
0.8629292715839976
0.8629291937770119
0.8629293764999828
0.8629290791285513
0.8629281105511911
0.8629274306726533
0.8629257991682006
0.8629251579387656
0.8629253103190917
0.8629246981545016
0.8629238939304619
0.862922941913074
0.862921739903036
0.8629207514124407
0.8629192657942637
0.8629185629960462
0.8629171272658838
0.8629154559527087
0.8629141945386261
0.8629130576735718
0.8629124068718478
0.8629122913111942
0.8629117520075062
0.8629098421529633
0.8629076055854848
0.8629048025497034
0.8629025124317912
0.8629014539766792
0.8628997693723641
0.8628988252363111
0.8628976230675525
0.8628976213524604
0.8628979633192835
0.862898303652621
0.8628986480354164
0.8628993331112159
0.8628990375335687
0.8628994735679644
0.8629001997453907
0.8629019732575453
0.8629034553169602
0.8629048489553649
0.8629054574010582
0.8629061870100397
0.8629057770974161
0.8629059650587498
0.8629054538743659
0.8629058047139265
0.8629050763021331
0.8629062966624163
0.8629066084915005
0.8629075975757649
0.8629083971347836
0.8629083823868611
0.8629086603917302
0.862908250200671
0.8629082248944812
0.8629081475043769
0.8629074370835169
0.8629070542315139
0.8629077827697355
0.8629072419878212
0.8629066183815668
0.862906457399456
0.862905724650366
0.8629062259226733
0.8629074896753463
0.8629066444453137
0.8629062027590998
0.8629053923027395
0.8629051779512676
0.8629056270974728
0.8629078494214623
0.8629101186727359
0.8629106535130835
0.86291107188491
0.8629117616839136
0.8629118103754518
0.8629116351771646
0.8629110384277189
0.862911291957397
0.8629122798712162
0.8629123568477399
0.8629103498323613
0.8629088659683075
0.8629086927546947
0.8629090814908249
0.862908640505545
0.8629079104826891
0.8629088108557789
0.86291075094712
0.8629136839486807
0.862914918905729
0.8629157778535664
0.8629160230333548
0.8629168554897103
0.8629163519740397
0.8629149110169689
0.8629139921561233
0.8629125173471248
0.8629111200819114
0.8629108531737171
0.8629113980997486
0.8629125048427698
0.8629128762592463
0.862912606258855
0.8629127017783161
0.8629130649789484
0.8629136113304557
0.8629150613390061
0.8629163397544166
0.8629161391005721
0.8629147842213355
0.862912582309801
0.8629109013734635
0.8629106490826697
0.8629098557377929
0.8629089318702906
0.8629085164898702
0.8629080066943541
0.8629071562058197
0.8629071048494872
0.8629072117413249
0.8629066784887197
0.8629067289941382
0.8629078474828966
0.8629089833068958
0.8629097692165475
0.8629113337089364
0.8629125069092203
0.8629132094040508
0.8629135027662306
0.8629128673091251
0.8629119679213244
0.8629115941159646
0.8629107071169126
0.8629102791734146
0.8629104231642634
0.8629109544837842
0.8629119198837422
0.8629136743750441
0.8629141390070489
0.8629138234522975
0.8629126200900236
0.8629095735044303
0.8629064784328809
0.8629039938837995
0.862901773729514
0.8628982120822212
0.8628957968793478
0.8628951555256289
0.8628944969453167
0.8628940183650706
0.8628937927703657
0.8628925490773284
0.8628916350681634
0.8628916094876429
0.8628919099947234
0.8628925119112282
0.8628932633511243
0.8628931205464949
0.8628937870605579
0.862895505592906
0.8628973160482748
0.8628978660885035
0.862898375375095
0.8629005669881239
0.8629019285859156
0.8629034425422684
0.8629050971140682
0.862905995125222
0.8629059368137931
0.862906526492218
0.8629075084666635
0.8629090411977577
0.8629097447626203
0.8629115150755374
0.8629141742010155
0.8629155016629982
0.8629153861229167
0.8629151703548267
0.8629158213137916
0.8629152135473344
0.8629149494681915
0.8629144541302609
0.8629127256118221
0.8629107381115233
0.8629098412750992
0.8629099553441713
0.8629099144438631
0.8629091782647119
0.8629078450140599
0.8629064276602166
0.8629031374881305
0.8628997205268518
0.8628987872720798
0.8628983239860747
0.8628964714948218
0.8628955163310349
0.8628954461042663
0.8628957496400608
0.8628971206166087
0.8628977406397154
0.8628964379318654
0.8628969041415355
0.86289640997698
0.8628954474004191
0.8628953994331279
0.8628960592062178
0.8628973151568309
0.8628987680511095
0.862900475224888
0.8629024294952811
0.862905395867031
0.8629075949050501
0.862909554509991
0.8629111653111827
0.8629126260226393
0.8629142095175778
0.8629159145026355
0.862916587765363
0.8629171581449333
0.8629177826192109
0.8629186544369905
0.8629182910215194
0.8629183250738951
0.8629183144737846
0.8629183112062745
0.8629187728044059
0.8629190603873259
0.8629195748657127
0.862919256723725
0.8629201013405623
0.8629210151999872
0.8629219667642644
0.8629226252483628
0.8629239579775329
0.8629255032466925
0.8629279839073687
0.8629306201310489
0.862932919266133
0.862935061163318
0.8629362619898233
0.8629359629430632
0.862935627835665
0.8629353223076099
0.8629347689106792
0.8629348146578026
0.8629351447967492
0.8629346568717874
0.8629357854734518
0.8629381987912293
0.8629396350996094
0.8629408397443243
0.8629406136485778
0.8629394601169404
0.8629368028498579
0.8629341887807389
0.8629311147504611
0.8629291817351642
0.862928227290912
0.862927264815048
0.8629264055443209
0.8629261794954642
0.8629257458395235
0.8629262989700894
0.8629259048440939
0.8629249279741137
0.8629236723055514
0.8629214814222748
0.8629198065344573
0.8629193953689555
0.8629190668389246
0.8629184175192965
0.8629173184228762
0.8629153882946613
0.8629135144895062
0.8629123045355392
0.8629135214579655
0.8629158906968974
0.8629162676253206
0.8629167533487693
0.8629178652629608
0.8629182282457405
0.8629169053957976
0.8629144027528652
0.8629105003355255
0.8629065020873553
0.8629049358709758
0.8629046884409022
0.8629055265108562
0.8629064893115267
0.8629068352609172
0.8629049103984585
0.8629031806306208
0.86290184148545
0.8629019745961125
0.8629023753584277
0.8629011726666951
0.8629005755663605
0.8629008541527827
0.8629002077110927
0.8629000356464145
0.8629012857349854
0.862902179084564
0.8629028149647774
0.8629055760712141
0.8629067874898166
0.8629067519341679
0.8629066770471049
0.8629073700557691
0.8629077938435377
0.8629091393621607
0.8629081272834778
0.8629066750942362
0.8629054806536952
0.8629054389572353
0.8629064909772078
0.8629073294467714
0.8629074213995123
0.8629074435966748
0.8629073627255193
0.8629076920267335
0.8629069489065846
0.8629049784586306
0.8629046767737814
0.8629053950701926
0.8629058048972748
0.8629056976501214
0.8629058269344468
0.8629050686140228
0.8629047456146588
0.8629051682498333
0.8629061979299404
0.8629071746623713
0.8629078334688104
0.8629078503462395
0.8629071332944122
0.8629065347955756
0.8629044221893627
0.8629015281677969
0.8628987005126779
0.862896100827245
0.8628951533342591
0.8628955047367972
0.862893742742991
0.8628918136664961
0.8628914819906435
0.8628917979071278
0.8628923830419157
0.8628933925381969
0.862894464930846
0.8628955339109456
0.8628976795390093
0.8629013986384204
0.8629050624366215
0.8629087088431953
0.8629109128249036
0.8629118913665943
0.8629125321619622
0.8629132608787279
0.8629133622329644
0.8629144390032641
0.8629157536795002
0.8629162329053142
0.8629172408249752
0.8629190833386241
0.8629209798986206
0.8629213071744499
0.8629221428284052
0.8629236779229759
0.8629241833103011
0.8629253921503514
0.8629253830779672
0.8629243557224783
0.8629237512456576
0.8629224461185651
0.862921417271298
0.8629207157961957
0.8629199217111515
0.8629174960173707
0.8629150065617226
0.862915339483763
0.8629172418320642
0.8629183907981434
0.8629170257683684
0.8629152313141011
0.8629156999346431
0.8629169651086663
0.8629178442318678
0.8629192344692695
0.862920585474272
0.8629214184386063
0.8629215610395928
0.8629226157262623
0.8629243830128519
0.8629259432347445
0.8629277170375259
0.8629294436350865
0.862930038109885
0.8629306667040753
0.8629308321768872
0.8629307074139265
0.8629308148125634
0.8629316533612846
0.8629321237979088
0.8629329588030998
0.8629341434463997
0.8629358106384882
0.8629368690993167
0.8629360473384605
0.8629354966112981
0.8629344364720694
0.8629342019725739
0.8629343530891757
0.8629344084497467
0.8629341755093592
0.862934622496461
0.8629342096141286
0.8629344049542352
0.8629337748483741
0.862933570626565
0.8629346058907417
0.8629350663834745
0.8629347307885983
0.8629347984892151
0.8629355064710283
0.8629364100585225
0.8629375683142274
0.8629392997896376
0.8629413093090947
0.862943252978583
0.8629447982314876
0.8629457209087369
0.862947860583236
0.8629505216876635
0.8629514158279817
0.8629512004914476
0.8629513183538348
0.862951831420854
0.8629505278755291
0.8629501156040589
0.862948754461217
0.8629482231912158
0.8629483726686495
0.8629487148725724
0.8629500088034245
0.8629517331932395
0.8629522520380345
0.8629523230957407
0.8629546837669504
0.8629570084899644
0.8629575868255311
0.8629571865794681
0.8629562133481792
0.8629554828830384
0.8629553230325279
0.8629541552979327
0.8629529848898398
0.8629527374062598
0.862952843802738
0.86295370553403
0.8629540421147286
0.8629531636278011
0.8629514581211246
0.8629520727755324
0.8629545587506454
0.8629573212172739
0.862959474668023
0.8629612526603047
0.8629622306153321
0.8629631205593564
0.8629645052160648
0.8629642929693948
0.862965543490548
0.8629670187971945
0.8629678654649525
0.8629687255425159
0.8629673069787618
0.8629664254598608
0.8629666268623407
0.8629660645890961
0.8629654430648832
0.8629652294738086
0.862966041842878
0.8629646153342166
0.8629616933254013
0.8629586995253167
0.8629562711688701
0.8629536923110045
0.8629518818682369
0.8629511805727922
0.862950995105905
0.8629515834104968
0.8629537098815481
0.8629537538012674
0.8629523159626853
0.8629493726138416
0.862947515514826
0.8629467324357177
0.8629456455524918
0.8629449349967566
0.8629444993060048
0.8629447392050582
0.8629461015424976
0.8629475175176773
0.8629478387291628
0.8629465092778081
0.862946210731142
0.8629457164146708
0.8629465120279439
0.8629468346949003
0.8629468646154979
0.8629465151405522
0.862946296119959
0.8629459782993638
0.862945139885484
0.8629441927370334
0.8629415881490228
0.8629396275799902
0.8629390448866164
0.8629379088616623
0.8629361362887991
0.8629340127930168
0.8629332637357959
0.8629345768076268
0.86293648167573
0.8629371728840411
0.8629365898223585
0.8629335819246909
0.8629310493901773
0.8629296457630671
0.8629288856404589
0.8629265714143581
0.8629231674987489
0.862920516936829
0.8629198276679185
0.8629194663886822
0.8629205187813356
0.8629209130677419
0.8629219534809571
0.8629222335851577
0.8629230485837103
0.8629253606827252
0.8629278725738342
0.8629308896445306
0.8629324631979409
0.8629336183877827
0.8629346120763194
0.8629354599298941
0.8629372162034654
0.8629377008680551
0.8629382386145515
0.8629385955789917
0.8629385061025456
0.8629375605524775
0.8629375490164813
0.8629370115981029
0.8629368570581074
0.8629371449426348
0.8629379879678967
0.8629387518788424
0.8629386845328105
0.8629393388357681
0.8629405308088317
0.8629423107146047
0.8629445514832383
0.8629457949275589
0.8629472738452931
0.862947951957814
0.8629479683369687
0.8629477208250168
0.8629471788274835
0.8629466016654328
0.8629471041234714
0.8629470842141779
0.8629458418757173
0.8629453023417297
0.8629457240922243
0.8629461871511678
0.862945724026406
0.8629457620812202
0.8629469845782193
0.8629484590196246
0.8629495699988826
0.8629513287911692
0.8629530748394657
0.8629541562972899
0.8629551739568422
0.8629556301743185
0.8629554134369218
0.8629559441944651
0.8629569980189181
0.8629574995782232
0.8629572403623006
0.8629566234686865
0.8629564192296103
0.8629555062318041
0.8629548308185602
0.8629544922648388
0.8629550162459908
0.8629551183466562
0.8629550765098719
0.8629548233129228
0.8629552047304417
0.8629563323543977
0.8629581589189614
0.862960749951248
0.8629633709537515
0.8629652144033755
0.8629677508240647
0.8629684799441149
0.8629686673944851
0.8629703797294563
0.8629713184323446
0.8629718148945307
0.8629718709300729
0.8629721341243082
0.8629722157248646
0.8629734241636154
0.8629762010291462
0.8629782712269244
0.8629801944365797
0.8629828667272116
0.8629858114893043
0.8629876756828468
0.8629882651058056
0.862988870742051
0.8629890861079886
0.862989404548814
0.8629899538972481
0.8629907761641422
0.8629912070771806
0.8629907652249891
0.8629903678574214
0.862989746395303
0.8629898099821306
0.8629903815399781
0.8629919658987113
0.8629929958398692
0.8629929141609961
0.862992753333961
0.8629921598897214
0.8629912405378468
0.862991145008619
0.8629896574048468
0.8629884998477599
0.8629866222755757
0.8629852374175165
0.8629837581603715
0.8629837682952342
0.8629840749747716
0.8629849216192111
0.8629854440589808
0.8629851259167709
0.8629851595590462
0.862985923560711
0.8629866974565533
0.8629875837543456
0.862988304574613
0.8629893207503974
0.8629913044316241
0.8629937027793514
0.8629952295760462
0.8629965674270096
0.8629971864727337
0.8629973463176286
0.8629972944278244
0.8629980441046643
0.8629977096404833
0.862997799420406
0.86299914626626
0.8630000942821381
0.863000918742353
0.8630014445191504
0.8630017448312608
0.8630011325540183
0.8630005890033026
0.8630006642360656
0.863001627419533
0.8630039548092594
0.8630056959258794
0.8630059893614894
0.8630061233892633
0.8630064937499777
0.8630056337285483
0.8630052643949567
0.8630046968399848
0.8630040822410453
0.8630037229310286
0.8630030250063726
0.8630023399730783
0.8630014236352269
0.8630011662333261
0.863000549583401
0.8629992418380779
0.8629982156270626
0.8629972191769397
0.8629965427928926
0.8629968013090825
0.8629976218820367
0.8629976202779388
0.862998405385664
0.8629996447951438
0.8630021013591814
0.8630053092531378
0.8630076219111262
0.8630077027079399
0.8630064620212484
0.8630058776994707
0.8630048442029602
0.8630022857746704
0.8630006043925946
0.8629999810296908
0.8629994177618233
0.8629982876905833
0.8629983029809024
0.8629988982465724
0.862999035533201
0.8630001942616223
0.8630010647092904
0.8630021510146001
0.8630032642506523
0.8630041043792384
0.8630053828349183
0.8630057564666549
0.8630057429300194
0.8630061829663018
0.8630077238032132
0.8630096740141241
0.8630101790154744
0.8630106991343627
0.8630123676093119
0.8630142787160341
0.8630161310844991
0.8630171697868271
0.8630156622080782
0.8630145988119949
0.8630150003786193
0.8630161217460378
0.8630159929569503
0.8630150774881368
0.8630151576976982
0.86301555743481
0.8630156208195802
0.8630161546033449
0.8630173921207075
0.8630177609489501
0.863018400366015
0.8630186335063592
0.8630185531799842
0.8630187439064028
0.8630185908661594
0.8630177578281129
0.8630173514454058
0.8630172294669446
0.8630166015136198
0.8630155145706723
0.8630152737327511
0.8630135629254204
0.8630129318244879
0.8630135864192854
0.8630147538197742
0.8630157080245096
0.863017131612158
0.863019865782407
0.8630221947711738
0.863023424824228
0.8630240761335692
0.863025873960945
0.8630280154823625
0.8630311488718261
0.8630344036581763
0.8630371199739792
0.8630387697241976
0.8630398640274723
0.8630398682732617
0.8630390743500905
0.863039012782126
0.8630403337301185
0.8630421280057109
0.8630434109751094
0.8630446773824084
0.8630452447779305
0.8630452524580241
0.8630454606020734
0.8630446971863677
0.8630421465328391
0.863040227590146
0.8630403460343279
0.8630409394166039
0.8630406113301938
0.863041120233688
0.863043990762599
0.8630457123062664
0.8630458351966135
0.8630466390801657
0.8630475246142235
0.8630483179519662
0.8630495188172482
0.8630520444182421
0.8630546690952425
0.8630557070692781
0.863056380993482
0.863056890302143
0.863057099628357
0.8630569442517368
0.8630568010272868
0.863057697428199
0.8630587147573349
0.8630623159145183
0.8630662493999357
0.8630677565903377
0.8630682081141593
0.863069314415164
0.8630711733008097
0.8630725349653992
0.8630726942350235
0.8630730734150162
0.863074174778291
0.8630740712582123
0.8630730236055179
0.863072857578905
0.8630737045227797
0.8630743981268557
0.8630735644144778
0.8630728778563787
0.8630727632851987
0.8630721906635406
0.8630722281717116
0.863071964721978
0.8630715813847994
0.8630708112268376
0.8630695699182507
0.863069338662235
0.8630692485974284
0.8630691229719953
0.8630670925032284
0.8630642878237056
0.8630608270110868
0.8630569592713759
0.8630549054547718
0.8630533263489816
0.8630533724624568
0.8630542795697179
0.8630534647823164
0.8630525992205105
0.8630524852930864
0.863052229754895
0.8630514381341389
0.8630514041605608
0.8630522856217294
0.8630527957509532
0.8630528693348978
0.8630519291566584
0.8630520040377851
0.863053652411448
0.8630547384903708
0.8630554224295216
0.8630557106442025
0.863055332454666
0.8630553389402441
0.8630555364021877
0.8630562293511778
0.8630565799906457
0.8630574316913828
0.863059647366687
0.8630604676725108
0.863060793242091
0.8630616184524432
0.8630636080656168
0.8630651623736193
0.8630651869265058
0.8630644909720238
0.8630648772882551
0.8630658909575711
0.8630663751982983
0.8630665574202309
0.8630666970963253
0.8630663259144271
0.8630651336603122
0.8630641758944219
0.8630637625590827
0.8630636280894731
0.8630642420211578
0.863065898631118
0.8630681014467376
0.8630699985762025
0.8630715226873968
0.8630714441580122
0.8630706863488887
0.8630707877453356
0.8630711855345433
0.8630722678395114
0.8630742088732151
0.8630757169956558
0.8630764331718821
0.8630778544861478
0.8630796627135112
0.863079890366232
0.8630794659521318
0.863079985724149
0.8630812987865234
0.8630827530260096
0.863083263385355
0.8630829219264832
0.8630812841813251
0.8630816656491886
0.8630832223318118
0.8630838112803217
0.8630826301552735
0.8630817879567817
0.8630798248231448
0.863078285431524
0.8630767374046365
0.8630750121895642
0.8630730223735678
0.8630720252835995
0.8630714850199941
0.8630704020722367
0.8630682402801257
0.8630659154933401
0.8630662517791293
0.8630668149087997
0.8630656261517373
0.8630635893116846
0.8630613211844228
0.8630600709860194
0.86305920383119
0.8630580483496982
0.8630579208385369
0.8630586961246293
0.8630591112665262
0.8630591134288814
0.8630591569759883
0.8630596176065917
0.8630602286090372
0.8630597963388827
0.8630588630959432
0.8630578614064106
0.8630571399443306
0.8630566767487197
0.8630570731237962
0.8630570736735022
0.8630574958779437
0.8630571321451941
0.8630569750202762
0.8630583815563774
0.8630599613991814
0.8630613283774433
0.8630610227579092
0.8630610553555845
0.8630607802908399
0.8630605895158843
0.8630610784076319
0.8630618272995741
0.8630628039700164
0.8630634218992518
0.8630628024092442
0.8630608345198433
0.8630576989493863
0.8630573447227244
0.8630564195031234
0.8630551795892639
0.863056522200576
0.8630592791541148
0.8630602953352597
0.8630610051596662
0.8630609312435823
0.8630618357356569
0.8630629385875388
0.8630630971960543
0.8630626465566688
0.8630640553160214
0.8630656260640656
0.8630673484634904
0.8630683330280354
0.8630678659595471
0.8630673479973442
0.8630662677770979
0.8630640237072328
0.8630622374954252
0.8630610081174748
0.8630605990803712
0.8630610056100866
0.8630626306437732
0.8630628741874558
0.8630622163077776
0.8630623325095118
0.8630634127809035
0.8630640209341571
0.8630639221179153
0.8630645525550924
0.8630653993442188
0.8630663906597466
0.8630673011303223
0.8630671596384969
0.863066795132961
0.8630666708571534
0.8630672985176306
0.8630685277800042
0.8630693143834883
0.8630688291485087
0.8630676254004135
0.8630670813428223
0.8630663525499233
0.8630665565069442
0.8630669919029762
0.8630663613238195
0.8630655445525897
0.8630640987324997
0.8630636089302984
0.8630649240468586
0.863066743608101
0.8630697842844463
0.8630725038726731
0.8630742195396212
0.8630752584136239
0.8630758273558017
0.8630755903889247
0.8630752853795373
0.8630745160779135
0.8630738834086137
0.8630738824856677
0.863073060254705
0.8630721231744224
0.8630711035077195
0.8630707493399036
0.8630705272020145
0.8630699347025894
0.8630690407807907
0.8630684985247082
0.8630682967183018
0.8630689053575149
0.8630699133548991
0.8630706319713657
0.8630701212083443
0.8630701332439482
0.8630713739740897
0.8630731147606759
0.8630748658624544
0.8630764963858338
0.8630774260071393
0.8630765440493469
0.8630741469530561
0.8630715332599647
0.8630691242056275
0.8630679930086751
0.8630674563599714
0.8630662044678512
0.8630657167953903
0.8630651097621159
0.8630636981170247
0.8630630431047512
0.8630629308064214
0.8630623536361305
0.863062595235186
0.863064245145824
0.8630658148233237
0.8630667485822403
0.863067034386146
0.8630667140374034
0.8630675706219094
0.8630706416004854
0.8630729378098533
0.8630741545630789
0.8630747778873662
0.8630749978718185
0.8630745639084809
0.8630739771944105
0.8630738551602054
0.863074577701909
0.8630759436621867
0.8630765615575314
0.8630767976442201
0.8630784500611912
0.8630796640299968
0.8630803243334679
0.8630792207352346
0.8630785383497325
0.8630779647068255
0.8630765674091254
0.8630748066546478
0.863072714782845
0.8630717115218484
0.8630706971499617
0.8630700597310385
0.8630695419099793
0.863069665298058
0.8630699739558715
0.8630699082181478
0.8630701288959749
0.8630704653528666
0.8630698661123583
0.8630679040293963
0.8630649705277573
