0.467469977958251
0.5377002078630678
0.5693946291959505
0.5896180741363931
0.6042710259150604
0.618008839726506
0.6275003011863353
0.6362326668522503
0.6443228918852396
0.6512014651968729
0.6569228631602453
0.6624694117289082
0.6678817872323584
0.6742065351443258
0.6802952536650891
0.686013632415819
0.6915255633989396
0.6960800193154246
0.6992364735384781
0.7031482588239645
0.7074817580767436
0.7124965821337544
0.7164840449146349
0.7200321144788744
0.7237262438951677
0.7264873694400463
0.728841983581099
0.7314948641818371
0.7348058347503539
0.7373058233574384
0.7399178464299638
0.7428855439674318
0.7454890139864292
0.7483264795422775
0.7509284238586659
0.7531582575527026
0.7546823910761764
0.7559117205936602
0.7577571752703726
0.7592392050313547
0.7604547291231716
0.7614413817505845
0.7630600435460733
0.7647539019283841
0.7660870607823486
0.7673468322493953
0.7688550730911722
0.7701739930403328
0.771467308834118
0.7728417324461625
0.7742993960791521
0.7753090872672509
0.7765110569646362
0.7780993194746189
0.7795663122159234
0.7810921999062482
0.7823654649126079
0.7834777153311006
0.7848264629690672
0.7862636916625537
0.7875237196244371
0.7885689420158646
0.7898015460958744
0.7910609862222091
0.7924172343719824
0.7936750010248035
0.7950222458092557
0.7962796980134895
0.7975169749759157
0.798616686283683
0.7995564016884965
0.8005915211640755
0.8015870069441463
0.8026130228500268
0.8034942215795908
0.8042749261301535
0.8050404549275881
0.8058748822833983
0.8065574935888122
0.8073849722238293
0.8080917739302232
0.8086321262188395
0.8092982374552204
0.8099889219001932
0.810549016993109
0.811262587167951
0.8120157003303767
0.8128363013563917
0.8136020999788018
0.8142955231467983
0.8148294776483421
0.8153922066806977
0.8160006810854055
0.8165690201271039
0.8171803650007405
0.8177138199877091
0.8182621019826019
0.818742383283194
0.8193323544115622
0.8198558630615196
0.820226250846094
0.8205781122817296
0.8209945464313378
0.8213756781379755
0.8216411471496994
0.8218484846446549
0.8221536191897278
0.8226100181549764
0.8230059828304856
0.8234401103810066
0.8237893147232844
0.824188651647454
0.8244908671922921
0.824758794270486
0.8249541720226554
0.8253259863444382
0.8257008218801111
0.8259280612664834
0.8262404383766903
0.8265438117115126
0.8267610832907025
0.8269621002462121
0.8272098855197957
0.8275118653455719
0.8276168647511051
0.827718117017355
0.8280032257887157
0.8282788096590431
0.8285268028298516
0.8287404151197816
0.8289436441724115
0.8292806379657814
0.829565875423862
0.8298103297723357
0.830116734827307
0.8303143669947388
0.8304615103011384
0.8306852495113146
0.8308215126884112
0.8309317994597325
0.8310761304265397
0.8312376459110731
0.8314268950531468
0.8316681037921483
0.8319119744701894
0.8321220158888932
0.8323014068753924
0.8324840058028075
0.8326688168309236
0.8327899436015214
0.8329677016989824
0.8332129346255942
0.8334535938793582
0.8337373609699203
0.8339798993356815
0.8341793245783312
0.834363808889664
0.834588294909506
0.8347794713812808
0.8349745313542807
0.8352004764130763
0.8354717612051723
0.8357321912204067
0.8359454940044394
0.8360860146617319
0.8362173870011436
0.8363956021201397
0.8365377180105499
0.8367324787075252
0.836917440954295
0.8370744361083843
0.8373081607694441
0.8375998592903582
0.8378581577576477
0.8380071138684463
0.8381907775407026
0.8383817525558701
0.838529191492878
0.838685537761058
0.8388651581974949
0.8390747210266158
0.8392379363126886
0.8394026167754253
0.8395587134720325
0.8396493251847935
0.8397524493884556
0.8399157478849372
0.8400814962044468
0.8402729850111991
0.8404762262590666
0.8406633934504907
0.8408446571754339
0.8410027042814359
0.8411650991427289
0.8412759143391458
0.8413742115136739
0.8414842216674431
0.841562369310158
0.8417032095892578
0.8417598743408304
0.841773668408822
0.8418786781663968
0.8419614474683933
0.8420973648945439
0.8422625636437396
0.842380641137138
0.8425211780870671
0.8426498842161769
0.8427669344403578
0.8428813240548015
0.8429940319663813
0.8430816488018015
0.8431561220376745
0.8432316651128031
0.8433195163025194
0.8434429473324436
0.8435882519855126
0.8437235223920161
0.8438682001117699
0.8439941384849298
0.8441190755469111
0.8442384375273676
0.8443597642475161
0.8445042296203231
0.8445906902272171
0.8446885938457702
0.8447990423497456
0.8449196463251283
0.8450050424746792
0.8450986150931591
0.8451976919403364
0.8452599406980488
0.8453611767228322
0.8454256375183858
0.8454917389478669
0.8455820806640755
0.8456921551473794
0.8457484591879738
0.8458137716678367
0.8458700510218942
0.8459478630254985
0.8460830965894758
0.8462278425458853
0.8463413587094714
0.8464468587230222
0.846569836926484
0.8466997036348003
0.846771819528907
0.8468554688177409
0.8469487259228234
0.8470194259350196
0.8470425395516692
0.8470720915063403
0.8471135338592815
0.8471988326210745
0.8472790617599067
0.8473395527993877
0.8474025571927833
0.847486195270146
0.8475704860935097
0.8476124831478906
0.8476280653972467
0.8476739550144955
0.8477647222314612
0.8478279009244967
0.847924188745762
0.8480283972915691
0.8481096150477907
0.8481928020126316
0.8482574412310696
0.848333013189102
0.8484241760977425
0.8485051006177561
0.8485617743175696
0.8486045497385056
0.8486410708426861
0.8486761322286585
0.8487149687040402
0.8487440616544696
0.8487366318804861
0.848809554115121
0.8488907880076336
0.8489318797669304
0.8489877660664162
0.8490695098029883
0.8491515935681534
0.8492166641829239
0.8492670717288827
0.8493230248958632
0.8494099736836607
0.8494686583490836
0.8495205573873335
0.8495516386548336
0.849595180767867
0.8496190309135495
0.8496650728569369
0.8496991278133579
0.8497231392593636
0.8497546537914359
0.8497600132483804
0.8497364314109885
0.8497601799939896
0.8497824873745023
0.8498026347312396
0.8498301823464253
0.849865865999658
0.8498858761566415
0.8499128579964138
0.8499487579251612
0.8499879312181022
0.8500434739954013
0.8501094292132778
0.8501590144302721
0.8501712432593418
0.8501660842685822
0.8501832895437247
0.8502037255877734
0.8502298030654184
0.850236017294126
0.8502252148656951
0.8502561797200029
0.8502778454757516
0.8503318398660749
0.8503691962487929
0.8503954520481347
0.8504708305921942
0.8505095814960024
0.850549496437478
0.8506074698396077
0.8506736885730494
0.8507358282487131
0.8507761571692627
0.8508302877671101
0.85088549591547
0.8509433659528473
0.8509999946768206
0.8510373861104196
0.8510954291859161
0.8511369344219346
0.8511614354082216
0.8512044475588579
0.8512675569195135
0.851313968662904
0.851335614298924
0.8513648006242266
0.8513853192435631
0.8514175926272465
0.8514374540665821
0.8514773430256405
0.8515283700808872
0.8515681063594631
0.8516113508367471
0.8516492390783278
0.8516787140092605
0.8517144391851599
0.8517526871943827
0.8517487772411736
0.8517658999050358
0.8518089613379475
0.8518811141852463
0.8519298298418374
0.8519648465188188
0.8519997207896375
0.8520344103492024
0.8520439888130341
0.8520641742076307
0.8520816705672948
0.8520934351081151
0.8521400589276426
0.8521669323125072
0.8521937119288133
0.8521881782480968
0.8521803908337213
0.8521749718024086
0.8521929431969226
0.8522200647030064
0.8522349066455884
0.8522712328672485
0.8523012428244723
0.852315061236842
0.8523446129254603
0.8523819614691273
0.8523840450689975
0.8523935403240543
0.852408320178035
0.8524282042578898
0.8524527807941118
0.852468572866603
0.8525061336689571
0.852546612653202
0.8525754279880587
0.8526025591961297
0.8526054526759501
0.8525982438480516
0.8526054397573933
0.8525947768406429
0.8525757238802172
0.8525914874534003
0.8525805095054619
0.8525747539255237
0.8526045933038857
0.8526210104918444
0.8526414073864832
0.8526585374708346
0.852665518003277
0.8526632813212207
0.8526734344578364
0.8526833894602265
0.8526950023405719
0.8527377140656163
0.852781343976064
0.8527855616843751
0.8527772606359336
0.8527832332509481
0.8528027985569979
0.8528116080097816
0.8528297892498724
0.8528393481288657
0.8528403267790334
0.8528468042559313
0.8528523968269934
0.8528662128521581
0.8528706746585496
0.852871532510577
0.8528732155428039
0.8528795661993848
0.852884363092242
0.8528749814331745
0.8528673787198446
0.8528609591372309
0.8528599629505204
0.8528533429177227
0.8528637063225077
0.852899235583816
0.852924098014271
0.8529387061467162
0.852953762266595
0.8529628989366677
0.8529675444611613
0.8529687410989336
0.8529655078394006
0.8529707695411787
0.8530041517785937
0.8530191314027105
0.8530280281369342
0.8530522272386889
0.8530708567606347
0.8530819636365762
0.853086948964651
0.8530830382059307
0.8530808267809933
0.8530896757681321
0.8530992069733125
0.8530989609717996
0.8531090061818972
0.8531269762693371
0.8531222708924838
0.8531150738186546
0.8531132897209013
0.8531013529190266
0.8530985383123842
0.8531328576034019
0.8531321759810788
0.8531358108936755
0.8531465965390342
0.8531472451963363
0.8531391628638715
0.8531262950817764
0.8531467392445787
0.8531825027360259
0.8532133991016626
0.8532283756049761
0.8532094333895588
0.853208859182545
0.8532208275350842
0.8532251813975149
0.8532437619866504
0.8532537986741456
0.8532740599256972
0.8532953591272281
0.853316230073785
0.8533281557828819
0.8533457693111558
0.8533554945042621
0.8533687629137435
0.8534071110834448
0.8534112118078117
0.8534100931010627
0.8534431317177179
0.853490259307438
0.8535215268839105
0.8535516195370014
0.8535699537623671
0.8535825445607073
0.8536020931894429
0.8536199760408871
0.8536115025969612
0.8536166734945061
0.8536233000307414
0.8536312651303402
0.8536446431246175
0.8536664635970939
0.8536785921784634
0.8537036801257918
0.8537242320561911
0.8537281510010493
0.8537383117724738
0.8537662110713699
0.8537746752342
0.8537773787802192
0.8537852868238924
0.8537914185490508
0.8538025034882747
0.8538230414515019
0.8538304450284784
0.8538463629120822
0.853855872845422
0.8538651474703826
0.8538656926849207
0.853869645326219
0.8538772803554608
0.8538983313590568
0.8539362691235719
0.8539621316526761
0.8539535159397108
0.8539462721521284
0.8539504407847506
0.8539450490906885
0.8539466393675784
0.8539391253879823
0.8539516436440876
0.8539548694598924
0.8539699686304426
0.8539939201069137
0.8540101308492264
0.8540280162024009
0.8540427347962692
0.8540479820757663
0.8540436761304083
0.8540588400077741
0.8540740890314429
0.8540734565050283
0.8540921427589308
0.8541105189379339
0.8541089567365289
0.8541279865712778
0.854161057979983
0.8541719925730962
0.8541800465346229
0.8541724338817512
0.8541621564035358
0.8541572767535209
0.8541583466254815
0.8541549687737283
0.8541549795330107
0.854148464434966
0.8541538343897909
0.8541576449842029
0.8541551457832679
0.8541514567359646
0.8541481332399318
0.8541592700158956
0.8541670510037869
0.8541678163506169
0.8541495214403894
0.8541346923168491
0.8541202596967813
0.8541175626523912
0.8541337489466571
0.8541370261389262
0.8541288999316442
0.8541270432660254
0.8541481218855753
0.8541615047842326
0.854171206628362
0.8541959910353218
0.8542058619249094
0.8542010974038338
0.8542132085434743
0.8542353368676923
0.8542394409349718
0.8542684153770681
0.8543025060927898
0.8543168479842255
0.854334984742974
0.8543513805356604
0.8543721781931235
0.8543827962851254
0.8543845483293552
0.8543880816703655
0.8543930443693727
0.8543913497701798
0.8543932378690271
0.8543774850588156
0.854370703018977
0.8543737531719366
0.8543570455424926
0.8543434833474525
0.8543447526910886
0.8543624346358828
0.8543727102444632
0.8543637381963045
0.8543710302910427
0.8543928439271798
0.8544130434365744
0.8544357285857384
0.8544411541037545
0.8544469601686643
0.8544589303240049
0.8544601570012315
0.8544670872514929
0.8544726958573132
0.8544860559040532
0.8544880346476422
0.8545047182282977
0.854523994782011
0.8545299657000766
0.8545355893731398
0.8545529247900457
0.854561792866699
0.8545891725127026
0.8546042525316381
0.854597491647568
0.8546151188671682
0.8546193996600095
0.8546241620759457
0.8546409379724534
0.8546321077640849
0.8546199526041621
0.8546239493203357
0.854610822024086
0.8546286517137985
0.8546515627117376
0.8546653854767154
0.8546724185353723
0.8546585541775726
0.8546603563863512
0.8546622954400254
0.8546526788713337
0.8546414058414189
0.8546303341107298
0.8546222464239684
0.8546272107679811
0.8546272669709164
0.8546319645483326
0.8546438190348414
0.8546631843147047
0.8546896525395694
0.8547109145771237
0.8547164975531096
0.8547289801674253
0.8547325147682542
0.8547246085083807
0.8547240168820002
0.8547388472221708
0.854772487615626
0.8547934796989688
0.8547988902938777
0.8548018247179094
0.8547973797705055
0.8547928662219075
0.8547925121782979
0.854796771800246
0.8547975286900763
0.8547973666073999
0.8547927045791941
0.8547910965865861
0.8547932763043395
0.8547856550999607
0.8548009131379162
0.8548045883393302
0.854810007210667
0.8548098206200151
0.8548013445516521
0.8547951059783635
0.854800041706564
0.8548142409356588
0.8548247207899093
0.8548058483398159
0.854796389580621
0.8547900735128381
0.8547927265589993
0.8547977015843478
0.8547966705639569
0.8547872443934665
0.8547892701996779
0.8547957624919311
0.8547941562558778
0.85479751855173
0.8548014125000242
0.8548135734626944
0.8548186776459232
0.8548213180663274
0.8548292909710223
0.8548208829484251
0.854815070853095
0.8548176358468104
0.8548269888934316
0.8548358579099287
0.854835786724777
0.854829945069246
0.8548333403894799
0.8548499272599738
0.854880146312948
0.8548966731029736
0.8548941948096774
0.8548985152064303
0.8549066988370795
0.8549259734764644
0.8549397793457998
0.8549450320778815
0.8549667132804009
0.8549820344938864
0.8549937959750461
0.855007451883799
0.8550120335146449
0.8550144180474085
0.8550127668809443
0.8549951273389015
0.8549903728554865
0.8549833374278181
0.854973807069261
0.8549794440215226
0.8549762079026765
0.8549635354960459
0.8549647898092828
0.8549647433987333
0.8549635266744157
0.8549624018697478
0.8549447914215621
0.8549403722825479
0.8549493513516806
0.8549404371751275
0.8549446763101975
0.8549508732070309
0.8549501154456963
0.8549382172713577
0.8549380638277041
0.8549522181245472
0.8549562640038789
0.8549683991681223
0.854976268648248
0.8549723818051632
0.8549641950584036
0.8549654214171641
0.8549641492257049
0.8549715583693958
0.8549702494197456
0.8549752591841265
0.8549799052544843
0.8549762928556873
0.8549803466880753
0.8549890959393842
0.8549908763986831
0.8549835367682386
0.8549714127782642
0.8549671523156237
0.8549675487246828
0.8549628676878707
0.8549629855687597
0.8549517339128299
0.8549378239603604
0.8549305278628897
0.8549174667512952
0.8549109942804003
0.8549054568596854
0.854906378763119
0.8549092246526169
0.854904942922273
0.8549013497955291
0.854904679184425
0.8549024659290785
0.8549085069813265
0.8549078341796709
0.8549098222565095
0.8549005286389512
0.8549027258849905
0.8549137435927509
0.8549208638780742
0.8549210463091638
0.854929786475836
0.8549474755719451
0.8549503947329671
0.8549405078027649
0.8549237759844001
0.8549082293823952
0.8549014485429398
0.8548927246462487
0.8548804821535231
0.8548718177536422
0.8548587148206708
0.8548396328190808
0.8548390051760889
0.8548506121507058
0.8548661423510129
0.8548798032803336
0.8548764621655257
0.8548574379474864
0.8548490276243935
0.8548439634236529
0.8548321501852364
0.8548171986089402
0.8548081389179661
0.8547946265879077
0.8547973653964855
0.8548042648777477
0.8548053981910989
0.854814857149683
0.8548278148277526
0.854830536018864
0.8548243135046801
0.8548200986371783
0.8548266973852046
0.8548343596762286
0.8548333798431571
0.8548250730906738
0.8548197233726051
0.8548234233311067
0.8548271687446533
0.8548315151148941
0.8548373807555094
0.8548510912123402
0.8548693349894015
0.8548834493956246
0.8548846912214882
0.8548758335737063
0.8548680128929222
0.8548548709120211
0.8548511734292157
0.8548484033399332
0.8548404957446858
0.8548328916102038
0.8548248878297802
0.8548246861882272
0.8548324218250271
0.8548338983996204
0.8548306253495684
0.8548306934234076
0.8548244555978312
0.8548169878558266
0.854814062320527
0.8548113012483904
0.854803867298483
0.8548047017748508
0.8548095085391977
0.85480854669906
0.8548111533805061
0.8548108843467612
0.8548124658715963
0.8548099641812213
0.8548033920964381
0.8548176510902655
0.8548289160378542
0.8548350611212308
0.8548517723865942
0.854863024933787
0.8548732372191553
0.8548805001608287
0.8548923909003908
0.8549031732656591
0.8549090087453136
0.8549113465601942
0.85491973096237
0.8549195069647548
0.8549146230732273
0.8549097803123467
0.8549120588112044
0.8549148234659445
0.8549157530369185
0.8549118422383547
0.8549041171635301
0.8549082438611496
0.8549155615757706
0.8549337072769148
0.8549410381517986
0.8549413942759142
0.8549470417488433
0.8549464640304535
0.854950337055674
0.854955951626355
0.8549598449246044
0.8549637741975172
0.8549711764186633
0.8549816263126935
0.8549826139170823
0.8549829127369385
0.8549980944672455
0.855018171967754
0.8550291919000335
0.8550335014371041
0.8550328777844446
0.8550301206548164
0.8550247553269628
0.8550226608161221
0.8550178820517415
0.8550248531229329
0.8550282001874879
0.8550385292371101
0.8550481217503133
0.8550437019973441
0.8550504333916479
0.8550567461346523
0.8550632426647881
0.8550622501712117
0.8550584995382353
0.8550618916624441
0.8550654008540035
0.8550716488643708
0.8550780185043236
0.8550789328488207
0.8550823741329592
0.85507822517972
0.855068154086162
0.8550632912664279
0.8550642459687167
0.8550647884727792
0.8550704625983245
0.8550698989537012
0.8550767979017919
0.8550815330159555
0.855086562337314
0.855093946073272
0.855102778969227
0.8551016307453436
0.8551041103997904
0.8551071738872329
0.8551040742240714
0.8551008318505908
0.8551024254641212
0.855108120100719
0.8551021468090115
0.8550926797227907
0.8550822462179712
0.8550648096005603
0.8550478964487908
0.8550369221519255
0.8550281148187083
0.8550199594080191
0.855017916885283
0.8550231334805446
0.8550287908160239
0.8550377964520264
0.8550447974010131
0.8550324786475305
0.8550224449632218
0.8550285869031858
0.8550251013032322
0.8550166106101033
0.855007721251066
0.8550022918902732
0.8549888599034161
0.8549850623069997
0.8549851205827446
0.8549796528613053
0.854978064802624
0.8549700158239586
0.8549636241638229
0.8549544068836098
0.8549547808191805
0.8549579727835757
0.8549545032742693
0.8549518164410946
0.854937477397694
0.8549211449995331
0.8549151563933868
0.8549089620629392
0.8549088892198475
0.8549018690740724
0.8548965994731305
0.8548952177382974
0.8548969309247025
0.8549008088596888
0.8548959545581517
0.8548891145588564
0.8548848901732422
0.8548864285796886
0.8548894488254449
0.8548856894320713
0.8548848213096408
0.8548830812486388
0.8548831340667816
0.8548712707466658
0.8548660237736657
0.854866598783451
0.8548665598386529
0.8548600053687502
0.854853215366617
0.8548535980847646
0.85485677000626
0.8548500744167042
0.8548402731192515
0.8548335748955063
0.8548247681442673
0.8548186902987275
0.8548116253808957
0.8548073323934812
0.8548053453930625
0.8548026892037457
0.854794940066403
0.8547897830150594
0.8547860688720772
0.8547862747332275
0.8547919522221337
0.8547989248746706
0.8548076641809911
0.8548074669281257
0.8548076505054419
0.8548105154900288
0.8547998269395816
0.8547911690891594
0.8547895127159193
0.8547847800275574
0.8547852757950798
0.8547875874027936
0.8547933598336934
0.8547951824301054
0.8548006109245224
0.8548078274072527
0.854812271778611
0.8548179778208171
0.8548101646391145
0.854798984607904
0.8547985479169394
0.8547935154467161
0.8547871001258458
0.8547855510025143
0.8547824606848743
0.854777740062897
0.854773292834333
0.8547640142384478
0.8547590055124349
0.8547643410950317
0.8547601499131564
0.8547662144349839
0.8547725130293805
0.8547654507772038
0.8547627396206166
0.8547668376763997
0.8547717650903226
0.8547678940862273
0.8547626455843409
0.8547617523465321
0.8547563560325144
0.8547504034921728
0.8547497222363651
0.8547492882761203
0.854750702553006
0.8547524900102108
0.8547442120062131
0.8547365165368372
0.8547321360574468
0.8547310457837718
0.8547310565562977
0.8547273733565157
0.8547261641706383
0.8547230421446868
0.8547268341274732
0.8547252840849339
0.8547313775943338
0.8547355832347304
0.8547370851218061
0.854741625155638
0.8547511831263448
0.8547596408827837
0.8547486466410228
0.8547506233211165
0.8547615293241625
0.8547638426488153
0.8547735950762875
0.8547745057124472
0.8547718426031965
0.8547802483092328
0.8547902958403231
0.8548075678182994
0.8548198994648702
0.8548126321787749
0.854801239545463
0.8547999120167578
0.8548051359140184
0.8548029387530388
0.8547973205406415
0.8547950723710643
0.8548004594117938
0.8548004603042149
0.8548047391878356
0.8548189970087297
0.8548273022848076
0.8548297113970187
0.8548260919595013
0.8548268153396829
0.8548243359339223
0.8548293593616517
0.8548316441097832
0.8548421845878388
0.8548490272856631
0.8548518397898123
0.85486011461298
0.8548700078671543
0.8548811510089663
0.8548945014871802
0.8549062658958846
0.8549141447609587
0.8549157698592726
0.8549165937196481
0.8549194485663487
0.8549285326174092
0.8549407205971339
0.8549559941573969
0.854969259759918
0.8549798908275389
0.8549882542016229
0.8549985205398997
0.8550140482186909
0.8550278786244131
0.8550383530163048
0.8550426650006763
0.8550495243410232
0.8550525632409227
0.8550518493233568
0.8550473997679441
0.8550444302355359
0.8550401446283845
0.8550398266761023
0.8550396184366109
0.8550403268429353
0.8550383557786075
0.8550413463455057
0.8550453345675333
0.8550464270556833
0.8550455785275266
0.8550484634198298
0.8550438181729383
0.8550390929438189
0.855042565704028
0.8550469029738167
0.8550542047981777
0.8550579922394066
0.8550581186399004
0.8550553728751179
0.8550597613129451
0.8550624192995673
0.8550622238705016
0.855060468597542
0.8550591567323995
0.8550632631112529
0.8550649935032673
0.8550686012766592
0.8550733652289616
0.8550739618990115
0.85507251675312
0.8550727836476352
0.855071828343406
0.8550728400379308
0.8550744931921858
0.8550809309438749
0.8550816701721305
0.8550758698792127
0.855070511275101
0.8550726044447695
0.8550708478197998
0.8550709142705629
0.8550722866916692
0.8550694769991326
0.855061366648021
0.855059174988539
0.855057224195168
0.8550560936975977
0.8550522990049816
0.8550491330368291
0.8550549415095688
0.8550550843541392
0.8550560383856503
0.8550530349461023
0.8550529005859839
0.8550509817239248
0.855046294206113
0.8550468464936223
0.8550474728626463
0.8550481852149832
0.8550489649568151
0.8550470903248905
0.8550446093929108
0.8550463744532313
0.8550494693782228
0.855045970871108
0.8550427039401546
0.8550447608467826
0.8550392953242659
0.8550371831487812
0.855035246728297
0.8550398719915434
0.8550470446597572
0.8550465794199816
0.8550460476043896
0.8550470477911507
0.8550477100311802
0.85504770981792
0.8550435697043289
0.8550412591900508
0.855043852766794
0.8550438492576891
0.8550402607636568
0.8550445172912572
0.8550417447538516
0.855041712093892
0.8550419124189894
0.855046082328525
0.8550526812804098
0.8550574089510223
0.8550590213722149
0.8550555297003049
0.8550570088035946
0.8550626440146817
0.8550709484088805
0.8550741119385638
0.8550788611739992
0.8550859441651604
0.8550942618698476
0.8551013118285872
0.8551093717634997
0.8551079894808659
0.8551080840804364
0.8551115124312795
0.8551144845624795
0.8551127745568208
0.8551131551157742
0.8551116615320942
0.8551120305554657
0.8551133390054992
0.8551142284264486
0.8551174284681415
0.8551216534853695
0.8551275816306925
0.8551367678600353
0.8551402414604313
0.8551438725667001
0.8551485641337434
0.855149363840717
0.8551514911377718
0.8551563416364844
0.8551656044843104
0.8551718826098125
0.8551763918766382
0.8551784147062965
0.8551814739448669
0.8551778880908375
0.8551784460551224
0.8551793231231564
0.8551775080676296
0.8551776716639324
0.8551735111973572
0.8551659197141629
0.8551579062550518
0.8551516350906719
0.8551507866225482
0.8551580861352319
0.8551662057497135
0.8551670956304754
0.8551628716496132
0.855168183001243
0.8551748746432328
0.8551788008103496
0.8551871030361593
0.8551832956697953
0.8551807842792674
0.855180600375705
0.8551841864696524
0.8551836281808709
0.8551838679642128
0.8551881222959123
0.8551944967067596
0.8551957069491719
0.8552039959679009
0.8552096018389118
0.8552184296275552
0.8552247429072537
0.8552331593174641
0.8552392389536492
0.8552473357647034
0.855248404246429
0.8552531583936277
0.8552605154376983
0.8552617045682926
0.855265385661738
0.8552677309725013
0.8552688318198609
0.8552705825742022
0.855271345393416
0.8552749909189741
0.8552750405798887
0.855274483162922
0.8552740878283476
0.8552754558510526
0.8552787005328426
0.8552827904174947
0.8552823514780694
0.8552798972528279
0.8552822576581119
0.8552840240656728
0.8552856545924876
0.8552836033453478
0.8552823475593438
0.8552762107161054
0.8552667441877017
0.8552618367600963
0.8552581367478382
0.8552550575786642
0.8552537329529916
0.8552549881144036
0.8552507962682065
0.8552496348661178
0.8552512758857967
0.8552515350685232
0.8552544551582496
0.8552525226998686
0.8552559103541281
0.855256838180301
0.8552608577505192
0.8552631468146583
0.8552643577672134
0.8552657073834448
0.8552676625305627
0.8552705822544814
0.8552693282587583
0.8552667704398712
0.8552638567477875
0.8552631894107166
0.855258121370566
0.8552563296436212
0.855252906598159
0.8552566289480067
0.8552601464709011
0.8552606791251327
0.8552578509115548
0.855253810822877
0.8552451297130536
0.8552448053219134
0.8552450065480103
0.8552484272251127
0.8552453587951786
0.8552451647000793
0.8552485998603531
0.8552447819658807
0.8552403060810172
0.8552414830831518
0.8552432236388947
0.8552495541005964
0.8552495705492451
0.8552502604970137
0.8552560985580229
0.8552559562272374
0.855256997786507
0.8552565133226433
0.8552580930139732
0.8552577878003611
0.8552577119459427
0.8552625259651446
0.85526978624784
0.8552786898275705
0.8552806785950049
0.855283462976929
0.855288447486264
0.8552903624349539
0.8552923502776056
0.8552924035216788
0.8552912869824496
0.8552858085208821
0.8552811789157961
0.8552789089029603
0.8552778924183084
0.8552771944954083
0.8552777365932333
0.8552775742731992
0.8552754794675389
0.8552783654049809
0.8552800438310578
0.8552839298419421
0.8552856797606118
0.8552818987551429
0.8552813849255316
0.8552877856965777
0.8552931493281212
0.8552974247906149
0.8553014753787209
0.8553045313961681
0.8553067534829544
0.8553054584247054
0.8553035288105388
0.8552991435237325
0.8552973663310791
0.8552961550803434
0.8552989221349895
0.85529649357681
0.8552961641053403
0.8552927097914145
0.8552942806523635
0.8552931109565081
0.8552938857631754
0.8552915874918984
0.8552928175354138
0.8552908443641444
0.8552883183072193
0.8552880306141111
0.8552905597306032
0.8552904973887347
0.8552904819523602
0.8552949501260501
0.8552981166523005
0.8552955274494297
0.8552946297009586
0.8552977811836134
0.8552962751640937
0.8552992595545346
0.8553005429235306
0.855296287777608
0.85529365168881
0.8552919697480243
0.8552887062090392
0.8552805577575042
0.8552734479362273
0.855258582807332
0.855253011274205
0.8552464577962404
0.8552444675839319
0.8552426257174783
0.8552369924266112
0.855228522982004
0.8552204540505464
0.8552154356197694
0.8552173887017227
0.8552159187400673
0.8552181381372744
0.855217977412784
0.8552201306477546
0.855220401105556
0.8552229382707313
0.8552295518563819
0.8552352787292871
0.8552377711115104
0.8552370926201706
0.85523779187866
0.855237820432532
0.8552393722081844
0.8552404743201464
0.8552417474232079
0.8552462513353363
0.8552430320709988
0.8552380290660376
0.8552382741344564
0.855237955495118
0.8552455088244508
0.8552522750523722
0.8552541529043732
0.8552507576432616
0.8552493124497699
0.8552527339052844
0.8552554415536134
0.8552597125134517
0.8552629949157455
0.8552652906953103
0.8552653132092476
0.8552633404010201
0.8552613733562663
0.8552621118307536
0.8552662364527269
0.8552665862216101
0.8552625780411811
0.8552580213308455
0.8552567808656485
0.8552567893963864
0.8552589525667447
0.855256988253464
0.855251278550819
0.8552480842008642
0.8552479469926475
0.855250047859471
0.8552545397578116
0.8552573679196078
0.8552653631410416
0.855273983931203
0.8552799770972445
0.8552878283333489
0.8552903274007204
0.8552899100221253
0.8552912419587687
0.8552878559224263
0.8552847883548667
0.8552811215410963
0.8552742469429936
0.8552729843270839
0.8552724385983298
0.8552712018059919
0.8552704800871945
0.8552716716794094
0.8552747990529573
0.8552772606597733
0.8552841749817305
0.8552917083584234
0.8552955390165682
0.8552999658952299
0.8553077929096297
0.8553104976697533
0.8553106112912336
0.8553188643137701
0.8553214170507714
0.855322108559707
0.8553227950272692
0.8553266756935695
0.8553287671413327
0.855330321503196
0.855332756840957
0.8553358034886718
0.8553429714795796
0.8553483748746263
0.8553502825981917
0.8553534238152081
0.8553577972501595
0.8553568430321453
0.8553548736686283
0.8553560524656862
0.85535582075577
0.8553536585893761
0.8553563952258133
0.8553572250266225
0.8553633768365027
0.855372132552472
0.8553784885782547
0.8553871287593824
0.8553978956239225
0.8554066744375627
0.8554163610716555
0.855424304775047
0.8554296380142
0.8554346547944206
0.8554333661986235
0.8554375263477456
0.8554400028787547
0.8554464566075978
0.8554517553094936
0.8554461102786707
0.8554470158939719
0.8554502026136336
0.8554501120973145
0.8554519257996965
0.8554571003457233
0.8554589391516857
0.8554620222246725
0.8554642255409703
0.8554659426002661
0.8554647853734116
0.8554693101066485
0.855476010567311
0.8554856280688703
0.8554844746342167
0.8554776493556107
0.85547713052268
0.8554800516414106
0.8554808076705649
0.8554867733766836
0.8554921278398993
0.8554964359557098
0.8555033122174809
0.8555033060567631
0.8555032689959603
0.8555026092799729
0.8555041844346966
0.8555080052126847
0.8555079866533438
0.8555094617060565
0.8555124409519682
0.8555222925700577
0.8555284167974245
0.8555305134189463
0.8555319762635867
0.8555332224460607
0.8555325918911714
0.8555330178861171
0.8555284417369172
0.8555250981629563
0.8555218150511146
0.8555184154292474
0.8555158969023307
0.8555116586424418
0.8555121039327315
0.8555159786035232
0.8555181766265577
0.855518120213395
0.8555168209046871
0.8555176060978105
0.8555177798892346
0.8555120520058983
0.8555154443181316
0.8555197090070016
0.8555271523240452
0.8555361694951844
0.8555378563850903
0.8555352363375985
0.8555372406913702
0.8555432900162121
0.8555522727512317
0.8555564942000758
0.8555574837767498
0.8555611134341957
0.8555673273864277
0.8555747389958223
0.8555803125513025
0.8555816232991349
0.8555781023101798
0.8555775279743422
0.855578475656302
0.8555800327274485
0.8555806271665678
0.8555831697184064
0.8555876363541067
0.8555915154779177
0.8555940634190732
0.85559452157224
0.8556005831590431
0.855604364787367
0.8556052308769405
0.8556058396266499
0.8556074294411113
0.8556034934300394
0.8556026539679621
0.8556030576649344
0.8556063968359504
0.8556114537900225
0.855613364852515
0.8556126181643333
0.8556155262693332
0.8556148981437675
0.8556149429849365
0.8556111943173382
0.8556139460440062
0.8556178734806092
0.8556155253318257
0.8556123476777455
0.8556107577674386
0.8556109188159013
0.8556114176966535
0.8556094466972658
0.85560819428463
0.8556060211906625
0.8556042259032721
0.855603913030083
0.8556023705405206
0.8556001637993081
0.8555964534780975
0.8555962463068353
0.855598562200855
0.8556007864939899
0.8556019935498737
0.8556054404874136
0.8556089944057224
0.855610178630807
0.8556093463477338
0.8556091723682254
0.8556059047505555
0.8556021068088158
0.8556011977000927
0.8556019793854863
0.8556043116794889
0.8556070185899401
0.8556054432435212
0.8556084707991346
0.8556102134336239
0.8556116207479535
0.8556191679198554
0.8556247034917192
0.8556320761661825
0.8556324445577922
0.8556332482747955
0.855627048943744
0.8556200779238563
0.8556153452942289
0.8556120331347713
0.8556071141602368
0.8556029049355828
0.8556023366464631
0.8555971413007046
0.8555897611331831
0.8555850937117281
0.8555825453532322
0.8555804092711218
0.8555786302959204
0.8555783401404887
0.8555778483822691
0.8555735957845432
0.8555701704326466
0.8555686846121358
0.8555654157132474
0.8555646138350056
0.8555674734240812
0.8555671890482814
0.8555695568801308
0.8555708073267566
0.8555727128819797
0.8555788899340498
0.8555838836573515
0.8555884516156153
0.8555947894814289
0.8555961733884642
0.855594239721385
0.8555909406159921
0.8555874090727377
0.8555906430841129
0.8555939045079686
0.8555897415454414
0.855582588573686
0.8555803411765223
0.8555759206415033
0.8555682298462104
0.8555623864997131
0.8555557278218651
0.8555525632347541
0.8555546847120704
0.8555626937033991
0.8555699754647405
0.8555723973652215
0.8555757635187882
0.8555797929040228
0.8555832518831272
0.8555801998246392
0.8555804356319832
0.8555748196579799
0.8555640392803419
0.8555594093843593
0.8555579910348037
0.8555583088106932
0.8555584077043679
0.8555563597712635
0.8555576802990346
0.855563867125211
0.8555667700282337
0.8555676020074456
0.8555705630254523
0.8555781808260456
0.8555836252388299
0.8555883011349815
0.855590877843744
0.8555876115402277
0.8555868341078279
0.8555866075205751
0.8555818257660539
0.8555767418192818
0.8555706893275444
0.8555679044420796
0.8555628481428016
0.8555559488784469
0.8555527100807081
0.8555465176177542
0.8555439268572818
0.8555455561627039
0.85554959754274
0.855549920366642
0.8555496159545629
0.8555486272528625
0.8555491965713846
0.8555503170780722
0.8555521839370024
0.8555542034302445
0.8555573691191417
0.8555585318547269
0.8555621453816386
0.8555654842420197
0.8555637623289832
0.8555650750226683
0.855567591349654
0.8555693734046674
0.8555770922510552
0.8555803706774068
0.8555899651666377
0.8555966046611068
0.8556013790732739
0.8556000025206013
0.8555978959175797
0.8555973827049912
0.8555971864476445
0.8555997410872325
0.855603155494361
0.8556043829900798
0.8556036469181064
0.8556045618145176
0.8556074888567382
0.855611611360375
0.8556116724767261
0.8556123956250692
0.8556104760413233
0.8556092988849016
0.8556081590735226
0.8556069497465798
0.8556057335903291
0.8556025468657906
0.8556035092599579
0.8556065527335589
0.8556095218331716
0.8556100969306246
0.8556124978620077
0.8556143121377338
0.8556125833037614
0.8556121613653409
0.8556091633461568
0.8556070655148084
0.8556063199202963
0.855605287023883
0.8556030716566166
0.8555970821402256
0.8555920371137508
0.8555864997731726
0.8555813917598866
0.8555740951595419
0.8555701632534769
0.8555661928310478
0.8555659418927667
0.8555627412841654
0.8555598304311799
0.85555681295156
0.8555580140018868
0.8555577768648396
0.8555564152604826
0.8555519283789471
0.8555505531769535
0.8555515163733441
0.8555527956466733
0.8555540364224009
0.8555561803543293
0.855559885011533
0.855561767755509
0.8555651016435238
0.8555651466583759
0.855563978727559
0.8555631830217061
0.8555639746917537
0.8555645630766713
0.855564301603535
0.8555644176261479
0.855561248719561
0.8555589835761954
0.8555560995904166
0.8555532542346252
0.8555563970686969
0.8555602685075153
0.8555613949895415
0.8555587605658365
0.8555571230573767
0.8555561369275775
0.8555560629321118
0.8555568897305048
0.8555578937237007
0.8555559366845116
0.8555507791877649
0.8555461051976225
0.855543174090412
0.8555455725641674
0.8555462897975555
0.8555457143487861
0.8555466160737607
0.8555497860935682
0.8555551715896745
0.8555610038333771
0.8555642071577241
0.8555654618207775
0.8555664040439125
0.8555678785294211
0.8555713078632937
0.8555716626873088
0.8555727582499802
0.8555713437522416
0.8555681402661914
0.8555669035226882
0.8555704085612554
0.8555701187846476
0.8555713014499269
0.8555722664721273
0.8555695635632592
0.8555690267645357
0.8555702171372026
0.855571864847178
0.855570438920177
0.8555732513412891
0.8555759500934857
0.8555765745494465
0.8555763847136182
0.8555767403247526
0.8555752718361318
0.8555780730861934
0.8555803941504189
0.85558203190997
0.8555858823918638
0.8555890738944778
0.8555934352773973
0.8555941066926293
0.8555956061823451
0.8555982001591248
0.85559999523816
0.8556016724996306
0.8556059355930506
0.8556032753834154
0.855595376258644
0.8555902063762066
0.8555887324439556
0.8555846974330381
0.8555806910728253
0.8555793825343267
0.8555789045710585
0.8555790959740925
0.855577579370145
0.8555774077409968
0.8555792157104961
0.8555810385085885
0.8555777504276189
0.8555770144762115
0.8555730493795185
0.8555705144229221
0.8555702283978806
0.8555659933661246
0.855560477059929
0.8555630600913965
0.855563543837815
0.8555588424617712
0.8555560901757349
0.8555552444113301
0.8555515174571786
0.8555514724174171
0.855557166398597
0.8555583735760351
0.855559959441096
0.8555637605320291
0.8555649684889315
0.8555644894762565
0.8555629553140341
0.8555620483412191
0.8555602742603005
0.8555637309946111
0.8555642531896711
0.8555658119838297
0.8555662792612183
0.8555701555253789
0.8555751021671391
0.8555792683523248
0.8555799127814001
0.8555817428490154
0.8555802913528658
0.8555831931860152
0.8555857193331388
0.8555894326852115
0.8555936883735916
0.8555978188828256
0.8555985245946481
0.855600455860602
0.8556004171376288
0.8555989448785434
0.8556001988923386
0.8555998943122177
0.8555995135392416
0.8555986783209043
0.8555988569208779
0.8556026324584112
0.8556023904653202
0.8555989751212332
0.8555974177303628
0.8555969737012014
0.8555953039497073
0.8555925985200262
0.8555909928970871
0.8555900247317411
0.8555897534150948
0.8555883607214766
0.8555821800933275
0.8555806948409587
0.8555821035760076
0.8555804129244942
0.8555795362710632
0.8555805562973116
0.8555817454634707
0.855585715624097
0.8555879389536796
0.8555889732632529
0.8555924671837803
0.85559165009504
0.8555945862127586
0.8555987879450166
0.8556036216815365
0.8556054718221613
0.8556051071488511
0.8556082045419113
0.8556082714772344
0.855605895821385
0.8556053614692859
0.8556059253932969
0.8556063213162811
0.8556077764428681
0.8556093430299838
0.8556086182088946
0.8556066903082207
0.855605582277362
0.855603089385079
0.8556003423005859
0.8555964645086631
0.8555938174558474
0.8555894445133103
0.8555876552593004
0.8555865134280654
0.8555890601563997
0.8555942014995559
0.8556004920092397
0.8556010642791196
0.8555997096957182
0.8556005560469607
0.8556012331914661
0.855604560743586
0.8556103265483079
0.8556141544595484
0.8556133639768303
0.8556090534167076
0.8556033494189029
0.8555993251109233
0.8555968442122356
0.8555977726103314
0.8556017485845208
0.8556039101055138
0.8556097847025828
0.8556155102851335
0.8556199601398686
0.8556209966319913
0.8556172414293607
0.8556154467230528
0.8556139666475684
0.8556162668933852
0.8556194657015095
0.8556191257520842
0.8556195149064192
0.8556200330155656
0.8556224409543892
0.8556250521781373
0.8556266203483974
0.8556269573413833
0.8556302566984981
0.8556385885935527
0.8556478504209167
0.8556502285186565
0.8556514970855126
0.8556540149203172
0.8556562891187409
0.8556570597213365
0.8556580950759454
0.855655937915839
0.8556519442032228
0.8556522028976083
0.8556528274814953
0.8556541558678583
0.8556567545537801
0.8556588119602407
0.8556582007936269
0.8556561008926236
0.8556565231188067
0.8556611962841663
0.8556608024674777
0.8556639485063521
0.8556650606429194
0.855664072716292
0.8556679829096955
0.855671664580933
0.8556739735992827
0.8556782705510365
0.8556831208423401
0.8556878391212978
0.8556923833464909
0.8556949373137471
0.8556976907726278
0.8556992382794228
0.8556969580100895
0.8556960028428644
0.8557002505555868
0.8556990727638595
0.8556997463541339
0.8557026702642266
0.8557036121836772
0.8556998311329245
0.8557009263230194
0.8557030806086418
0.8557000553305022
0.8557003715733387
0.8556957035205562
0.8556927007634766
0.8556904917909893
0.8556906927045346
0.8556900625619306
0.8556883227339818
0.8556881500964449
0.8556920552031569
0.8556959782621113
0.8556948666947728
0.8556898851984428
0.8556866622220588
0.8556828614433531
0.8556793942519231
0.8556760739093624
0.8556770024772362
0.8556787173288933
0.8556807544068283
0.8556832216828649
0.8556886416394672
0.8556918277133948
0.8556939996032298
0.8556995776758021
0.8557031337430988
0.8557042645946482
0.8557055633441248
0.8557056304541041
0.8557066166858964
0.8557123164903098
0.8557152578702499
0.8557193257897376
0.855725594481635
0.8557295017501099
0.8557351692389815
0.8557415047090859
0.8557428337276418
0.8557429289974283
0.8557446080813159
0.8557453426817778
0.8557493734956925
0.8557539192109249
0.8557552038768298
0.8557563888562328
0.8557614602010146
0.8557625519317675
0.8557666689284408
0.8557694701275494
0.8557688136076861
0.8557687147678288
0.855766299241865
0.8557649513825851
0.8557637148622494
0.8557622165981893
0.8557624497105718
0.8557609344416269
0.8557598144690414
0.8557593940354399
0.8557573980328805
0.8557545035727847
0.8557528492285146
0.8557536990830199
0.8557534867002905
0.855753955674425
0.8557543268501691
0.8557511576690245
0.8557491068000954
0.8557468768085028
0.8557445072152212
0.8557421702602968
0.8557423319366977
0.8557426957271875
0.855744085313364
0.8557462072350283
0.8557477808517372
0.8557522098683001
0.8557524097039388
0.8557531887432913
0.8557573725475206
0.855763618163698
0.8557632921877287
0.8557609061305259
0.8557603643898594
0.8557640552383927
0.8557722338467726
0.855780333754375
0.8557865768459529
0.8557896109225559
0.8557903598700369
0.8557940430477966
0.8558004999939116
0.8558034888829047
0.855802699347944
0.8557983027842428
0.8557960021254135
0.8557981299378766
0.8558018752573833
0.855806333505752
0.8558115161422649
0.8558119719044421
0.8558113517931195
0.8558141227825529
0.8558150857677387
0.8558143689944119
0.8558133079427572
0.8558150559351538
0.8558135718781545
0.8558113656409937
0.8558116087336239
0.8558107153083505
0.8558118102241776
0.855816421041563
0.8558230029530592
0.855828954593149
0.8558343674887225
0.8558406771052249
0.8558411970573837
0.8558424892347335
0.8558487987693539
0.8558491812864885
0.8558488169951018
0.8558500673457243
0.8558526289501829
0.8558538611259292
0.8558565726074527
0.8558606827360711
0.8558643693501785
0.8558659209131652
0.8558690154671627
0.8558724159789292
0.8558799464086024
0.8558901574098201
0.8558929092764407
0.8558920761071201
0.8558916230377821
0.8558902934281414
0.8558900823539969
0.8558911820235348
0.8558961869839485
0.8558988863422995
0.8558998532399366
0.8559006408153943
0.8559020735156012
0.855906227486648
0.8559088436156145
0.8559102849109284
0.8559137685318919
0.8559178288033991
0.8559190615816545
0.8559202149121582
0.8559235728874467
0.8559265715867104
0.8559282987273007
0.8559311341437512
0.8559323094102932
0.8559322135631903
0.8559368621987814
0.8559398790821987
0.8559404760194821
0.8559470769639359
0.8559506175537139
0.8559522466080084
0.8559541844810878
0.8559563231057792
0.8559541979960712
0.855952836173854
0.8559548106922853
0.855954193254487
0.855954206307398
0.8559536258333734
0.855955720677095
0.8559581978654461
0.8559634561718478
0.8559728904631269
0.8559783736706066
0.8559833975540524
0.8559894238677627
0.8559890881943875
0.8559888045740057
0.855988196698843
0.8559895347645766
0.8559938126621371
0.8559928401427912
0.8559913080786672
0.8559925791492309
0.8559933724437547
0.855991121092198
0.8559925066534504
0.8559941859664718
0.8559964010453927
0.8559985425948009
0.855999864757252
0.8560007211227285
0.8560001521899409
0.8560000471960235
0.8560000785129694
0.8559994224733344
0.8560011410394679
0.8560076209467057
0.856012440019772
0.8560134666948651
0.8560158791196218
0.8560198577610528
0.8560242688370902
0.8560265422409977
0.8560261102095399
0.8560255847276311
0.8560268483549888
0.8560285392653549
0.8560313543764491
0.8560334973527344
0.8560321055432004
0.8560321725066766
0.8560322164468374
0.8560329471354229
0.8560334436573936
0.8560314292644554
0.8560290474122071
0.8560297048455066
0.856028925880786
0.8560248026023235
0.8560230897895266
0.856021770871788
0.8560187899059091
0.8560146390554955
0.856011931737724
0.8560111220065533
0.856009910487774
0.8560093776817242
0.8560084292691398
0.8560063985569359
0.8560063377854961
0.8560026302412622
0.8559960808001009
0.8559940023492638
0.855994310420112
0.8559982371407437
0.8560002401584115
0.8560028470776677
0.8560028020332087
0.8560043846616648
0.8560073631610386
0.8560094500197356
0.8560115295697619
0.8560142432663521
0.8560188470593653
0.856023153826167
0.8560244255848728
0.8560236778317725
0.8560235269565808
0.8560260406362522
0.8560268388175365
0.8560270277507377
0.8560276816733082
0.8560254248517238
0.8560227246354255
0.8560217259618044
0.8560230894590278
0.856026617930948
0.8560314903402403
0.8560326998399026
0.8560328877710184
0.8560363001215264
0.8560366253433647
0.8560331282944754
0.8560328741629071
0.8560362203273014
0.8560393940160049
0.8560381073085335
0.856036342409096
0.8560368014267311
0.8560379432639103
0.8560364675958051
0.85603347650871
0.8560296308086148
0.8560264449800997
0.8560237350922562
0.8560228776257495
0.8560198125775887
0.8560198249973705
0.8560230737102502
0.8560249767939783
0.8560277867439957
0.8560292444825011
0.856034321855421
0.8560377255106787
0.8560380371444436
0.8560386733016696
0.8560371574314803
0.8560353513181058
0.8560338436570949
0.8560347265554482
0.8560354231023201
0.8560351508069327
0.8560350437192228
0.856037683196196
0.8560425236870582
0.856044628894279
0.8560430330143517
0.8560422450287151
0.8560396444613536
0.8560408947513103
0.8560451640596143
0.8560461930402614
0.8560473245187821
0.8560459273082485
0.8560486007086392
0.8560509880391202
0.8560518524126605
0.8560524287616936
0.8560534536169212
0.8560544198671093
0.8560521180888417
0.8560498675660025
0.8560501179608684
0.8560511487253355
0.8560530819736439
0.8560558532255244
0.8560566211975252
0.8560568792610292
0.8560551879265073
0.8560534723898735
0.8560552641612162
0.8560564049296737
0.8560589205643118
0.8560587523065567
0.856059741575884
0.856059961239574
0.8560612224802585
0.8560614600444177
0.8560620288734679
0.8560620631331239
0.8560652015766165
0.8560684464020548
0.856070098941659
0.8560733848262204
0.8560769789989832
0.8560773441882663
0.8560774126341757
0.8560760393523389
0.8560782451240377
0.8560806882351972
0.8560822024955611
0.8560825942837981
0.8560832193153012
0.8560822582671472
0.8560811412050201
0.8560829125170996
0.8560827208157403
0.8560788999744108
0.8560781136739285
0.8560794193039376
0.8560797973495509
0.8560792981543769
0.8560759164702378
0.8560696368558062
0.8560682765876136
0.8560686237436157
0.8560698390315482
0.8560733696844413
0.856073933914407
0.8560715936352941
0.8560698436855877
0.8560684791942031
0.8560664390060428
0.8560691361418559
0.8560720629092482
0.8560751727150466
0.8560772074762983
0.8560788162243471
0.856079353482565
0.8560808489898667
0.856083437606734
0.8560830518409756
0.856081662969692
0.8560829467554055
0.8560838577228594
0.8560845981255526
0.8560817823148631
0.856082006153677
0.8560793589384689
0.8560767953085907
0.8560754354927502
0.8560740568879892
0.8560720739514147
0.8560710653064786
0.8560688575348587
0.8560657565071832
0.8560611833529247
0.8560623382887527
0.856063178509084
0.8560595171219352
0.8560563205631169
0.8560532799368221
0.8560522687697181
0.8560529326514376
0.8560519430668934
0.8560514380861537
0.8560487864579039
0.856045801864885
0.8560458952449527
0.8560462418428597
0.8560467744591173
0.8560485265115223
0.8560478476083198
0.8560464512438597
0.8560452372724339
0.8560459312335689
0.8560444033253812
0.8560428383258871
0.8560423394447195
0.856041560732538
0.8560418648968673
0.8560400605504738
0.8560388856338312
0.8560381555605234
0.8560369979311382
0.8560398088811478
0.8560426303251053
0.8560480213843583
0.8560498687974352
0.8560477914622983
0.856045522365988
0.8560417404114666
0.8560395365039138
0.8560393191550468
0.8560411203713109
0.856043301791145
0.8560428300022731
0.8560433795214557
0.856045398962541
0.8560457644633951
0.8560457561276686
0.8560427627716881
0.8560442034894955
0.8560427319513528
0.8560391204012824
0.8560408366580677
0.8560422048782811
0.8560423146254683
0.8560431498321122
0.8560424250880501
0.8560416632918069
0.8560421141408969
0.856045141998938
0.8560484547149482
0.8560476198158664
0.856047155046834
0.8560486608490564
0.8560504378978543
0.8560511665861947
0.8560516507705879
0.8560508290998433
0.8560488146075721
0.8560486640560442
0.8560489045350933
0.856047869420677
0.8560461402926374
0.856045778800236
0.8560508608413397
0.8560556768911645
0.8560554315166624
0.8560564918698382
0.8560604245833221
0.85606327400555
0.8560629771759897
0.8560628485915531
0.8560613066602907
0.8560594298042024
0.856058899528117
0.8560577549486352
0.8560544406209736
0.8560535413022431
0.8560553888935171
0.8560589593638103
0.8560613419557209
0.8560640080612906
0.8560665597273196
0.8560642831550077
0.8560653138798271
0.8560680990647029
0.8560694353607142
0.8560723155521427
0.856075049654585
0.8560769363749237
0.8560746174490755
0.856074619947438
0.8560743770642751
0.8560741802406
0.8560746745825765
0.8560734251030069
0.8560757165865067
0.8560755180707338
0.8560732657243879
0.8560722488646031
0.8560706825948863
0.856071181601019
0.8560722303692144
0.8560720690415656
0.8560713596576833
0.8560715932081571
0.8560701752476882
0.8560714604133529
0.8560721022646507
0.856071434905005
0.856073305280347
0.85607425139279
0.8560737085473534
0.8560711639663526
0.8560696051780425
0.8560673907119609
0.856064121638238
0.8560628220305065
0.8560630965679137
0.8560622609313181
0.8560608165801309
0.8560595860748652
0.8560595147744444
0.8560587928054644
0.8560558034945811
0.8560538113524282
0.8560542443739414
0.8560530699421142
0.8560512937648243
0.8560476839176304
0.8560446649340595
0.8560447668041312
0.8560457538963171
0.8560471043629192
0.8560499254562887
0.8560501503055501
0.8560481686855824
0.8560454948363799
0.8560444096859191
0.8560431151366668
0.8560423568766726
0.8560409165537824
0.8560394439757053
0.8560411128122747
0.8560428199450301
0.8560445294662934
0.8560485838932356
0.8560508230597239
0.8560514495812285
0.8560537514137907
0.8560526277514185
0.8560514126752646
0.8560540587225959
0.8560566782521174
0.8560569676083921
0.8560559770005168
0.8560559328230827
0.8560554628984395
0.8560538778102168
0.8560526367067188
0.8560530980110532
0.8560532431841856
0.8560548521679919
0.8560581977243361
0.8560612764436311
0.8560630534312923
0.8560634388655318
0.8560628546691119
0.8560657139780417
0.85606878221509
0.8560707309841676
0.856072012570624
0.8560754070406953
0.8560770456456284
0.8560799687422661
0.856082832836109
0.8560867828840104
0.8560895163483971
0.856090315510265
0.8560903280814518
0.8560911292477592
0.8560938826591831
0.8560956115468131
0.8560964697732282
0.8560955750721729
0.8560942915519486
0.8560921667501215
0.8560907962678448
0.8560906174195512
0.8560905297608793
0.8560952558212642
0.8560988834014648
0.8561053005966697
0.856107814898354
0.8561101249320974
0.8561117236397878
0.8561142196252742
0.8561140345768132
0.8561118623926878
0.8561115361005652
0.8561136872317254
0.8561130693649106
0.8561140898459692
0.8561138572894035
0.8561134165300162
0.8561112348592743
0.8561088363898786
0.8561071335859978
0.8561038771905634
0.856103920883678
0.8561042659364385
0.8561049969539496
0.8561062392618647
0.8561072383633658
0.8561097155098508
0.8561132785281997
0.8561165959037502
0.856116460741496
0.8561189633809306
0.8561180056455125
0.85611775262181
0.8561183580729217
0.8561186954184582
0.8561163915511268
0.8561149640808349
0.8561123463338163
0.856112668910483
0.8561133995845952
0.8561121724326104
0.8561114115243904
0.856111268387318
0.8561113094230697
0.8561131822385604
0.8561138603258912
0.8561162072563978
0.8561176511031793
0.8561172888019153
0.8561181912771721
0.8561197483111971
0.8561182099763803
0.8561167405652971
0.8561157299604053
0.8561139489376535
0.8561153607550925
0.856117343962111
0.856118633907716
0.8561202695520549
0.856119504328277
0.8561201172352437
0.856121514965678
0.8561244332237589
0.8561273513385347
0.8561319525309026
0.8561312162509538
0.8561326824841545
0.8561348460010471
0.8561334571457303
0.8561344008771329
0.8561350875142542
0.8561341842020198
0.8561334666255908
0.856133674879621
0.8561343366348942
0.8561350642712912
0.8561347449526169
0.856135335879999
0.8561361356474441
0.8561377443426181
0.8561384166082588
0.8561381114713386
0.8561386251501087
0.8561390304491784
0.8561366274344
0.8561359844790688
0.8561372161229593
0.8561355070864983
0.856134203876659
0.856134957815069
0.8561359044904523
0.8561388864196976
0.8561408069767525
0.8561427391445464
0.8561440156294072
0.8561431349057675
0.8561428998061497
0.8561414300607063
0.8561412484490047
0.8561399447989972
0.856138955169107
0.8561372927135305
0.8561373818482697
0.8561378839540379
0.8561382639559
0.8561401420017503
0.8561411343566877
0.8561450668834801
0.8561486353305873
0.8561529908793256
0.8561536409562114
0.8561557089050313
0.8561577835854379
0.8561582735656972
0.8561592859104428
0.8561600360448341
0.8561601505261128
0.856161245655499
0.856162034681382
0.8561641047937338
0.8561636886610657
0.8561655069260462
0.8561664014533804
0.8561673559749793
0.8561682972377325
0.8561695677158
0.8561672552635122
0.8561646698985249
0.8561635132296854
0.8561641237700054
0.856166104489476
0.8561657636460234
0.8561635844422003
0.8561626153852425
0.85616489797389
0.8561693356526376
0.8561719877082277
0.856173440551878
0.8561730338945552
0.8561738356004743
0.8561752754643087
0.856178741813822
0.8561805779213126
0.8561791142742687
0.8561783006748457
0.8561760636553559
0.8561752856642109
0.8561740878061087
0.8561749668292765
0.8561736460010188
0.8561716726105056
0.8561662287909194
0.8561623548293259
0.8561633627178344
0.8561624392254223
0.8561615964005713
0.856162213080629
0.8561634658435796
0.8561633373121472
0.8561615476167581
0.8561596766520437
0.8561601664691564
0.8561609063813933
0.8561648365847184
0.8561666242367793
0.8561668425671268
0.856166294602105
0.8561656731899636
0.8561660432084147
0.8561671949602739
0.8561671536014459
0.8561679794257832
0.8561677266872818
0.8561672736094952
0.8561684987019158
0.8561686862112907
0.8561674881072979
0.8561678217522227
0.8561657921971637
0.8561644591507724
0.8561621008044837
0.8561597654863053
0.8561586527330702
0.8561596064699569
0.8561616007803505
0.8561632553398715
0.8561638683593398
0.8561628890475851
0.856163226866269
0.8561643097698147
0.856164104693002
0.8561665242791766
0.8561689141561163
0.8561706610480031
0.8561698319020509
0.8561708705412582
0.8561703101405033
0.8561680242620524
0.8561667317711794
0.8561672803584154
0.8561695595777634
0.8561729076984634
0.8561702643351427
0.8561666302508145
0.8561680562988789
0.856168877271732
0.8561669245770803
0.8561660817666421
0.856164306080374
0.8561641020485585
0.8561614547830223
0.8561619933453276
0.8561615984299917
0.8561618109590345
0.8561636342250358
0.85616258727652
0.8561611670478753
0.8561607964600781
0.8561609442054259
0.8561624457028254
0.8561612391134853
0.856159882963355
0.8561587349325278
0.8561566133213442
0.8561552693148781
0.856159537634565
0.856162961833908
0.8561648529071663
0.8561649268991992
0.8561649674962214
0.8561650946721817
0.8561639868090583
0.8561616105289684
0.8561606296636004
0.8561613343850367
0.8561611128333926
0.8561611117264064
0.8561612396666681
0.8561599848832662
0.8561568660127414
0.8561572202086895
0.8561563546429217
0.856158090382873
0.8561581337446176
0.8561598606038734
0.8561598413090907
0.8561594087296768
0.8561597020949511
0.8561604178602297
0.8561590766118478
0.8561551162692025
0.8561530139911662
0.8561530797722446
0.8561524670126072
0.8561532839659025
0.8561528051369729
0.8561523066389458
0.8561527453491783
0.8561531358129609
0.8561542918723474
0.856153992874889
0.8561526002597296
0.8561533678087696
0.85615154052328
0.8561470499775261
0.8561447582647521
0.8561420647903368
0.8561399897743693
0.8561372154871714
0.8561350142847012
0.8561370620582857
0.8561376535492403
0.8561377091195385
0.856136191155773
0.8561367197337412
0.8561359100486076
0.8561375608643698
0.856140867167203
0.8561416310150041
0.8561404600621906
0.8561406738401103
0.8561409070096199
0.8561396041711776
0.8561404344704425
0.8561415041000895
0.8561421823594331
0.8561398202978306
0.8561396581921884
0.8561399671802021
0.8561409693825044
0.8561388709722506
0.8561385828450295
0.856138683479154
0.8561387133325145
0.8561384812967586
0.8561412318422491
0.856142676547716
0.8561434988948358
0.8561431105322642
0.8561430648360863
0.8561415301661025
0.8561421355219453
0.8561443417691996
0.8561478032920588
0.8561505352622241
0.8561517674375616
0.8561545434897512
0.8561539046462391
0.8561525428206774
0.85615572800578
0.8561576602691574
0.856157421472335
0.8561590061106001
0.8561623350562351
0.8561638082926306
0.8561683472708704
0.8561719241909135
0.8561720278819733
0.8561699673058207
0.8561678340151353
0.8561677395642187
0.856167743385774
0.8561670022938079
0.8561680538804218
0.8561689477711161
0.856167315444183
0.8561648033241644
0.856163036592737
0.8561611160053961
0.8561613974611172
0.8561625100086213
0.8561627917540428
0.8561626986618274
0.8561605078404757
0.8561582539745652
0.8561566456075591
0.8561537168439636
0.8561524097229891
0.8561515844091762
0.8561509544868857
0.8561498863128925
0.856149980731592
0.8561501658150793
0.8561508666742437
0.8561517740546084
0.8561527649676758
0.8561584617064995
0.856161360999933
0.8561619185820669
0.8561627236116838
0.8561631260902027
0.8561629986881918
0.8561657408208465
0.8561664413616141
0.8561631834010334
0.8561630109235039
0.8561684486393936
0.8561732845320089
0.8561750261243813
0.8561764051152833
0.8561779014344114
0.8561799626017281
0.8561806077366516
0.8561836233392797
0.8561833729414907
0.8561819195372388
0.8561835363335918
0.8561844890039069
0.856183545962675
0.8561843163661433
0.8561839636809901
0.8561861835385968
0.8561901970227833
0.8561945308369815
0.8561963495053293
0.8561946066644812
0.856195407643916
0.8561973707141736
0.8561987466534972
0.8562002926468275
0.8561985832164476
0.8561964733382781
0.856194836126759
0.8561941960765258
0.8561933634801779
0.856193315835895
0.8561933317526114
0.8561949025769969
0.8561971233174506
0.856200634104788
0.8562053242506988
0.8562080977781723
0.8562109141589929
0.8562117401867293
0.8562122761844227
0.8562146411978261
0.8562175737445105
0.8562219540367614
0.8562258486027601
0.8562279277304652
0.85622896632441
0.85623021886055
0.8562304740546187
0.8562301649307948
0.8562318975270866
0.8562301523926253
0.8562269361635729
0.856226668993651
0.8562305501514101
0.8562293696785042
0.8562271579824609
0.8562292484286165
0.856232122564235
0.8562323678525005
0.856235327112737
0.8562386738926848
0.8562412971359368
0.8562436940195858
0.8562472468248058
0.8562469438313234
0.8562486766119398
0.8562502182964098
0.8562489393151343
0.8562471690807536
0.8562474464851606
0.8562451897920501
0.8562425932190625
0.8562392184338881
0.8562398989102024
0.8562434302753782
0.8562440624191767
0.8562416127747305
0.8562406527487225
0.8562383627027594
0.8562381615336121
0.8562386874450979
0.8562392368230184
0.8562438872255603
0.8562450377460952
0.856244602071791
0.8562447544792195
0.8562450990948998
0.8562442097527672
0.8562410048756995
0.8562377538563234
0.8562360999285812
0.8562377027653635
0.8562385316784551
0.8562383411194573
0.8562386504489765
0.8562395568877903
0.856239111815292
0.8562423220096532
0.8562454613343521
0.8562470031247572
0.8562449876600744
0.8562420450669658
0.8562385750512843
0.8562371688152408
0.8562387430617564
0.8562416015217523
0.8562430255049334
0.8562423092054952
0.8562412746123619
0.8562408672226238
0.8562390825242749
0.8562389936120477
0.8562402047381289
0.8562396490773541
0.8562391812885861
0.8562376181375109
0.8562362590360932
0.8562349708926559
0.8562346107745146
0.8562341146018505
0.8562362201796856
0.8562405361112712
0.8562451656580454
0.8562491848400807
0.856253637214487
0.8562558875012686
0.8562602323995464
0.8562630021265264
0.8562618460269388
0.8562591561758146
0.8562593134790193
0.8562611695228122
0.8562612879808743
0.8562621035713079
0.8562632624487012
0.8562636812200493
0.8562661113163295
0.8562671307936089
0.8562692790016933
0.8562717801748728
0.8562730795709964
0.8562711392041071
0.8562684882950989
0.8562664394614931
0.8562655719055131
0.8562649278124251
0.8562625819520375
0.8562617910974197
0.856260869190669
0.8562608866913595
0.856261982019579
0.8562607498391914
0.8562614710706533
0.8562620367608943
0.8562600965001816
0.8562562359705069
0.8562534841594077
0.8562527787732873
0.8562538980998358
0.8562534935914816
0.8562531025925422
0.8562506165454175
0.8562490655938925
0.8562487853554276
0.8562459436162452
0.8562439313291498
0.8562425669353557
0.8562411435807848
0.8562419303151727
0.8562443651819888
0.8562429474202756
0.8562428283763596
0.8562453889377952
0.8562482127379699
0.8562498996742431
0.8562518935473928
0.856255107618591
0.8562582783593539
0.8562601414509937
0.8562620851024734
0.8562622452920158
0.8562634802067387
0.8562642295159343
0.8562660091000085
0.8562692839958423
0.8562721311392867
0.8562744679591524
0.8562750757023544
0.8562729851009186
0.8562740142117676
0.8562760715604545
0.8562789539318225
0.8562794364960028
0.8562825602643075
0.8562850461704106
0.8562833323360847
0.8562835703070036
0.8562848076792438
0.8562862139283254
0.8562880178794711
0.8562890484892063
0.8562911567188652
0.8562901543536361
0.8562902343021255
0.8562877524913644
0.856288007894109
0.8562864177389912
0.8562844383837577
0.8562825306597368
0.8562820489421757
0.8562805340283218
0.8562820961882153
0.8562817630703407
0.856280872262874
0.8562824016798019
0.8562829955286727
0.8562828894751856
0.8562813791419428
0.8562823496706292
0.8562820901742891
0.856282399088539
0.8562821536588618
0.8562791551765534
0.8562764849737935
0.8562755785233936
0.8562728681045263
0.8562705774465763
0.8562689627388871
0.856266635470276
0.8562658828247982
0.8562674865280191
0.8562678637318337
0.8562669637814024
0.8562685841049366
0.8562698898311273
0.8562718777447016
0.8562731199999825
0.8562744907369313
0.8562767212008734
0.8562775433150808
0.8562772871674428
0.8562779223573254
0.8562784732271632
0.8562793143814186
0.8562768176360415
0.8562785668787014
0.8562808291700936
0.8562818621936071
0.856283749997186
0.8562862694652867
0.8562901913188152
0.8562918386088632
0.8562958180469188
0.8562971195469136
0.8562994452882354
0.8563025767296629
0.8563063175179091
0.8563108719792037
0.8563142188546161
0.8563146063611539
0.8563145948108281
0.8563158002898505
0.8563163812066996
0.8563159029897376
0.8563165873017075
0.8563150967581127
0.856314541151142
0.8563130415655638
0.8563133321006248
0.8563140909053466
0.8563134008083472
0.856314391730784
0.856315800862324
0.8563164869561907
0.8563174833064606
0.8563183948709759
0.8563185082439442
0.8563203768663885
0.8563214213931903
0.8563226903402459
0.8563223360230321
0.8563199617093963
0.8563200888053348
0.8563199391340868
0.8563198433298204
0.8563182375733439
0.856316327471997
0.8563144946952581
0.8563127603193164
0.8563104635500401
0.8563113988247014
0.8563133926774671
0.8563154369186345
0.8563159651413752
0.8563174197493653
0.8563192479349385
0.8563202431687136
0.856320800685402
0.8563226334939941
0.8563223434590128
0.8563214677750284
0.8563230971557328
0.8563224060130326
0.856321535164019
0.8563216599558906
0.8563197042750005
0.8563153676260967
0.8563133885151853
0.8563112828064087
0.8563104330361575
0.8563090086979568
0.8563111595145249
0.8563109777680054
0.8563105346979044
0.8563090494104995
0.8563075609168876
0.8563028705396263
0.8563005342816433
0.8562987828583332
0.8562955978936583
0.8562925333943501
0.8562920836403105
0.8562908889214766
0.8562898327589938
0.8562892937475067
0.8562897577158245
0.8562903996090953
0.8562914416696918
0.8562918326101222
0.8562940209825683
0.8562958871067528
0.8562988126696573
0.8563015351551178
0.856303841950266
0.8563039841189349
0.8563031937943694
0.8563023114317734
0.8563031172783655
0.8563064356936412
0.8563100641086652
0.8563118194518083
0.8563131421967155
0.856310925422019
0.8563072769923268
0.8563068432709244
0.8563091688020605
0.8563107400076895
0.8563130921416838
0.8563151246016109
0.8563181401258158
0.8563186042046695
0.8563178404326267
0.8563155742680523
0.8563133789153383
0.8563108681105369
0.85630746697119
0.8563062715409626
0.8563066350737013
0.8563065587142923
0.8563039336602016
0.8563021549302477
0.8563009942685118
0.8562998966704335
0.8562997478695074
0.8562996850258017
0.8562972998338905
0.8562958235769026
0.8562934422647084
0.8562906621586123
0.8562899704344353
0.8562883657301456
0.856287845453686
0.8562855216583084
0.856284416128256
0.8562832138092611
0.8562795016215503
0.856279185347462
0.8562774377496869
0.856275952311657
0.856273462839491
0.8562744643595085
0.8562774008960075
0.8562776226341102
0.8562778129669103
0.856280776829322
0.8562835601547828
0.8562833389889476
0.8562846593794836
0.8562853478100035
0.8562835816470542
0.8562841040334123
0.8562872575804434
0.856286909148798
0.8562876729682745
0.8562875810975585
0.856287328359794
0.8562873985215702
0.8562870393670422
0.856285428186286
0.8562853742604767
0.8562874179938189
0.8562864013435291
0.8562863666562157
0.8562842959600852
0.8562811102201711
0.8562825249821864
0.8562854305172296
0.856289927617276
0.8562941978424976
0.856294509886634
0.8562925798317799
0.8562907825632011
0.8562907585084187
0.8562936708582213
0.8562935412769082
0.8562928477028299
0.8562939204427414
0.8562947988208381
0.8562949649716638
0.8562931369098647
0.8562914100876156
0.8562904268622153
0.85628697669446
0.8562841440116653
0.8562799837419969
0.8562773888263001
0.8562767020326006
0.8562763517262756
0.8562757899582262
0.856274714437507
0.8562708218709528
0.8562687566379857
0.856267606281493
0.8562652704754412
0.8562655449352977
0.8562679075114051
0.856271846803742
0.856273455437756
0.8562736639837909
0.856272738220142
0.8562722675322384
0.8562717449971187
0.8562731362589374
0.856273152269337
0.8562732767677617
0.8562719113274541
0.8562713059737861
0.8562726477102119
0.8562702420182917
0.8562660431458267
0.8562625451591319
0.8562591147113281
0.8562547725040143
0.8562524675831801
0.856251317713869
0.8562507845207326
0.8562520224216205
0.8562528676787413
0.856251739769359
0.856252140115388
0.8562508525723717
0.8562505653053447
0.8562504217780916
0.8562515924010391
0.8562522141839513
0.8562521124392589
0.856254306312471
0.8562549943815773
0.8562559048039474
0.8562585153190718
0.8562599618128544
0.8562599388672173
0.8562598034223392
0.8562604053364512
0.8562609244899412
0.8562605438988286
0.8562607404652762
0.8562610254793208
0.8562620399057826
0.8562625767219522
0.8562624049007105
0.8562621638067834
0.8562590372176299
0.8562563410047649
0.8562574973967924
0.8562569167169007
0.8562564799357122
0.8562555756320253
0.856255576853012
0.8562553086910459
0.8562566139794674
0.8562583970373541
0.8562597257873901
0.8562631669671006
0.8562656942321214
0.8562685238754502
0.8562705061557097
0.856270930876899
0.8562724996934891
0.8562720684858199
0.856271129611779
0.8562726785216692
0.8562728848523143
0.856272150539618
0.8562725828346254
0.8562711137872475
0.856270175640907
0.8562711156343841
0.8562704996005244
0.8562717831740738
0.8562732184292428
0.8562756394221419
0.8562774965076516
0.8562803436656039
0.8562820040216191
0.8562838255028752
0.8562839035277453
0.8562846631957537
0.8562839979084779
0.8562842345702362
0.8562839377254996
0.8562830342365074
0.8562817738345619
0.8562806533418605
0.8562808272246528
0.8562802983397229
0.8562804854491944
0.856280541293651
0.8562773772724429
0.8562742779349874
0.8562726088138152
0.8562692676265112
0.8562663778570522
0.8562659332264594
0.856265067739235
0.8562643797846818
0.856264332639417
0.8562658353127464
0.8562675540723915
0.8562682329627745
0.8562684514518484
0.8562676012264359
0.8562679492045312
0.856268645889788
0.8562679110291704
0.8562670328689104
0.8562676385239955
0.856268938403688
0.8562693342677422
0.8562682616368397
0.8562669539213621
0.856266072592425
0.8562662567013932
0.8562677180031558
0.8562708379429359
0.8562727649552505
0.8562723174872657
0.8562748072889176
0.8562772845168067
0.8562791213418546
0.8562809312309674
0.8562829889503598
0.8562841215721061
0.8562884831096137
0.8562909536485512
0.856293303992297
0.8562939358205582
0.8562948896618202
0.8562961667495061
0.8562981989129185
0.8563016064654467
0.8563032373764881
0.856303313801095
0.8563041319925725
0.8563058852561528
0.856308623947381
0.856310637156516
0.8563118971324937
0.856312999487868
0.856315652890007
0.8563158443474493
0.8563161446888927
0.8563143448729982
0.8563127418668484
0.856312544779861
0.8563115607793594
0.8563115232671451
0.8563137365921432
0.8563152388352977
0.8563162417179909
0.8563172684477146
0.8563182680938455
0.8563194918725353
0.8563191171593988
0.8563184381908442
0.8563169934569433
0.8563160462123477
0.8563143441708074
0.856312295666987
0.856310706774021
0.8563110241385343
0.8563125985316883
0.8563105689524492
0.8563079725671303
0.8563042964859409
0.8563010450691161
0.8562966510162151
0.8562922590774029
0.8562915383861707
0.8562917365596739
0.8562931628684058
0.8562941712478582
0.8562950216015822
0.8562945983376663
0.8562948394278825
0.8562946079885059
0.8562929344622854
0.8562919413998914
0.8562894544637173
0.8562858819610615
0.8562841829005353
0.8562848184892017
0.8562847854157458
0.8562848691004049
0.8562844015337707
0.8562839895941948
0.8562840436607002
0.8562829457933863
0.8562824156419894
0.8562812301659217
0.8562808356427023
0.8562772558289033
0.856273427952362
0.8562717716642829
0.85627128573359
0.856270228228993
0.8562700399274097
0.8562689769344404
0.856266422870558
0.8562661551412715
0.8562659995962779
0.8562679857362224
0.8562698689840998
0.8562717930291026
0.856273289009924
0.8562741525444378
0.8562737252406335
0.8562722631231607
0.8562719639200934
0.856272532711733
0.8562734611238813
0.8562737476747184
0.856273645343203
0.8562749138667142
0.8562778268976019
0.8562793910093338
0.8562813954187783
0.8562814835273637
0.8562798878793689
0.8562785359087774
0.8562781212982683
0.856277291207984
0.8562765116100374
0.8562768809662857
0.8562772817584555
0.8562745425656172
0.8562728715040172
0.8562728853573286
0.8562732314072715
0.8562735081750336
0.8562739315092739
0.8562749019785149
0.8562734980276268
0.8562724341608742
0.8562715347296304
0.8562727336237481
0.8562759640420854
0.856276370763957
0.85627641356609
0.8562767418555957
0.856275517050749
0.8562734773601259
0.8562711411969509
0.8562694041817029
0.8562673567794903
0.8562648986085218
0.8562637501621088
0.8562640800812882
0.8562643894949639
0.8562645219121021
0.8562659433223689
0.856266634014776
0.8562652320460415
0.8562646649427964
0.856262466403388
0.8562604760691986
0.8562595701040953
0.8562576501077854
0.8562558317257218
0.8562566382207873
0.8562573141893494
0.8562592749419219
0.8562579813584852
0.856254570973272
0.8562519552925222
0.8562498939601567
0.8562507756004711
0.8562517126380188
0.8562525101862196
0.8562550293504761
0.8562550985002451
0.8562523206068391
0.8562498139003715
0.8562466890455283
0.8562442180805963
0.8562431488673296
0.8562417778082669
0.8562430963467633
0.8562454153080585
0.8562476168041491
0.8562485791492594
0.8562501642268971
0.8562514509528751
0.8562518019622901
0.8562521601683373
0.8562550335838941
0.8562572123882739
0.8562589358145218
0.8562602996991573
0.8562614692665647
0.856262305436158
0.8562613643155472
0.8562611279924802
0.8562630633904248
0.8562643291404197
0.856266863285131
0.8562683078957717
0.8562691326523292
0.8562680578014026
0.8562659755987192
0.8562634241602678
0.8562615991482244
0.8562588755245761
0.8562576403223404
0.8562565772669133
0.8562561937277227
0.8562558465347926
0.856254866783151
0.8562552955011637
0.8562557108066535
0.8562556326855113
0.8562546332105111
0.8562545484718038
0.8562555107540807
0.8562561386914396
0.8562567341109752
0.8562559368439923
0.8562560292417001
0.8562560494512798
0.8562554525904809
0.8562537251997148
0.8562511842684619
0.8562495691677284
0.8562493711965615
0.8562498823478013
0.8562500756863368
0.856249706261071
0.8562501317391515
0.8562485669685488
0.8562469942879591
0.8562468416826176
0.8562459736038568
0.8562443826530516
0.8562431798648944
0.8562432038997845
0.8562421361398656
0.8562415212144908
0.8562410889336013
0.8562411707215627
0.856242223992239
0.8562414428543961
0.8562412195210711
0.856241006053421
0.856240781727406
0.8562394840752331
0.856237711288242
0.8562348732023113
0.8562331861340072
0.8562318842918005
0.8562293318819275
0.8562266893856781
0.8562237700477154
0.85622365349884
0.8562249358845039
0.8562245031779048
0.8562240908171613
0.856222889370521
0.856221781995697
0.856221961617837
0.8562222498086577
0.856222196446828
0.8562223131734374
0.8562232203758126
0.856226338887334
0.85622897534178
0.8562318363014546
0.8562351363706104
0.85623668218714
0.8562370784330865
0.8562378617334001
0.856238340857551
0.8562379040355952
0.8562388185377979
0.8562393191795584
0.8562399131954479
0.8562407576771086
0.856240666390573
0.8562413428494525
0.8562387497264787
0.8562369454756769
0.8562344234425333
0.8562322920713947
0.8562307641377614
0.8562296145430381
0.8562289162742422
0.8562292169549942
0.8562294492495198
0.8562294158814925
0.8562302885164844
0.8562302826052763
0.8562303673187481
0.8562300041654864
0.8562303797034239
0.8562306351346863
0.8562316907821564
0.8562317629840509
0.8562303897461117
0.8562296555031061
0.8562293844750796
0.8562299680753418
0.8562311988486093
0.8562323964346951
0.8562331802423088
0.8562325447464278
0.8562322797382644
0.8562326905005669
0.8562324646939803
0.8562331427960583
0.8562361476111141
0.8562413224038941
0.8562457778294643
0.8562482165521085
0.8562509700614039
0.856256240857504
0.8562608436973598
0.8562629883580989
0.8562638857812896
0.8562648648588825
0.8562646536119106
0.8562658216390721
0.8562646153132547
0.8562654993516787
0.8562669907086565
0.8562677685156485
0.8562669549380293
0.8562685264252982
0.8562682920978739
0.8562681176922726
0.8562683537162741
0.8562677913271073
0.8562663440181095
0.856265061184677
0.8562653904451396
0.8562656545406815
0.8562665197778907
0.8562672217847296
0.8562684714721542
0.8562697702524367
0.856271874755299
0.8562753419969209
0.8562786043522209
0.8562814007561454
0.8562840296760649
0.8562856988128112
0.856285734195442
0.8562869517775032
0.8562874596496867
0.8562873149442997
0.8562868360773099
0.8562871490056897
0.8562872089284508
0.8562873581672551
0.8562871119699748
0.8562877309042742
0.856289648116856
0.8562920414667518
0.8562931913680547
0.8562946127676294
0.8562961035740417
0.8562965132556083
0.856295507820085
0.8562967024952979
0.8562978657873784
0.8562980467493753
0.856297784665422
0.8562998038921604
0.8563000334039526
0.8562990425093396
0.8562980290986092
0.856297619562039
0.8562947239437053
0.8562919552185948
0.8562903633498278
0.8562900660700055
0.8562893007410307
0.8562871454710103
0.8562868102091394
0.8562882224407341
0.8562885690052956
0.85628943782513
0.8562907434916487
0.8562912825058457
0.8562909168580622
0.8562916610724688
0.8562909158557375
0.8562905328503115
0.8562905052914069
0.8562887904574905
0.8562868945792775
0.8562853342216281
0.8562833923269452
0.8562820896193704
0.8562814008668813
0.8562793195402705
0.8562782787347476
0.8562772725475943
0.8562754748951382
0.8562736122983415
0.8562731826494938
0.8562732762054981
0.8562727976379119
0.8562728440341454
0.8562740458860818
0.8562756740984042
0.8562764049879029
0.8562764677575011
0.8562774911782729
0.8562799024168929
0.8562813067942054
0.8562823071800447
0.8562854074650792
0.8562864912578181
0.8562870429531679
0.8562886184735363
0.8562897329906775
0.8562924076378746
0.85629378372521
0.856296270826323
0.8562965527106816
0.8562957734191359
0.8562954301780715
0.8562967812214924
0.8562976065070003
0.8562978734966088
0.8562953962048524
0.8562943532364526
0.8562919683055359
0.8562908962271388
0.8562914761663187
0.856289982164004
0.8562908970274137
0.8562901786171329
0.8562890727121415
0.8562879263186143
0.8562871353821475
0.8562854437876714
0.8562834299439588
0.8562822485886608
0.8562836681910023
0.8562837468770608
0.8562852064333537
0.8562877144777034
0.8562908197594726
0.8562937321143648
0.8562959047440362
0.856297871053589
0.8563005233063322
0.8563046274010597
0.8563096114177563
0.85631267361273
0.8563159164460409
0.8563188519688556
0.8563198778708756
0.8563195789432156
0.856319313019572
0.8563196505183078
0.8563192869413059
0.8563194641526073
0.8563199876920558
0.8563207919440993
0.8563211879866923
0.8563211428589467
0.8563205442206996
0.8563210065071303
0.8563203842101562
0.8563208811173051
0.8563193998162192
0.8563180285787952
0.8563175486262683
0.8563159052021903
0.8563136024888035
0.8563126760826265
0.8563141050726428
0.8563143890641033
0.8563127182459425
0.8563124984301682
0.8563108350685112
0.8563108396830854
0.8563120523590317
0.856313395932289
0.8563139987409911
0.8563138936120647
0.8563139586648376
0.8563148859697662
0.8563164850346073
0.8563179740214477
0.8563196958760158
0.856320553627997
0.8563207675857023
0.8563215928654528
0.856322463734182
0.8563236421422165
0.8563244811157094
0.8563228911820407
0.8563228486009319
0.8563228484656722
0.8563241736260846
0.8563252943826825
0.8563268778152249
0.8563253550208344
0.8563250769167685
0.8563242186767982
0.856323188683613
0.8563230537216115
0.8563243452161375
0.856326324938504
0.8563291068634872
0.8563294339319103
0.8563289666625666
0.8563266941778298
0.8563257181726392
0.8563261842867538
0.8563278085952932
0.8563310341477107
0.8563324966587991
0.8563339921192522
0.8563358995832003
0.8563380382312469
0.8563378889366601
0.8563372517007891
0.8563359568578955
0.8563350758030068
0.8563352862753099
0.8563376905415693
0.8563401961865493
0.8563420426261604
0.856343128154375
0.8563443577910607
0.8563462802509969
0.8563482528450557
0.8563499331238756
0.856349973703198
0.8563503566389337
0.8563510501206509
0.8563517551935561
0.8563521721147088
0.8563534284059451
0.8563568436810498
0.8563605465558511
0.8563630247699523
0.8563639878625438
0.8563644771015113
0.8563644908469482
0.8563653738259442
0.8563664886862495
0.856367365305363
0.8563687696581137
0.8563697260166497
0.8563705176305004
0.8563719908537457
0.8563718264564183
0.8563716649497645
0.8563732322253335
0.8563767075204338
0.8563787685647072
0.8563798165534725
0.856380399578998
0.8563811061401596
0.8563819789293886
0.856384196899713
0.8563848718878201
0.8563838721999136
0.856383568436094
0.8563823593700776
0.8563808506300609
0.8563803704125446
0.856382384916275
0.8563841881924747
0.8563870552046051
0.856388802844761
0.8563886973489326
0.8563884871832009
0.8563885907728277
0.856389387680941
0.8563904433023958
0.856392529113964
0.8563950854200449
0.8563960035804024
0.8563968556992597
0.8563985919791542
0.8564008944466298
0.8564026151272638
0.8564028842191829
0.8564015273391138
0.8563998123595267
0.8563987244713939
0.8563976332552543
0.8563988160173036
0.8564005652360439
0.8564019378021402
0.8564034988871909
0.856403290936688
0.8564036680086663
0.8564048128292785
0.8564054980407997
0.8564057892137829
0.8564079074143116
0.8564102570607229
0.8564114072900617
0.8564125904215948
0.856414415740197
0.85641387841404
0.8564138502132803
0.8564150233812197
0.8564158391174002
0.8564166604163166
0.8564163773695291
0.8564151208722938
0.8564151600019092
0.8564143935284905
0.8564128069957192
0.8564113822461095
0.8564118683617632
0.8564129383306202
0.8564137281931901
0.8564148719993658
0.8564154322549562
0.8564155956005153
0.8564170976199602
0.8564185023890166
0.8564202887354818
0.8564228913044019
0.8564245339752136
0.8564262785783486
0.8564270593518044
0.8564261734807909
0.8564244683025648
0.856423716200438
0.8564239349703703
0.8564245973094582
0.8564248982622962
0.8564246377071336
0.8564233696899715
0.8564241512970272
0.8564252130243826
0.8564255297481246
0.8564260315939988
0.8564272129391934
0.8564282522245614
0.8564295739045331
0.8564306010129422
0.8564308970693497
0.8564310839488807
0.8564323451073885
0.8564342264788409
0.8564352286303395
0.8564353313484543
0.8564372829875074
0.8564395492671484
0.8564404277323178
0.8564401331493315
0.8564414037120703
0.8564432600383842
0.8564436302255133
0.856444176589131
0.8564438297695178
0.8564439884637558
0.8564434918024197
0.8564460620662667
0.8564471702569552
0.8564488211719816
0.8564511210902572
0.8564523812374528
0.8564511244084675
0.8564500481499997
0.8564499764724793
0.8564495432945793
0.8564493874703064
0.8564495250986419
0.8564487618694419
0.8564477864288003
0.8564482213051687
0.8564498702504594
0.8564489325536924
0.8564466576455751
0.8564440915623521
0.8564431370412919
0.8564422788873838
0.8564412632119243
0.8564410164566651
0.8564392344846924
0.856438318463849
0.8564373621398186
0.8564362415641856
0.8564361444912177
0.856435706727268
0.8564349418684593
0.856435653306669
0.8564364145217551
0.8564369182197341
0.856436781451536
0.8564341658818778
0.8564336640184231
0.8564344176673298
0.8564347932469343
0.8564359684318239
0.8564372009559962
0.8564373698188597
0.8564359644691454
0.8564353900278933
0.8564343636453472
0.8564346892973371
0.8564351309192196
0.8564349480801167
0.8564333503556502
0.8564310256006258
0.8564298413667523
0.8564287169220401
0.856424394884201
0.8564228338564466
0.856421178560354
0.8564198476876815
0.8564200869244101
0.8564194928633806
0.8564183782183535
0.8564170775282265
0.8564160528655639
0.8564154375203307
0.8564148648157401
0.856416035153105
0.8564169628941986
0.8564178639020962
0.8564164347170047
0.8564149179811585
0.8564146143726298
0.8564148373500622
0.8564128324628991
0.8564116096380398
0.8564127903962148
0.8564131931722981
0.856413055503342
0.8564139749801647
0.856416078242627
0.8564167029577873
0.8564167121942509
0.8564173422257678
0.856419137624335
0.8564206558205355
0.856421868129032
0.8564229792180712
0.8564218083330052
0.856418929342599
0.8564178755910216
0.856418607708696
0.8564191760369967
0.8564192089995143
0.8564205922093632
0.856422719766567
0.8564236023064755
0.8564246459418589
0.8564249390076344
0.8564228380636324
0.8564208121277088
0.8564213077908399
0.8564233880628485
0.8564230528158001
0.8564220536885084
0.8564199737163125
0.856417435050343
0.8564164434252232
0.8564164894082725
0.8564177114989867
0.8564177160398952
0.8564183589728974
0.8564169674643767
0.8564151009015736
0.8564141800937716
0.8564107008544569
0.8564082391543925
0.8564082203675749
0.8564097252504066
0.8564099333781071
0.8564085687073272
0.856407893067646
0.8564079328392193
0.8564079957542953
0.8564084041397272
0.8564085509336649
0.8564083021749753
0.8564068517913305
0.8564052629608098
0.8564057572418543
0.8564057155451386
0.8564051731776311
0.8564034609820389
0.8564028369255812
0.856403460196101
0.8564065325651323
0.8564110892169157
0.8564120700032635
0.8564131554049498
0.8564131082888096
0.8564113782083855
0.8564108940046694
0.8564106762665568
0.8564113518470577
0.8564137055306623
0.8564147124411916
0.8564148571929207
0.8564139007056302
0.8564127480005602
0.8564148146311115
0.8564174856034209
0.8564189955306483
0.856419283640879
0.8564199409857881
0.856419087510305
0.8564186414819659
0.8564187302609334
0.8564205883247838
0.8564209609039906
0.8564195596812815
0.8564186750822677
0.8564183616280767
0.8564208665560652
0.8564221741208429
0.8564215090317792
0.8564204674578041
0.8564212159829612
0.8564217436239955
0.8564211843923903
0.8564199335963141
0.8564183412216209
0.8564158895689987
0.8564141417997042
0.8564153696309762
0.8564155654461382
0.8564165560178563
0.8564161275725631
0.8564145441531339
0.8564131021979166
0.8564120808734121
0.8564121572787193
0.8564113210851635
0.8564102433199863
0.8564098578107964
0.8564080859659888
0.8564058991084862
0.856404732301467
0.856405505405004
0.8564082489932026
0.8564112415939423
0.8564115778462421
0.8564115014134421
0.8564112407300041
0.8564115159274736
0.856412105104534
0.8564127109461652
0.8564128742296913
0.8564140586994199
0.8564147876459915
0.8564173991073163
0.8564191765924424
0.8564192055747742
0.8564180715949943
0.8564185375713826
0.8564196544360633
0.8564204801391145
0.8564211699766695
0.8564221078737517
0.856421699234669
0.8564212222963452
0.8564219421142533
0.8564225488537807
0.8564220271869446
0.8564214557614285
0.856420740763719
0.8564197582801703
0.8564212318086559
0.8564242829665979
0.8564256195782293
0.8564265755107026
0.8564244078608515
0.8564220270275523
0.8564205959981408
0.8564186682689594
0.8564176735354734
0.8564171105637819
0.8564162524788447
0.8564149600389704
0.8564133169080508
0.8564121583640755
0.8564113310771243
0.8564099411692117
0.8564087025318681
0.8564089763579139
0.8564096410534721
0.8564100342841516
0.8564088819155764
0.8564081087731047
0.8564072479322529
0.8564060835205053
0.8564047178619206
0.8564040135792366
0.8564031085260922
0.8564029503619135
0.8564031814428616
0.8564030430751245
0.8564007405867189
0.8563996679155587
0.8563997885637828
0.8563997414578768
0.8564002103938853
0.8564014105748453
0.8564018051311323
0.856402608639645
0.8564026594262748
0.8564028208639288
0.8564031325324369
0.8564034559727172
0.8564042724801112
0.856403777179065
0.8564033175031228
0.8564036364196993
0.856403677554521
0.8564048157468829
0.8564062537217932
0.8564073719375447
0.8564075336931134
0.8564071318881118
0.8564082606582558
0.8564094238412252
0.8564087249534085
0.8564092733552744
0.8564081833985748
0.8564074903572847
0.8564076590422209
0.8564049843920426
0.8564025944426672
0.8564003647923596
0.856400243642346
0.8564005051590932
0.856400208690986
0.8564006779885236
0.8564009301514758
0.8564022164921067
0.8564014383815083
0.8563992529925532
0.8563960750967227
0.8563940926462433
0.8563941321933131
0.8563954491720547
0.856396959618509
0.8563966438510627
0.8563956535897312
0.8563955162737072
0.8563964692423108
0.8563956687119035
0.8563960578373577
0.8563954577328413
0.8563936641760197
0.8563919620679913
0.8563913172713901
0.856391320355414
0.8563907228253573
0.8563910279179415
0.8563911821685044
0.8563885692337718
0.8563863326525633
0.8563846741975552
0.8563834484457344
0.8563835256893565
0.8563839912162656
0.8563829196181469
0.8563821121661559
0.8563820433075906
0.8563813974414366
0.8563790693108634
0.8563781540485847
0.856379360023238
0.8563800748121104
0.8563805070988663
0.8563792552398155
0.8563787587142171
0.8563769955372751
0.856376098377831
0.8563752574621902
0.8563738181413022
0.8563722179952042
0.8563715831739702
0.8563714984370517
0.8563708658243152
0.8563698256380257
0.8563692914441122
0.8563685919503977
0.8563692019914804
0.8563693147054392
0.8563694695965399
0.8563697864589124
0.856369857340747
0.8563698040143272
0.856369808433245
0.8563698002901105
0.8563694501813257
0.8563689935519707
0.8563668934828037
0.8563661792985291
0.8563660262872379
0.8563653890270543
0.8563638092564299
0.8563623644118166
0.8563605018689298
0.8563598219489815
0.856360525384682
0.8563607755187194
0.856360335482461
0.8563590863712033
0.8563571393039112
0.8563554246571866
0.856353492025718
0.8563532113599488
0.85635157027728
0.8563500454621353
0.8563502810450957
0.8563501376467278
0.8563506523478841
0.8563502830205825
0.8563510661594249
0.8563512399378898
0.8563512727206949
0.8563518225207941
0.8563526913101136
0.8563538608869616
0.8563547261729806
0.85635525030916
0.856354823224431
0.8563545224142857
0.8563552879809541
0.8563566038610745
0.8563588201800465
0.8563603742426323
0.8563618989692672
0.8563633174645354
0.8563639329496471
0.8563671806399981
0.8563688067706036
0.8563693247263875
0.8563697931530828
0.8563707140464765
0.8563715278579251
0.8563702586090116
0.8563693403629842
0.8563694268177834
0.8563687921141634
0.856369509491807
0.8563698268395052
0.8563701434127128
0.8563700060072431
0.8563697960551839
0.8563690464488859
0.8563674274559818
0.8563670133836903
0.856367454636747
0.8563680035135518
0.8563690037996315
0.8563696025484852
0.8563692757545657
0.8563682739910243
0.8563695213775459
0.8563705091827832
0.8563711287092666
0.8563726456697671
0.8563739388832093
0.856373352946348
0.8563737447680214
0.8563740181965283
0.8563745124190919
0.8563756400283687
0.8563769310728563
0.8563786537436463
0.8563795418593384
0.8563806834416987
0.8563814332426287
0.8563824566137141
0.8563833023695577
0.8563839923453707
0.8563846102191318
0.8563841077905786
0.8563842510798175
0.856385106784527
0.85638689705712
0.8563872884153336
0.8563868383585345
0.8563879991900246
0.8563895225400876
0.8563893516418118
0.8563903716744943
0.8563915097290857
0.8563924472374028
0.8563939249646382
0.8563952583736546
0.8563962132418304
0.8563964108933573
0.8563962016235819
0.8563953681673036
0.8563944982327543
0.8563930577495956
0.8563927710916814
0.8563926227360261
0.8563932285046884
0.8563940781151905
0.8563945961350995
0.8563955250490912
0.8563956250992115
0.8563959321618031
0.856396142452944
0.8563956591020851
0.8563951655535909
0.8563950990612245
0.8563956030234026
0.8563973981435729
0.8563998190124289
0.8564010131237733
0.8564014377099101
0.8564002819265227
0.8564003436661612
0.8564008484008007
0.8564018335767557
0.856402921330619
0.8564022364424035
0.856401148434722
0.8564008240793511
0.8564016945249588
0.8564025173310602
0.8564033232427954
0.8564035005392386
0.8564025925505644
0.8564018812683661
0.8564020241033357
0.8564022227507178
0.8564026565251421
0.8564036501384532
0.8564047316743947
0.8564054073146089
0.8564081673180881
0.8564108553330235
0.8564139435171809
0.8564158234988959
0.8564161804419995
0.8564182210502804
0.8564195087410166
0.8564196646208351
0.8564189998937549
0.856420472465896
0.8564215470845389
0.8564209022183705
0.8564207927466678
0.8564216146492318
0.8564227031832161
0.8564230959363898
0.8564234636849655
0.856423834984539
0.8564238871500242
0.8564222543606264
0.8564203299682206
0.8564190153053327
0.856418168505654
0.8564186982989963
0.8564171003470195
0.8564157415262967
0.8564147294698917
0.8564137500398427
0.856413930572295
0.8564133552526405
0.8564141698277067
0.8564142309789418
0.8564128724943489
0.8564121244297468
0.8564120707636754
0.856412595239114
0.8564133302882773
0.8564134561146077
0.8564130899070104
0.8564117438169219
0.8564107450095274
0.8564099888457422
0.8564103852206837
0.856410706242172
0.8564107411569273
0.8564097901511276
0.8564090145129133
0.8564075414003957
0.8564090052277088
0.8564111667988377
0.8564121077751814
0.8564142066781186
0.8564162781767914
0.8564179446466712
0.8564191768114144
0.8564199504741343
0.8564212694251611
0.8564216216146592
0.8564202226906711
0.8564185093913183
0.8564181068706438
0.8564167306662755
0.8564159722056817
0.8564172456342091
0.8564171162401788
0.8564164487878588
0.8564162361953535
0.8564173870681315
0.8564182118353861
0.8564191035556836
0.8564200346784314
0.8564208258413458
0.8564220668170786
0.8564235403013449
0.8564250049762752
0.8564262818961947
0.8564249861405798
0.8564260694895378
0.8564255305377972
0.8564247044794073
0.8564246748076664
0.8564252182702834
0.8564262939100902
0.8564271318293849
0.8564271455290104
0.8564273508511746
0.8564270105186502
0.8564262317148068
0.8564267256712564
0.8564276173762623
0.8564276229579633
0.856428365917209
0.8564295963326193
0.8564319349321835
0.8564331961248666
0.8564323040382326
0.8564326337207554
0.8564341808801545
0.8564339691688818
0.8564338492715539
0.8564341889842525
0.8564340011202896
0.8564336109878183
0.8564335978710793
0.8564347065561924
0.8564354377306358
0.8564336600634657
0.856432422170326
0.8564319278545582
0.8564323772975537
0.856431259540386
0.8564306218329322
0.8564299787484119
0.8564291094302872
0.8564276408194823
0.8564256729497676
0.8564235051192887
0.8564221153283675
0.8564216802906903
0.8564214895896863
0.8564219783658882
0.8564231895715868
0.8564228276374963
0.856422934207412
0.8564230215213573
0.8564237199593405
0.85642615009481
0.8564289966458237
0.8564292228137627
0.856429954471043
0.8564289930170624
0.8564284854006646
0.85643051334016
0.8564317992514403
0.8564325732585654
0.8564334241770709
0.8564333596801158
0.8564344007222692
0.856435456490839
0.8564353395690747
0.8564353928646558
0.8564356515400565
0.8564363367393528
0.856435831265785
0.8564348276926158
0.8564348480050133
0.8564334397528184
0.8564316950455885
0.8564300120339738
0.8564295758308652
0.8564302514835307
0.8564308721703368
0.856432282375736
0.8564323573866172
0.8564329552644029
0.8564325366785703
0.8564311239334417
0.8564313862670881
0.8564325224878561
0.8564338597703111
0.856432632593869
0.8564322424688937
0.8564306956333487
0.8564306107198362
0.8564323073701512
0.8564335341626933
0.8564352115378233
0.8564364753804967
0.8564362931059438
0.8564360977151335
0.8564369048710128
0.8564363688017425
0.8564372346118123
0.8564374320860116
0.8564354542880155
0.8564348069810899
0.8564342951019122
0.856431701605676
0.856431642203628
0.8564321654924842
0.8564308913205632
0.8564298701969927
0.8564294740083223
0.8564274915465666
0.8564257630463334
0.8564258354541624
0.8564258761091136
0.8564250960784067
0.8564254981156139
0.8564254686751838
0.856424657574196
0.8564263723991584
0.8564284148658584
0.8564310677421921
0.856433894701798
0.856435471727291
0.85643648109572
0.85643723845758
0.8564378743477421
0.8564379683771925
0.8564355916863227
0.8564319776765695
0.8564294551495627
0.8564288298540534
0.8564273553365639
0.8564260934570458
0.8564238908706137
0.8564221808919685
0.8564211053416192
0.8564220055589462
0.8564235785485736
0.856422864224251
0.8564231648532231
0.8564236264568291
0.8564231478861272
0.856425040019951
0.8564286308222252
0.8564320465118811
0.8564343975027728
0.8564365819691323
0.8564377433481714
0.8564384102571837
0.8564385727590547
0.8564401308430579
0.8564441782164708
0.8564480871251089
0.8564516620559994
0.8564546374957991
0.8564561529731773
0.8564563386691291
0.8564568292627159
0.8564589573383665
0.8564575993705201
0.8564560928867262
0.8564555757172413
0.8564553736531472
0.8564569927007604
0.8564577345799944
0.8564573171110988
0.8564564974387396
0.8564558737369151
0.8564554773867581
0.8564545358852674
0.8564537071209056
0.8564527367795592
0.8564534068672482
0.8564549435512814
0.8564559666918828
0.8564573004087498
0.8564575877334084
0.8564590409415772
0.8564614112037794
0.8564627096081845
0.8564635521784253
0.8564654307515911
0.856466278307906
0.8564667775554091
0.8564672780588533
0.8564676010652194
0.8564657970297529
0.8564636258902969
0.8564638229768018
0.8564628943924781
0.8564603435891465
0.8564588360957268
0.8564591788974544
0.8564614858282275
0.8564634130464932
0.8564649792921335
0.8564646655377925
0.8564638476348082
0.8564628865503373
0.8564634449255847
0.8564657804642112
0.8564677479872376
0.8564685850368491
0.8564700418319412
0.8564705137982042
0.8564687031970942
0.8564673842710608
0.8564656985943613
0.8564648196935399
0.8564645097428154
0.8564646492271053
0.8564667476167547
0.8564660179404497
0.8564650047670589
0.8564655532851786
0.8564660613064564
0.856465370704532
0.856464779133602
0.8564635756705888
0.8564627515117216
0.8564625712748383
0.8564612632039845
0.856459341495594
0.8564565424295547
0.856452829976135
0.8564500896960815
0.8564487226751711
0.8564490287442122
0.8564499614341404
0.8564516991074608
0.8564528496469815
0.8564533476629437
0.8564542768130667
