0.5136602455055577
0.5873296073576267
0.6123053790550683
0.6283157557161922
0.6419312630315918
0.6500409185994215
0.6593701903460969
0.6674118626971985
0.6741689965065405
0.6791022655132442
0.6840705149539357
0.6875471415703928
0.6923441540252692
0.6959549454696186
0.7021786330619848
0.7077886456127126
0.712414834742546
0.7161920667793568
0.7206023507047388
0.725824805354843
0.7297198977870227
0.7335142864018591
0.7370192741012986
0.7397673802923529
0.7428238521383801
0.7451069872289073
0.7467976060936653
0.7483824098696984
0.7512777579123835
0.7534006499570893
0.7550693268310474
0.7568860966262944
0.7581665172987025
0.759749255659215
0.7613272749084012
0.7628486505826472
0.7644307380017007
0.7659052155753877
0.7672199194421295
0.768349661017428
0.7695846501471364
0.7709567440164934
0.7721600226758213
0.7731405125270717
0.7737954464178096
0.7745179993872677
0.7752562792007944
0.7761238092980998
0.7768278691511328
0.7775841164581612
0.7786494751745204
0.7797742272908397
0.7808681486628201
0.7821302359074787
0.7832794296378347
0.7842126867380514
0.7851233335021327
0.7863270956338826
0.7876834916928093
0.7890699119606298
0.7902469034808056
0.7913146280455083
0.7921840818892584
0.7929500745475653
0.7938999710900602
0.7949156726232781
0.7957856134092763
0.796433390984009
0.7972467035504527
0.7979888226271008
0.7985722984980904
0.7991647292724582
0.7998472124805394
0.8004016139189484
0.8009314275006105
0.8012556633715201
0.8020118238240206
0.8026814176421626
0.8033725874249045
0.8042119224446621
0.8050502443849854
0.8057078314882181
0.8063437481008997
0.8069625041063174
0.8075117109906361
0.8080355461857133
0.8085094091881988
0.8090723381948982
0.8098726098557287
0.8105346457753195
0.8112951924662163
0.8118411738131538
0.8123004198842523
0.8127644021555157
0.8129775655181611
0.813258893102617
0.813674384086346
0.8139877235266075
0.8144339454501835
0.8148192155875014
0.8152435772084835
0.8156214403437952
0.8159522492049208
0.8161710029418733
0.8165439533890053
0.8169272188213854
0.8172723286124711
0.8175623109593111
0.8179392057530624
0.8181541683626891
0.8184830599448147
0.8188395229377438
0.8191471616341259
0.8195393013944342
0.8199525468766025
0.8202462071502603
0.8205686998628663
0.8208733951254669
0.8211211999189292
0.821419051201418
0.8217915542975366
0.8222746650180877
0.82257220633594
0.8227525588239898
0.8230183847673319
0.8233702114650469
0.8236000369659409
0.8237927063656008
0.8240626815643981
0.82428803994418
0.8245248061899704
0.8248339871843732
0.82509746050033
0.8253861193695616
0.8257395402437973
0.8261574188312979
0.8265904706566269
0.8269977353312437
0.8273327582093719
0.8276741957963621
0.8279412308313645
0.8281644982560495
0.8284285567251957
0.8287417313796069
0.8290730828994111
0.8293737344470135
0.8297791714129834
0.8301038824666311
0.8303952233293939
0.8305697412658251
0.8307262759036098
0.8308957520356465
0.8312028880419072
0.8315385881370392
0.8317894173617114
0.8320278794046562
0.8323032031183591
0.8325448112271597
0.8328802503488252
0.8331614132485277
0.8334508409484288
0.833805074851689
0.834089609283356
0.8343171280740759
0.8345844291950605
0.8348766346253332
0.8351390178060253
0.8353866120891684
0.8356141516067872
0.8358991792371109
0.8361601660846394
0.8363866833731671
0.8366212689020623
0.8369052730798301
0.8372484236543967
0.8374442386860147
0.837658876611006
0.8378840734849956
0.8380837524114046
0.8383745784341916
0.8386324287865515
0.83886667730836
0.8390926692338981
0.8393243075596453
0.8395715375754433
0.8397753675308244
0.8399867840313205
0.840224448936452
0.8404734555290774
0.8407501009944364
0.8410523085501953
0.8413578109480107
0.8415461454414411
0.8417968102778959
0.8420164221331782
0.8422283482105763
0.8424015887956451
0.8425329475578128
0.8427048219869814
0.8428489541452923
0.8430273297958149
0.8431959731785815
0.8433654917315577
0.8435059612837338
0.8436185540767294
0.8437539898429005
0.843901066237235
0.844060063451096
0.8442047049719871
0.8443722349079933
0.8445723382490475
0.8447368458568838
0.8449249801040771
0.8451062616600697
0.8452752239301641
0.8454465212190124
0.8456199412260833
0.8457659565408787
0.8458942190937238
0.8459963281358837
0.846077840414508
0.8462340862314114
0.8463952219224316
0.8465150204840468
0.8466992783000038
0.8468570084225004
0.8469439599009734
0.847045229783212
0.8471840192786969
0.8473365950564014
0.8474752566181638
0.8476524973008291
0.8478627959823549
0.8480853222178553
0.8482748894041761
0.8484183078683101
0.8485675691363667
0.8487431408527432
0.8488833631109639
0.8490178485467351
0.8491498165992452
0.8492281862169794
0.8493350531281064
0.8494893531230686
0.8496075309016765
0.8497098082042499
0.8498229061145105
0.849953695513565
0.8500543655970555
0.8501564823500604
0.8502755080883568
0.8503736902732224
0.8504864872108323
0.8505571959244548
0.8506035387144174
0.8506987593430965
0.8507791813802965
0.8508706005492163
0.8509610836916954
0.8510573172400089
0.8511970789550052
0.8513215636331674
0.851419923413302
0.851483736266488
0.8515808141658047
0.851685157979494
0.8517890031152893
0.8519565864474601
0.8520694641497828
0.8521265334590699
0.8521737306348516
0.8522593810333972
0.8523442795499453
0.8524247107650996
0.8525077794240824
0.8525988489707229
0.8526794217052123
0.8527814642116236
0.8528588705395534
0.8529111123591164
0.8529986831858205
0.8531090064465912
0.8532648071071816
0.8533889032163374
0.8535015077535084
0.8536210515356081
0.8537448415556418
0.8538751629158515
0.8539840607993545
0.8540202921019522
0.854092790999218
0.8541728090032076
0.8542162279598092
0.8542910242799744
0.8543652065272545
0.8544085519241362
0.8544781278767848
0.8545517495248887
0.8546247379199627
0.8547076514365943
0.8547736831737632
0.8548198000592007
0.8548737810762261
0.8549316677014143
0.8549994268863907
0.8550394005243857
0.855058240018996
0.855131836259193
0.8551996428128297
0.8552157687407841
0.8552335625469869
0.8552944405372418
0.8553289876654208
0.8553388519756605
0.8553607088799288
0.8553987566866769
0.8554465910116181
0.855504671109571
0.8555953033093254
0.8556496210693415
0.8557272657297662
0.8558016480035046
0.8558783937438987
0.8559680405750574
0.8560408688069128
0.8561251187434897
0.8562256628187576
0.8563230900087808
0.8564207788307793
0.8564661328628937
0.8565075271644514
0.8566008047918711
0.8566812435310835
0.8567370150050666
0.8568216982898331
0.8569241108006017
0.8570056038250168
0.8570952055434066
0.8571950247587904
0.857283488442268
0.8573631801409342
0.8574220399480386
0.8574921120763584
0.8575578851620418
0.8576088996825691
0.8576811333954469
0.8577464818371116
0.8578331224585936
0.8578962940893885
0.8579504698696453
0.8580221516039843
0.858095698586184
0.8581421537442107
0.8581911993255043
0.8582716083571186
0.8583323103019991
0.8583880599053194
0.8584402048979889
0.8585277101319511
0.8586304552604798
0.8586871208254312
0.8587433377631284
0.8588135622373138
0.8588832445466614
0.8589580287585444
0.8590039764239332
0.8590545379933106
0.8590977079416775
0.8591262654248448
0.8591727543650898
0.85922057740604
0.8592555782335891
0.8592964497537097
0.8593512039193931
0.8594278429784853
0.859494426688833
0.8595412109948644
0.8595625626897453
0.8595784224983669
0.8596101664365529
0.8596416213115768
0.8596753633704824
0.8597166348327436
0.8597522372224647
0.8597610327881683
0.8597518373761254
0.8597602613361527
0.8598074692307783
0.8598470410227307
0.8598615000035882
0.8598952236144517
0.8599514238658126
0.8599766340138612
0.8600118180944162
0.8600343325142144
0.8600684094547658
0.8601099104023869
0.86012143711403
0.8601221058139134
0.8601443670695869
0.8601819751757055
0.860199506965186
0.8602138857312448
0.8602200386551315
0.8602360831695363
0.8602625360853476
0.8602951567582501
0.8603353573764834
0.8603631244135193
0.8603985234644126
0.8604267040037029
0.8604324139498971
0.860436677284064
0.8604537318977906
0.8604747699107879
0.8604926752608073
0.8605035649718938
0.8605003700000033
0.8605080157559479
0.8605387643581798
0.8605872844598296
0.8606023803222173
0.860610805725354
0.8606341057750199
0.8606570953666699
0.8606617755316672
0.8606439663521115
0.8606480167156327
0.8606795955644263
0.8607055828218431
0.8607469601304291
0.8607750853325176
0.8607960028975878
0.8608328561912931
0.8608714651214019
0.8609051311115006
0.8609370820550172
0.8609564737207759
0.8609674513382098
0.8609937738296948
0.8610096123562098
0.8610095276692281
0.8610159679678596
0.8610545945392526
0.8610850266756617
0.8610980199702314
0.861076927946672
0.861068330384451
0.8610552736852581
0.8610502175470349
0.8610532204781132
0.8610367317658377
0.8610347825570446
0.8610542336814905
0.8610816365132454
0.861098887888563
0.8610853885189003
0.8610765983830565
0.861094201519859
0.8611362999266318
0.8611743680464297
0.8612025053332183
0.8612267045590029
0.8612360754468716
0.8612453922440151
0.861273283831358
0.8612919191797433
0.8613297174110764
0.8613754019653961
0.8613863315177464
0.8613896638072862
0.8614114209263577
0.8614329098789256
0.8614437887121411
0.8614532890169276
0.8614532706306949
0.8614461481574222
0.8614686963973694
0.8614979468052107
0.8615268789696344
0.861549861419703
0.8615637802414673
0.8615684059839686
0.8615770979966976
0.8616122049691148
0.8616518240274817
0.861684832602878
0.8617420503634331
0.8617879525171084
0.8618221185414086
0.8618595916877253
0.8619088568210264
0.8619598603570713
0.8620049708289609
0.8620506844707286
0.8621023781538782
0.8621313891229953
0.8621618312899617
0.8621805602248457
0.8622039090518359
0.8622299529401172
0.8622443436222751
0.862281502716506
0.8623137684987889
0.8623330711276272
0.8623266404824002
0.8623205386839681
0.8623462361824528
0.8623646157228841
0.8623883527964511
0.862422658137061
0.8624527936144455
0.8624756836887222
0.8625059278368518
0.8625376318490102
0.8625719488319149
0.8626089026065734
0.8626550277439775
0.8627065265300325
0.8627546375253853
0.8627803178973222
0.8628222004081127
0.8628724200917612
0.8628973545825934
0.8629205323578301
0.8629447931014029
0.8629488286271506
0.8629524195164677
0.8629725551586651
0.8630013027480876
0.8630226540876031
0.8630522373723992
0.8630778114699753
0.8631011222631355
0.8631287973913403
0.8631479129395503
0.8631638651413727
0.8631839889184932
0.8631950231226242
0.8632079287227657
0.8632178270706632
0.8632343369371371
0.863247736801372
0.8632653133329297
0.863305984427538
0.8633388355565103
0.8633659804839411
0.8633944632068422
0.8634251676910012
0.8634430784593468
0.8634357027046676
0.8634587054221443
0.8634826901253073
0.8635054566288655
0.8635371872459296
0.8635677103174535
0.8635973587280606
0.8636203042926441
0.8636356894423194
0.8636600728731537
0.8636905038740759
0.8637111932319628
0.8637393128322615
0.8637690254751426
0.8638018840142104
0.8638068335812834
0.8638215584595208
0.8638489899958761
0.8638735158908949
0.8639104485307986
0.8639484239002262
0.8639685245682062
0.8639939612531891
0.8640165281121056
0.8640363523021681
0.8640524243662071
0.8640703045363951
0.8640938257267841
0.8641260742901931
0.8641679120439706
0.8642037015820483
0.8642326371798219
0.8642428757221208
0.8642606967771643
0.8642752819605284
0.8642953757990254
0.8643342034222968
0.8643622605568454
0.864378283848879
0.8643913127797688
0.8644118929710355
0.8644201298448194
0.8644374411930282
0.8644374838055183
0.8644440097554373
0.8644565659899834
0.8644857693814476
0.8645154176573125
0.8645367633885017
0.8645454484985723
0.864559308065208
0.8645741219331019
0.8645814760234926
0.864596126943651
0.8646116364711633
0.8646372380592338
0.8646517245587887
0.8646691377098813
0.8647001316551921
0.8647292825446812
0.8647574889017714
0.8647697845689908
0.864772214742485
0.8647934411262036
0.8648161073197392
0.864838637674712
0.8648553692016817
0.8648748086264115
0.8648856508431281
0.8649152082647739
0.8649472030567565
0.8649588378077394
0.8649853312269361
0.8650132723535087
0.8650348294229337
0.8650569058810171
0.8650689033723343
0.8650727451895526
0.8650756683841402
0.8650805016134684
0.8650976794720768
0.8651219239091941
0.8651346926382935
0.8651478406620646
0.8651457472739056
0.8651468317719335
0.8651615206093426
0.8651645031025347
0.8651854124454198
0.8652114448676187
0.8652271322487977
0.8652371798246873
0.8652424002401309
0.8652440531160364
0.8652375764491808
0.8652315770576811
0.8652195664832831
0.8652257588889095
0.8652460863030496
0.865254409681515
0.8652630826534078
0.8652734116077669
0.8652774233133173
0.8652714427716022
0.8652527747482829
0.8652386924090835
0.8652548225638346
0.8652672804576613
0.8652591972207806
0.8652557698822191
0.8652576689049684
0.8652557076865826
0.8652643156278887
0.8652912068050451
0.8653238629603228
0.8653397902215397
0.8653612740729071
0.8653723494019964
0.8653830741705372
0.8653777788299898
0.8653514189892685
0.8653358345886227
0.8653329485484123
0.8653506685975185
0.8653743464091421
0.8653837612307338
0.8653909451855751
0.8653884631019529
0.8653951165811906
0.8653947662772292
0.8653978293144713
0.8654014438305396
0.8653996055102495
0.8654136443654076
0.8654219174438836
0.8654368122076007
0.8654657055227637
0.8654900468742968
0.8654971640911052
0.8655135707388923
0.8655321282140386
0.8655448436338645
0.8655545346178624
0.865563352968113
0.8655710582713336
0.8655746839481938
0.8655730367404477
0.8655953233375004
0.865597109986051
0.86559044863225
0.8656079149338214
0.8656329066148907
0.865648360643206
0.8656640616738349
0.8656736074636042
0.8656756753541458
0.8656906837700293
0.8657011774106232
0.8656904166398847
0.8656714510278015
0.8656824620312212
0.8656936143534051
0.8656942613330769
0.8657062453275798
0.8657093555381659
0.8657122780231579
0.8657268807292104
0.8657306730465479
0.8657399320381433
0.8657497441872022
0.8657532384110247
0.8657649715050876
0.8657854038331716
0.8657932353518393
0.8658027525234263
0.865806813599214
0.8658052571431826
0.8658089012468727
0.8658154430251944
0.8658401187932421
0.8658627723621409
0.8658848148838503
0.8659084274725113
0.8659213287407438
0.8659302734455112
0.865939297952263
0.8659501734106702
0.8659703111629885
0.8659868567043647
0.8659992075045975
0.8660190988300055
0.8660318488527143
0.8660462006000531
0.8660566480151319
0.8660612152962273
0.8660717051343667
0.8660809881515519
0.866084253745937
0.8660991131382701
0.8661083598714744
0.8661137648814132
0.8661200615432615
0.8661330993541388
0.8661414227069556
0.8661479716413012
0.866163369788029
0.8661803831790806
0.8661989333779485
0.8662122772715536
0.8662279231583644
0.8662404294980678
0.8662512925470671
0.8662568350081524
0.8662654379197555
0.866276019135394
0.8662825335593485
0.8662830666322401
0.8662859933416849
0.8662869673506132
0.8662950979784074
0.8663045244982847
0.8663089180202335
0.8663213720014923
0.8663294372667559
0.8663301485891816
0.8663230788065651
0.8663147856577986
0.8663188128491741
0.8663297420041386
0.8663438180499768
0.8663544198942219
0.866346724243048
0.8663383240482158
0.8663348758584701
0.8663359055654457
0.866335504916674
0.8663307849464716
0.8663241036880382
0.8663089694929224
0.8662987555949004
0.8662957971481899
0.8663003751537459
0.8662940881259632
0.8662784164399819
0.8662708748520337
0.866273129474192
0.866277237233712
0.8662774659028285
0.8662713752068014
0.8662710440798611
0.8662746970986576
0.8662713210454683
0.8662699221233482
0.8662663505715132
0.8662653618216741
0.8662660370679754
0.8662704770476727
0.8662838954723308
0.8662877143438152
0.8662858238394405
0.866287105014421
0.866289693960645
0.8662996837163511
0.8663041285216903
0.8662992199691157
0.866293972289166
0.8662952323335914
0.8663015725286703
0.8663124122661658
0.8663235745496626
0.8663372534040508
0.866345970167172
0.8663579086471694
0.8663764593699979
0.8663849939783236
0.8663906963996529
0.8664039558966622
0.8664072444391151
0.8664040548148599
0.8664083994505725
0.866418923313375
0.8664297145199991
0.8664473076424287
0.8664479810278928
0.8664438115845892
0.8664521907179693
0.8664608153446068
0.8664571804636444
0.8664567978753526
0.8664567023486246
0.8664646310208618
0.8664660286746181
0.8664664917134062
0.866482499010217
0.8664922059414536
0.8664920930666884
0.8664897167819523
0.8664852582972811
0.8664832375260086
0.8664799273775239
0.8664614883936114
0.8664472236851577
0.8664468928983714
0.8664413730054027
0.8664388136211917
0.8664438644096011
0.8664434978838642
0.8664349457813839
0.866420114641443
0.8664163039532088
0.866417793559366
0.866421737675265
0.8664230832416037
0.8664254692359655
0.8664270788088836
0.8664260629371715
0.8664283565859239
0.8664301473899678
0.8664235873377152
0.8664110541929639
0.8664071777598967
0.8664133824608463
0.8664193262915203
0.8664113025208946
0.866415021322099
0.8664150985843655
0.8664160318754833
0.8664216904614355
0.8664266072420838
0.8664321256880195
0.8664304421645062
0.8664384072747157
0.866452633979668
0.8664627165246022
0.8664617611928664
0.8664609385310681
0.8664620407394745
0.8664731510933329
0.8664903768018134
0.866503639102691
0.8665121439548098
0.8665102160579522
0.8665132103857299
0.8665144975150845
0.8665196608084771
0.8665325751030913
0.8665447090543612
0.8665536540990698
0.8665571696657228
0.8665627833726256
0.8665646170294037
0.8665701406318207
0.8665738289858327
0.8665755444902408
0.8665813688276836
0.8665900878095852
0.8665957387595825
0.8665900413090621
0.8665912907747675
0.8665969215366873
0.8665975713853785
0.8665990259007234
0.8666046947745033
0.8666009817841784
0.8665880287566028
0.8665820285088713
0.8665785579141994
0.8665819534273237
0.8665855298212578
0.8665871580546742
0.8665891956715432
0.8665966946528995
0.8665991214236353
0.8665965446985308
0.8665928806498718
0.8665973533073628
0.8666073128345188
0.8666149433296808
0.8666202674130056
0.8666269879365597
0.8666293261174939
0.8666351207017464
0.8666413028679839
0.8666448457587563
0.8666484706466419
0.8666478979231222
0.8666555412488816
0.8666732853130076
0.8666881226143492
0.8667015527554897
0.8667085901548204
0.8667093160881156
0.8667190546336645
0.8667241533176079
0.8667329972181017
0.8667428152727892
0.8667491935942891
0.8667572610182765
0.8667607500493762
0.8667668355905059
0.8667719348282512
0.8667760036753801
0.8667942310731374
0.866808453872395
0.8668169710364334
0.866827232523951
0.8668324501795261
0.8668277136332752
0.8668267032360512
0.8668325835060164
0.8668439855116103
0.8668526015392646
0.8668552681510523
0.8668671527279849
0.8668860094256663
0.8669037549172055
0.8669125849418604
0.8669140048215824
0.8669145618652397
0.8669036405896103
0.8668923392410237
0.8668891405152698
0.8668868370164068
0.866890861345091
0.8669005926070897
0.8669081447122723
0.8669120187268067
0.8669115715106173
0.8669134880306267
0.8669096713086044
0.8669019033779789
0.8668891834816633
0.8668842769729868
0.8668815824515693
0.8668840088567087
0.8668904077849791
0.8668891799281891
0.866885534982905
0.8668826059545987
0.8668904155402544
0.8668936337327516
0.8668894753271115
0.8668885810833409
0.8668888558712439
0.8668880541889421
0.8668829443830027
0.8668801481935369
0.8668812047408817
0.8668779783024977
0.8668837521929164
0.8668833739821266
0.8668739473895226
0.8668717525647414
0.8668700220153158
0.866870359556074
0.8668677978299485
0.8668606650354586
0.866862578544641
0.8668657625062642
0.8668593310010914
0.8668546838232487
0.8668509183314438
0.8668421803502713
0.8668282932699185
0.8668224209255152
0.8668177388757369
0.8668113954953068
0.8668090179707169
0.8668069965974282
0.866810314058753
0.8668159276252156
0.8668235800549182
0.866827323360323
0.8668261008701326
0.8668324944249847
0.8668279818230136
0.8668180799960467
0.8668150792877266
0.8668160547018857
0.866816477489475
0.8668194507112421
0.8668196841849608
0.8668204375072531
0.8668151689923143
0.866812237807285
0.8668061588092277
0.8668013868460115
0.8668021055378945
0.8667962083614056
0.8667960364737632
0.8667982923434263
0.8667899093822888
0.8667842684732779
0.8667830717706703
0.866778289166475
0.8667802587251683
0.8667828411552101
0.8667883169009947
0.8668002867170357
0.8668156029369752
0.8668360771709804
0.8668441448774121
0.866838468194072
0.8668342168116844
0.866837794672794
0.8668407050466178
0.8668451083957313
0.8668510040919629
0.8668471952763932
0.8668399233679596
0.8668405039565394
0.8668388577148481
0.8668419523340655
0.8668464824319109
0.8668529748449905
0.8668587043187691
0.86686887089318
0.8668863773864806
0.8668864885926104
0.8668866028191778
0.8668867299811047
0.8668863315312899
0.8668954776053722
0.8668979616018279
0.8669069454837771
0.8669146233106747
0.8669247476120493
0.8669316423650352
0.8669380454262503
0.8669413091193973
0.866953991293724
0.8669598772142494
0.8669648776310382
0.8669705927099245
0.8669816383789992
0.8669918378620937
0.8669979656024868
0.8670099255641902
0.867013098491742
0.8670227382638327
0.8670351497351463
0.8670399525748875
0.8670421176496477
0.8670472132836474
0.8670512746092919
0.8670525576398597
0.8670580676682215
0.8670674716586751
0.867070134765268
0.8670738569951281
0.8670835045465635
0.8670929281526427
0.8671035152301945
0.867108964412515
0.8671128465372331
0.8671142279866034
0.8671144345642544
0.8671112790635456
0.8671080716559999
0.8671107889330125
0.8671168169813238
0.8671195083684872
0.8671287577318663
0.867140659735592
0.8671428944201391
0.8671430818927269
0.8671455385623299
0.8671527616650695
0.8671622109263646
0.8671634690977688
0.8671621254001172
0.8671673178488452
0.8671733410999398
0.8671805679134951
0.8671921588366732
0.867203031116129
0.8672103363345647
0.8672131459099811
0.867218570405277
0.8672226074844633
0.8672300751559925
0.8672421596900737
0.8672614651191565
0.8672683757397412
0.8672685838122841
0.867273117135566
0.8672799655603027
0.8672860969829229
0.867287957380593
0.8672913973267662
0.867298037882933
0.8673025659652221
0.8673045060026889
0.8673060469941216
0.8673101296091406
0.8673075161079076
0.8673022872893186
0.8673063051075026
0.867311977815044
0.8673203754016994
0.8673294881214496
0.8673427742791532
0.8673462829488884
0.8673459355704003
0.8673539867665361
0.8673600168204225
0.8673601032211684
0.8673640431036768
0.8673713352329838
0.8673759240270397
0.8673797611763355
0.8673771211107252
0.8673720329076109
0.8673647937844119
0.8673614667419347
0.8673581983594894
0.867352771955895
0.8673530376575208
0.8673587393089016
0.8673646684718314
0.867369774388591
0.8673652688481598
0.8673587983290539
0.8673525493042146
0.8673494339625563
0.86734690244348
0.8673415046449272
0.8673359888950651
0.8673289285655587
0.8673272857864788
0.8673252042638734
0.867325196184354
0.867324578404439
0.8673268727238833
0.8673243825379024
0.8673203994512305
0.8673181049019274
0.8673228722772438
0.8673264683952965
0.8673261120387303
0.8673252405343568
0.8673274900402274
0.8673352066367704
0.8673409171690569
0.867346473936177
0.8673547285201885
0.8673611075232304
0.8673636254785635
0.8673626333381707
0.867357572098053
0.8673514564942735
0.8673502157183324
0.8673503717038183
0.8673546344162761
0.8673546431093864
0.8673522244343823
0.8673614101763253
0.8673788770855841
0.8673910237411406
0.8673975309896212
0.8673994495720467
0.8674060717794191
0.8674085064942707
0.8674119200049414
0.8674202883852669
0.8674217340897845
0.8674220237646837
0.867423601758667
0.8674297070163736
0.8674357594778301
0.8674408102631962
0.867452525548164
0.8674606255685058
0.8674583203026087
0.8674640850911585
0.8674666721207358
0.8674608484217992
0.8674518467815954
0.8674485166024268
0.8674554302450173
0.8674644777684325
0.8674686688271637
0.8674747350789919
0.8674767838770736
0.8674701817028623
0.8674682488526313
0.8674671694444337
0.8674572366349343
0.8674579687431049
0.867456575396391
0.8674576157610356
0.8674518870921399
0.8674484258374985
0.8674491190688006
0.8674495906648817
0.8674547400092092
0.867458634038606
0.8674671251222101
0.8674729648114758
0.8674725886494477
0.8674673180429536
0.8674660931669421
0.8674651715855721
0.8674620425370467
0.8674611470694564
0.8674616086447328
0.867465546254975
0.867469369807599
0.8674717375780282
0.8674730693164611
0.8674747838892028
0.8674738699773935
0.8674769622248318
0.8674777052250324
0.8674755925757067
0.8674735428325576
0.8674657255634771
0.8674637889164448
0.8674579124802353
0.8674566376106817
0.867451584378767
0.8674458966781621
0.8674418301918744
0.8674409156436396
0.8674391974265259
0.8674357942042167
0.867442088169586
0.8674459638328479
0.8674437061289639
0.8674403147358773
0.8674388514785982
0.8674376930035099
0.8674329158314986
0.8674271655846224
0.8674256907144878
0.8674229371149634
0.8674243479896153
0.8674229284034335
0.8674223762622573
0.8674240713560591
0.867426260727514
0.8674223268183525
0.8674220274522969
0.8674202181269016
0.8674161502392967
0.8674157754862705
0.8674130199188309
0.867410571594764
0.8674111801636623
0.8674105465608727
0.8674031444425165
0.8673983594974741
0.8673981090387283
0.8673995811666998
0.8674045588055403
0.8674011387995739
0.8674012204268298
0.8674096169439
0.8674188374538375
0.8674313002006898
0.8674399775898293
0.8674437534554903
0.8674470480959464
0.8674528160604784
0.8674637767226273
0.8674678633028577
0.8674706686375467
0.867466753768097
0.867470121270417
0.8674754103653177
0.867480936439189
0.8674842629253386
0.8674899868026006
0.8674958535704707
0.8675012844065703
0.8675034766055163
0.8675071574543283
0.8675115644823899
0.8675151100262712
0.8675126824067514
0.8675138808037184
0.8675191075577996
0.8675263118232569
0.8675297159766052
0.8675323209870822
0.867538525680722
0.8675429615090104
0.8675472832307742
0.8675512641705967
0.8675518207985834
0.8675535862698025
0.8675570506814623
0.8675589874360914
0.8675622620174271
0.8675701105056384
0.8675760447035845
0.8675845801596721
0.8675911441924775
0.8676001590987686
0.8676088978928459
0.8676173265887606
0.8676229174114601
0.8676262461436683
0.8676363407391537
0.8676452727831121
0.8676490466124493
0.8676502161731842
0.867654226941422
0.8676557118190639
0.8676578298126792
0.8676581972445437
0.8676570540241926
0.8676540691914105
0.8676537277981026
0.8676507379773438
0.8676513171899413
0.8676466553635859
0.8676438969558172
0.8676438013240642
0.867642808510598
0.8676439406685369
0.8676412161512048
0.8676404814910679
0.8676429117116066
0.867641945353668
0.8676472564281195
0.8676539454949022
0.8676641985312151
0.8676663478327327
0.8676688412077838
0.8676714090492893
0.8676702773482343
0.8676658964465641
0.8676593622879532
0.8676558762808475
0.8676566324600633
0.8676609101476418
0.8676662823011831
0.8676731218997408
0.8676791841384975
0.8676830467112527
0.8676855510576704
0.8676862983219834
0.8676855181501709
0.867687979514266
0.8676889010950567
0.8676884354739803
0.8676933927595005
0.8676969322330491
0.8677052516485181
0.8677091818780919
0.8677120158636399
0.8677159945257479
0.8677244131097028
0.8677312633601372
0.8677368412298161
0.8677406118491695
0.8677452945644343
0.8677485714751796
0.8677561460448754
0.867763591453193
0.8677623269817369
0.867760272952662
0.8677576554204373
0.8677633920325569
0.8677663299612374
0.8677693315877829
0.8677706891833787
0.8677698314080113
0.8677675746151262
0.867766752696853
0.8677677604411823
0.8677652374371118
0.8677642764113696
0.8677652221424075
0.867770934986011
0.8677793782157185
0.8677869350559194
0.8677953373718996
0.8678008624758837
0.8678061763268164
0.8678085724789091
0.867812475691373
0.8678183042667968
0.8678273239663382
0.8678306816340747
0.8678390998079994
0.8678397413749547
0.8678399821126139
0.86784426972731
0.8678468879415073
0.8678491870089313
0.8678490462205534
0.8678494781869931
0.8678475062406538
0.8678496949103098
0.8678517775909693
0.8678518533672362
0.8678478953386868
0.8678465288077839
0.8678480444789503
0.8678537715591983
0.8678590945455965
0.867859482970705
0.8678615883667584
0.8678658885379202
0.8678699510312458
0.867870111149195
0.8678659067209791
0.8678622887348415
0.8678655856481338
0.8678687390209311
0.8678740789410614
0.8678707609862074
0.8678657173843563
0.8678679571371394
0.8678745904682141
0.8678755563959858
0.867871190297642
0.8678686348988562
0.867873336899888
0.8678810566804018
0.8678866540721101
0.8678932873556202
0.8678998109765301
0.8679094340932435
0.867915392918377
0.8679186123570114
0.8679194352416243
0.8679212992998194
0.867915948117164
0.8679108357885251
0.8679125835549233
0.8679165427495437
0.8679186541081532
0.8679244287037057
0.867923983677002
0.8679229791076225
0.867924957688833
0.8679252172781632
0.8679267663933606
0.8679255784973853
0.8679260158098904
0.867924015256076
0.8679250893984977
0.8679259835127102
0.8679207963420171
0.8679215563889595
0.867923819385366
0.867926655232029
0.8679315480300476
0.8679361030537933
0.8679373436367194
0.8679412047670407
0.8679459020186069
0.8679495344141657
0.8679494610036133
0.8679502653655178
0.8679545923032231
0.8679519658445314
0.8679523147217283
0.8679525303934249
0.8679582764976318
0.8679628614832071
0.8679665643326645
0.867976348235301
0.8679827976805671
0.8679962602884657
0.8680059426334084
0.8680111029414636
0.8680114914969552
0.8680140624230458
0.8680215285848669
0.8680295906994506
0.8680363672434588
0.8680374614334724
0.8680380555531663
0.8680373409921119
0.8680386925216714
0.8680415010481574
0.8680496655077601
0.8680507728492366
0.8680539012159763
0.8680679218609048
0.8680725040598809
0.8680773468496173
0.8680790436974846
0.8680835385644592
0.8680873804319713
0.8680913372294368
0.8680992259631346
0.8681029979010388
0.8681106937438935
0.8681140098293019
0.8681173335160398
0.8681200624239629
0.8681240666495402
0.8681297725246634
0.8681340035482392
0.8681385947073739
0.8681427224135313
0.8681442983162727
0.8681453800330428
0.8681437488172291
0.868150367166718
0.8681591625819707
0.8681662101530198
0.8681741286982239
0.8681833409104397
0.8681889907662603
0.8681918837477351
0.868195685315641
0.8681950774310528
0.868196911594594
0.8681988163730187
0.8681951183735678
0.868195175855999
0.8681960181556944
0.8682013481060129
0.8682010903620107
0.8682007525834955
0.8682016711068866
0.8682084628177524
0.8682126768722951
0.8682136864084593
0.8682130524432419
0.8682057649794488
0.8682017430519156
0.8681974505323068
0.8681983618764884
0.8682005009289098
0.8682060849592003
0.8682090755697002
0.8682064611240469
0.8682113806327725
0.8682145385125124
0.8682167204507258
0.868216713217547
0.8682135126656442
0.8682152170106817
0.8682192691197751
0.8682196565597876
0.8682232321271273
0.8682238131892736
0.868223034926446
0.8682199339229298
0.8682151326532923
0.8682139679022509
0.8682145701761088
0.868215767252642
0.8682171688526543
0.8682180613418226
0.8682220562897502
0.8682271605436479
0.8682213299302858
0.8682122194471178
0.8682085089073619
0.8682033994776669
0.868200516109776
0.8681997486195048
0.8682000732958182
0.8681958900865236
0.8681922369310782
0.8681945045087713
0.8681941808627082
0.8681987923811003
0.8682028865601322
0.8682118423062875
0.8682194726748169
0.868223847255873
0.8682261902272892
0.8682305309278803
0.8682366177214684
0.8682394833376723
0.8682345798806338
0.8682279841254984
0.8682246052105308
0.8682214928395178
0.8682218459252259
0.8682242271335353
0.868228375395564
0.8682314830758437
0.8682310854777869
0.868233907071596
0.8682376203727622
0.8682375148389004
0.8682326372279568
0.8682298523611516
0.8682308123929092
0.8682319259132796
0.8682325153337241
0.8682304863400889
0.8682348510620488
0.8682379580324471
0.8682321723573283
0.8682278346958571
0.86822596800779
0.8682299500748565
0.8682282853958128
0.868225805608289
0.8682173869798061
0.8682121769835812
0.8682092096062065
0.8682077367998156
0.8682041952866878
0.868200072613478
0.8681978631997771
0.8681962063811293
0.8682023506636355
0.8682057820722516
0.868203491179609
0.8681998392052189
0.8681972536308596
0.8681956299092086
0.868199078175322
0.8682014094112854
0.8682001866906358
0.8681979818377196
0.8681983065644205
0.8681973265165548
0.8681937982017879
0.8681962898648578
0.8682028285545512
0.8682054730116139
0.8682053870687748
0.8682103083007356
0.8682133160945114
0.8682143222968659
0.868217678652228
0.8682175432149533
0.8682150444560811
0.8682103741981336
0.8682092127621795
0.8682061245735939
0.8682030810669351
0.8682060060675302
0.8682071944325367
0.8682111819227148
0.8682159558460462
0.868220403845903
0.8682220267574874
0.8682230630531832
0.8682253791617713
0.8682292860509999
0.8682327038506589
0.8682357312268857
0.8682378874537462
0.8682391740613778
0.8682360838313419
0.868238708989364
0.868243936885379
0.8682507572797143
0.8682535179340515
0.8682536772072601
0.8682496466302452
0.8682476962540725
0.868247925680003
0.8682458315035251
0.8682410782629898
0.8682389897675655
0.8682366365314216
0.8682350804150785
0.8682360315048773
0.8682350520712238
0.8682326626784745
0.8682370074689283
0.8682381174575867
0.8682357201871957
0.8682330174979899
0.8682302008465369
0.8682299065915491
0.8682270243393886
0.8682247192491473
0.8682207361565386
0.8682194617212257
0.868217221092282
0.8682194467920815
0.8682230256328
0.8682228014812402
0.8682184064567707
0.8682130165611027
0.8682066193497718
0.8681998610338499
0.8681906803036284
0.8681901498044244
0.8681947947158657
0.8682019611936056
0.8682054970366929
0.8682033641224915
0.8681996043453674
0.8681973719467332
0.8681943968009732
0.8681866363845644
0.8681804259172743
0.868179809372112
0.86818023067891
0.8681824032229618
0.8681880655806627
0.8681966721569419
0.8682032214187057
0.8682071518197939
0.8682099896251648
0.8682099122505882
0.8682123762837808
0.8682143115693036
0.8682160179085802
0.8682203434770452
0.868223631890022
0.8682273902954163
0.8682331966261068
0.8682415061641285
0.8682488701375375
0.868255042919254
0.8682552778468747
0.868258341810956
0.8682621254239443
0.8682635037934331
0.8682663693907912
0.8682672060608344
0.8682655635633721
0.8682676419147946
0.8682693497481313
0.8682671681542352
0.8682653639967376
0.8682645126802078
0.868263447754097
0.8682600448532837
0.8682550094898871
0.8682485324855311
0.8682452652202243
0.8682428171127874
0.8682437074689712
0.8682412237955432
0.8682389776736507
0.8682378669107685
0.8682340737830708
0.8682286077191705
0.868223061718063
0.8682198568663847
0.868215387409099
0.8682153645675642
0.8682146337656081
0.8682124116878821
0.8682082921581201
0.8682041115778093
0.8682025246369119
0.8682028478047983
0.8682035515799617
0.8682056910884643
0.8682078636249333
0.8682084314942072
0.8682079474593613
0.868203512961172
0.8682030759081018
0.8682029143850957
0.8682015829293606
0.8681978392533679
0.8681958113428843
0.8681969857948005
0.8681993670530974
0.8682057355823509
0.868207128959355
0.8682096284706612
0.8682141933143211
0.8682198809809059
0.8682260717983109
0.8682303866318861
0.8682318089398375
0.8682319079862094
0.8682333699521548
0.8682373234586407
0.8682408415717665
0.8682429379890688
0.8682446465593707
0.8682469569407847
0.8682486289283428
0.8682508909042979
0.8682532893374847
0.8682551869964662
0.8682565713014219
0.8682588349534995
0.8682619072410682
0.8682615729879029
0.8682588104327085
0.8682523248525386
0.8682456266597157
0.8682387468140544
0.868234173231098
0.8682293620382318
0.8682281311993304
0.868225761562324
0.8682245556224772
0.8682235277415954
0.8682206646064863
0.8682196668422938
0.8682206041069888
0.8682192756584803
0.8682172024153759
0.8682134251534767
0.8682144342345302
0.8682146731880134
0.8682201625121341
0.8682268777003519
0.8682367313019558
0.8682429466987921
0.8682472912407785
0.8682490891264015
0.8682491075485835
0.8682547867337248
0.8682605749114825
0.8682670517822804
0.8682669620134775
0.8682679036045078
0.8682702731729117
0.8682736372300117
0.86827763316087
0.8682834062763044
0.8682923947483744
0.8682981332698394
0.8683026480687768
0.8683052494435748
0.868309443452128
0.8683113550594601
0.8683122699135756
0.8683128350261319
0.8683092747840535
0.8683050370551962
0.8682998387172238
0.8682973761643814
0.8682916895889159
0.868286329625206
0.8682829833099889
0.8682827409051112
0.8682841009137526
0.8682843652163558
0.8682829135509393
0.8682837657212494
0.8682846351931195
0.8682830486979187
0.86828009130161
0.8682796198396927
0.8682824458851575
0.8682856317353724
0.8682858473152529
0.8682877571336506
0.8682880361384799
0.8682896412814739
0.8682887072624021
0.8682866497793228
0.8682854803590195
0.8682838183266496
0.8682836612315271
0.8682841491411629
0.8682862096326387
0.8682846644970184
0.8682817170760416
0.8682819152767143
0.8682862201985809
0.8682888918420819
0.8682928603299889
0.8682962281055943
0.8682973169937646
0.8682952900466995
0.8682937695335811
0.8682903417253395
0.8682889478338879
0.8682899221551174
0.8682921070251175
0.8682968254680672
0.8683008896987896
0.8682989327519146
0.8682977701018139
0.8682944791180849
0.8682912336718469
0.8682885284627787
0.8682870142875795
0.8682861527064026
0.8682844639504491
0.8682842516420495
0.8682850063317105
0.8682852646492891
0.8682862275484792
0.8682888105648272
0.8682921038561127
0.8682953873499542
0.8683006081981718
0.8683043361722761
0.8683096388971159
0.8683137237415975
0.868317219720305
0.8683218293325227
0.8683258639903519
0.8683279478354468
0.8683329147445851
0.8683361079007074
0.8683398486118042
0.8683430129436406
0.8683472517030036
0.8683499534752662
0.8683504915718693
0.8683489928248417
0.8683462951281881
0.8683472535301587
0.8683480523269491
0.8683467149982811
0.8683459283053578
0.8683446460229579
0.8683460232762032
0.8683457637643557
0.8683410671611141
0.8683394283976578
0.8683375030900531
0.8683368401645192
0.8683342908875675
0.8683327536986087
0.8683299573719789
0.8683290921499524
0.8683276680381965
0.868328218366218
0.8683300958975799
0.8683304023366367
0.8683294760502921
0.8683288763501771
0.8683286549363395
0.868327232714312
0.8683273820635874
0.8683243063425694
0.8683197550087173
0.8683177363641741
0.868317720213684
0.8683157447820354
0.8683102226794196
0.8683068776955334
0.868305520654661
0.8683074978862826
0.8683087293920606
0.8683088539681433
0.8683106330268675
0.8683150255451921
0.8683181898893892
0.8683201278544563
0.8683220173738813
0.8683243490495084
0.8683236619236835
0.8683244910683927
0.8683255868097319
0.8683269887538849
0.8683315495212335
0.8683321084475777
0.8683299092331355
0.8683276112678944
0.8683253987779656
0.8683250923718293
0.8683245153486373
0.8683235048733365
0.8683227385348157
0.8683223057104581
0.8683242674956254
0.8683261736708902
0.868328017659751
0.8683304796722991
0.8683290475838445
0.8683229175629305
0.8683146684731629
0.8683111981449575
0.8683095245403745
0.8683077661411702
0.8683075151374361
0.8683086541437212
0.8683088392906075
0.8683094352510984
0.868307153584874
0.8683032423113729
0.8682987345339483
0.8682957974889721
0.8682941085732925
0.868294314832771
0.8682950251689033
0.8682962560055408
0.8682985186228175
0.868301651223872
0.8683031660550421
0.86830539227065
0.8683056737299054
0.8683026774601915
0.8683028557767816
0.8683064303403851
0.8683105367950338
0.8683096360464544
0.868311605233505
0.868312316357879
0.8683105475257283
0.8683111288864929
0.8683128360303756
0.8683153675053904
0.8683168995082948
0.8683200642816216
0.8683264766370926
0.8683271463846239
0.8683295403101435
0.8683341735924207
0.8683335045409099
0.8683343451109264
0.8683373724302629
0.8683420397121432
0.8683442203691731
0.8683463615709558
0.8683492076494133
0.868351583541047
0.868354749983867
0.8683579382886947
0.8683582890572769
0.8683564896822508
0.8683561190446828
0.8683537040174583
0.8683512085421156
0.8683499586591771
0.8683465706570546
0.8683453443506195
0.8683449241548076
0.8683470171126243
0.8683499315556057
0.8683517747719731
0.86835022573276
0.868345983431626
0.8683423080448109
0.8683413706025414
0.8683377476604165
0.8683369598382085
0.8683357601777827
0.8683355301342446
0.8683366596249734
0.8683373738782745
0.8683403974885494
0.8683411235766594
0.8683386737345365
0.8683383311709009
0.8683371658234806
0.8683360099927507
0.8683308441855873
0.8683240724202458
0.8683191675225567
0.8683163558069945
0.8683170855092212
0.8683180996272423
0.8683212865861696
0.8683212929407682
0.868316912719426
0.8683115826531538
0.8683082666829953
0.8683066228586741
0.868306078891907
0.8683069989011123
0.8683054855442066
0.868302159401427
0.868298964517186
0.8682963794187124
0.868295713745432
0.8682960620972522
0.8682949564748323
0.8682930510781499
0.8682928521190326
0.8682911884175001
0.8682914353974462
0.868292311492098
0.8682904823812168
0.8682891226565889
0.8682887947625856
0.8682903085682332
0.8682931484613647
0.868293525754378
0.8682953318512621
0.8682959304648852
0.8682942661159138
0.868293905227037
0.8682902795812244
0.868286090890858
0.8682835489675085
0.8682811361356099
0.8682793934611186
0.868277879808843
0.8682759918846732
0.8682775701283076
0.8682778941142966
0.8682756184552144
0.8682731694282615
0.8682746531500769
0.8682768899810125
0.8682758233723271
0.868277278976028
0.8682786076155498
0.8682782175419905
0.8682750486695856
0.8682714196592577
0.8682709130785428
0.8682723596246449
0.8682729601494776
0.8682717148602578
0.8682703165631109
0.8682673881480193
0.8682699907756692
0.8682758787373892
0.8682812722346238
0.8682852756646673
0.8682889214941273
0.8682889783950545
0.8682831265391294
0.8682762682170078
0.8682759289215892
0.8682742156466502
0.868270022805852
0.8682689326586092
0.8682670727834971
0.8682681115480811
0.8682682190845538
0.8682641204035856
0.8682625074710412
0.8682619059757005
0.8682589701896029
0.8682561728678938
0.868253860906513
0.8682512425774933
0.8682471476601159
0.8682429372019116
0.8682375153673302
0.8682352551147487
0.8682346341461713
0.8682319325714204
0.8682282202115648
0.8682245058651444
0.8682210086827545
0.8682188972424751
0.8682178654728003
0.8682205293814194
0.8682235297536727
0.8682234557182857
0.8682188268524964
0.8682148766095414
0.8682155463663858
0.8682147342075545
0.8682147799397821
0.8682180511460159
0.8682221084761617
0.8682246881135246
0.8682264154451684
0.8682280102712251
0.8682265687756352
0.8682228626616211
0.868221552542604
0.8682241367332277
0.8682262935569678
0.8682272652084285
0.8682273444399525
0.8682275225383247
0.8682279731256939
0.8682284121981209
0.8682299276918575
0.8682292357108815
0.8682305809981722
0.8682306135174617
0.868226378845643
0.868222944980533
0.86822300613752
0.8682227037064645
0.8682180912333255
0.8682122351154435
0.8682074701728852
0.868204835621403
0.8682048395994967
0.868203337667594
0.8682031359054493
0.8682033048678365
0.8682007465632907
0.8682018032762333
0.8682031566186283
0.8681998972987722
0.8681973400216637
0.8681989059247919
0.8682018377501988
0.8682049659003506
0.868203773208407
0.8682049308998655
0.8682081719586675
0.8682070029110972
0.868204981306668
0.8682046308915574
0.8682062279225048
0.868207501039023
0.8682080553929262
0.8682077023381335
0.8682066558591275
0.8682056165755385
0.8682091903907686
0.8682134560814384
0.8682145846664835
0.8682150717883315
0.8682129737712025
0.8682126632882312
0.8682140108353656
0.8682122890982534
0.8682117745846043
0.8682123241876473
0.8682123063974424
0.8682152575955353
0.8682194335394279
0.8682217092068506
0.8682256787190737
0.8682317311115489
0.8682329997480189
0.8682365981451009
0.8682397363448381
0.8682408010966092
0.8682449848385027
0.868244435563122
0.8682400421831268
0.8682391772418407
0.8682387881111112
0.8682397162641875
0.8682391238402773
0.8682417439931087
0.8682473995669918
0.8682506659425564
0.8682522369859997
0.8682493857345085
0.8682475189493327
0.8682491249207118
0.8682553144920357
0.8682591205784798
0.8682592368182662
0.8682553059274993
0.8682509933146001
0.8682517620147541
0.8682514953060074
0.8682488171854716
0.868246036036707
0.8682451428091819
0.8682441323548823
0.86824198687252
0.868242748182895
0.8682410355984765
0.8682397862933394
0.8682395835704244
0.8682378908945718
0.8682355854570745
0.8682332352761352
0.8682281891252839
0.8682237256801495
0.86822038015285
0.8682182743553164
0.868218218591527
0.8682129054407559
0.8682104347017693
0.8682077067143175
0.8682037080208094
0.8681996871834489
0.8681978303205223
0.8681974051462236
0.8681924540431463
0.8681897229865024
0.8681858137381805
0.8681831257999256
0.8681861317586006
0.8681874151387466
0.8681820163732158
0.8681821627791859
0.868184249771813
0.8681834230509253
0.8681826171917026
0.8681830889450635
0.8681838429764389
0.8681846392778754
0.8681821234289634
0.8681819130538055
0.8681820705822543
0.8681836321257536
0.8681834540653092
0.8681844183222427
0.8681870317915614
0.8681855381741026
0.8681822075078618
0.8681803600036921
0.8681823460868473
0.8681873124012798
0.8681917892999477
0.8681921612028374
0.8681950030738146
0.8681970386504416
0.8681990760605549
0.8681989539277308
0.8681965054252077
0.8681957354390893
0.8681978520893087
0.8681995103351738
0.868200272244812
0.8682022177241845
0.8682025724156917
0.8682037838287783
0.8682084274442491
0.8682119909050944
0.8682098514921269
0.8682066909550202
0.8682064281286319
0.8682083000376899
0.8682094213008863
0.8682093634341463
0.868210727753916
0.8682161349819079
0.8682189764438207
0.8682185205151516
0.8682139767191293
0.8682133040895916
0.8682091342918539
0.8682086799196089
0.8682103289660277
0.8682092395599403
0.868208355252155
0.8682058134749109
0.8682033879293428
0.8682046483451402
0.8682068191138952
0.8682064833909597
0.8682061814088217
0.8682071710583973
0.8682051960208349
0.8682019656231345
0.8681992375774997
0.8681976310717304
0.8682007860555903
0.868208532612355
0.8682128074421913
0.8682166022030795
0.8682210416369723
0.8682223343668027
0.868222274667081
0.8682264645114597
0.8682294309058032
0.8682296342637288
0.8682334868376625
0.8682355251049825
0.8682370009564546
0.8682353049360887
0.8682329061801766
0.8682308354280264
0.8682306508206628
0.8682313338224045
0.8682298730743581
0.8682297956215557
0.8682331474233709
0.8682354330174681
0.8682384315360165
0.868237457715532
0.8682350867443865
0.8682306726927812
0.8682290192780596
0.868230818117225
0.8682287247628387
0.86822381413377
0.8682193192036018
0.8682158111475732
0.8682154720173156
0.8682174119877953
0.868217756035938
0.8682173146782232
0.8682155462317976
0.8682125155786391
0.8682089045817709
0.8682048692640802
0.8682015074945996
0.8681992771934091
0.8681984374463577
0.8681972535427924
0.8681969604671622
0.8681961247257548
0.8681966227905659
0.8681979291589611
0.8681962417457589
0.8681981652198537
0.8682013727027024
0.8682041809698705
0.8682055532949375
0.8682046411875046
0.8682026750758568
0.8682011521108071
0.8682001283600308
0.8681988732939827
0.8681953720627967
0.8681953719811281
0.8681957296549718
0.8681947446073064
0.8681985478640462
0.8682017271736245
0.8682031699513351
0.8682013838941051
0.8681945492067434
0.8681921819327388
0.8681955051918646
0.8681981321316674
0.8681999696017438
0.8681998060816098
0.8681982164241451
0.8681949267439559
0.8681936121468935
0.8681951760141907
0.8682011370937411
0.8682051817446907
0.8682096820696145
0.8682129766100461
0.8682148643895627
0.8682158847557172
0.8682130376225282
0.8682119541705492
0.8682103376850139
0.8682062069648608
0.86820142794445
0.8681988860947142
0.8681970194702825
0.8681958589267827
0.8681948911332326
0.8681938275410858
0.8681915652287486
0.8681920974598492
0.8681935830538896
0.8681930149402292
0.8681916370093276
0.8681896098126913
0.8681900406898564
0.8681942432758349
0.8681978400131993
0.8681984020451818
0.8681998112653618
0.8682046374093065
0.8682083854335816
0.8682106676056521
0.8682126597874321
0.8682117361154035
0.8682084371156581
0.8682046220745764
0.868201263260795
0.8682014830526897
0.868201803285692
0.8682007637490896
0.8681979056267514
0.8681963298422465
0.868195592144822
0.8681954110341569
0.8681967036071802
0.8682020859282356
0.8682044571513163
0.8682045985587071
0.8682008152157271
0.8681963706338173
0.8681927305343374
0.8681931729126644
0.8681963864014579
0.8681989754306898
0.8681986953586177
0.8681994529824444
0.868200564944744
0.8682017807395419
0.8682041773867011
0.8682051855662779
0.8682063114392247
0.8682041243424382
0.8681987383248173
0.8681988351220998
0.8682005190008484
0.8682026947338857
0.8682053672260348
0.8682055687337998
0.8682050899156872
0.8682052006033708
0.8682063538174675
0.8682060972528024
0.8682051965945425
0.8682036780409341
0.8682032048608311
0.8682037429065562
0.8682046049337043
0.8682052998335675
0.8682057558869304
0.8682074282394794
0.868205126401627
0.8682018870192583
0.8682004113884452
0.8681993912244633
0.8682004486643593
0.8682013782176384
0.8682040073595051
0.8682032099898467
0.8681983035160425
0.8681957277120338
0.8681960489534696
0.8681958365286383
0.8681972788092417
0.8682011869934092
0.8682053115376297
0.8682099744120718
0.8682104472419511
0.8682079728475424
0.8682055987842936
0.8682029059273831
0.8682030612549694
0.8682048588045197
0.868208910403364
0.8682130786004952
0.8682136891121328
0.8682119394275314
0.8682120592872483
0.8682101020090087
0.868209650240353
0.8682099216139456
0.8682107861593796
0.8682133440683679
0.8682150191746028
0.8682150978742915
0.8682133840517237
0.8682121924600296
0.8682139839141492
0.8682154219677342
0.8682151772789005
0.8682151484535332
0.8682153943558244
0.8682171773123513
0.868217676463417
0.8682143081158801
0.8682103885027466
0.8682097720698967
0.8682087213085327
0.8682063023054434
0.8682047103221607
0.8682031218938406
0.8682011696700045
0.8681999264848277
0.8682014441042031
0.8682001376773848
0.8681973459612885
0.8681955520845408
0.8681942390265334
0.8681936051357638
0.8681922371792227
0.8681905172211479
0.86819146177649
0.8681924531896941
0.868189281189717
0.8681889797240436
0.8681921313368809
0.8681933878619149
0.868195920373781
0.868196354823425
0.868196875835238
0.868198182222903
0.8681966321106145
0.8681956109105979
0.8681948894451754
0.8681925390214541
0.8681927039328897
0.8681917609048235
0.8681886790084576
0.8681860004455514
0.8681857509467505
0.8681843758602518
0.8681808108257777
0.8681829774071474
0.8681860857172597
0.8681830852678737
0.8681790795538434
0.8681744869510433
0.8681735242119408
0.8681744302921149
0.8681730950383847
0.86817214191587
0.8681732660897358
0.8681756416423191
0.8681794509571663
0.8681829631519213
0.8681835529568
0.8681813974685783
0.8681797374514859
0.8681776366094701
0.8681752832717725
0.8681772873933089
0.868178353578402
0.868180000802575
0.8681827393334398
0.8681853747140071
0.8681848366630801
0.8681854922891741
0.8681849859264695
0.8681842624624856
0.868183970974234
0.8681852658072602
0.8681841086615166
0.8681862405158107
0.8681908328976526
0.868195557885544
0.8681985693883592
0.8682021759746987
0.8682049859879052
0.8682068811233935
0.8682081140010042
0.8682090677839569
0.8682089654278479
0.8682107283770554
0.8682127303822134
0.868214792341932
0.8682168254797124
0.8682185837866532
0.8682178640629599
0.8682153743456882
0.8682173896442542
0.868219515077895
0.868220714267257
0.868222345035973
0.868223511305148
0.8682240075751447
0.8682249017569237
0.8682279371208881
0.8682292816050148
0.8682282587817076
0.8682278632448858
0.8682299666706836
0.8682323625340939
0.868233479686606
0.8682327134399338
0.8682302226708521
0.8682295053605739
0.8682317473685547
0.8682322032371026
0.8682354842564548
0.8682371400337745
0.8682390839007016
0.86823965627593
0.868242134317502
0.8682473789928076
0.8682522459657182
0.8682558431047732
0.8682565309772974
0.8682567085944245
0.868260840616442
0.8682629606602421
0.8682643523222281
0.8682659460232935
0.86826632776352
0.8682662131681513
0.8682675262443689
0.8682681205326908
0.868267444028994
0.868268172921103
0.8682688693426323
0.8682714273588202
0.8682728843038221
0.8682751032698022
0.868278674579145
0.868281055944906
0.8682831150214335
0.8682837686984042
0.8682856923306561
0.8682883867480355
0.8682876095424834
0.8682850829748076
0.8682807843614484
0.8682810608997353
0.8682823311381134
0.8682852440976442
0.8682876209372208
0.8682904557002799
0.8682918416848802
0.8682939479678015
0.8682946354451091
0.8682958206500536
0.8682970031695454
0.8683008186616227
0.8683035171615608
0.8683058563789599
0.8683085198761332
0.868308412717544
0.8683117572025775
0.8683129128745045
0.868312628076975
0.8683116616814207
0.868309803357375
0.8683100058909065
0.8683122243574352
0.8683147712297116
0.8683163841308347
0.8683158858867627
0.8683153682149961
0.8683139854647585
0.8683147738163587
0.8683145998248856
0.8683138565984123
0.8683117991061815
0.8683088762380058
0.8683089655389107
0.8683111509274318
0.8683162371130116
0.8683202827287084
0.8683241664384124
0.8683276581785018
0.8683288041761025
0.8683306871863422
0.8683323410867405
0.8683337366553738
0.8683364886353065
0.8683412877420801
0.8683453196088255
0.8683463491058729
0.8683473076980395
0.8683491934410547
0.8683512539838496
0.8683548905153856
0.8683591880468384
0.8683633725353359
0.8683669641530383
0.8683691298243833
0.8683690188132925
0.8683706573382663
0.8683710758295563
0.8683731532099116
0.8683736921065025
0.868376027269488
0.8683763039093444
0.8683750994197972
0.8683734477067093
0.8683750525728652
0.8683766372499614
0.8683770779358525
0.8683776211413302
0.8683793107384259
0.8683841015341733
0.8683879754197982
0.8683923892214247
0.8683957023668066
0.8683987934369424
0.8684018463110784
0.868404665780486
0.8684067759241436
0.868409175191465
0.8684132571989917
0.8684156460760377
0.8684163784024804
0.8684153557333403
0.8684145403846736
0.8684157015266701
0.8684170480143832
0.8684180523501668
0.8684196788691851
0.8684254014634243
0.8684303141858072
0.8684321894528564
0.8684306873899194
0.8684309008843331
0.8684331232751333
0.8684361197083704
0.8684364542930557
0.8684381144661701
0.8684379148960685
0.8684385444663891
0.8684402188998726
0.8684405889434964
0.8684434174086832
0.8684452559273499
0.8684484584321485
0.8684503724861239
0.8684529227734034
0.8684551818251092
0.868456709271346
0.8684583077243421
0.8684593267205087
0.8684588120175273
0.8684593882420385
0.8684590610466594
0.8684606720156163
0.8684622277486119
0.8684620161991553
0.8684628344091639
0.8684647420934647
0.8684665583092583
0.868468956602067
0.8684702597180033
0.8684730466932201
0.8684762122301637
0.8684816833746788
0.868486794017043
0.8684911823153428
0.8684943027353479
0.8684973395349712
0.8685005155055852
0.8685014898708252
0.8685011254157053
0.8685007148090436
0.8684977692109769
0.8684936868353161
0.8684890939567292
0.8684855149513827
0.8684852003438381
0.868487428448927
0.8684898437529354
0.8684928837737015
0.8684967832689788
0.8684996393611242
0.8685003317522688
0.868497522548749
0.868495587384201
0.8684956017765575
0.8684973052463137
0.8684994190278457
0.8685003953200364
0.8684991875447053
0.8684964027693797
0.8684931024622708
0.8684903534192916
0.8684886355652731
0.8684879961655061
0.8684887100747739
0.8684895081054016
0.8684878607003494
0.8684857699135105
0.8684849168818047
0.8684836149210082
0.8684829946715699
0.8684816704910314
0.8684791851350483
0.8684777274959897
0.8684769792985145
0.8684770408449743
0.8684783885632117
0.8684786158584882
0.8684798970609691
0.8684797421664819
0.8684800977101705
0.8684816995200456
0.8684838177253017
0.8684833284363782
0.8684812480072959
0.868484034651095
0.8684857863465801
0.8684853638141653
0.8684870079291139
0.8684876827515007
0.8684880783897916
0.8684896490082427
0.8684900700917932
0.8684880780595992
0.8684859733246764
0.8684849173251369
0.8684846484008971
0.8684846783839241
0.8684852192540927
0.8684856361941787
0.8684858643226738
0.868486064920938
0.8684872645367774
0.8684902118956025
0.8684959852635652
0.8684996598640548
0.8685019049601651
0.868503604373376
0.8685043554955122
0.8685067139687573
0.8685082680952544
0.8685089113567112
0.8685110332392747
0.8685106193519423
0.8685112195400134
0.8685094539090377
0.868507809296344
0.8685090680982324
0.8685102073723376
0.8685115428574042
0.8685153946024288
0.8685178288621004
0.868519101716027
0.8685207144334437
0.8685206587193433
0.8685225019780081
0.868527225204833
0.868530207019205
0.868533836198252
0.868538098477243
0.8685417740641528
0.8685454699970727
0.8685515613124732
0.8685568772484894
0.8685578477721536
0.8685588491924351
0.8685596965479723
0.868560719229866
0.8685624432895598
0.8685629297674142
0.8685648075171871
0.8685690246612301
0.8685716952245909
0.8685760835049612
0.8685760384791426
0.8685750868269232
0.8685781719023717
0.8685772191610841
0.8685750119480425
0.8685732146341493
0.8685724847927849
0.8685732961960685
0.8685740311236734
0.8685729075506415
0.8685698990856988
0.8685683664205784
0.8685673364257105
0.8685660392560677
0.8685661848435108
0.8685639691004621
0.8685618508733186
0.868562865543167
0.8685635521528754
0.8685645302293815
0.868564153141885
0.8685648586640908
0.8685660500718071
0.8685641478499605
0.8685642876973279
0.8685663000993074
0.8685664579293519
0.8685683498053104
0.8685712252261825
0.8685709099108159
0.868569165515677
0.8685691226981564
0.8685706088093093
0.8685703167817037
0.8685718399671563
0.8685752309142633
0.8685780198205897
0.8685811066625679
0.8685830760947711
0.868582272812192
0.8685845804763349
0.8685863286519644
0.8685865952554156
0.8685896479747145
0.8685919609511554
0.8685948202337925
0.8685967711907737
0.868596233610034
0.8685970919609132
0.8685963685251817
0.8685958967142885
0.8685928288103915
0.8685892887890084
0.8685874924213081
0.8685831097544949
0.8685804173359877
0.8685798896290498
0.868579356244215
0.8685809313642318
0.8685816312681518
0.8685809482981599
0.8685811288641685
0.8685807735584523
0.8685805632046006
0.8685813969732571
0.8685847784741483
0.8685876350054706
0.8685882015820942
0.8685869939154834
0.868587810117795
0.8685879485220466
0.8685870674658954
0.868586646544868
0.8685868737456532
0.8685891974765585
0.8685912946337571
0.8685901030402872
0.8685887553458109
0.8685876969288675
0.8685858348897915
0.8685822044326444
0.8685812925344821
0.8685842190732874
0.8685869448065643
0.8685872468593874
0.8685838260613595
0.8685826085061776
0.868584796930318
0.868585702509243
0.8685856480744882
0.8685851505893011
0.8685850292022517
0.8685838416863987
0.8685833962200346
0.8685845812072619
0.8685868229862876
0.8685893105396819
0.8685898079002164
0.8685897704713025
0.868591262232651
0.8685922204658655
0.8685910507624485
0.8685900018934867
0.8685900389190852
0.8685900002880182
0.8685915965708075
0.8685924421859473
0.8685955115516145
0.8685991973243978
0.8685992564231501
0.868600039312327
0.8686015523121463
0.8686008190022644
0.8685991803997822
0.8685974423081819
0.8685944602460954
0.8685906725347469
0.8685879668671281
0.868588780567774
0.8685898518159794
0.8685881901079857
0.8685886694189779
0.8685870624735761
0.868583935196991
0.8685831610530661
0.8685823520074424
0.8685817457788849
0.8685848685163086
0.8685890089311941
0.868589118935796
0.8685867870785466
0.868586544875715
0.8685882852260948
0.8685894030568626
0.8685892942962705
0.8685874128963573
0.8685879734330276
0.8685874615098063
0.8685863847021033
0.8685866443735852
0.8685847805652898
0.8685843764215869
0.8685826741970625
0.8685796555193485
0.8685783090940153
0.8685814443043612
0.8685826214822985
0.8685795941649438
0.8685773661880155
0.868577114933198
0.8685729006024601
0.8685660436556683
0.8685622991632509
0.8685603793482232
0.8685614502765703
0.8685618455284607
0.8685602922780004
0.868557232875434
0.8685539816391218
0.8685528818766537
0.8685525493088464
0.8685519821369224
0.8685500368495288
0.8685485307393501
0.8685471148479019
0.868544681185168
0.8685429059863714
0.8685424703892708
0.8685422299029241
0.8685421253333556
0.8685407413460016
0.8685395347288705
0.8685369660372106
0.8685337344545352
0.8685318325897606
0.8685305621364515
0.8685314954202243
0.8685341949657079
0.8685376623914903
0.8685384591505303
0.8685393697316489
0.8685400378686491
0.8685394445384587
0.8685377782094903
0.868536589931799
0.8685361731456365
0.8685382382734087
0.8685422026086692
0.8685451285568403
0.8685463265936585
0.8685463441555885
0.8685465986415136
0.8685475097928405
0.868549407423182
0.868550388356115
0.8685512816675345
0.8685499412352933
0.8685517594164633
0.8685581283736334
0.8685591622103748
0.8685591297622296
0.8685608735706948
0.8685618157160144
0.8685646403547864
0.8685671719015482
0.8685693140522726
0.8685714237302817
0.8685695225568615
0.8685705717456329
0.8685722367767074
0.8685718172015936
0.8685729212159949
0.868572901041728
0.8685737647741534
0.8685762465597093
0.868577663768638
0.8685786882171319
0.8685803125128922
0.8685806785738389
0.8685820946815344
0.8685830961144518
0.8685845944323662
0.8685873367415202
0.8685902669037932
0.8685919406858804
0.8685892637380846
0.8685886295458496
0.8685900930550458
0.8685916536168757
0.8685934183346325
0.8685937343710314
0.8685933694248167
0.8685939781591439
0.8685945769898502
0.8685946963182676
0.8685944887672975
0.8685938907218731
0.8685932411374544
0.8685941768675934
0.8685966818114028
0.8685989197231919
0.8686006526063356
0.8686003630794746
0.8686011815839403
0.8686012889350843
0.8685993004376451
0.8685984583859373
0.8686015301804879
0.8686019224050908
0.8686012753937291
0.86860090270169
0.8686031802751378
0.8686033258444749
0.8686038945938825
0.8686071701846061
0.8686090513997491
0.868608942625985
0.8686093587579243
0.8686094071624597
0.8686104626517984
0.8686130753440168
0.8686124260146404
0.8686104917541966
0.8686123479764488
0.8686161631554844
0.8686195950598672
0.8686202991778703
0.8686231920933226
0.8686248488650357
0.8686266666992378
0.8686294597685047
0.8686323171204631
0.8686326771902476
0.8686329333225357
0.8686333786457454
0.8686350705151383
0.8686355516380863
0.8686356164783039
0.868634949166012
0.868633036200725
0.8686321734666125
0.8686315077385527
0.8686309073781359
0.8686313955526195
0.8686305904138283
0.8686320027995087
0.8686337632306018
0.8686359695508603
0.8686349161328208
0.8686378893037012
0.8686384425392218
0.8686420203821662
0.8686441472189622
0.868646760750547
0.8686479547651299
0.8686497383749011
0.8686482884205455
0.8686458194061526
0.8686466648810337
0.8686467981492754
0.8686469724095865
0.8686488024946905
0.8686474415756582
0.8686469274098921
0.8686467152097813
0.8686472797336783
0.8686477003846799
0.86864634688012
0.8686456266286172
0.8686456352872822
0.8686459400230758
0.8686463150919083
0.8686423050637249
0.86863933024278
0.8686364290863463
0.8686343573169867
0.8686320840331967
0.8686302488883981
0.8686294748223075
0.8686302193243757
0.8686295928767436
0.8686280123368374
0.8686283320854347
0.8686285886474894
0.8686301920237552
0.8686322639537615
0.8686330597976445
0.8686364006265229
0.8686376336944864
0.8686367358845651
0.8686371461039177
0.8686380655934753
0.868636306722825
0.8686367363691994
0.8686378145923367
0.8686396119106936
0.8686401208598235
0.8686418191560275
0.8686429056240732
0.8686420770916488
0.8686432756848534
0.8686448391618556
0.8686444599623186
0.8686434806041172
0.8686412478747946
0.8686401912340727
0.8686399707698972
0.8686392617112826
0.8686399757832522
0.8686418039315138
0.8686433049992225
0.8686410450780048
0.868639971497474
0.8686404327935805
0.8686429669906847
0.8686442645600607
0.8686433196323571
0.8686454286218608
0.8686457450208872
0.8686431881397603
0.8686423180703157
0.8686418706987877
0.8686433365824147
0.8686439206104422
0.868643535675614
0.8686417277882692
0.8686408561427094
0.8686406711507694
0.8686431482599913
0.8686459070374791
0.8686473338479896
0.8686486094543182
0.8686491173405817
0.8686487484693216
0.8686475667964145
0.8686464286308423
0.8686459475128864
0.8686494815530484
0.868651520986566
0.8686524952618214
0.8686529981369988
0.8686538176513625
0.8686573806517163
0.8686623870213347
0.8686639854609879
0.8686652667641513
0.8686657377776684
0.8686652118121845
0.8686666241648449
0.86866882106781
0.868670585141135
0.8686710929351869
0.8686725863002946
0.8686748977403903
0.8686755047052088
0.8686739683049945
0.8686753026542693
0.8686765226774996
0.8686762146140944
0.8686747628171961
0.8686730734440951
0.8686733939000062
0.8686759509231418
0.8686786276798052
0.8686774160117426
0.8686766802260961
0.8686761559696158
0.8686774562288092
0.8686780964610267
0.8686783852961353
0.868678100093415
0.8686786412464956
0.8686760903154663
0.8686773111381264
0.8686783958863238
0.8686806544477621
0.8686810803180945
0.8686849196121581
0.8686875091622208
0.868689155650596
0.8686893655009015
0.8686889151275705
0.8686883178419269
0.8686864369499124
0.8686842502006834
0.8686844336979043
0.8686875593825137
0.8686902562814188
0.8686924487132626
0.8686931533772484
0.8686911777098042
0.8686923730333791
0.8686941135993087
0.8686929278228406
0.8686929076648503
0.86869365320309
0.8686951292807629
0.8686948751701565
0.8686945575107842
0.8686950265345317
0.8686934697522267
0.8686929551521295
0.8686930074131964
0.8686915807562342
0.86869173473664
0.8686929249635117
0.868693771966424
0.8686929224693243
0.8686900170663137
0.8686871628962958
0.8686842196160148
0.8686828428186423
0.8686808589755937
0.8686802751488586
0.8686800435674178
0.8686803933271255
0.8686789116043517
0.8686804034792194
0.8686790224799635
0.8686774618993794
0.8686759061494521
0.8686750127774221
0.8686727289376592
0.8686740222413005
0.8686758919196003
0.8686782219308425
0.8686795985802866
0.8686829036457508
0.8686838476845529
0.8686841253083535
0.8686843437823362
0.8686821967490653
0.8686837223856018
0.8686848389006108
0.8686872223144588
0.8686870428858773
0.8686874741171723
0.8686879210130654
0.868686306373134
0.868682023692347
0.8686812772934035
0.8686803795425215
0.8686810632363743
0.8686816687960631
0.8686795593787133
0.8686784249112788
0.8686764446078237
0.8686767687510566
0.8686765026399667
0.868675134434116
0.8686749034223815
0.8686732392775911
0.8686713687944829
0.8686713971061455
0.8686722340594452
0.868672120261265
0.8686723560053242
0.8686704977360671
0.868670212843386
0.8686707061071038
0.8686725179612316
0.8686726863871219
0.8686723825646981
0.8686734452503987
0.8686744324233645
0.8686745394594284
0.8686755844448202
0.8686747228374802
0.8686731003883303
0.8686723741766285
0.8686718344987577
0.8686716829411234
0.868672036505526
0.8686747743003506
0.8686748599777703
0.8686748022351903
0.8686741321621572
0.8686747891633442
0.8686745727745824
0.8686756143145723
0.8686775736787588
0.8686788956216095
0.8686781544240048
0.8686780139342961
0.8686790088162447
0.8686789643183507
0.8686767826283426
0.8686761755143194
0.8686760525253182
0.8686735574000252
0.8686719195655702
0.8686702714515023
0.8686689684899352
0.8686666000553512
0.8686659239696826
0.8686624650451698
0.8686600307584792
0.868657699417061
0.8686562052675452
0.8686554789360373
0.8686536847348251
0.8686491408597715
0.8686484338579366
0.8686470420021957
0.8686459489284691
0.8686450443606644
0.8686450281241871
0.8686453092380844
0.8686436432529241
0.8686407497928242
0.8686366267083496
0.8686348380578771
0.8686349472456671
0.868634583817276
0.8686344764116704
0.8686344119971634
0.8686342612262237
0.8686356907924689
0.8686366140212421
0.8686387047974452
0.8686388197444495
0.8686390909181377
0.8686381449338467
0.8686363907200492
0.8686340024988719
0.8686299844714939
0.868627439990116
0.8686256564376014
0.8686240832897647
0.8686214673392506
0.8686180779794159
0.8686160835837876
0.8686144563509
0.8686122104356186
0.8686093273514812
0.8686069471387257
0.8686061146897663
0.8686043378010436
0.8686015212002531
0.8685990168298153
0.8685972837264002
0.868595909406122
0.8685953537249856
0.8685971794128338
0.8685979262294009
0.8685973873312755
0.8685959725961063
0.8685942954525319
0.8685941861205095
0.8685943304479151
0.8685940400641158
0.8685928078539752
0.8685926207934911
0.8685932482644314
0.8685942293381587
0.8685933377300746
0.868593358183723
0.8685925469433554
0.8685922731608592
0.8685921529734505
0.8685930505926998
0.868595498884492
0.8685975356919775
0.8685982022681923
0.868598455956218
0.8685972267126054
0.8685948964755795
0.8685931500795738
0.8685936959874042
0.8685928391229448
0.8685908280710437
0.8685876083400709
0.8685862489564481
0.868584016222469
0.86858224195849
0.8685794661554511
0.8685763014025942
0.8685741789811549
0.8685714896183494
0.8685702693926697
0.8685690776361847
0.8685688150009536
0.8685691598754544
0.8685691414933401
0.8685706349894025
0.8685712497453744
0.8685721429042691
0.8685721043771613
0.8685722655458891
0.8685738967457619
0.8685744079739984
0.8685743483430185
0.8685727858976044
0.8685708465350084
0.8685700773406398
0.8685705902609296
0.8685710559045985
0.8685731484041751
0.8685755064164625
0.86857750134735
0.868579524543653
0.8685806099649097
0.8685815514183428
0.8685815918449745
0.868582787517327
0.8685850810165218
0.868587496931105
0.8685895311349743
0.8685919688682026
0.8685953307276623
0.8685985482800056
0.8686014680233003
0.8686049216190833
0.868606423452892
0.8686101002332968
0.8686142031816299
0.8686184608201052
0.8686222832408348
0.8686263393682916
0.8686286532376112
0.8686302577114845
0.8686320560146344
0.8686334195316819
0.8686346053968308
0.8686340711105839
0.8686355869807743
0.8686360364735872
0.8686345222940106
0.8686348171482974
0.8686365595939434
0.868638585524785
0.8686423248861288
0.8686454025267325
0.8686471006204922
0.8686490991005976
0.8686519236178969
0.8686542081993802
0.8686559173572223
0.8686573148969219
0.868660205090387
0.8686619870870045
0.8686646915123218
0.8686661469391503
0.8686686466541141
0.8686706958851594
0.868671685455268
0.8686728337723141
0.8686740592037694
0.8686748649518802
0.868675192692765
0.8686745712008599
0.8686726778480679
0.8686726589129298
0.8686731233996623
0.8686727895097227
0.8686749357273146
0.8686774132671067
0.8686798298982676
0.8686827078624427
0.8686849962568326
0.8686855727521572
0.8686876708005717
0.8686899868208107
0.8686926793636783
0.8686963187442334
0.8686995582647986
0.8687020175266613
0.868703437390397
0.8687064153321183
0.8687088970654345
0.868709861204573
0.8687120111583009
0.8687131496717313
0.8687142157943406
0.8687144039891848
0.8687143020752925
0.868714868605167
0.8687170122520719
0.8687192020898601
0.8687208763718237
0.868723015339183
0.8687244719244621
0.8687258577472893
0.8687287629223707
0.868733122233165
0.8687368952355659
0.8687397336602989
0.8687429892258909
0.8687451068539247
0.8687469277127265
0.8687487834997757
0.8687519318849003
0.8687541296226517
0.868755418053579
0.8687571786057184
0.8687580897811449
0.8687582426670937
0.8687579751408187
0.8687585552767025
0.8687616656583381
0.8687652495124224
0.8687669292366226
0.8687676382407978
0.8687682388356325
0.8687696838867184
0.8687713663862479
0.8687742754307438
0.8687764509393439
0.8687773723657346
0.8687797252102984
0.8687832170860071
0.8687846954438938
0.8687857079548293
0.8687862597746698
0.8687865579440112
0.8687847130549631
0.8687848417874758
0.8687855350566257
0.8687868047819182
0.8687875010360674
0.8687874634683984
0.8687871896935815
0.8687880424390934
0.8687881458458754
0.8687880883163578
0.8687868594650734
0.8687860050374757
0.8687862432318618
0.8687861739077997
0.8687853792612223
0.8687837881736705
0.8687829981464623
0.8687824298232473
0.8687805804540262
0.868779866056419
0.868779107107285
0.8687796857262187
0.8687805612700664
0.868780923042536
0.8687802173073981
0.868779652245625
0.8687797391464426
0.8687790897356534
0.8687779030734669
0.8687768370542832
0.8687750718602638
0.8687733150848589
0.8687717744591473
0.868770546077928
0.868768817838976
0.8687690627229804
0.8687684950094766
0.8687659603746866
0.868763938724839
0.8687603230215486
0.8687558657685464
0.8687527209473226
0.8687500107764969
0.868747184805928
0.8687461820976752
0.8687443982641259
0.8687430776416243
0.8687412214684714
0.8687393952673423
0.8687375322953688
0.8687341782561642
0.8687300846906395
0.868727096427418
0.868724890809063
0.8687235167349019
0.868723353655273
0.8687243219434472
0.8687249201448077
0.868725623499407
0.868724387858955
0.8687234271930115
0.8687232625194099
0.8687237957894965
0.8687240013327936
0.8687218591139058
0.8687205833091962
0.8687195724132619
0.8687190452269614
0.8687186749415386
0.8687202347350793
0.8687215125492861
0.8687219632698954
0.8687215027454385
0.8687209303894531
0.8687212877355992
0.868721396332157
0.868720629698998
0.868720650891177
0.8687204042425211
0.8687204970695926
0.8687211112567869
0.8687219599555001
0.8687236538053239
0.8687264046774981
0.8687280628619727
0.8687309117961548
0.8687345114079316
0.8687360177293764
0.8687373435240916
0.8687371140186456
0.8687368405920346
0.8687359334745823
0.8687349764563843
0.8687359422715144
0.8687376222097896
0.8687390860583745
0.8687405552675624
0.8687421251363171
0.8687433140070548
0.8687431546041101
0.868744114807449
0.8687459104415444
0.8687459311884703
0.86874297544541
0.8687407851214733
0.8687406305658915
0.8687430983723723
0.8687457914021817
0.8687474744835659
0.8687477941976316
0.8687480174837836
0.8687471677272407
0.8687465264715227
0.8687460508585139
0.8687443913125097
0.8687423288563634
0.8687393151737112
0.8687367742727871
0.8687354339415204
0.8687357502384114
0.8687367480978848
0.8687375280583058
0.8687395130121123
0.8687386926794942
0.8687345779163159
0.8687321001264102
0.8687311073835216
0.8687314108524612
0.8687318138080448
0.8687339333843622
0.8687362287905678
0.8687378155842798
0.8687376439058504
0.8687347277058889
0.868731980517601
0.8687304621009878
0.868730320911703
0.8687309329677914
0.8687313992914509
0.8687344273313021
0.8687380484667315
0.8687399090054673
0.8687414491312314
0.868743666378798
0.8687457698612682
0.8687481946451312
0.8687485366809518
0.8687498692311144
0.8687513818420521
0.8687529138187046
0.8687535883882949
0.8687541449367242
0.868754376351761
0.8687532500650602
0.8687529747489298
0.8687539602962012
0.8687542968773978
0.8687542000014549
0.8687523128719451
0.8687513331573802
0.8687508263169604
0.8687487137844142
0.8687445383429787
0.8687414489071655
0.8687392648259998
0.8687370047058298
0.8687345033894748
0.8687333671616936
0.8687318882658795
0.8687298556075406
0.8687278508861609
0.8687284679138898
0.8687299769337042
0.8687316540618173
0.8687327578319576
0.8687317174513606
0.8687308375741397
0.8687312027603576
0.8687316632661841
0.8687326035562783
0.8687344193539978
0.8687340870728855
0.8687335936600187
0.8687342937714024
0.8687333825132953
0.8687316244424674
0.8687288090784995
0.8687288960905364
0.8687285741379511
0.8687293612494168
0.8687324227682489
0.8687350058941659
0.8687366612207591
0.8687376008280453
0.8687379246740485
0.8687396322955242
0.8687409546995614
0.8687419028867367
0.868741138623934
0.8687392178749036
0.8687384786436463
0.8687387990413875
0.8687382915464169
0.8687371922055073
0.8687367631860067
0.8687355481043155
0.8687326955846609
0.8687299213600332
0.8687265260268909
0.8687244072761651
0.8687222120723199
0.8687197650798439
0.8687174581283076
0.8687147232791705
0.8687110772452006
0.8687082064073589
0.8687068332985325
0.8687055917195827
0.8687043003447011
0.8687019024324494
0.86870091582126
0.8686995942393758
0.8686992893957998
0.8687006417067658
0.8687009675193502
0.8687034551947901
0.8687045655037081
0.8687039525421694
0.8687026592515463
0.86870247964044
0.868702679806558
0.8687033569935488
0.8687030367351546
0.8687005827140932
0.8686992242682865
0.8686964335563899
0.8686929118282726
0.8686915868911347
0.868691053574027
0.8686903513482375
0.8686893333315193
0.8686897776461854
0.8686909549849976
0.8686917943530484
0.8686935151219576
0.8686951860348999
0.8686958092437862
0.8686979647901734
0.8687002219192205
0.8687003960539481
0.868701189338406
0.8687017548158995
0.8687024417743481
0.8687030396077602
0.8687042365662803
0.8687054787466557
0.8687069186133748
0.8687087595749031
0.8687099723252116
0.868711530679189
0.86871103992584
0.8687101233519804
0.8687097020069917
0.868709458230825
0.8687092618535106
0.8687101311000214
0.868711171309109
0.8687122517758713
0.868713636023485
0.8687147085069667
0.8687162492814283
0.8687166786085853
0.868717458039652
0.8687187038702459
0.8687191481394023
0.8687198879195561
0.8687208815772594
0.8687212548823644
0.8687220205513689
0.8687233822049077
0.8687243954332009
0.8687267415823398
0.8687278653547512
0.8687282320139865
0.8687296244330005
0.8687312613971789
0.8687325474255686
0.8687319877149461
0.8687292366454766
0.8687282316500047
0.8687281561752594
0.8687287452922935
0.8687293956633456
0.8687301949219258
0.868731558288294
0.8687333182883957
0.8687354612471516
0.8687364638389625
0.8687367076954589
0.8687353548108557
0.8687348085861647
0.8687340347053947
0.868732935333502
0.8687352319024944
0.8687366224153817
0.8687364767713305
0.8687352143854379
0.8687342899271339
0.8687332066960728
0.8687322948654669
0.8687301694317496
0.8687283410787391
0.8687266097503169
0.8687261911463136
0.8687248643678751
0.8687228563838626
0.8687210911268192
0.8687200115739834
0.8687180703610742
0.8687164423436345
0.8687157038283834
0.8687141616817179
0.8687120301824004
0.8687118823355129
0.8687132230013338
0.8687150959385326
0.8687164874054215
0.8687167849093106
0.8687151555865864
0.8687130824373435
0.868713099445641
0.8687146664986269
0.8687156106592536
0.868715776821388
0.8687156883237039
0.8687163599703408
0.8687157437370306
0.8687147422566747
0.8687130738409922
0.8687126229551214
0.8687110150411509
0.8687087112347696
0.8687066216144188
0.8687052721855152
0.8687043312459941
0.8687030537685866
0.8687031559184729
0.8687031882057313
0.8687018846693397
0.8687000547851393
0.8686993325939975
0.868699137472094
0.8686965172042453
0.8686945111212244
0.8686944450331185
0.8686941838877839
0.8686948342111364
0.8686949726859221
0.8686943068505152
0.8686945148411234
0.8686955946034055
0.8686964970940277
0.868696638244777
0.868696198041774
0.8686957450858308
0.8686953272578489
0.868695134013205
0.8686959629441426
0.8686974958705499
0.8686990074698215
0.8686997528281387
0.8686999101830271
0.8686988615944826
0.868696992256692
0.8686969080701715
0.8686972200270182
0.8686981194517039
0.8686988897585562
0.8686994032692648
0.868700581963651
0.8687013930507167
0.868701797069179
0.8687029139164536
0.8687025318796089
0.8687012127767386
0.868699277190271
0.8686986011908003
0.8686970418966272
0.8686963240709973
0.8686954288230787
0.8686943008381388
0.8686940147527473
0.8686942850956482
0.8686951583047098
0.8686948051443801
0.8686930695805907
0.8686930574392343
0.8686934301505311
0.8686919442902086
0.86868943144413
0.8686890430620596
0.8686882259376624
0.8686865986388078
0.8686862558404345
0.8686874528790094
0.8686887784250036
0.8686895404303651
0.8686903787094825
0.8686918691427725
0.868693611559723
0.8686925297470991
0.8686920942316805
0.868692268396753
0.8686936942607796
0.8686940795806655
0.8686949835629335
0.8686950268274929
0.8686964293165401
0.868697824799719
0.8686995212815715
0.8687015921523772
0.8687029975921026
0.8687025675339427
0.8687029382774453
0.8687046586330728
0.8687064404438197
0.8687068924535402
0.8687047797343803
0.8687031692025141
0.8687012480467207
0.8686997783863328
0.8686978180012361
0.868697496343428
0.868696644470753
0.8686952070821975
0.8686938454958298
0.8686905892720774
0.8686892568164855
0.868688133726814
0.8686885138771719
0.8686892717311068
0.8686888735794893
0.8686889840397508
0.8686885625688616
0.8686867767907686
0.8686857078094349
0.8686859433024152
0.8686851233936455
0.8686832273262326
0.8686815118957022
0.8686804590971828
0.8686784999269112
0.8686753458031784
0.868671880523254
0.8686687804605261
0.8686666994132018
0.8686645096730726
0.8686628449164066
0.8686622654958222
0.8686617662507962
0.868660140730506
0.8686572099545347
0.8686548840677009
0.8686533556269667
0.8686511714310924
0.8686498153660022
0.8686493402225297
0.8686484344483578
0.8686471695499558
0.8686452347402457
0.8686440108779413
0.8686428161140488
0.8686409624666609
0.8686387685466379
0.8686390264576086
0.8686373786996083
0.8686349787631443
0.8686343572149591
0.8686353514840174
0.8686377937983492
0.8686402499678624
0.8686423188213421
0.8686430598694049
0.8686437534409553
0.8686430464653113
0.8686425922833917
0.8686440752734675
0.8686437311591386
0.8686424285544904
0.8686416712971501
0.8686409266957617
0.8686398873366906
0.868640050296088
0.868640717773007
0.8686415780963004
0.8686432619324858
0.8686442006461305
0.8686444432623994
0.8686448709727256
0.8686461041487696
0.8686479180043134
0.8686498706750431
0.8686509789192722
0.8686524409120088
0.8686543488086451
0.868654088616296
0.8686536195557377
0.8686538797122878
0.868656419063264
0.8686608582761721
0.8686639102291057
0.8686667242516368
0.8686695417913419
0.8686713200590092
0.8686729051094426
0.868674502763277
0.8686754575596322
0.8686777030510124
0.8686775798205713
0.8686750987346679
0.8686735281167898
0.8686729370767088
0.868671546528604
0.8686688767935111
0.86866692933038
0.868665744293695
0.8686647338472694
0.8686639704686456
0.8686636056012679
0.8686615275583562
0.8686618138101285
0.8686621288944512
0.8686611040981215
0.8686603414324171
0.8686610511042366
0.8686619057515713
0.8686625936297959
0.8686638767266651
0.8686661633506068
0.8686687556899755
0.8686711143687326
0.8686735293631233
0.8686753259626301
0.8686772477673276
0.8686785245606522
0.8686777917890196
0.8686770179685398
0.868677051106211
0.8686790096665515
0.8686827099093893
0.8686856053959731
0.8686877014934317
0.8686898999342695
0.8686922923876185
0.8686948181139189
0.8686957117748255
0.8686955175874138
0.8686961883033678
0.8686990357845479
0.8687033087848823
0.8687085903846391
0.8687139462497786
0.8687167719095812
0.8687175430878719
0.8687187731423027
0.8687194438237856
0.8687182735015437
0.868717639246954
0.8687175127881871
0.8687158995213938
0.8687166138110047
0.8687184977071861
0.8687203067602662
0.8687217908413178
0.8687221940784137
0.8687233238356149
0.868723970003351
0.8687257022197918
0.8687265216158377
0.8687261940213686
0.8687273405603282
0.8687274774411158
0.8687270306069191
0.8687285525892441
0.8687290113004723
0.868728315290989
0.8687284175804663
0.8687307613755206
0.8687332177926748
0.868733800794475
0.8687329067837878
0.868731199864967
0.8687324071050645
0.8687331014328801
0.8687317645033381
0.8687305471075534
0.8687306252970998
0.8687322513105767
0.8687336270757889
0.8687361868100952
0.8687397841674582
0.868741996758856
0.8687441352020165
0.8687456258230887
0.8687454843282639
0.8687455399500037
0.8687467670771414
0.8687472626581887
0.8687489713795197
0.8687511735711655
0.8687505522863617
0.8687518553619161
0.8687542000349437
0.8687527982542222
0.8687517497361354
0.868750620211359
0.868750287273095
0.868749361219091
0.8687485233673029
0.8687479117209597
0.8687470469364517
0.8687444167579743
0.8687418766565627
0.8687408113036293
0.8687412121762331
0.8687417404111796
0.8687439822685835
0.8687460478715544
0.8687460664999348
0.8687466940249637
0.8687467988825779
0.8687473662121282
0.8687495850681421
0.8687517439750106
0.8687521185664779
0.8687534910502902
0.8687556224090496
0.8687571377600836
0.8687588060815764
0.8687625667465599
0.8687658329385802
0.8687660209534008
0.8687657678096853
0.8687652693953735
0.8687675148956128
0.8687689718599502
0.8687701689119645
0.8687718369846466
0.8687736182179215
0.8687741194724633
0.8687740115662839
0.8687765110700424
0.8687795033644399
0.8687811156586862
0.8687823212062631
0.8687839455397642
0.8687851009062126
0.8687857429265429
0.8687857075016728
0.8687859070290505
0.8687860212891798
0.8687857835769227
0.8687854984978146
0.8687867982831455
0.868788016885029
0.8687876904682744
0.868786616898484
0.8687835031996078
0.8687805747731602
0.8687796176874962
0.868779796950214
0.8687803166060412
0.8687806627007492
0.868780749522903
0.8687808963548087
0.8687801212865895
0.8687799398488079
0.8687795241518377
0.8687782375249268
0.8687786164054478
0.8687798496448711
0.8687803977022573
0.8687787731597361
0.8687751790219909
0.868773527663184
0.868772850194623
0.86877131635277
0.8687695467468188
0.8687676223369858
0.8687657628795634
0.8687633300640445
0.8687637460953024
0.8687655114388648
0.868764361481685
0.8687610476111866
0.8687583946823594
0.8687576827478082
0.8687579743170935
0.8687592536072825
0.8687609800264497
0.868761121857806
0.8687607143788522
0.8687611656115559
0.8687617995445762
0.8687628004404967
0.8687635524506059
0.86876439416441
0.8687659971614554
0.8687665710506512
0.8687660008473037
0.8687674701201378
0.8687683941859895
0.8687698580641119
0.8687724260706698
0.8687730286087854
0.8687742841194
0.8687748069257887
0.8687750198177694
0.8687754529606534
0.868776151716466
0.8687772033117771
0.868778426812382
0.8687783725470939
0.8687772369920945
0.8687753353302581
0.8687747712062106
0.868775492608254
0.8687747223661415
0.8687732531451592
0.8687723308473855
0.8687721262029442
0.8687740293594696
0.8687745887386562
0.8687729739409648
0.8687713712101206
0.8687705665233945
0.8687697295485791
0.8687682844379052
0.8687658797431058
0.8687639539626723
0.8687646907234438
0.8687652972927717
0.8687638707370715
0.8687632320615302
0.8687617459355017
0.8687612332690597
0.8687609709653716
0.8687609201347897
0.8687601632045368
0.8687593658169727
0.8687588163865729
0.8687584472847504
0.868759837509893
0.8687629265142485
0.8687641186483557
0.8687650228671875
0.8687651734606097
0.8687652819661138
0.8687644737877498
0.8687624009380305
0.8687608792166441
0.8687596112659742
0.8687594914113765
0.8687600123438145
0.8687614107108542
0.8687628748278219
0.8687612670369843
0.8687598311888305
0.8687588026904626
0.8687589347286409
0.8687593548481227
0.8687601232390029
0.8687596190129333
0.8687598121046664
0.8687597482543675
0.8687594801800642
0.8687575144684558
0.8687561933677764
0.8687564495394767
0.8687572317894672
0.8687575886017518
0.8687553672639503
0.8687532969962554
0.8687519732645249
0.8687486039644535
0.868745803924692
0.8687440653217566
0.8687429086503106
0.8687427286832371
0.868742721798381
0.8687442450531984
0.8687454919336711
0.8687458459734628
0.8687463892792353
0.8687465916295327
0.8687464870208736
0.8687469559527866
0.868747565263071
0.868748028295995
0.8687469391488093
0.8687471872605287
0.8687480049151177
0.8687473382498957
0.8687460353667652
0.8687452934783799
0.8687455617703721
0.8687470272914355
0.8687465383987147
0.8687454798891456
0.8687452412340552
0.8687461244348016
0.8687465471740828
0.868747621076919
0.868747056290547
0.8687459432550386
0.8687452802311747
0.8687436839322983
0.8687426894926118
0.8687418457599416
0.8687428809898172
0.8687441197816976
0.8687452161575256
0.8687459866290369
0.8687466660870473
0.8687490476573124
0.8687524606645342
0.8687544555844162
0.8687563261877643
0.8687573300872117
0.8687596561417763
0.8687595276191358
0.8687596030308148
0.8687599379352611
0.8687604968470701
0.8687598790345995
0.8687601130812349
0.8687630947778843
0.8687646853732994
0.8687650036800162
0.8687654375823263
0.8687648212030052
0.8687634335635288
0.8687608736379694
0.8687591425762773
0.8687566138226571
0.8687552808744383
0.8687545143809838
0.8687542650738137
0.8687542261641035
0.8687548882260179
0.8687560780074668
0.868756554747851
0.8687558088930474
0.8687559120317924
0.8687563322314901
0.8687553223985286
0.868753422684609
0.8687526981008041
0.8687517121470144
0.868749772971506
0.8687473800152541
0.8687464943255975
0.8687470712247864
0.8687490850711737
0.8687506200319174
0.8687505554521889
0.8687505320530803
0.8687497528777134
0.86874984700784
0.8687495987415048
0.8687495430482175
0.868748406566552
0.8687474011043499
0.8687465502915904
0.8687459623063007
0.8687447387801022
0.868743779499052
0.8687424470994303
0.8687413675528914
0.8687417127501011
0.868741693914382
0.8687398265973573
0.8687377320921383
0.868736707611514
0.8687359150702421
0.8687357671576056
0.8687345263205768
0.8687332787222505
0.8687315453855414
0.8687291521451562
0.8687269356626278
0.8687255815895991
0.8687243657482773
0.8687231077870958
0.8687216871133616
0.8687209159244926
0.868719445506252
0.8687157122443736
0.8687140831917106
0.8687121066181609
0.8687089027554082
0.8687066564396699
0.8687056913163299
0.8687047393218897
0.868704240391695
0.868703775936858
0.868703015471852
0.868702731436579
0.8687033893186171
0.8687052702400561
0.8687061200225462
0.8687074592667132
0.8687079822436976
0.8687076521483936
0.8687069959556928
0.8687051576181287
0.8687030174013644
0.868701408685946
0.8687010067775849
0.868699582036723
0.8686991059191221
0.8686979229306776
0.8686972262918686
0.8686973920577458
0.8686967210269043
0.8686967190716472
0.868697733642676
0.8686985463499962
0.8686986287149152
0.8686986338217225
0.8686976605152967
0.868698077943393
0.8687002514376728
0.8687021369420888
0.8687055027930953
0.8687080556252398
0.8687101215120469
0.868712054916524
0.868713181557169
0.868713454600682
0.8687132969823113
0.8687119923569422
0.8687100025665171
0.8687073002553771
0.868705142930892
0.8687022195448553
0.8687009384268686
0.8687011812606314
0.8687015477103903
0.8687026373014558
0.8687036138067066
0.8687048174112945
0.8687049790137764
0.8687063925805255
0.8687074436885079
0.8687083359912846
0.8687091757258174
0.8687083824208317
0.868707356516519
0.8687066407638878
0.8687068792527962
0.8687062939302796
0.8687063934353341
0.8687060606725071
0.8687047101396607
0.8687037680528669
0.868702945289875
0.8687016878102398
0.8687009258735545
0.8687002520402215
0.8687006313992703
0.8687002894519665
0.8687005924108149
0.8687026123189392
0.8687058204567085
0.8687074242654004
0.8687080534516936
0.8687082504490812
0.8687082859226946
0.8687082246044853
0.8687087708459439
0.8687100493560435
0.8687108652079198
0.8687108611284086
0.8687120555423242
0.868712646553552
0.8687117237223769
0.8687094046803087
0.8687094827149425
0.8687098063135652
0.8687089954156331
0.8687087977253543
0.8687086258835851
0.8687083715399729
0.8687092922366088
0.8687120558272904
0.868714894322317
0.868716858084096
0.8687190541459567
0.8687207967506229
0.8687215263239951
0.8687219286941398
0.8687231696545008
0.8687242807138834
0.8687243173771585
0.868723735704912
0.8687243403355026
0.8687238615155443
0.8687243201986045
0.8687249230618682
0.8687249230377155
0.8687244690922937
0.8687236560459562
0.8687234477309995
0.8687230601691769
0.8687244080544793
0.8687280673027175
0.8687306172850662
0.868732361149816
0.8687333949081334
0.8687343632121144
0.8687361979287035
0.8687382526801826
0.8687397085062059
0.8687421017182031
0.8687431790065747
0.8687429869557265
0.868743347622342
0.8687432851819487
0.8687419334307246
0.8687421034530062
0.8687419518943843
0.8687416350846993
0.8687401862150524
0.8687381397602655
0.8687358891778197
0.8687326654174166
0.8687316831693681
0.8687304638858758
0.8687303803490128
0.8687310108010136
0.868731415993171
0.8687337279964154
0.868736223688842
0.8687369912775947
0.8687367973779715
0.8687374219002273
0.8687379778324887
0.868738209122307
0.8687379404595481
0.868737682972721
0.8687374272842866
0.8687370898140333
0.8687369071358556
0.8687373111431894
0.8687377954094407
0.8687387803803367
0.8687398680323083
0.8687399852041908
0.8687404159671245
0.8687420111231069
0.8687449573450758
0.8687463916312679
0.8687487717197907
0.8687520598912798
0.8687534374185356
0.8687527969063532
0.8687522226799168
0.8687519722887043
0.8687523160956232
0.8687536009831565
0.8687559427137526
0.8687581336506321
0.8687599613010295
0.8687622054426704
0.8687622737542011
0.8687607195837284
0.8687587261337374
0.8687574332045898
0.8687581202376777
0.8687587985533537
0.868758150249148
0.8687573196603515
0.8687563530045722
0.8687554265787562
0.8687554392630775
0.8687558582524235
0.8687554800338154
0.8687563917619142
0.8687578494570257
0.8687584190159342
0.8687589427335635
0.8687603550995758
0.868762043739944
0.8687627722984222
0.8687629705043198
0.868764329619401
0.8687656162473367
0.8687668163969565
0.8687676943308102
0.8687688759697899
0.8687689393605926
0.8687688048333576
0.8687700230137841
0.8687716204161996
0.8687726059534504
0.8687732356841431
0.8687735965021055
0.8687746941343062
0.868775427297618
0.8687756699282054
0.8687757253119197
0.8687768416861815
0.8687794689713066
0.8687812292831464
0.8687823251270873
0.8687833513713561
0.8687824957294014
0.8687816811708462
0.8687826799105085
0.8687830785943862
0.8687840850084168
0.8687850097912743
0.868786455887091
0.8687873546696537
0.8687875023323548
0.8687875359801814
0.8687881575375856
0.8687885429136436
0.8687884797085925
0.8687876252376587
0.868787739056185
0.8687888655681422
0.8687896762439891
0.8687900795822353
0.8687891140422174
0.8687875035284588
0.8687864326150122
0.8687855260822658
0.8687846067307816
0.8687854437381406
0.8687871926534511
0.8687874202498463
0.8687864257716744
0.8687853251756236
0.8687847026440655
0.8687843351485836
0.8687840471782683
0.8687840830273462
0.8687863002114888
0.8687885640503318
0.8687893140231833
0.8687913545712692
0.8687929924619313
0.8687937162038093
0.868793544960093
0.8687945384719503
0.868794958757958
0.8687951880186379
0.8687954478589973
0.8687943497940864
0.8687933527506412
0.868793959952938
0.8687936073957603
0.8687931507660838
0.8687940541811714
0.8687948233485105
0.8687942820873616
0.8687945271123183
0.8687953959742156
0.8687959416712993
0.8687953849012869
0.8687953036696395
0.8687948527824202
0.8687953697139974
0.8687951450102526
0.8687949194404501
0.8687958148228584
0.868797712128561
0.8687991778565152
0.8688002651818394
0.8688003161299814
0.8688002096876664
0.8688000687570888
0.8687996611591456
0.8687983181497795
0.8687978554467471
0.868797763284256
0.8687960796220427
0.868796237694035
0.8687969900913279
0.8687965231789259
0.8687970566202855
0.8687979417312308
0.8687973604806594
0.8687964252238524
0.8687964027396772
0.8687973436303834
0.8687981126570616
0.8687982609933328
0.8687983862623856
0.8687987439696953
0.8687997928422762
0.8688000515079448
0.8688000577279918
0.8688003144445354
0.8688008689080982
0.8688008612114491
0.8688020128155238
0.8688035192446433
0.8688037310799672
0.8688034560952475
0.8688028088289367
0.8688005207254312
0.8687974894650516
0.868795315930326
0.8687945335819455
0.868793962036568
0.8687931734560547
0.8687928423060285
0.8687924400883995
0.8687913502693012
0.8687902160823292
0.8687891670799074
0.8687889805679341
0.8687881917193293
0.8687879320687516
0.8687885130245827
0.8687888473751354
0.8687898225832049
0.868790959629181
0.868790097720932
0.8687898793206439
0.8687901829751977
0.8687901208726664
0.8687899355408109
0.868790714142499
0.86879206952295
0.868792717123222
0.8687927630235532
0.8687939364281981
0.8687948250209477
0.8687960187139218
0.8687961484682687
0.8687958561479764
0.868795723198243
0.8687954716361368
0.868794644037086
0.8687944792773743
0.8687935396281947
0.8687917787050744
0.8687887038611624
0.8687865278831354
0.8687850197126226
0.8687829526205428
0.8687822145580123
0.8687833331786976
0.8687846791672527
0.8687848085901342
0.8687845737036977
0.8687836045903256
0.8687829417137248
0.8687836759705558
0.868784505278103
0.8687858816384919
0.8687868971420187
0.8687871117284572
0.8687875870781321
0.868787783527576
0.8687875358604513
0.8687882358182589
0.8687887600161946
0.8687898932415575
0.868789094620491
0.8687878893919678
0.868787675878571
0.8687871223157193
0.8687887512792586
0.8687896392627895
0.868790213102182
0.8687907733452097
0.8687895469990075
0.8687887367940105
0.8687886771192612
0.8687896088641069
0.8687898281711239
0.8687897422265687
0.8687890260888526
0.8687894925786258
0.8687896838289484
0.8687896353957083
0.8687902246291664
0.8687911364614695
0.8687921240075736
0.8687949505459815
0.8687971585211749
0.8687954838717434
0.8687932188592886
0.8687919447856792
0.8687903702696181
0.8687885135623555
