0.4391322506703912
0.5066853555982046
0.5307813104469865
0.5463246263013242
0.5559706351232964
0.557732877445062
0.5654587703191656
0.5733672382719406
0.5801533821102257
0.585661793914116
0.589759949002397
0.5957297041891733
0.6016830699250277
0.608908414274372
0.6171473877026998
0.6249113352816918
0.6325739593481009
0.6401190738370054
0.6456152304418055
0.6520820272408413
0.659019649125631
0.6666169015964304
0.6724043400107055
0.6767618004801583
0.6813968179854756
0.6860407942745058
0.6894219255359381
0.6931896732045011
0.6974783560233352
0.7015469615704778
0.7059411415192172
0.709436379608585
0.7129937730189493
0.7166621748860057
0.7202633915746337
0.7238627244000756
0.7272501632767778
0.7303308937136531
0.7333544848934825
0.7360263772000056
0.7383843671410707
0.7405187891244404
0.7427032730452594
0.7455024889967196
0.7483687935560535
0.7512751777841902
0.7536263593488476
0.7556977158175064
0.7577214127167881
0.7599427537989254
0.7622323088544942
0.7642455333700343
0.7664844433707669
0.768471734328373
0.7704084953951588
0.7722209025543162
0.7738973865614694
0.7755490526533367
0.7772588451874843
0.7791010929474299
0.7808091528616732
0.782373386826221
0.7839568792179029
0.7855553766745225
0.7876016746489535
0.7893307709999613
0.7907908464005051
0.7923094480615577
0.7937104539354067
0.794874571404381
0.7961108089553742
0.7973904526881668
0.798661803547886
0.799763829273534
0.8006379879329121
0.8014306325803239
0.8025119431256456
0.8034555413409307
0.8042105989314389
0.8049571528188684
0.8057209508680578
0.806477050092398
0.8071853926364226
0.8077975177835208
0.8084322250212717
0.8089450555967295
0.8097891716362852
0.8107461228771746
0.8114103812541902
0.8120258355156925
0.8126937906712931
0.8132339310103892
0.8137454488250656
0.814193675476049
0.814642094817069
0.8150689239299157
0.8155777125367721
0.8161322283211978
0.8166039524140752
0.8170778272075216
0.8175550344373336
0.8178453352042552
0.818357737773821
0.818769137899801
0.8191186626551272
0.8194687221358626
0.8198178273624802
0.820132231403096
0.8205594850926683
0.8208177965010394
0.8211121458398275
0.8215013765400854
0.8218172753493743
0.8220788157158186
0.8223725883818429
0.8227608956594439
0.8231173624895525
0.823347708076385
0.8237212912587187
0.824029373850578
0.8242964260521636
0.8245767805057035
0.8248951598473602
0.8251833721110617
0.825450572667702
0.8257714073198406
0.8261932604744433
0.8264818516380473
0.8267210221479838
0.8269043064306658
0.8273254062607606
0.8277366446143176
0.828010017005971
0.8283676272819805
0.8286963578458522
0.8289462881320986
0.8291517759799818
0.8293439943667232
0.8295704875155432
0.8297808868359398
0.8299615823940385
0.8301933087097095
0.8304155817944487
0.830769862258434
0.8311447930813014
0.8313902078576396
0.8315871302081466
0.8318236180566004
0.8321092368654398
0.8324078670795488
0.8326282216270644
0.8328502467408204
0.8330391733548569
0.833237498223227
0.8333908712624797
0.8335532756751791
0.8337867922356967
0.8340112593713073
0.8341923657993701
0.8343625184877833
0.8345170628184384
0.8346898014058205
0.834923925530588
0.8351340706157107
0.8353181019784207
0.8355175566949818
0.8357663016350403
0.836010093116993
0.8362130194440409
0.8364229353187942
0.8365932542779647
0.8366728414916252
0.8368191193578949
0.8369730409248974
0.8370693943970607
0.8372312772645337
0.8374105132005292
0.8375975775649979
0.83769743286762
0.837829838571043
0.8379892368261324
0.8381538447819502
0.8382702685069736
0.8384362644082055
0.8385603502673411
0.8386394891308558
0.8387664845193686
0.8389430142214115
0.8390763081431303
0.8392143806790437
0.8394279789333655
0.8396511204130007
0.8398339764647889
0.8399541193082883
0.840060600970289
0.8401634539115981
0.8402565116522273
0.8403773901916408
0.8405709740566967
0.8406766858306697
0.8407305449165805
0.8407781382592975
0.8408716687385324
0.8409582163426119
0.8410664941165621
0.8412609976282225
0.8414001927661017
0.8415175732484519
0.8416212472541715
0.841739615936878
0.8418685071101742
0.841980211814464
0.8420756798114627
0.8421607507985469
0.8422740516171217
0.8423866606578165
0.8425227708798226
0.8426050995795502
0.8426905989109633
0.8428013397045573
0.8429251490340484
0.8430914062224444
0.8432765472560935
0.8434341234462899
0.8435687744264839
0.8436670697377558
0.8437261319399207
0.8438300470316219
0.8439390230599484
0.8440192381267559
0.8441610988287602
0.8442572897494105
0.8443518599739503
0.844450950588991
0.8444962229635932
0.8445872386922896
0.8447329356312852
0.8448386084436738
0.8449503186856444
0.8450262521674505
0.8451008885715949
0.8451895751262435
0.8453049082155545
0.8453771483074999
0.8454618059201857
0.8455613095328274
0.845645941453401
0.8457188413155722
0.8457657543025838
0.8457961736275647
0.8458686403603127
0.8459253213062194
0.8459689954925681
0.8460263872307512
0.8461025729334948
0.8461875078252643
0.8462614002964279
0.8463438434729361
0.8464248742031879
0.8465015347115695
0.8465758027640091
0.8466037730595712
0.8466440802001488
0.846672735386897
0.8467320668644537
0.8467797451730854
0.8468098062998062
0.846882594397272
0.8469535919554568
0.8470882419865656
0.8472207324413014
0.847316552058654
0.8473793363695429
0.8474524171181714
0.8475160215979048
0.8475696792375391
0.8476184344833041
0.8477048324682134
0.8477518334426273
0.8478178778864495
0.8478992745779912
0.847984961653668
0.848054471578995
0.8481144065695954
0.8481745539663681
0.8482322238523606
0.8482976290887677
0.8483710760911793
0.8484021273137516
0.8484646196210676
0.8485499687603651
0.8486265044471354
0.8486839185949967
0.8487521532698165
0.8488355063397879
0.8489253600348956
0.8490196446055931
0.8490588449016815
0.8491246795168191
0.8491824173813445
0.849272987483494
0.8493725158898414
0.8494533980305637
0.8495180613120289
0.8496081110100039
0.8496792373374341
0.8497563174475674
0.8498822640223345
0.8499760170908868
0.8500520508483319
0.8501162751336994
0.8502062435232035
0.8503092860556679
0.8503916201731002
0.8504406794856479
0.8504863730726319
0.8505265252891863
0.8505924268163981
0.8506541404307163
0.8507233777045331
0.8508088182244155
0.8508799917635587
0.8509358995362949
0.8510029533370949
0.8510668525156725
0.8511159481054374
0.851163458784463
0.8512534135388446
0.8513278912879294
0.8514126969338462
0.8514629779596701
0.8515354516515097
0.851613511892575
0.8517016840194367
0.8517665694328194
0.8518238682446401
0.8518928197743489
0.8519634430873686
0.8520240648178518
0.8520701822065102
0.8521009530546966
0.8521226839440077
0.8521779215899971
0.8522555677352586
0.8523368969541236
0.8523922400532684
0.8524246853927344
0.8524850087439838
0.8525523261513185
0.8526419035795333
0.8526974535275053
0.8527135784283849
0.8527558089900805
0.85278579824352
0.8528319778252816
0.8528593223806142
0.8528951076467561
0.8529589946559449
0.853011829503252
0.8530613310485526
0.85310600084405
0.8531430865232663
0.8531929470861371
0.853230157456788
0.8532782022603942
0.8533184468682594
0.8533408081520858
0.8533823348012987
0.8534137604132607
0.8534522434334688
0.8535033413161397
0.8535267904645263
0.8535547313608703
0.8535895817747879
0.8536453148163833
0.8536789343813894
0.8537134737570351
0.8537442249365295
0.8537577739383012
0.8537739375540407
0.8537841535892058
0.8537969228284749
0.8538020845986481
0.8538002940341963
0.8538169365415381
0.8538397597817269
0.8538460781522218
0.853868596182966
0.8538856872142456
0.8538860899284011
0.8539091722516138
0.8539127673300512
0.8539241937068954
0.8539216903532773
0.853927775269324
0.8539343245565416
0.8539227275270557
0.8539146076697223
0.853939276667128
0.8539613970034228
0.8539789280555683
0.8539973945150428
0.8540377071299594
0.8540468484925077
0.8540412300494796
0.8540578868773422
0.8540403883293346
0.8540541482510395
0.854063082763355
0.8540619103058941
0.8540685901365223
0.8540846097972671
0.8540929521403414
0.8540819976430792
0.8541058993754467
0.8541525247166483
0.8541849788131644
0.8542475651498966
0.8542710625058271
0.8542921597630757
0.8543168576855816
0.8543279455792975
0.8543313718794694
0.8543426279080867
0.8543459398354173
0.854342269043071
0.8543508880204327
0.8543580560024167
0.8543970861551878
0.8544387458204329
0.8544333100971835
0.8544712181021653
0.8545102954683513
0.8545300446317768
0.8545474340493165
0.8545639271517228
0.8545797351987493
0.8545799602856369
0.8545833298546359
0.8546006884236205
0.8545990866226901
0.8545882538229804
0.8546052510156007
0.8546630290574956
0.8547088311710613
0.8547479131480321
0.8547673130770005
0.8547616877352748
0.8547744075020459
0.8547851975971893
0.8547788102864453
0.8547791868092636
0.8547657845959205
0.8547493836847773
0.8547732806184939
0.8547909912529768
0.8547885934503893
0.8547786571799182
0.8547814823277968
0.8547750621996687
0.8547691590410542
0.8547691711566123
0.8547613210194985
0.8547634270846979
0.8547741893992631
0.8547786092483728
0.8547818719792368
0.8547846841876627
0.8548042761002848
0.8548394393662908
0.8548485197498404
0.8548553625695454
0.8548606433862768
0.8548713212394332
0.8548782443678591
0.8549075329515785
0.8549294651327451
0.8549608956562608
0.8549834655525325
0.8549954829334292
0.854996228740137
0.8550106883366396
0.8550315701980424
0.8550641672949075
0.8550940485608552
0.855131450200981
0.8551469087126596
0.8551567915764423
0.8551750000049606
0.8551927812976774
0.8552150476732473
0.8552400523598224
0.8552490372265402
0.8552603703800523
0.8552872684517523
0.8553299396483129
0.8553427355872749
0.8553649124934675
0.8553812380898287
0.8554155779465221
0.8554841776086679
0.8555322628804938
0.8555707972944617
0.8555909770817827
0.8555776180175196
0.8555724707241051
0.8555815364760909
0.8556027264996277
0.855617399081168
0.8556330640756856
0.8556364031781429
0.8556347276206575
0.8556347099426587
0.8556349905438078
0.8556469123416078
0.8556686104308695
0.8556803021984815
0.8556858431018256
0.8556996812220209
0.8557350366842269
0.8557633297630793
0.8557614610371843
0.8557534399005262
0.8557609797570235
0.8557607846844578
0.855789725018668
0.8558129051641156
0.8558125577671873
0.855826351913556
0.8558567347202756
0.8558802677266553
0.8558934740031453
0.8559090649502732
0.8559168452394109
0.8559336927278416
0.8559562643965577
0.8559676827686827
0.855977818318302
0.8559774237158037
0.8559826758503275
0.8559774613262033
0.855983925305561
0.8560111258784923
0.8560300398240142
0.8560553168220352
0.8560638892484738
0.8560769687010203
0.8560727068988544
0.8560725549891458
0.8560879852533765
0.8560959814065447
0.8561103097402605
0.8561343692518949
0.8561452607306184
0.8561638641641636
0.8561789477563816
0.8561974032162609
0.8562259483073527
0.8562354398778386
0.8562387976468353
0.8562451529689162
0.8562594334677037
0.8562774767209924
0.856292480563414
0.8562987720753958
0.8563026471700633
0.8562895585570129
0.8563070162127622
0.8563248351665697
0.8563412826337939
0.8563585309399094
0.8563559305332801
0.8563516280769313
0.8563440734617941
0.856345092242703
0.8563431930472395
0.8563381585583877
0.8563436372571545
0.8563588467279364
0.8563636438898027
0.8563608996960362
0.8563855626238583
0.8563928248539328
0.8563963762442388
0.8564101140833476
0.856434549318933
0.8564582832662534
0.856475312101297
0.8564937636076331
0.8565144562037106
0.8565347980076797
0.8565520720487646
0.856590142947662
0.8566197843179786
0.856651610982635
0.8566739003358108
0.8566926666958438
0.8567147817173922
0.8567389982106565
0.8567634733496062
0.8567907511850779
0.8568150701906027
0.8568278969194402
0.8568301584510115
0.8568490414429525
0.8568602029112368
0.8568674329914003
0.8568728627886437
0.8568870984919154
0.8569062452824914
0.8569359991463825
0.8569545099930587
0.8569788887021261
0.8570002328765501
0.8569993799441616
0.857009267989386
0.8570272981984148
0.8570514557948803
0.8570609797478178
0.8570727606271256
0.8570936559040196
0.8571106107405932
0.8571072934756243
0.8571238566690041
0.85714531900848
0.8571628925896013
0.857179741924383
0.8571986355336654
0.8572196823323059
0.8572212379925082
0.8572141671886999
0.8572347418867726
0.8572483607604245
0.8572580504226852
0.8572691074932611
0.8572712777523046
0.8572673267513009
0.8572667849009706
0.8572814368261672
0.8572816059925574
0.8572832042256792
0.8572882653381789
0.8572819792335776
0.8572788212709844
0.8572837460543548
0.85729153227535
0.8572942971557659
0.8572909582827896
0.8572884616427463
0.8572704715913169
0.8572722245264268
0.8572856249644487
0.8572936451116911
0.8573024218316885
0.8573163486141706
0.857312534303437
0.8573195403077609
0.8573256542657804
0.8573229000692709
0.8573156606507626
0.8573261832530391
0.8573249020329271
0.8573202789224185
0.8573264269547484
0.8573336096777194
0.857342317511791
0.8573597524278297
0.8573779169015295
0.8573889870354775
0.8573964092646205
0.8574050100995606
0.8574162178998966
0.8574316876570425
0.8574354400640897
0.8574526370595871
0.8574620902350226
0.8574755221928062
0.857488843119205
0.8574771271928904
0.8574680424441867
0.8574728843161298
0.8574753714741401
0.8574733189022793
0.8574968125988325
0.8575084817937161
0.8575114621455383
0.8575178980486894
0.857539936369043
0.8575473491258316
0.8575576091981719
0.8575619083802033
0.8575699815448932
0.8575747956767726
0.857581865568402
0.8575892651430763
0.8575837787001674
0.8575778235753726
0.8575728196184851
0.8575639031043925
0.8575590754931227
0.8575705249560266
0.8575815409444881
0.8576071596736323
0.8576243859236594
0.8576453172806575
0.8576695834797896
0.8576906761086267
0.8577103750296302
0.8577097323573231
0.8577235728470248
0.8577297965353388
0.8577264595299631
0.8577364678114812
0.85774226757166
0.8577441925096678
0.857740924167014
0.8577482108087424
0.8577527416669913
0.8577502828063733
0.8577501923602442
0.8577551807766679
0.8577577755054581
0.8577548409434618
0.8577529845510495
0.8577434579826291
0.8577426571035932
0.857745090263423
0.8577568387901457
0.8577605412212638
0.8577662314314926
0.8577727031614695
0.857774242325374
0.8577887784601697
0.8577958622973393
0.8577928045364693
0.857796682133787
0.8578048653549848
0.8578067606761207
0.8578071372679258
0.8578013541231658
0.8577988852039563
0.8578031066474108
0.8578085012464071
0.8578058456466342
0.857807459309871
0.8578147422162353
0.8578192634911257
0.8578123549600998
0.8578149056251455
0.8578312316101406
0.8578312454257879
0.8578309128160063
0.8578300579966138
0.857819518377276
0.8578114704002102
0.8578243370384806
0.8578373193163585
0.8578528610767429
0.8578597745571191
0.8578565513714856
0.8578498641554014
0.8578516197152445
0.8578553152846824
0.8578526729956385
0.8578473266314314
0.857846974352856
0.8578380302129172
0.8578293137178096
0.8578231776101716
0.8578207246302784
0.8578291802852439
0.8578405017827835
0.8578547408044837
0.8578576773775258
0.8578626423134261
0.8578639176981316
0.8578671621678542
0.857861848718904
0.8578633127019688
0.8578524168821519
0.857843068105952
0.8578387408155737
0.8578315553669065
0.8578341125207386
0.8578435427169235
0.8578429779818842
0.8578628309590255
0.8578759559378919
0.8578884275471286
0.8578967306823307
0.8579060772538871
0.8579072781809215
0.857914760550275
0.857921198462154
0.8579240675516928
0.8579249126517978
0.8579217204398778
0.8579136117286031
0.8579179980148415
0.8579224403853508
0.8579356213813839
0.8579490422817905
0.8579561682267466
0.8579577261958136
0.8579572114047346
0.8579503316758306
0.8579406050633804
0.8579391404625627
0.8579492126821253
0.8579597423286442
0.8579710768378881
0.8579824248884061
0.8579888441016942
0.8580081307910306
0.8580220235293016
0.8580345607411173
0.8580431804241011
0.858044344857569
0.8580556202588611
0.8580657364672664
0.8580663773222473
0.8580720957275473
0.858075991879979
0.8580787884204653
0.8580806434857574
0.8580850601389258
0.8580904154346373
0.8580882938846781
0.8580795267409356
0.8580712186072261
0.858069273871686
0.8580575431689274
0.8580496108940222
0.8580470411395258
0.8580423005750943
0.8580474396369522
0.858041190031727
0.8580383193037251
0.8580276192315613
0.8580233852882468
0.8580159533180188
0.8579973811321112
0.8579968835554633
0.8580007185367133
0.8579839950534064
0.8579785169306763
0.8579760646280927
0.8579609108009154
0.8579533921317297
0.8579472200364038
0.8579367763824686
0.8579258547717349
0.8579329707370242
0.8579524005253358
0.8579639592795483
0.8579559286765567
0.8579549080324942
0.8579574590727649
0.8579530509794357
0.8579482995269916
0.8579516601521918
0.8579577937007815
0.8579579258335673
0.8579696062548849
0.857977786751694
0.8579869227434975
0.8579913287422567
0.8579949521048923
0.8580041465138961
0.8580154864407151
0.8580208097080314
0.8580205492211189
0.8580204947389598
0.8580294075641887
0.8580468433814818
0.8580563037617416
0.8580556280892941
0.8580607331032639
0.8580630179041067
0.8580746436775215
0.8580854149283142
0.8581016543877962
0.8580959904493578
0.8580916045931983
0.8580924084096184
0.8580882742419028
0.8580968370266392
0.8580956108269316
0.8580974854656468
0.8580950676896774
0.858088451375165
0.8580762061842803
0.8580749453403436
0.8580737065265809
0.8580675711717322
0.8580669806897226
0.8580761923572161
0.8580825079788077
0.8580852090395275
0.8580964814054933
0.8581039354226921
0.8581111398787181
0.858115340073696
0.8581131101584094
0.8581162725652487
0.8581226616819911
0.8581259227644372
0.8581259131851512
0.8581251544472379
0.8581241571043097
0.8581266698168938
0.8581285954749958
0.8581319204433651
0.8581365929286467
0.8581478700771363
0.858143333864969
0.858140814251197
0.8581480462245579
0.8581633017840867
0.8581741035158856
0.8581769173483496
0.8581736269531383
0.8581791350091384
0.8581904459209256
0.8582053053274585
0.8582153756330981
0.8582101130702345
0.8582115976273379
0.8582183441901996
0.8582254735817912
0.858219563155941
0.8582169075663268
0.8582171550810171
0.8582160757755699
0.8582192811154166
0.8582337313118095
0.8582415420049931
0.8582442174965982
0.8582523277759908
0.85826365186479
0.8582766627717061
0.8582818303140027
0.858281710884077
0.8582760126193282
0.8582823070790473
0.8582916155362242
0.8583091699173964
0.8583127634456882
0.8583194781762992
0.8583243916711687
0.8583382009184208
0.858346412831374
0.8583443712558425
0.8583385552995566
0.8583356363225054
0.8583400041637017
0.8583395795169809
0.858334884092122
0.8583323955359142
0.8583317833339261
0.8583265313514853
0.8583229310122058
0.858323928331991
0.858330730652305
0.8583331516672291
0.858340693370906
0.8583496794667715
0.8583554908309858
0.8583606603342108
0.8583721441277505
0.8583803148915916
0.8583786604497434
0.8583734410307275
0.8583744549069433
0.8583829341135569
0.858388693770717
0.8583927575894092
0.8583937514836907
0.8583921641881178
0.8583848245918808
0.8583739481112054
0.8583652470361434
0.8583582228146385
0.8583541678748935
0.8583491030618285
0.8583531334222511
0.8583526093219526
0.8583459199146753
0.8583392273261546
0.8583374753986035
0.8583369725248426
0.8583458597070287
0.8583460040229173
0.8583424549287719
0.8583399987809521
0.8583465392418645
0.8583364814248974
0.8583315356639413
0.8583306646024157
0.8583309748159421
0.8583388898636641
0.8583343123733005
0.8583361299285608
0.8583417066221325
0.8583406404454738
0.8583336540272847
0.8583330555945942
0.8583254627832542
0.8583183829214059
0.8583177698025758
0.8583126359316336
0.8583093002096742
0.858308289255901
0.8583090866930273
0.8583029411792163
0.858303410776472
0.8583009087683092
0.8582977080202612
0.8582950806714061
0.8582935101582916
0.8582924989396034
0.8582934208422446
0.8582927546114661
0.8582864010316008
0.8582798942105943
0.8582815610256088
0.8582790225486032
0.8582788748164208
0.8582717412992629
0.8582745457986044
0.8582863494465981
0.8582917072364475
0.8582920174041545
0.8582993797300367
0.8583090600079512
0.858308787318733
0.8583076747002921
0.8583046472816339
0.8583036684004627
0.8583030144842522
0.8582971165119934
0.8582980980554357
0.8582904420231455
0.8582862064459037
0.8582863094185006
0.8582825299002004
0.8582765594739226
0.8582669282760175
0.8582583902850935
0.8582534405986721
0.8582501211095614
0.858257597217432
0.8582624212403045
0.8582632484300385
0.8582586271547105
0.8582546679349473
0.8582519905256765
0.8582481331575833
0.858248738410102
0.8582617561746765
0.8582692040972951
0.8582641893265968
0.8582610506073219
0.8582678333351879
0.8582689414366513
0.858273030810374
0.8582807940051967
0.8582885461232359
0.8582907056248126
0.8582895156212543
0.858293298155954
0.8582970311528674
0.8582972020598676
0.8583026203997265
0.8583085791751119
0.8583144827290308
0.8583165118255295
0.8583170958515384
0.8583274316408076
0.8583366458230952
0.8583421295017635
0.8583482181176733
0.858357458781713
0.8583610074679319
0.85836793395101
0.8583743460140388
0.858373958680282
0.858379418448542
0.858383371381753
0.8583940043136323
0.8584000051729181
0.8584120524848777
0.8584269027084822
0.8584427435444104
0.8584569535590113
0.8584658985449137
0.8584765940327386
0.858486865050431
0.8584967524751324
0.8585099228863038
0.8585164442309084
0.8585252141380962
0.8585372994445282
0.8585474484556657
0.8585565443515775
0.8585665926389707
0.8585804163007069
0.8585902430514559
0.8585957323411755
0.8585966337185597
0.8586068165412254
0.8586117171322564
0.8586155152655883
0.8586166554397698
0.8586135783925407
0.8586142071287092
0.8586124763799866
0.8586126949107193
0.8586098468074942
0.8586085385570101
0.8586055406747214
0.8586008021768782
0.858593599990795
0.8585881121480567
0.8585938151920944
0.8585923184641175
0.8585883905308325
0.8585938950459698
0.8585958035171813
0.8585996412968073
0.8586025612324696
0.8586033612826647
0.8586109216181207
0.8586202646333103
0.8586323443104986
0.8586414494627627
0.8586522812030104
0.8586614786475331
0.8586698578974826
0.8586792108049452
0.8586820462611738
0.8586803770491676
0.8586757415121355
0.8586802051013431
0.858688227381591
0.8586908233511944
0.8586907125995369
0.8586964531369669
0.8587005519000631
0.8587060623355521
0.8587095262030433
0.8587114553384301
0.8587144662780369
0.8587182529860805
0.8587180505020988
0.8587105353003652
0.8587088871408735
0.858706661398044
0.8587027628214993
0.8586952991251374
0.8586961732191881
0.8586886115916901
0.8586852981752373
0.85868967502927
0.8586925210602261
0.8586974653692325
0.8587070371426063
0.8587103543674026
0.8587156824001484
0.8587251035414654
0.8587280879094675
0.8587306378187041
0.8587228037168763
0.858718876112891
0.8587183007089697
0.8587114716492154
0.8587044891871998
0.8587012850439721
0.8586953118179749
0.8586959466585777
0.8586923850659874
0.8586926689531815
0.8586846708934559
0.8586866199210891
0.8586896128073095
0.8587007157106654
0.8587069413717314
0.8587063957473332
0.8587132843380847
0.8587149563811384
0.8587151437262104
0.8587181641415044
0.8587231216362738
0.8587283778751479
0.8587283776358983
0.8587280953626071
0.8587258104491124
0.8587216297722593
0.8587153548298929
0.8587147377462524
0.8587154168898099
0.858720275714506
0.858726788243376
0.8587356634481983
0.8587396451215207
0.8587442408413285
0.8587483923970002
0.8587557916903643
0.858758783443986
0.8587573570244892
0.8587556664688588
0.8587526084989524
0.8587514198755417
0.8587475224009689
0.858738083447839
0.8587322722580559
0.8587270640964348
0.8587187404131623
0.8587116749588659
0.858715298065996
0.8587186434383125
0.858722386696354
0.8587253202804193
0.858728457405468
0.8587303637997997
0.8587350894187025
0.8587428129785489
0.8587479134831891
0.8587524521999503
0.8587558299253056
0.8587644291340514
0.8587630352611824
0.8587571095342774
0.8587619978872145
0.8587692879341976
0.8587709988350549
0.8587718032724437
0.8587679046405481
0.8587679553316947
0.8587778248004618
0.8587837199820266
0.8587931073454395
0.8588039915938644
0.8588114995847695
0.858817687391695
0.8588298318905848
0.8588418759165835
0.8588591562005283
0.8588653500245274
0.8588740230583591
0.8588759402898811
0.8588793852649443
0.8588842725839823
0.858892497331398
0.8588960885099168
0.8588944577871817
0.8588910112314803
0.8588901278543434
0.8588928511555503
0.8589029165622248
0.8589064594679594
0.8589117248204389
0.8589167315541357
0.8589206543008139
0.8589274426311017
0.8589305938462686
0.8589280911575158
0.8589246863638497
0.8589186000583452
0.858920310693321
0.8589192910615301
0.858915713845825
0.8589145056832679
0.8589148836684706
0.8589245302027174
0.8589260424347868
0.8589328136958955
0.8589424755859038
0.8589441107144171
0.8589472668630413
0.8589512908094055
0.8589514656370429
0.8589512346913367
0.8589562218274912
0.8589588254198011
0.858959437264783
0.8589659184236992
0.8589717584145655
0.8589812957269618
0.8589846640928329
0.8589900088029894
0.8590003870395007
0.859004715181725
0.8590120315722962
0.8590176615409857
0.8590218326202884
0.8590218261446756
0.8590262327856735
0.8590293078860545
0.8590313243172817
0.8590338337700071
0.8590312204316953
0.8590275066325012
0.8590301688078086
0.859029887406078
0.8590308935532077
0.8590342549046925
0.8590352321045039
0.8590340579231722
0.8590355021236324
0.8590347501118735
0.8590355296879142
0.8590326412916117
0.8590318750210792
0.8590312964991427
0.8590344426782737
0.8590396838814619
0.8590400824932425
0.8590358623627764
0.8590341938958193
0.8590288960002009
0.85902914454548
0.8590277041897095
0.8590285822266551
0.8590325648771429
0.8590353654566376
0.859032377589355
0.8590322792976457
0.8590365436123123
0.859039911168945
0.8590473629490002
0.8590580002518305
0.8590639828674367
0.8590732865658174
0.8590798231333692
0.8590839077855095
0.8590957999831546
0.8591094333595711
0.8591193566411571
0.8591302560272558
0.8591339802848361
0.8591399302473512
0.8591445783616666
0.8591477864804496
0.8591485569528275
0.8591529941138575
0.8591584089556488
0.8591675857863533
0.8591723288687546
0.8591801533300675
0.85917473999973
0.8591657312439871
0.8591611521593004
0.8591590192730709
0.8591557585682541
0.8591503759135561
0.8591482495110696
0.8591403018141514
0.8591367372204896
0.8591366781511728
0.8591363972898842
0.8591368750090448
0.8591328994235606
0.859124456196143
0.8591219062549497
0.8591195972963781
0.85911790675066
0.859111172379763
0.8591092090291695
0.8591039096228827
0.8590977141863925
0.8590898010972048
0.8590811168603433
0.8590722316566959
0.8590617105513327
0.8590460240334753
0.859034562801285
0.8590250038918745
0.8590180939200324
0.8590127295148403
0.8590071043812686
0.8590010640524612
0.8589969183728222
0.8589929791608076
0.8589858691632756
0.8589800504168267
0.8589769214690828
0.8589686719933785
0.858962379428148
0.8589582891810476
0.8589515756247394
0.8589445490205786
0.8589378593764121
0.8589315213535776
0.8589283058250494
0.8589260902378356
0.8589266432769079
0.8589253668781014
0.8589304872507855
0.85893019470023
0.8589295056349291
0.8589260317473921
0.8589267841522695
0.858930391847366
0.8589282745571335
0.8589221015970373
0.8589277000889608
0.8589306217478937
0.8589326689616248
0.8589318577421478
0.8589363062755827
0.8589352183675453
0.8589324613433763
0.8589310902927133
0.8589272455671194
0.858926209227541
0.8589217698620547
0.8589195110138645
0.8589126569309118
0.8589055774210451
0.858906769432452
0.8589095987971731
0.8589104919006386
0.8589117483481225
0.858913435360959
0.8589044766017728
0.8588982020379227
0.8588953298666359
0.8588924734366278
0.8588849830559772
0.8588816851137545
0.8588771904322925
0.8588719468710778
0.8588688255338264
0.8588606598427502
0.8588525712721684
0.8588482748990911
0.8588430968178333
0.8588384795180027
0.8588294543824364
0.8588228700000925
0.8588190652608743
0.8588153600470967
0.8588125303597326
0.8588125492155234
0.8588137035113023
0.8588178266395231
0.8588259625569247
0.858828596035782
0.8588333329244189
0.8588306437843192
0.8588310989585168
0.8588279956118935
0.8588381271305687
0.8588431901777358
0.8588482311393644
0.8588485195885143
0.8588473604922376
0.8588450249411536
0.858846922641236
0.8588503834879776
0.8588501717373993
0.8588470147595411
0.8588506708098947
0.8588524726178174
0.8588513815755854
0.8588506451467917
0.8588430420561659
0.8588334978418127
0.8588238474862354
0.8588200264041126
0.8588157784570754
0.8588129360738758
0.8588104658057791
0.8588128592933435
0.8588037107099945
0.8588037734066561
0.8588052729045834
0.8588020061473396
0.8587905435948455
0.8587806189286988
0.8587781395317875
0.8587740041228048
0.8587717900951536
0.858762247620457
0.8587503547138033
0.8587411047973079
0.8587339395004401
0.85873092567996
0.8587250357884476
0.8587262673159454
0.8587214298091043
0.8587279600667295
0.8587310463625223
0.8587348813882556
0.8587397477714557
0.8587475499640711
0.8587528135397676
0.858751570392512
0.8587583284299339
0.85876201142021
0.8587587964387551
0.8587612487578712
0.8587667977839559
0.8587680805493961
0.8587706939124474
0.8587737530185919
0.8587708304024341
0.8587772418804724
0.8587775209343
0.8587805339315971
0.8587843718499875
0.8587912432852932
0.8588010340732725
0.8588040348083754
0.8588110578367512
0.858816761445162
0.8588226864022871
0.8588285582661901
0.8588323007376305
0.8588342040351444
0.8588375710114895
0.8588411320393365
0.8588451630392497
0.8588554046886174
0.8588659550534159
0.858873886923497
0.8588753752544168
0.8588791408362833
0.8588844447916174
0.858884362260249
0.8588867115476295
0.858892469631814
0.8588988948319981
0.8589057443347623
0.8589136957144574
0.8589132927702975
0.8589104349359772
0.8589113878545994
0.8589144341002971
0.858919931927675
0.8589230396523218
0.8589291631691817
0.8589343908663396
0.8589336818484784
0.858935938674807
0.8589342608459142
0.8589274750232548
0.8589272403314607
0.8589274677544365
0.858930894185906
0.8589294527190378
0.8589265101877956
0.858922775353617
0.858920212909594
0.8589221031730648
0.8589179008012551
0.8589148803584393
0.8589121266909122
0.8589105257750315
0.8589082943566541
0.858906090255649
0.8589101332054632
0.8589088754387018
0.8589028643274925
0.8589070033184534
0.8589104032403293
0.8589132646610187
0.8589163684149523
0.8589143054761793
0.8589196844231956
0.8589236701034462
0.8589269158170149
0.8589308025915191
0.8589350850368285
0.858942851447432
0.8589476105933832
0.858949754575055
0.8589557682530492
0.8589637959259263
0.858969361676347
0.8589760370884345
0.8589838153584392
0.8589906541837102
0.8589916693311538
0.8589891983795596
0.8589818203709196
0.858976347591045
0.8589739956568463
0.8589685247861897
0.8589615247304718
0.8589517024943955
0.8589418423854646
0.8589328537635931
0.8589282196630903
0.8589214810708078
0.8589201759675424
0.8589226054097264
0.8589263984809267
0.8589278800775941
0.8589248666316954
0.8589241597199586
0.858925221538284
0.8589242594605799
0.8589279280724177
0.8589355739685416
0.8589390228145398
0.858939061476689
0.858943340561195
0.8589448686477824
0.8589461822354826
0.8589479541164455
0.8589518885944786
0.8589540317331281
0.8589584846640781
0.858955054948129
0.8589552588039404
0.8589503651908345
0.8589465448924237
0.8589482387463325
0.8589493891023047
0.8589525744118361
0.8589514163880514
0.8589517322680105
0.858952269020082
0.8589560780279594
0.8589602978149152
0.8589654401822908
0.8589652768903587
0.8589647294266864
0.8589624000095629
0.8589602367618665
0.8589615286305272
0.858962517183647
0.8589661996628174
0.8589659775029903
0.8589622843708528
0.8589651819465296
0.8589640273255524
0.8589708112134191
0.8589773577149886
0.858980059939846
0.8589807659513417
0.858980662565834
0.8589818760092911
0.8589861571532029
0.8589910189219788
0.8589924737256979
0.8589945332136425
0.8589946887027177
0.8589896178433359
0.8589863356131855
0.8589821700345086
0.8589761390105711
0.8589695689510657
0.8589612352379088
0.8589577494372324
0.8589613609978984
0.8589618460805669
0.8589625540418054
0.8589639933856866
0.8589647641836877
0.8589620382663656
0.8589594783472233
0.8589532446884406
0.8589490536582033
0.8589483836585439
0.8589442234860614
0.8589418864059634
0.8589393718650338
0.8589388604151685
0.8589378575205129
0.8589408747847495
0.8589398064400369
0.8589371195735396
0.8589340615194009
0.8589305553616601
0.8589265409952606
0.8589251281262085
0.8589250802294104
0.8589266025483713
0.85892362900351
0.8589242557374582
0.8589243020993195
0.8589188341032178
0.85891735508878
0.8589116382033669
0.8589040573091256
0.8588976362226722
0.8588909106376561
0.8588806448782762
0.8588716442412312
0.8588587872085824
0.8588529642465139
0.8588497856251832
0.8588482833421622
0.8588474906618451
0.8588483852923489
0.8588508562859103
0.8588542467216828
0.8588572713502117
0.858859176019397
0.8588584343695993
0.8588552068720697
0.8588523402849529
0.8588457455509355
0.858840668019302
0.8588346551336333
0.8588314420321097
0.8588296190304001
0.8588271260560735
0.858825826185895
0.8588224136225135
0.8588187878075875
0.8588160259756373
0.8588135614268793
0.8588088420816976
0.8588044830505754
0.8587994586857836
0.8587938681631426
0.8587890950192549
0.858787977514742
0.8587893250377984
0.8587939271042134
0.8587999871433936
0.8588010688007216
0.858803144022618
0.858799076495146
0.8587980847782968
0.8587981578706647
0.8588032648439493
0.8588055369241283
0.8588035041634171
0.8588053761304751
0.8588115788950239
0.8588175212435156
0.8588194418368177
0.8588161036428043
0.8588213166812175
0.8588267059245477
0.8588299503663351
0.8588281360407896
0.8588290753796374
0.8588306736803416
0.8588366233757544
0.8588413461247029
0.8588442960747457
0.8588427927461404
0.8588430356327466
0.8588460034448543
0.8588480471385073
0.8588427813238654
0.8588430549504372
0.8588449351337949
0.8588448235406162
0.8588451974598948
0.8588478128140287
0.8588519877437997
0.8588507421394156
0.8588517698531077
0.858852719358733
0.8588570128154658
0.8588581242422079
0.858859837582918
0.8588634780135569
0.858863590659691
0.858868386965186
0.8588705656078345
0.8588718807257446
0.8588737612923161
0.8588804373740391
0.8588825983730064
0.8588847399055027
0.8588849185315464
0.8588855904141744
0.8588871703862647
0.8588902863903928
0.8588934322160794
0.8588995467984363
0.8589044553484828
0.8589084000573739
0.8589140082246899
0.8589222372473767
0.8589237749111478
0.8589238415589214
0.8589207214128445
0.8589163760352518
0.8589122557906659
0.8589113814229706
0.8589102476699128
0.8589107738958736
0.8589123529364855
0.858912684137983
0.8589092881910538
0.858910164360601
0.858909592804739
0.8589133302222542
0.8589091101859716
0.8589090579366202
0.8589153553206315
0.8589221552879731
0.8589224979206311
0.8589258633577964
0.8589300662478859
0.8589339386016563
0.8589355112843604
0.8589363883011232
0.8589364107370836
0.8589358620925515
0.8589338779563334
0.8589316670429382
0.858926428196124
0.8589226263045894
0.858915838988196
0.8589125018399107
0.8589108595957308
0.8589103521872963
0.8589118593024653
0.8589135218377428
0.8589104820061781
0.858910244944579
0.858912291404743
0.858918065387956
0.8589227228194722
0.8589241430248996
0.858929067961155
0.8589338004117688
0.8589369502256914
0.8589393967790936
0.8589395431598016
0.8589391752898449
0.8589404715443372
0.858939175635612
0.858935112884665
0.8589278529610579
0.8589218293560682
0.8589187438437634
0.8589140765896465
0.8589129052119339
0.8589056514592018
0.858900422181798
0.8588947255087181
0.8588927902654626
0.8588929449293832
0.8588942611123337
0.8588927458830123
0.8588900673754781
0.8588904755546684
0.8588909753811756
0.858893164743042
0.8588978156766605
0.8589041104139803
0.8589077917659572
0.8589101036425624
0.8589137329303725
0.8589144306166656
0.8589192288265911
0.8589188397114852
0.858922127950587
0.8589278967814828
0.8589388559739118
0.8589505120237608
0.8589563955458054
0.8589578430777566
0.8589589551256891
0.85895966442977
0.8589598257774127
0.8589582040239873
0.8589596976122343
0.8589594653665368
0.8589596822489345
0.8589594639771456
0.8589621415413325
0.8589655018620945
0.8589664686205601
0.8589710814711571
0.8589767147545704
0.8589839625319914
0.8589841564975583
0.8589840174591402
0.8589903698072034
0.8589966098832298
0.8589977837938401
0.8590011404771064
0.8590025194103504
0.8589985618468577
0.8589977712728825
0.858996770099723
0.8589980473428004
0.8589994591548037
0.8589993212601342
0.8590003208055845
0.8590033052331796
0.8590023181008425
0.8590018835186989
0.8589975102354958
0.8589986536410034
0.8589998705666557
0.85900223586984
0.8590016967089158
0.8590032050493924
0.8590041591823303
0.8590053134922543
0.859006564003001
0.8590092877789857
0.8590150261606274
0.8590193572436012
0.8590220921833411
0.8590247730784693
0.8590320629145681
0.8590391897187667
0.8590467542523723
0.8590540508279222
0.8590579642998675
0.8590637518932138
0.8590660912420801
0.8590670551328903
0.8590670294047879
0.8590673617978393
0.8590694047315703
0.8590674377993307
0.8590642382577881
0.8590653867110106
0.8590669896747313
0.859067243797168
0.8590676516891664
0.859065606755409
0.859062801080968
0.8590604556579938
0.8590582730714075
0.8590599559613138
0.8590608810692935
0.8590631511991682
0.8590641925613285
0.8590606655132913
0.8590630587271051
0.8590682170417201
0.859066229154865
0.8590661835375686
0.859064272952987
0.8590612472059524
0.8590611818818815
0.8590598499569114
0.8590564352701862
0.8590535540071137
0.8590510924470057
0.8590511566602218
0.8590508030281262
0.8590528866744952
0.8590550424749926
0.8590569171026629
0.8590579508601766
0.8590612443269312
0.8590648633265409
0.8590661947587321
0.8590710607514257
0.8590735456920872
0.8590746920227373
0.8590707502512662
0.8590725650163731
0.8590721723299648
0.8590716766931887
0.8590685926122554
0.8590694539572035
0.8590709616295641
0.8590737420435346
0.8590737556678372
0.8590743535085967
0.859074210945252
0.8590735364426669
0.8590738534675639
0.859077315944148
0.8590748904104532
0.8590734511259637
0.859072529668775
0.8590728628091868
0.8590741945572931
0.8590740699721054
0.8590760993618237
0.859079676555514
0.8590815938673848
0.8590816704722296
0.8590840764014406
0.8590894413339707
0.8590922361319825
0.8590961714926858
0.8590984508744522
0.8591025054489603
0.8591073256812762
0.8591106050068855
0.8591129844886976
0.859113635601716
0.8591134472901479
0.8591144897719667
0.8591138688406763
0.8591101067061343
0.8591075559727517
0.8591085618206762
0.8591133729259383
0.8591157195621054
0.8591116697012255
0.8591063781699078
0.8591050444762497
0.8591098843957525
0.8591118942690628
0.8591179272929008
0.8591225394205162
0.8591229740591895
0.8591248793658703
0.8591298643860212
0.8591337427745406
0.8591410729282574
0.8591423936763823
0.8591446270258212
0.8591452189152867
0.8591457701095383
0.8591437473792862
0.8591419337635814
0.8591436400953735
0.8591412964899151
0.8591399161644279
0.8591412479793435
0.8591452541478218
0.8591477584908589
0.8591475089710161
0.8591502009652091
0.8591531186836472
0.8591583335258434
0.8591650486665019
0.8591726389658222
0.8591793420119379
0.8591827845314814
0.8591865694223006
0.8591883352580307
0.8591921842935044
0.8591952162483636
0.859196047877456
0.8591990987956358
0.8592051526936796
0.8592047703821434
0.8592068839619612
0.8592122254108805
0.8592178136202976
0.85922561173156
0.859228856086867
0.8592336021423373
0.8592336034900693
0.8592380783566254
0.8592404447728019
0.8592421250339458
0.8592473413573775
0.8592470217727588
0.8592453567758445
0.8592481574887165
0.8592487249728689
0.8592450097847675
0.8592445718811524
0.8592455513352318
0.8592480198938999
0.8592408202018101
0.8592351801926156
0.8592310467131092
0.8592292362931269
0.8592288851358194
0.8592257622111384
0.8592228108941138
0.8592247657275865
0.8592267210469251
0.85922306233484
0.8592158420897487
0.8592157534683079
0.8592187139580614
0.8592223275511409
0.8592244930203561
0.8592241407888831
0.8592243208728598
0.8592240774648329
0.8592216689690233
0.8592208745650626
0.8592208103797002
0.8592217103278738
0.8592238191816258
0.8592251973378613
0.8592242515522589
0.8592251704335501
0.8592265462728247
0.8592282775917232
0.8592299276667758
0.8592302216551122
0.8592302763262198
0.8592308616798031
0.8592302120554123
0.859229979254207
0.8592310199281743
0.8592336719212651
0.8592399889252342
0.8592453305840505
0.859246461555848
0.8592462511623239
0.8592426203012855
0.8592371354031831
0.8592371518334057
0.8592388531307729
0.8592387472077914
0.8592415730501701
0.8592423107615343
0.859239384608158
0.8592359524775727
0.8592351302426912
0.8592347471314962
0.859232555683699
0.8592311492695274
0.8592325196647493
0.859236603977181
0.8592400888432503
0.8592412346949995
0.8592415567071563
0.8592424033916553
0.859247483371115
0.8592506476629126
0.8592561128131538
0.8592591915327359
0.8592586176495274
0.8592560959087533
0.8592576052451525
0.8592585595461589
0.8592580105961299
0.859258899742919
0.8592597010721088
0.8592642400386684
0.8592727742560886
0.8592795450087269
0.8592842397353939
0.8592884972639555
0.8592903622858484
0.8592932717084086
0.8592987618593496
0.8593056347022244
0.8593132628830419
0.859320813593692
0.8593269806368505
0.859332841040937
0.8593373925825363
0.8593416659408939
0.8593483163758293
0.8593518310200967
0.8593525965873897
0.8593518786333624
0.8593516830348098
0.8593531968510829
0.8593513032608985
0.8593507797811161
0.8593526281885727
0.8593575982699984
0.8593617951048859
0.8593645742589836
0.8593674938096854
0.8593669676760142
0.8593670781918852
0.8593678525886722
0.8593644040572251
0.8593618718733746
0.8593612443486107
0.8593636073411686
0.8593662270439534
0.8593707755580025
0.8593741100825348
0.8593782440681892
0.8593840908961634
0.8593868247774461
0.8593905177018125
0.8593930667819434
0.8593932200492628
0.8593940631545984
0.8593956740482716
0.8593985015188086
0.8593991909296744
0.8593971128052622
0.8593920605273018
0.8593883280088134
0.8593889572631841
0.8593915081370286
0.8593918374446294
0.859394422622894
0.8593959840003088
0.8593992381604999
0.8593979544011323
0.8593999580833288
0.8594004997755776
0.8594033161532998
0.8594064838434159
0.8594142954229218
0.8594185930530278
0.8594233940456947
0.859426393542854
0.8594262136630896
0.859425466372792
0.8594269570888904
0.8594309003591184
0.8594333927623157
0.8594384083209622
0.8594491578970934
0.8594566840792627
0.8594631757780286
0.8594678050303847
0.8594731327068805
0.8594787320978414
0.8594815458676064
0.8594838850140978
0.859484678710827
0.8594860898045117
0.8594870103647443
0.8594876685027658
0.8594888541576989
0.8594907980184443
0.8594947958903826
0.8594974880449634
0.8595012757082697
0.859502880291952
0.8595047399726209
0.8595048057026463
0.8595069515113732
0.8595076196260204
0.8595085681347164
0.8595105578791903
0.859509569509753
0.8595108527290548
0.8595094726986686
0.8595087574120722
0.8595091587012736
0.8595062329756221
0.8595053314672021
0.8595072085405069
0.8595064544997578
0.8595050819216805
0.8595026017176426
0.8595050007613851
0.859504845695409
0.859506856594078
0.8595057708116999
0.8595073610843766
0.8595146385254014
0.8595227817115165
0.8595321123302371
0.8595352503605936
0.8595358572214328
0.8595375989024845
0.8595396245014136
0.8595393351486378
0.8595430414866854
0.8595498651300987
0.8595532122106977
0.859554968452926
0.8595577860702173
0.8595622303360502
0.8595623171269227
0.8595601834425926
0.8595594446040049
0.8595589198351747
0.8595595350355779
0.8595581166692176
0.8595591031727879
0.8595591898933801
0.8595596709841635
0.859561426916103
0.8595635567047781
0.8595643095572466
0.859562718398942
0.859562365589482
0.859568715038541
0.8595729089737261
0.8595737871541688
0.8595791691028503
0.8595816594167537
0.8595817829895044
0.8595860788198088
0.8595891304917695
0.8595915719252668
0.8595959152746492
0.8595975607359803
0.8595990323904976
0.8596039702298086
0.8596077980518017
0.8596108068796366
0.8596147536700667
0.8596184665937293
0.8596212037657199
0.8596222599538959
0.8596250811827555
0.8596285821546763
0.8596323097718973
0.8596343834882687
0.8596372599380049
0.8596419618300127
0.8596436580353631
0.8596466998674231
0.8596499945838944
0.8596528539655711
0.8596535729288046
0.8596508390527919
0.8596502737057938
0.8596488736587724
0.8596497349412328
0.85965430326515
0.8596594342830961
0.8596618733441548
0.8596633851218861
0.8596597875072108
0.8596552019751699
0.8596545897285393
0.8596573271551247
0.859662947349633
0.8596687883433285
0.8596722806851431
0.8596737374064756
0.8596705766618009
0.859670485386358
0.8596728476729047
0.859674181267032
0.8596746988817998
0.8596732879129229
0.8596706751030172
0.859673434911096
0.8596761617746975
0.8596769943789172
0.8596734994211428
0.8596720915737934
0.8596774253179859
0.8596784320679163
0.8596787841355397
0.8596820808863469
0.85968480364234
0.8596834419056291
0.859680732884893
0.8596793510061886
0.8596795548034027
0.8596748493373784
0.8596671706052582
0.8596632126041067
0.8596662114526791
0.8596696170127069
0.8596717760941888
0.8596708573619264
0.8596682097719262
0.8596672029458096
0.8596635959328343
0.8596602682100243
0.8596583378062864
0.8596577351203332
0.8596581980371709
0.8596563200463809
0.8596543687724163
0.8596516670675552
0.8596539704425695
0.8596584062457789
0.8596608255149809
0.859664709903638
0.8596684656059059
0.8596700434117729
0.8596750021136511
0.8596822586093616
0.8596824555816912
0.8596844592807433
0.8596897763810967
0.8596939423816581
0.8596958166713435
0.8597003892613114
0.8597042361274335
0.8597084007908321
0.8597111045519291
0.8597146517499693
0.8597168673746228
0.859716045899206
0.8597140283407794
0.8597147993253642
0.8597174342164929
0.8597221639069194
0.859726030868738
0.8597301713693636
0.8597304420001921
0.8597294453087854
0.8597322560747087
0.8597336456437896
0.8597325182049415
0.8597326277589581
0.8597316031217507
0.8597327458172308
0.8597344003520964
0.8597321809649424
0.8597295686652172
0.859727353703774
0.859726820237149
0.8597296131645433
0.8597312419126004
0.8597326147909004
0.8597328337719842
0.859733664832625
0.8597365807117848
0.859735937958369
0.8597344880491116
0.8597342618201894
0.8597367501408407
0.8597395658536239
0.859739357143811
0.8597387652108035
0.8597402139518313
0.8597445984769889
0.8597469954249912
0.859748979293916
0.8597463885306958
0.8597437123942171
0.859741780385918
0.859740883661623
0.8597437300361619
0.8597464967178902
0.8597462561417695
0.8597460170642676
0.8597445646695256
0.8597453512850403
0.8597422904346209
0.8597405872655294
0.859739489971684
0.8597344886081857
0.8597284481665598
0.8597248477726271
0.8597169146979182
0.8597075015806692
0.8597019014039163
0.8597039672695549
0.8597034299733949
0.8597018326467756
0.8597032121532904
0.8597056598794838
0.8597047130494648
0.8597071590066723
0.8597099191557276
0.8597100682555496
0.859710135067817
0.8597099637524599
0.8597106539232939
0.8597101091729811
0.8597104089746952
0.8597130562922092
0.8597154583884258
0.8597186002705693
0.859722275434638
0.8597213705750376
0.8597207370578718
0.859721788256108
0.8597236588627654
0.8597302255387285
0.8597322822808818
0.8597321279279116
0.8597343509786423
0.8597364783246536
0.8597362774542213
0.8597393563994207
0.8597422880205146
0.8597430037269259
0.8597437612764501
0.8597417689107479
0.8597397381974531
0.8597394465383893
0.8597344149788211
0.8597299013978357
0.8597247373909411
0.8597228054364794
0.8597206550854117
0.8597185129991058
0.8597188852993108
0.859718424527708
0.8597207527799477
0.8597214175676682
0.8597226754894266
0.8597218557253159
0.8597213241747436
0.8597217456970329
0.8597249432258425
0.8597301353324901
0.859730230503865
0.8597308219309241
0.8597309190609367
0.8597332177058284
0.8597349576166986
0.859736493943503
0.8597393367591777
0.8597392496900904
0.8597445063738846
0.8597486260041755
0.8597495511346699
0.8597520164850245
0.8597533385804832
0.8597523023942175
0.8597542985854795
0.8597548554926998
0.8597564979738047
0.8597531943955788
0.8597514473639684
0.8597481829165945
0.8597481214252368
0.8597456575996375
0.8597429459982913
0.8597390161816556
0.8597356877971258
0.8597321774439424
0.8597283777784723
0.8597275576451104
0.8597244814861585
0.8597180930107635
0.8597159058348407
0.8597192517323333
0.8597195910616835
0.8597176514389515
0.8597156301784166
0.8597147424707218
0.8597150969997669
0.8597159782819809
0.8597172826470294
0.8597154893687442
0.8597172510217347
0.8597187082316762
0.8597186336639973
0.8597176876807145
0.8597164817791911
0.8597156948520499
0.8597135319208531
0.8597153668181403
0.8597182663047533
0.8597205845042916
0.859722237891878
0.8597242998983312
0.8597278790095826
0.859728655548712
0.8597293397614992
0.8597303764716103
0.8597293504736099
0.8597298054683545
0.8597320423191468
0.8597364113558783
0.8597363769120003
0.8597356518415272
0.8597342342910077
0.8597309067989576
0.8597285289868666
0.8597299937347509
0.8597310025042963
0.859729814832991
0.8597265535336589
0.8597231972822418
0.85971911566234
0.8597157642352071
0.8597153873328957
0.8597181144486122
0.8597197135558879
0.8597198698125245
0.859720887903037
0.8597234051900774
0.8597270768638463
0.8597261749362175
0.8597262677758899
0.8597265319103559
0.8597283617493378
0.859729270465432
0.8597304225617766
0.8597312079143246
0.8597320125018476
0.8597341003159853
0.8597338663898627
0.8597333785329645
0.8597335337212411
0.8597330718976609
0.8597347781413606
0.8597371920493756
0.8597359355849786
0.8597333620099201
0.8597350784666604
0.8597355663645799
0.8597348031351252
0.8597352341959266
0.8597340443020265
0.8597311104462204
0.8597267745046777
0.8597265758846866
0.8597230034768298
0.8597224536220367
0.8597220313383046
0.8597157783249042
0.8597104833094394
0.8597094975189051
0.8597080921545726
0.8597073282604019
0.859706668044893
0.859705477446925
0.8597050145591052
0.8597057882250082
0.8597063752180031
0.8597037610578756
0.8597016402599247
0.8597012984755232
0.8596991528455001
0.8596958758194121
0.8596917206109941
0.8596860492681591
0.859681374380164
0.8596763266975709
0.8596711818689701
0.8596678241970374
0.8596648312204228
0.8596608876715224
0.8596584804288155
0.8596579315377633
0.8596586022670158
0.8596576777194032
0.859656418987682
0.8596547235554876
0.8596527227215716
0.8596526038880771
0.8596513246346085
0.859651561326062
0.8596499480678864
0.8596480838171289
0.8596453349592857
0.8596434219594705
0.8596433448818549
0.8596438707412121
0.859643773259539
0.8596453767885247
0.8596463379544511
0.8596476851270739
0.8596497190169574
0.8596486165879602
0.8596465061571624
0.8596452330826222
0.8596438729358034
0.859641355315787
0.8596395942219931
0.8596425824093965
0.8596462374945948
0.8596451888875375
0.859644613474006
0.8596450903353685
0.8596442714012413
0.8596415939085885
0.8596408774015227
0.8596416347348709
0.8596444064099533
0.8596474656734907
0.8596490464659314
0.8596522624890883
0.859652519107786
0.8596511347575327
0.859651843530119
0.8596529412361139
0.8596563057929483
0.8596559661722976
0.8596542325325038
0.8596508562526709
0.859650331130115
0.8596470540609064
0.8596401950070442
0.8596343804387072
0.8596285099413586
0.8596245321126591
0.8596202400922915
0.8596158762285618
0.8596138221163873
0.8596118109178398
0.8596101823456465
0.8596122167051564
0.8596112059697959
0.8596119957094103
0.8596161762717021
0.8596169102315706
0.8596191059717536
0.8596226748535032
0.8596252186601843
0.8596282881013093
0.8596312015621386
0.8596345456473783
0.8596407144934709
0.8596471933781062
0.8596510309072519
0.859653792593177
0.8596550586013222
0.859657890361508
0.8596614800574055
0.8596644866899219
0.8596692436136116
0.8596702273091867
0.8596703049627693
0.8596701509983423
0.8596717744051579
0.8596733402455565
0.8596717535806123
0.8596718673946463
0.8596695340275982
0.8596694326880634
0.8596691794704366
0.8596705121135625
0.859674338217858
0.8596773939534393
0.8596804713510343
0.859684065013901
0.8596870844274518
0.8596889622640493
0.859687972340351
0.8596880170511497
0.8596888059848216
0.8596920379903864
0.859696196781846
0.8596999841810263
0.8597049691536586
0.8597074529887276
0.8597088341589854
0.8597068342765123
0.8597051882769121
0.8597052738791638
0.8597077761006321
0.85970707613299
0.8597090901473042
0.8597107915717083
0.8597114955074193
0.8597120975062522
0.8597099686017089
0.8597096270609348
0.8597106110200562
0.8597117157412201
0.8597129905283752
0.8597142785805082
0.8597147828586668
0.8597184746199077
0.8597198800060079
0.8597196377243688
0.859720668025707
0.8597197007328575
0.8597192489523273
0.8597178514934635
0.8597173334130439
0.8597171937396236
0.8597157207079769
0.8597151001820962
0.8597181733920066
0.8597216107306704
0.8597242015512664
0.8597261786644553
0.85972932881675
0.8597310246987577
0.8597322937052448
0.8597327967211432
0.85973434995626
0.8597350334057962
0.859736200711027
0.8597372654700767
0.8597409125286547
0.8597428068374939
0.8597438638873294
0.8597454955740206
0.8597453219761161
0.8597461871760146
0.8597478823639362
0.859752618713433
0.8597564087717526
0.8597575024137954
0.8597586091049388
0.8597591204681291
0.8597609088947851
0.8597611707373585
0.8597632174247082
0.8597620744529395
0.859763902428297
0.8597655457653451
0.8597689812556886
0.8597720628773367
0.8597718699111201
0.859772922336683
0.8597733256664698
0.8597752354690126
0.8597763170555717
0.8597789405092771
0.8597820746869718
0.8597833829399498
0.8597847323764545
0.8597870569604128
0.8597886981011297
0.8597936637795744
0.8597971539685455
0.8598014493771902
0.8598050713350243
0.8598073342661061
0.8598104818471117
0.859812806200889
0.859817053888864
0.8598184443083389
0.8598194534433837
0.8598222123466214
0.8598247895018771
0.8598280071412029
0.8598322326519109
0.8598351317788423
0.859837102802317
0.8598386569602439
0.8598389486862049
0.8598399291220964
0.8598403812002979
0.8598438808260769
0.8598457025807459
0.859850687629944
0.8598549891770165
0.8598555178727344
0.8598553666506576
0.8598593597487346
0.8598628342874406
0.8598658453028538
0.8598715583584389
0.859878120698055
0.8598843259428237
0.8598888089114831
0.8598909961354905
0.8598940772753051
0.8598975840073526
0.8599020039168122
0.8599044278199903
0.8599059977718901
0.859910646094494
0.8599128992942933
0.8599142221633381
0.8599162512484774
0.8599185018939568
0.8599212774442464
0.8599211926552387
0.8599194087765029
0.85991569070051
0.8599141298700527
0.8599135097950018
0.8599098078941677
0.8599075734062654
0.8599083154417303
0.8599060254479729
0.8599038119013848
0.8599008413101159
0.8599005672151241
0.8598991909317244
0.8598992840462447
0.8598997654692366
0.8599017623022741
0.8599042257096436
0.8599059336875344
0.8599094036349516
0.8599118647323661
0.8599145840657099
0.8599182744452625
0.8599170243619043
0.8599143400318386
0.8599139857881549
0.8599116259931355
0.8599089122792853
0.8599089490785893
0.8599099537596673
0.8599113184842048
0.8599120915232019
0.8599123385765571
0.8599135778905828
0.8599154148529745
0.8599189483585219
0.8599217638653335
0.8599225857440753
0.8599226534569114
0.8599224237424429
0.8599224348790888
0.8599223498818127
0.8599216387462865
0.8599225202454622
0.8599237763668772
0.8599232786786446
0.8599234418830531
0.8599225152176558
0.8599217297689079
0.8599248701499089
0.8599286243547156
0.8599293192267619
0.8599319076457188
0.8599326215787697
0.8599316843274105
0.8599342248893079
0.8599378460706284
0.8599402549075903
0.8599421586443124
0.859943028260897
0.8599452029930369
0.8599485790529757
0.8599496645350961
0.8599512502791937
0.8599507983160282
0.8599464477008593
0.8599436065944782
0.8599391403040969
0.859934155892048
0.8599304725582447
0.8599284919266286
0.8599287831712163
0.8599280175308752
0.859930920828939
0.8599329991322516
0.8599351238126853
0.8599356974141399
0.8599328338658548
0.8599288673450382
0.8599251769805354
0.859924258511348
0.8599241401824097
0.8599239777891381
0.859924946544843
0.8599267262205414
0.8599292882528419
0.8599314275049458
0.8599336516019164
0.8599367703376503
0.8599373844236514
0.8599373741904821
0.8599366463911475
0.859937929190267
0.8599394980043069
0.8599411488982761
0.8599428200843185
0.8599442887622624
0.8599416870924921
0.8599433026807575
0.8599434594793346
0.859943977542748
0.8599449520689106
0.8599430929560845
0.859943845009293
0.8599457456722079
0.8599459197081517
0.8599452788612688
0.8599423867120951
0.8599403764898027
0.8599359355027003
0.8599356386674633
0.8599357376426517
0.8599333427079906
0.8599321397038406
0.8599308336124929
0.8599285952948443
0.8599253132015703
0.8599227367874482
0.8599229749727089
0.8599224097027249
0.8599204930326515
0.8599197418529908
0.8599210158383911
0.8599197523153067
0.8599196172267262
0.8599203199841451
0.8599203035940409
0.859923868241612
0.8599264409203298
0.8599306175740109
0.8599332709221116
0.8599337829791494
0.8599365423554095
0.8599400589054795
0.8599422372590179
0.8599451669755341
0.8599496541450726
0.8599507490356997
0.8599526824152571
0.8599557283652327
0.8599556363651032
0.8599565807633577
0.85995702194836
0.8599572717103019
0.8599567897589382
0.859958010385589
0.8599583913399715
0.8599586232112503
0.8599589449293087
0.859961251581527
0.8599619075979384
0.8599609720583233
0.8599621764185784
0.8599634819378775
0.8599636506389716
0.8599651742825729
0.8599657399780297
0.8599638512696517
0.8599616769107974
0.8599622820090395
0.8599666613247694
0.8599674655860001
0.8599677302827333
0.8599696078599501
0.8599729396717956
0.8599760556866428
0.8599780496109549
0.859981055997065
0.8599839387210645
0.859985016332924
0.8599841178992031
0.8599835279939361
0.8599836672390857
0.8599825056465552
0.8599817405324597
0.8599830224850842
0.8599856025529317
0.8599873301550452
0.8599866627248726
0.85998686280018
0.8599886200066028
0.8599886868432081
0.8599922529756053
0.8599939586866601
0.8599957329840557
0.8599955661662645
0.8599929854933287
0.8599937821143651
0.8599956815667888
0.8599982437608147
0.8599986381931781
0.859998576994101
0.8599988307917101
0.8599993807968869
0.8600002098969819
0.8600006405990398
0.8600016335642389
0.8600046127570098
0.8600083836988232
0.8600092986105748
0.8600110324526747
0.860013665828811
0.8600161179483872
0.8600146142175449
0.8600132092170236
0.860014231971436
0.860012738125965
0.8600125529025098
0.8600144272186652
0.860016025316808
0.8600170290795234
0.8600174013046655
0.8600162241449858
0.860017408251715
0.8600192167120321
0.8600216068450073
0.8600237798012518
0.8600248860498024
0.8600255789784876
0.8600256272802785
0.8600277635913062
0.8600298143808968
0.8600302552426793
0.8600338440959303
0.860038097785541
0.8600387191884525
0.860040503642197
0.8600420008662407
0.8600450361109809
0.8600454103613987
0.8600437992397595
0.8600434038424571
0.8600423272980102
0.860041673918502
0.8600410615036783
0.8600378255571948
0.8600356647178075
0.8600356605728676
0.860037382685124
0.8600360926949084
0.8600370488830471
0.8600362429785209
0.8600340937762156
0.8600306394194036
0.8600293229586896
0.8600283209451086
0.8600260650763908
0.860023929053309
0.8600222067218404
0.8600178921615703
0.8600136553237213
0.8600136699223154
0.8600157269991336
0.8600148895631844
0.8600145640006274
0.8600116202680125
0.8600092680310921
0.8600041966069805
0.8599980938008521
0.8599952165077147
0.8599909986523468
0.8599866342337497
0.8599841182948648
0.8599815161837089
0.8599813953442049
0.8599841001655827
0.8599858699488909
0.8599865635657776
0.8599848814599899
0.8599834878493999
0.8599835918457963
0.8599823881580205
0.8599800502184486
0.8599792160571329
0.8599782049901362
0.8599766612085171
0.8599764216938386
0.859975300732064
0.8599750439936248
0.8599751073830761
0.8599726717020891
0.8599662846829729
0.8599621555976902
0.8599607024296821
0.8599587554717727
0.8599578700016273
0.8599582968419037
0.8599561225897135
0.859956304332936
0.859957052689717
0.8599568208112411
0.8599584403188566
0.8599612412553123
0.8599629948899866
0.8599654973147359
0.8599685754010442
0.8599722204967317
0.8599732525930156
0.8599716327764099
0.8599693225283396
0.8599678606012444
0.8599644898679365
0.8599645795429159
0.8599667127411234
0.8599703337505922
0.8599737611211801
0.8599765435499481
0.85997443597579
0.8599759953783594
0.8599772588737613
0.8599759691679245
0.8599783138186711
0.8599811762030111
0.8599832103661468
0.8599861650502277
0.8599889426003123
0.8599911485246409
0.8599939324532331
0.8599914122381905
0.8599907173540834
0.8599917849718542
0.8599928793305542
0.8599928423785387
0.8599951945164863
0.859999317393618
0.8600009199860486
0.86000155552058
0.8600030691985051
0.8600029899959668
0.8600017300309213
0.8600019542996665
0.8600009915603419
0.859999561717404
0.8599995672602396
0.8600000393646628
0.8599998690650719
0.8599995883648264
0.8599968979102636
0.8599963984680404
0.8599937718213105
0.8599936420904856
0.8599948611664806
0.8599939673331973
0.8599957709817245
0.8599999318557732
0.8600029202480025
0.8600033331748381
0.860004208807185
0.8600035403657096
0.8600068423798823
0.8600087903148882
0.8600100144979953
0.8600084195375539
0.8600095789565655
0.8600087761691918
0.8600071276754583
0.8600075782579795
0.8600087967174217
0.8600090864578064
0.8600081930220953
0.8600060465868884
0.8600056641296477
0.8600077446432488
0.8600084830280055
0.8600109152531455
0.8600129794878962
0.8600138166828437
0.860014947093675
0.8600156305837775
0.8600178247940565
0.8600209521728075
0.8600257649592572
0.8600280538166301
0.8600271049475613
0.8600261316104226
0.8600285667400648
0.8600297592598236
0.8600303416177945
0.860030272883219
0.8600300055397258
0.8600284765684653
0.8600300359620769
0.8600285682885439
0.860028089114765
0.8600295165815147
0.8600297560981502
0.8600308292877508
0.8600302599675698
0.8600320245963903
0.8600323906470732
0.8600345994108565
0.8600383266543306
0.8600398195721691
0.8600388895628643
0.8600384994745831
0.8600403418185332
0.8600416398831406
0.8600454553584073
0.860047056407476
0.8600480127584879
0.8600517012937392
0.8600569619795301
0.8600605328075722
0.8600634415182249
0.8600661678041421
0.8600702520375032
0.8600710772758607
0.8600720416867226
0.8600740214293068
0.8600775918709173
0.860080103937989
0.8600814705363947
0.860083413926514
0.8600862430003037
0.8600874545540454
0.8600906849238047
0.8600934398225958
0.8600928832871232
0.8600950147596385
0.8600976656825112
0.8600990342814246
0.8600985426634985
0.86009785149323
0.8600985609367547
0.8601019366352167
0.8601038999347719
0.8601067853596774
0.8601093817934907
0.860110846385399
0.860111703474983
0.8601124198305129
0.8601139444524799
0.8601110653343701
0.8601093037155627
0.8601123890661838
0.8601136550984264
0.8601163585245908
0.8601171288810139
0.860117522606998
0.8601148879667943
0.8601114892895976
0.8601089492288413
0.8601082488305463
0.8601076246871303
0.8601082916369788
0.8601113256862081
0.8601130555835838
0.860112889606308
0.8601136262803692
0.8601161031860101
0.8601154488797917
0.8601134520765963
0.8601138031231964
0.8601168484547311
0.8601209585476215
0.8601249060142803
0.8601274124747964
0.8601286514518299
0.8601308011977996
0.8601319441520886
0.860132345046218
0.8601312921003004
0.8601314301554949
0.8601322299136673
0.8601334799639849
0.860132573019408
0.8601333115770432
0.8601356066901144
0.860136891141075
0.8601369020727281
0.8601390173424802
0.8601415131212855
0.8601430395980665
0.8601441936574435
0.8601486281259562
0.8601533712037264
0.8601586086599395
0.8601621116673656
0.8601644152448521
0.8601670268268233
0.8601716383989381
0.8601746589573853
0.8601775553687029
0.8601809888932007
0.860184375548065
0.8601842919896157
0.8601833688102066
0.8601831799336654
0.8601841746658135
0.8601874596594646
0.8601907977472728
0.8601935952406027
0.8601981124394794
0.8601996024100468
0.8602017274200892
0.8602068691024344
0.8602094093803041
0.860210875943906
0.8602092541121985
0.8602081621773727
0.8602083235392483
0.8602098025339551
0.8602109836408861
0.8602109858790583
0.8602085182211548
0.860206633754938
0.8602054371773397
0.8602055328410066
0.8602045052374756
0.860205412914002
0.8602052115521545
0.8602025381512488
0.8601995231781164
0.8602006937151713
0.8602001995855468
0.8601989826108422
0.8601999848937945
0.8602002946666788
0.8602007574230934
0.8602040759730939
0.8602067050832213
0.8602076735840477
0.8602064260551059
0.8602049326986138
0.8602050317842705
0.8602046067145879
0.8602046554725945
0.8602045938674733
0.8602077216027728
0.8602110961348196
0.8602115388849093
0.8602119169860588
0.8602131805077357
0.8602142076567987
0.8602139905338032
0.8602128441272402
0.8602124856454788
0.860209897700955
0.860206945302316
0.8602054367237998
0.8602034457555717
0.8602004329466292
0.8601995618383821
0.8602012575351197
0.8602042072594374
0.8602074202236272
0.8602098462398176
0.8602116312080624
0.8602164614042599
0.8602194363885377
0.8602212117354359
0.8602219228972301
0.8602228503319099
0.8602227214169228
0.8602225186313585
0.8602236421023617
0.860227156439665
0.8602272664093473
0.860226429880246
0.8602262829701475
0.8602275774437322
0.8602279542792144
0.8602273650765072
0.8602261177701431
0.8602247995039385
0.8602229716107664
0.8602223963222234
0.8602221313049953
0.8602235610653541
0.8602251474883231
0.8602258940647458
0.8602244576794525
0.8602266153581093
0.8602280843747884
0.8602313414127006
0.8602365415543359
0.8602390790238039
0.8602397158123627
0.8602426488897649
0.8602451523444973
0.8602463332599359
0.86024635921119
0.860247118863467
0.8602475502920502
0.8602485839733571
0.8602513445576359
0.8602518867801031
0.8602524504806465
0.8602510770985095
0.8602500665152545
0.8602483406707194
0.8602472287895001
0.8602493162233175
0.8602516250176092
0.8602549619378708
0.8602558166561645
0.860253411803017
0.8602502243408849
0.8602487612435861
0.8602496678521988
0.8602499243601168
0.8602501987361487
0.86025132303261
0.8602529156932811
0.8602510352516356
0.8602476731341054
0.8602459460216391
0.8602456599195635
0.8602477676404099
0.8602507735787427
0.8602522785375176
0.8602526871142472
0.8602522289182637
0.8602506749785165
0.860252349704671
0.8602530582937041
0.8602547220413005
0.8602585845923547
0.8602594897438073
0.8602579773979799
0.8602601776151676
0.8602624257400096
0.8602618107539971
0.8602612191608087
0.8602625808901349
0.8602628590161236
0.8602611215066439
0.8602608327705882
0.8602619135116034
0.8602626182577686
0.8602650211751928
0.8602690750740007
0.8602707721490167
0.8602701174106112
0.8602677313220917
0.8602649236724548
0.8602622470326695
0.8602609300986608
0.8602584797846422
0.8602578801215753
0.8602571619820938
0.8602567055383956
0.860254092083048
0.860252915485918
0.8602541688350034
0.8602547634889367
0.8602542154643367
0.860253289088506
0.8602519364766594
0.8602506270651984
0.860251124441694
0.8602495101072817
0.860248445409471
0.8602460007875946
0.8602437870795634
0.8602461357894318
0.860248198588868
0.8602486227726682
0.8602473572270645
0.8602484733704754
0.8602475240501856
0.8602453165037651
0.8602449635159001
0.8602441796247781
0.8602443684341884
0.8602437145164986
0.8602449614649053
0.860246386572995
0.8602474869215757
0.8602460631471621
0.8602455150804089
0.8602442333020643
0.8602451842181933
0.8602457880345812
0.8602469928376493
0.8602485709119244
0.8602518852973934
0.8602535688991287
0.8602551611907416
0.8602584880769627
0.8602621444039755
0.860266289322839
0.8602689480344721
0.8602724069338683
0.8602734091550547
0.8602734002829386
0.8602755853950291
0.8602756721108661
0.8602736141904227
0.8602720149409101
0.8602710704799114
0.860270708601707
0.8602718674980614
0.8602743778535525
0.8602732328854172
0.860270904279315
0.8602690841167734
0.8602691542220157
0.8602705377884546
0.8602699932975303
0.8602702906502906
0.8602677080914459
0.8602658611009895
0.8602645692260501
0.8602625983884188
0.8602607955223394
0.8602621006630218
0.8602639929125075
0.8602664935548368
0.8602683000239613
0.8602709655263197
0.8602724011681092
0.8602731346234427
0.8602747400454595
0.8602749720484809
0.8602763927779136
0.8602788347936102
0.8602813555001275
0.8602842706228422
0.8602866534837343
0.8602878405788514
0.8602885511409943
0.860289122473641
0.8602909035834964
0.8602926746945176
0.8602929632136851
0.8602916363871106
0.8602907413075158
0.8602918108880226
0.8602958303748662
0.8602980596872751
0.860299322532431
0.8602989855685793
0.8602979250396773
0.8602975428332625
0.8602995469175033
0.8603015329524388
0.860304301601406
0.8603057261878467
0.8603063696369071
0.8603081159312185
0.860307369528627
0.8603067703806586
0.8603060790526844
0.860305489627509
0.8603055973664444
0.8603071453148835
0.8603081883834547
0.8603074202844153
0.8603082681865901
0.860307568961723
0.8603086226002015
0.8603078154083232
0.8603081702978751
0.8603106349751399
0.8603111568652461
0.8603117430247974
0.8603132427339594
0.8603143884967448
0.8603164174403899
0.8603187478632713
0.8603195745307002
0.860320957985113
0.8603226213790323
0.8603236804297613
0.8603243036007832
0.8603243585337849
0.8603247158209353
0.8603255664935867
0.8603265036956669
0.8603275985459277
0.8603287544117564
0.8603288978138266
0.860329377062346
0.8603297247065272
0.8603296659834778
0.860329039612524
0.8603284645055514
0.8603288425232337
0.8603293296108946
0.8603310434412559
0.8603331402890853
0.8603342047743532
0.8603354576954765
0.8603359412211344
0.8603351383239527
0.8603344713761695
0.8603326652484449
0.8603314517417644
0.8603291477076271
0.8603270515742868
0.8603240240747213
0.8603210848816147
0.860317151590134
0.8603151987919014
0.8603139663661545
0.860314781978688
0.8603137418286885
0.8603141499021475
0.8603142919544441
0.8603161994796797
0.8603170042288578
0.8603175631520821
0.8603157594986667
0.8603142691163751
0.8603126341387418
0.8603110139122889
0.8603099009468719
0.8603109927059345
0.8603123197476312
0.860313550121235
0.8603126019302152
0.8603119282211039
0.8603109268021343
0.8603114207452079
0.8603131150452915
0.8603165204410947
0.8603201221178363
0.8603217077690744
0.8603237492370734
0.860325631123449
0.8603278482942417
0.8603297470457578
0.8603291772124771
0.860327967215194
0.8603276160174248
0.860328079211867
0.8603295030915711
0.8603297392338675
0.8603306164641163
0.8603303160203649
0.8603309253137231
0.8603314936128315
0.8603320631991603
0.8603339800897695
0.860336784065414
0.860339817271552
0.860342617825124
0.8603447490780397
0.8603473540337152
0.8603491356257179
0.8603506832088762
0.8603509900552303
0.8603504802834476
0.8603495576306575
0.8603485976071318
0.8603482578360618
0.8603503337187208
0.8603502971459783
0.8603498325515261
0.8603514280947442
0.8603551987053442
0.8603561720238427
0.8603555928860113
0.8603558840500782
0.8603575273760754
0.8603593627690285
0.8603607388009923
0.8603628682482514
0.8603635114526446
0.8603643392578136
0.8603644999098085
0.8603657145558831
0.8603663310008822
0.8603671359746012
0.8603684067139519
0.8603692430997191
0.8603707275459369
0.8603732147368858
0.8603769782905156
0.8603792998981267
0.8603807759927682
0.8603820053033602
0.8603821357654886
0.8603840881243705
0.86038608775307
0.8603867386848266
0.8603858974298917
0.8603839431311424
0.8603830216926048
0.860381403045355
0.8603793500762525
0.8603786711591498
0.8603780252485544
0.8603776839617231
0.8603784628293805
0.8603800032661499
0.8603803736385417
0.8603810827916772
0.8603802390843156
0.8603774297823709
0.8603721923587843
0.8603683907322428
0.8603667387710456
0.860367037081347
0.8603679831205444
0.8603691294872533
0.86036958815434
0.8603689286737071
0.8603671692959575
0.8603644984235463
0.8603619316549693
0.8603582319809525
0.8603563334517346
0.8603538182341725
0.8603511318515439
0.8603505680784811
0.8603504530841094
0.8603516577856457
0.8603522902197362
0.860353814271944
0.8603555121614846
0.8603549714257102
0.8603543168704791
0.8603540011114962
0.8603542972426522
0.860354479890045
0.8603546811029942
0.8603533466928036
0.860351164728477
0.860350963521645
0.860351571128347
0.8603517376218702
0.8603531464825841
0.8603539318226743
0.8603555196729359
0.8603564972623334
0.8603575082595623
0.8603578694829976
0.8603581315387665
0.8603577982133707
0.8603567136926636
0.8603540397934274
0.8603507409780548
0.8603481667648516
0.8603478903984748
0.8603468310637447
0.8603462403458131
0.8603460736946498
0.8603465612072649
0.8603458775535265
0.8603454221529075
0.8603457148464801
0.8603454927575437
0.8603449440332386
0.8603441756364734
0.8603445573753568
0.8603457417636337
0.8603464311189216
0.8603467385678707
0.8603470791425293
0.8603482624892671
0.8603488471942247
0.8603504646131431
0.8603521200694872
0.8603523206909824
0.86035283287712
0.8603532238533332
0.8603531609503465
0.860352813739225
0.8603523608615512
0.8603513252951946
0.8603521635186788
0.8603545653055763
0.860356271720379
0.860357244964307
0.8603574408364912
0.8603577295616002
0.8603579443657701
0.8603590775279305
0.8603605171625056
0.860361743672647
0.8603617797216422
0.8603611020461831
0.860362407697175
0.860365054484665
0.8603650100609608
0.860366228091508
0.8603680048527657
0.860370022119799
0.8603723397346854
0.8603737447294385
0.8603757273186512
0.8603776080287059
0.8603778162828953
0.8603779857354084
0.8603779761381659
0.8603792989101139
0.8603820442726209
0.8603843435567363
0.8603854813416608
0.8603858690483122
0.8603845985816675
0.8603822562087047
0.8603790797297223
0.8603781409338953
0.860377456101125
0.8603774197776775
0.8603768189738391
0.8603764517620454
0.8603768018751666
0.8603757721958295
0.8603739696279002
0.860372119990649
0.8603699684563666
0.8603687457711823
0.8603677442835302
0.8603687628732978
0.8603699974915735
0.8603713337215166
0.860373282153141
0.8603741839117707
0.860374275817148
0.860375295546884
0.8603773170798101
0.8603780818757542
0.8603773151642334
0.860376729964819
0.8603767480331537
0.8603764205125418
0.8603754381298714
0.8603744757350046
0.8603741758440336
0.8603740505123165
0.8603747208794272
0.8603771215777446
0.8603779224291417
0.8603790697460517
0.8603809003391398
0.8603826250569123
0.8603846856862088
0.8603859867602106
0.8603868780974313
0.8603868708402959
0.8603873518971731
0.8603879367073253
0.8603883019794586
0.860389707811666
0.860393345945045
0.8603953766101635
0.8603964398383274
0.8603979395829757
0.8603998415071605
0.8604004878808534
0.860399844054286
0.8603985204079847
0.8603997192650492
0.8604009828020122
0.8604033873516033
0.860405241043547
0.8604074266832176
0.860408096497469
0.8604078957660739
0.8604097477254882
0.8604118643662787
0.8604122351448138
0.8604129222747731
0.8604145095749679
0.8604168583441555
0.8604191326269403
0.8604229237124363
0.8604261328588679
0.8604281612001956
0.8604312892475007
0.8604329118115926
0.8604349742819966
0.8604348705374048
0.8604367310204619
0.8604383819610196
0.8604396658181964
0.8604410487656713
0.8604416577986057
0.8604425704561837
0.8604432413819958
0.8604438219770056
0.8604440054877294
0.8604443295190423
0.8604448861314415
0.8604450921891829
0.8604454855783494
0.8604452973762019
0.86044509972601
0.8604445610776352
0.8604444230013097
0.8604430459113124
0.8604431647969669
0.8604432375125236
0.8604436650405823
0.8604433589633307
0.8604441100171453
0.8604436874930802
0.8604446017957778
0.8604448153917487
0.8604438845149525
0.8604447811155549
0.8604456931956939
0.8604467556218078
0.8604488351289253
0.8604498106934853
0.8604520276175583
0.8604523324856899
0.8604526246423226
0.8604532281536936
0.8604536359306858
0.860453440351672
0.860452266751878
0.8604511829737824
0.8604509055924466
0.8604479313616066
0.8604482638097728
0.8604484188000903
0.8604488812526755
0.8604485713854338
0.8604485002610149
0.8604483463991204
0.8604483391611031
0.8604490167150534
0.8604499968769511
0.8604517355715963
0.8604528004493877
0.8604547571632544
0.8604564873800497
0.8604585054789391
0.8604614671372769
0.8604636292260938
0.8604649123688484
0.8604660068742792
0.8604675090097322
0.860468732961059
0.8604699215391965
0.8604703635242362
0.8604726923612275
0.8604753673156594
0.8604792925056151
0.8604845318649063
0.8604872643102873
0.860490520916885
0.8604916245793952
0.860492851582016
0.860494879761343
0.8604968723902157
0.8604989923965822
0.8605004772782371
0.8604991259666854
0.8604989499082298
0.8604981905021658
0.8604973559069845
0.8604963708821595
0.8604958246130466
0.8604977400159625
0.8604989422774191
0.8604988582549847
0.8604981196125769
0.8604979140678476
0.8604980306371899
0.8604981119375551
0.860498412928394
0.8605007532629994
0.8605032160701154
0.8605050033263247
0.8605055978155098
0.8605047935886915
0.8605049076143765
0.8605058963754816
0.8605047232958081
0.8605015680307427
0.8604994601778327
0.8604948746867565
0.8604924190861276
0.860490462057398
0.8604887315299207
0.8604883985327251
0.860488512120672
0.8604882990088039
0.8604878260265464
0.860486453725277
0.8604850430595065
0.8604842901486617
0.8604859151675027
0.860486538575391
0.8604864510989796
0.8604863807163977
0.8604860849394708
0.8604860536882987
0.8604851670693136
0.860484756206876
0.8604848115624769
0.8604851255472448
0.8604856701548019
0.8604855761758381
0.8604864938954075
0.8604870701905095
0.860486055527805
0.8604848063789126
0.8604837792045413
0.8604845909056091
0.8604869173252859
0.8604871396209223
0.8604863604022096
0.8604860855016511
0.8604866204603782
0.8604867237988487
0.8604848270989612
0.8604824541268811
0.860479480418503
0.8604762671105998
0.860472773620555
0.8604712642752191
0.8604727794664212
0.8604747600304298
0.8604771736000891
0.8604806340360336
0.860482848652635
0.860485591088183
0.8604868205948072
0.860487058713228
0.8604899803045645
0.860493214816716
0.860495656532665
0.8604978771208692
0.8605002863106168
0.860501897388878
0.8605042420812115
0.8605063159485608
0.8605071317178424
0.8605068165157476
0.8605058938242623
0.8605053433871812
0.8605033761768386
0.8605004130813817
0.8604977387370901
0.8604945403369352
0.8604907159671555
0.8604890570484709
0.8604894656782692
0.8604890571426766
0.8604874336810973
0.8604861698772877
0.8604858445828176
0.8604844158887954
0.860482767146755
0.8604795985306813
0.8604775719530908
0.8604763208555491
0.8604748051962011
0.8604727572027567
0.8604708277880555
0.8604691585664431
0.86046740551042
0.8604661539126237
0.860464826036748
0.8604635118236521
0.8604621818636551
0.8604595069291596
0.8604580394848274
0.860458090630727
0.8604578274834369
0.8604569306994033
0.8604539531699337
0.8604522067604741
0.8604519772875989
0.860452884442673
0.8604537966268687
0.8604537992766091
0.860453745724307
0.8604568060966125
0.8604581918758767
0.8604593784829865
0.8604600245876542
0.8604596161680736
0.860458825119098
0.8604604996659113
0.8604631604224463
0.8604653595897593
0.8604676678225668
0.8604698041823967
0.8604720967978167
0.8604733738591547
0.8604753366874375
0.8604772898268079
0.8604795172835782
0.8604811442457682
0.8604831514926217
0.860485187492274
0.8604872589270827
0.8604895111821019
0.8604910577668904
0.8604913250802771
0.8604913681043654
0.8604911510959768
0.8604917365661051
0.8604920613490364
0.8604925332412156
0.860491269384854
0.8604899168575914
0.8604891605122134
0.860489344140722
0.8604888392401135
0.8604888273409487
0.8604879462959658
0.8604858980206619
0.860484569689638
0.8604845340521345
0.860483427995362
0.8604835044551231
0.8604855491141358
0.860487887136835
0.8604907806177436
0.8604918605084504
0.8604922960845333
0.8604935509422624
0.8604952524751521
0.8604963975645199
0.8604980259015631
0.8604979185307745
0.8604970849484777
0.8604958687090424
0.8604945186955385
0.8604918926010104
0.860489616829743
0.8604879447135936
0.8604873554473341
0.860488669393784
0.8604903871011518
0.860492371652459
0.86049383385502
0.8604947412578096
0.8604954283962916
0.8604961196120081
0.8604974734466656
0.8604990602075719
0.8605009225372627
0.8605022536411061
0.8605035507921296
0.8605055349009623
0.8605072323602834
0.8605090689607154
0.8605105752828875
0.8605117199948639
0.8605135236637539
0.860516041166156
0.8605165223443785
0.8605175524263544
0.8605190857415815
0.8605199125225831
0.8605201839830142
0.860520433091506
0.860519523482544
0.8605179925414834
0.8605154734931759
0.8605140409105729
0.8605137501046769
0.8605137325684016
0.8605123717789789
0.8605116161682707
0.8605123466584633
0.8605140380990702
0.8605156193834977
0.8605162035958958
0.8605175002478943
0.8605202214453624
0.8605221189151768
0.860522740022877
0.8605221076864118
0.8605217474437036
0.8605227660217705
0.8605245264652704
0.8605252477016064
0.8605261373244085
0.8605274729445703
0.8605276551502141
0.8605272521550077
0.8605270763231225
0.8605262248521027
0.8605247836084643
0.8605246347191439
0.860526841505076
0.8605301982317268
0.8605329196052723
0.8605342145688379
0.860534953842013
0.86053768526482
0.8605413992381832
0.8605441704104769
0.8605450329008546
0.860546006687008
0.8605468834792334
0.8605462144656935
0.8605449168863503
0.8605446547053354
0.8605447088661807
0.8605450842041666
0.8605465804902529
0.8605480600446718
0.8605497185490513
0.8605516332061638
0.8605530591152247
0.8605553068571379
0.8605566952196777
0.8605567522944396
0.860556720227282
0.8605568161996112
0.860557310913667
0.8605581380744338
0.8605582313487729
0.8605588816101837
0.8605606883285208
0.8605634821961867
0.8605656798297385
0.8605671563991767
0.8605693118452354
0.8605713159746242
0.8605733692793324
0.8605746143413416
0.8605737123607828
0.8605711829941534
0.8605701555657341
0.8605721470612507
0.8605747752684795
0.8605777134761429
0.8605797813145616
0.8605802657973414
0.8605802488003464
0.8605806414217129
0.8605817226242671
0.860582740762408
0.8605846921157668
0.86058581900986
0.8605858714240718
0.860586542634164
0.8605873795405431
0.8605884685758431
0.8605889347619294
0.8605889569803865
0.860589968602159
0.8605904045871701
0.8605909516066268
0.8605915954799083
0.8605924818378013
0.860593348156279
0.8605936032940547
0.8605929447264656
0.8605914698003282
0.8605905935079556
0.860590032355696
0.8605895153967016
0.8605898749050261
0.8605924861485909
0.8605957002455193
0.8605972739204297
0.8605973785725316
0.8605974521071189
0.8605982206140073
0.8606003203896386
0.8606026368060763
0.860603800781762
0.8606041358226189
0.8606054147927278
0.8606075764379815
0.8606083618207114
0.860608119753635
0.8606072026080471
0.8606058045456425
0.8606069993370719
0.8606081576591422
0.8606090480751944
0.8606120457523417
0.8606163529400119
0.8606195310399746
0.8606204536042762
0.8606211048946488
0.8606230347986351
0.8606261653648959
0.8606283389050996
0.8606287607224835
0.8606311695040005
0.8606330459112175
0.8606326623505045
0.8606339179417494
0.8606365326658549
0.8606376940554318
0.8606378613374329
0.8606379029106993
0.8606381546411257
0.8606384080999455
0.8606392678911146
0.8606402326885751
0.8606409849818859
0.8606420666774709
0.8606425985704939
0.8606425817524193
0.8606423223396713
0.8606436208702806
0.8606449988532058
0.8606458008700143
0.8606479834440363
0.8606492141032879
0.8606503917961791
0.8606528755882327
0.860656063294383
0.8606569407964397
0.8606570222477394
0.8606594426613924
0.8606614092494558
0.8606629729637226
0.8606637682669676
0.8606638590945387
0.8606653648516631
0.860667268671314
0.8606690394663775
0.8606709750456889
0.8606711511964986
0.8606710254534693
0.8606716114947716
0.8606712468765155
0.8606707766153732
0.8606714537507547
0.8606738923634005
0.8606765547727885
0.8606792070407102
0.8606821432144544
0.8606843862584226
0.8606847432657853
0.860684955890257
0.8606866981737166
0.8606894204121158
0.8606913217296716
0.8606921056114953
0.8606934103520244
0.8606947534761178
0.8606947348756857
0.8606929266896216
0.8606906874741584
0.8606896364371718
0.8606883024008798
0.8606877132355361
0.8606864514350608
0.8606841467662505
0.8606818695795598
0.8606801769072251
0.860679103732739
0.8606786256640532
0.8606786376944485
0.8606786593141715
0.8606774738366048
0.8606759764333574
0.8606755055173879
0.8606767026334489
0.8606767499811616
0.8606766152255767
0.860676895962428
0.8606776145417345
0.8606772828488446
0.860675583978187
0.860674610305743
0.8606741671563165
0.8606743849084407
0.8606726928862676
0.8606699573461307
0.8606701434234508
0.8606706484042331
0.8606717541622305
0.860672768689058
0.860672078526392
0.860670336184389
0.8606679253758871
0.8606657739722825
0.8606651014982721
0.8606638845978066
0.8606629821439833
0.8606610865375942
0.8606588646211643
0.8606575496649801
0.8606545968548964
0.8606524398959836
0.8606518410649606
0.8606516198703428
0.8606511392800243
0.8606506219347902
0.8606511520474018
0.8606529943855392
0.8606546570601746
0.8606548288896435
0.8606530221149807
0.8606519472803754
0.8606534391972034
0.860654222963586
0.8606548258560482
0.8606565744164535
0.8606568460781563
0.8606561111774219
0.8606554505612142
0.8606547210976647
0.8606535909558763
0.8606534421774603
0.8606533165866576
0.8606541357010634
0.8606544082860078
0.8606546008826108
0.860654286771608
0.8606542863033945
0.8606546931581492
0.8606552164216568
0.860656417886654
0.8606584248126564
0.8606603586281998
0.860661125089936
0.8606600471101935
0.860659783980187
0.8606600440697819
0.8606593521200507
0.8606586290056447
0.8606571332135223
0.8606573610866002
0.8606577904141772
0.8606588050425267
0.8606610544272096
0.8606625584317013
0.8606630000153969
0.8606635288671483
0.8606630775620266
0.8606629927207845
0.8606647894639811
0.8606662013549506
0.8606678781999986
0.860669174374313
0.8606706081585378
0.8606713194651041
0.8606715918974038
0.8606719733799538
0.8606717705280341
0.8606712382774624
0.8606705804519117
0.8606690310717467
0.8606672785127817
0.8606658208690117
0.8606642068960632
0.8606636587670207
0.8606634201691802
0.8606638201581815
0.8606641969528765
0.8606650619471357
0.8606659864277932
0.8606652670892597
0.8606651641353223
0.8606660217754488
0.8606670532609325
0.8606693740578882
0.8606720606053984
0.8606749442526505
0.8606771396370948
0.8606788302742164
0.8606808254702922
0.8606808468084673
0.860680006650572
0.8606793493412811
0.8606789789912274
0.8606787862916564
0.8606789316478242
0.860679555824898
0.8606805703998974
0.8606807549580714
0.8606799230713451
0.8606791400005865
0.8606789022560769
0.8606793111919503
0.8606809339811399
0.8606818837916445
0.8606808663577845
0.8606795751386636
0.8606794494519558
0.8606807353505004
0.8606802551459137
0.8606807436008191
0.8606808714884225
0.8606801036106007
0.8606793724826699
0.8606791699268601
0.8606799958964757
0.860679486831502
0.8606770410690672
0.8606745976712754
0.8606723965171087
0.8606694071109409
0.8606673048832897
0.8606662673795317
0.8606648996609642
0.8606627646779159
0.860660978594275
0.8606587664375086
0.860656741309228
0.8606554296019856
0.8606545244211732
0.8606538175163877
0.8606532103530139
0.8606510477502527
0.8606496858204002
0.8606487595991569
0.8606476495908307
0.8606469469613534
0.8606473956571717
0.8606478917310153
0.8606486381033625
0.8606482216974658
0.8606488450997221
0.8606501987186046
0.8606495464713504
0.8606490054258349
0.8606503571715913
0.8606511313250301
0.8606531563320207
0.860653670419534
0.8606536302627275
0.8606548556006726
0.8606565994072327
0.8606575985917603
0.8606579498583525
0.8606579960070511
0.8606583648144396
0.8606587553144825
0.8606574556142134
0.8606545056648652
0.8606505490076474
0.8606463738690516
0.8606438770423892
0.860641496941564
0.860639045199252
0.8606375582651746
0.8606372008256546
0.8606373215477572
0.8606358154390643
0.8606338070819932
0.860632813610496
0.8606310124449886
0.8606300245999373
0.8606300219663434
0.8606316477570733
0.8606339421086666
0.8606345304710263
0.8606355540778285
0.860635940221205
0.8606362934388292
0.8606352553246488
0.8606343249888486
0.8606355095420264
0.8606357402020265
0.8606352979611219
0.8606347354919311
0.8606331474213519
0.8606294218204551
0.8606260852885449
0.8606245941517104
0.8606234718020795
0.8606222672482886
0.8606212810280911
0.8606201626624885
0.8606189609084438
0.8606189738704548
0.8606192627179102
0.8606187061461944
0.8606167427190133
0.8606153088021877
0.8606146612902545
0.8606148176095793
0.8606141561885564
0.8606131265481859
0.8606116443146118
0.8606105174545714
0.8606100312408161
0.860610599075719
0.8606123912513807
0.8606138253405462
0.8606153732994927
0.8606165113380868
0.8606154987614701
0.8606142196240286
0.8606140585489632
0.8606137817571935
0.8606146957737291
0.8606156691944586
0.8606150465767163
0.8606132389145427
0.8606115979831706
0.8606115371287604
0.8606112450250203
0.8606117647479042
0.8606136460285108
0.8606149766069557
0.8606149032400302
0.8606145103078144
0.8606156203577898
0.8606180005092513
0.8606192907617143
0.8606190306412328
0.860618113349544
0.8606168983779684
0.8606152588545506
0.8606136808294337
0.8606131116115893
0.8606122539983965
0.8606122062031457
0.8606125211862422
0.8606124133554469
0.8606110500567757
0.8606086425566444
0.8606052072244739
0.8606034030280294
0.8606022472382606
0.8606018741750154
0.8606016620801417
0.8606014000151277
0.8606002361368944
0.8605980533870078
0.8605962738133097
0.860594210552128
0.8605932552720333
0.8605920544010753
0.8605914336388628
0.8605900031716396
0.8605890859705989
0.8605893029004295
0.8605896308857355
0.8605917837730827
0.860594611302811
0.8605968122470472
0.8605973145082145
0.8605984390249322
0.8606000937484526
0.8606006921250875
0.8606011016430076
0.8606019189064796
0.8606050349017758
0.8606066475059421
0.8606076622531341
0.8606093356478195
0.8606106496349546
0.8606123330039448
0.8606132313041844
0.8606143254540871
0.8606136640290822
0.8606124023617501
0.8606114613467695
0.860611768174009
0.8606122883882059
0.8606129003307723
0.8606135467003893
0.8606125103352221
0.8606110007721933
0.860610687357906
0.8606087687337316
0.8606074637782677
0.8606072320319286
0.8606078158888252
0.8606086548827838
0.860609660791597
0.8606107753350896
0.8606122910963945
0.8606138839361768
0.8606163125573988
0.8606178523588712
0.8606177550284001
0.8606172580107084
0.8606164620433557
0.8606169524457709
0.8606163508141387
0.8606151593203891
0.8606143094257296
0.8606136847916602
0.8606128714973944
0.8606116113200959
0.8606110909784834
0.8606103867434509
0.8606106809080062
0.8606122507979075
0.8606136125043621
0.8606134433874801
0.860611491137534
0.8606086824036272
0.8606072999501108
0.8606062088619084
0.8606056389090413
0.8606050891875711
0.8606055455158536
0.8606054964691738
0.8606050420296536
0.860604516995848
0.8606041860288833
0.8606031512323621
0.860601187011197
0.8605984509996905
0.8605958909855436
0.8605916247383846
0.8605884194485862
0.8605865666395603
0.8605853887849042
0.860584494466655
0.8605838457809395
0.8605836308625681
0.8605845609885524
0.8605869704635193
0.8605897433502057
0.860590344373935
0.8605893927593915
0.8605887529992654
0.8605892496976747
0.8605893663263532
0.8605877920727169
0.860586307566297
0.8605839273164192
0.8605816763696009
0.8605782607280968
0.860575641224558
0.8605742263031372
0.8605730504093752
0.8605712303933043
0.8605693115756373
0.8605665124622146
0.8605629599585372
0.8605605925926468
0.860560499499176
0.860560550142761
0.8605600209204676
0.8605596734092413
0.8605597793394948
0.860558089081416
0.8605576796625038
0.8605567518180711
0.8605550030718523
0.8605547273499795
0.860556354032576
0.8605580554216891
0.8605587581509873
0.8605573983843104
0.8605567287793342
0.8605559702364954
0.8605550228916921
0.860554092738261
0.8605534475897665
0.8605518605176422
0.8605502678598248
0.8605489498354889
0.8605487086065899
0.860550380546621
0.8605514953073994
0.8605519120797075
0.860551281864665
0.8605514821403999
0.8605523172241536
0.8605531608370962
0.8605529398764573
0.8605524515518806
0.8605514236819677
0.8605513779918547
0.8605525211269499
0.8605543262479071
0.8605549990346394
0.8605556803420439
0.8605577611027169
0.8605587660573433
0.8605573733144142
0.8605569697110294
0.8605569897476392
0.8605570121169858
0.8605561623721394
0.8605552997983209
0.8605550687241186
0.86055569607011
0.8605558694772757
0.8605543214391609
0.8605537628584009
0.8605547410384236
0.8605552993778416
0.8605549899872559
0.8605539356967552
0.8605534083452978
0.860553128072496
0.8605544428196482
0.8605558302455734
0.8605561934614993
0.8605567263021175
0.8605570960056153
0.8605561070850766
0.8605559690342065
0.8605564462311805
0.8605557659279484
0.8605542308527646
0.8605533385144241
0.8605526137201448
0.8605526960002523
0.8605513727652114
0.8605507758312753
0.8605510229928292
0.8605502593027746
0.8605500888503806
0.8605495948259214
0.8605486540431099
0.8605475706977023
0.8605455546154822
0.860544943547794
0.8605458188191994
0.8605461239402507
0.8605457031429764
0.8605459429965704
0.8605457547626996
0.8605447840726779
0.8605424012188533
0.8605404104110956
0.8605384047497294
0.8605374625025245
0.860536977760128
0.8605360253784967
0.8605335423260221
0.8605315456674486
0.8605306609782479
0.8605298643185317
0.8605283923533693
0.8605267643633038
0.8605248355982104
0.8605240808970167
0.8605229529373288
0.8605220898874085
0.8605212261774284
0.8605205342955077
0.8605209311267495
0.860521232094041
0.8605232600599547
0.8605247088869203
0.860526731381191
0.8605277063875875
0.8605295184482185
0.8605320982552042
0.8605340977169111
0.8605361441625998
0.8605385285694654
0.8605391514450628
0.8605389843061546
0.8605387223276352
0.8605392256791731
0.8605391377322045
0.8605389105213891
0.8605402238242176
0.8605419687952942
0.8605424848932858
0.8605430060275191
0.8605441110286701
0.8605434708765084
0.8605437913567907
0.8605441036494752
0.8605435266093645
0.8605428708747408
0.8605431566287906
0.8605436672449353
0.8605433189133217
0.8605424693447127
0.8605422352306653
0.8605427188582314
0.8605420212848534
0.860541809248179
0.8605432549081784
0.8605442607636175
0.8605453343069842
0.8605459296536263
0.8605452502388655
0.8605450231855127
0.8605464575993129
0.8605484393447699
0.8605499582729953
0.8605512476203895
0.8605541055776226
0.8605558859116759
0.8605575871450446
0.8605598262307883
0.8605604415742941
0.8605606054448134
0.8605606982425311
0.860560640679871
0.8605599407303546
0.8605582926738508
0.8605565061726334
0.8605536665443573
0.8605512047547619
0.8605485264730053
0.8605471238955911
0.8605462718393002
0.860546089540824
0.8605456600870115
0.8605448504452162
0.8605437493223308
0.8605415407397822
0.8605396153464822
0.8605400972828854
0.8605418883835011
0.8605425638599051
0.8605419180875362
0.8605420304321476
0.8605414596237678
0.8605410521323188
0.8605427062449396
0.8605436637184459
0.8605441390246131
0.8605430071989599
0.8605415342654189
0.8605416431781165
0.860542169024194
0.8605432636789326
0.8605441399456408
0.8605446681697313
0.8605440237233198
0.8605427764199525
0.8605422599095108
0.8605410126831657
0.860539248474406
0.8605376472181991
0.8605357621359977
0.8605340121535869
0.8605331120912121
0.8605322697783941
0.8605312539410821
0.8605312620067472
0.8605312677876483
0.8605299489051329
0.8605291685687781
0.8605286166508916
0.8605287695450144
0.8605292888451533
0.8605286782632774
0.8605264173925355
0.8605260421204182
0.8605253809826658
0.8605226774308632
0.8605211362165263
0.8605193136654115
0.8605177986318547
0.86051788673358
0.8605183739732325
0.8605185460105516
0.8605186877328163
0.8605191466776486
0.860520552194643
0.8605205854808688
0.8605195724847661
0.8605188228301391
0.8605199839228351
0.8605199510125012
0.8605192009963926
0.8605197127889288
0.8605197826828748
0.8605170744089647
0.860514407179542
0.860513335143904
0.8605126039802129
0.8605117545132579
0.8605116146701113
0.8605116858751312
0.8605113131722344
0.8605104461046789
0.8605078452379759
0.8605050723249501
0.8605034702545316
0.8605030564320071
0.8605037272342106
0.8605033809393524
0.8605019045390057
0.8605020837357188
0.8605028315940436
0.860502268464765
0.8605033200651581
0.8605054052884072
0.8605059362032047
0.8605047625244459
0.8605032024991955
0.860501016940042
