0.9151037139236939
0.940542828995504
0.9532543236257915
0.954615845696978
0.9579715642842822
0.9563634568716725
0.955724593519278
0.9578235536437809
0.9589970432333594
0.958195644678067
0.9592953280783881
0.9605560656513795
0.9623235860376366
0.9620352875818701
0.9620324475294686
0.9609499909771678
0.9615652588448489
0.9618457379374992
0.9612402611376745
0.9599339438149971
0.9608718479261206
0.9612437170648559
0.9612977450126765
0.9616665637244804
0.9618974304969052
0.9623945305995578
0.9620971311423503
0.961697681602088
0.9618613385156425
0.9612646766355055
0.961005308249173
0.9612530152162888
0.9605777669596901
0.960190660535589
0.9602043182511413
0.9600595999783369
0.9595674373883031
0.9599581102142198
0.9596860879152552
0.9595693818014127
0.9597892581799684
0.960487683883625
0.9598072437434984
0.9596349442260416
0.9596159511679353
0.959484039151665
0.9593727306774104
0.9595053732233911
0.9597092157319987
0.9602966550433086
0.9600412766865127
0.9598786071358816
0.96000278199245
0.9606917975229566
0.9608237792914326
0.9603999441326555
0.9605828056021581
0.9608386962278496
0.9605040633534508
0.960462314117768
0.9608112708566822
0.9607806466490437
0.9606816283781511
0.9608938918793543
0.9611846687404346
0.9613560055303881
0.9614167862033626
0.9612573175845525
0.9609865374913946
0.9609390464793126
0.9611430711066262
0.961524576218849
0.9615970720295977
0.9614544940944917
0.961654019109238
0.9615931390856665
0.9615576662408737
0.9616124110228238
0.9617484527560953
0.961800013001084
0.9618393321836809
0.9616895898843638
0.9615853772576006
0.9616035080440184
0.9615741947925727
0.9616085584735212
0.9617559654334005
0.9618665213005033
0.9619280106428238
0.9622085273588908
0.9624003973560161
0.962244850542632
0.9621621238269216
0.962183575330662
0.9621178601345773
0.9623910970910408
0.9622445703012196
0.9621888326693369
0.9621033130390443
0.9621182362445572
0.9622144072054198
0.9623946340233185
0.9622966085921872
0.9622759155177305
0.9624368733356677
0.9622018588821718
0.9622038510327265
0.9623546452779352
0.9624792544577397
0.962365416005342
0.9623181960439507
0.9623967170545241
0.9623113893787933
0.9623964567868538
0.9624594557795214
0.9624938115684927
0.9623838629491598
0.9625503370974613
0.9627116617059913
0.9627771303519967
0.9627465777144284
0.9627279808427975
0.9628183990573136
0.9629030565581331
0.96284809641349
0.9628512543104002
0.9629788559136157
0.9630539354975943
0.9632405010730832
0.9631504395948204
0.9631387898406167
0.9630910372030007
0.9633662782363884
0.9633667724893303
0.9633783226268934
0.963471212012795
0.9634559685384708
0.9635344829615257
0.9636865439825743
0.9636206600747866
0.9637619900316969
0.9636329989917077
0.9634977970147748
0.9635496283755373
0.963697383588713
0.9637064545847857
0.9636706385199493
0.9638810809130651
0.9638774656492812
0.9638040181327634
0.9638627966542201
0.9639383834117826
0.9638056615257669
0.9638094091588578
0.9638148514703176
0.9638031655064533
0.9637465178993956
0.9638147223367164
0.9637825847604582
0.9637813866440719
0.9638837701638888
0.9638208507400989
0.9636600750439435
0.9635791245821158
0.9635956872087799
0.9636498314630759
0.9635756412438127
0.9633896416036941
0.9634372235986159
0.9634089298983357
0.9633809669956184
0.9632460005499814
0.9632816889113087
0.9632691756053327
0.9632494013263514
0.9632016337885883
0.9631828826851219
0.9631829327408898
0.963100174106294
0.9630879038885977
0.9631394764223293
0.963130564561133
0.9631525399900193
0.9632126784863013
0.9631127181097994
0.9629660233366658
0.9629454837057054
0.9631095026360972
0.9630782234420414
0.963201517597299
0.9631905717686184
0.9632569836263308
0.963166582391411
0.9631844777694982
0.9632569603186265
0.9632569501593106
0.9632558593473829
0.9632328176280606
0.9631564440064809
0.9631982759951624
0.9631119946412449
0.9630560107657185
0.9631220802389588
0.9630722156802607
0.9630916495240172
0.963049549875165
0.9630229588566858
0.9630476173989981
0.9631027043679782
0.9631088305792146
0.9630711813025549
0.9630529547590742
0.9629709557692283
0.9630088040718143
0.9630107645704833
0.9630564499941794
0.9628433848361309
0.9627508143922239
0.9628277690900799
0.9628081261082218
0.9628832551129203
0.9628187173119063
0.9627452822820725
0.9628603643486351
0.9628265840418951
0.9628208756249401
0.9627756086048667
0.962714825561743
0.962720992636413
0.9626714934259853
0.9627893484386016
0.9628198615724934
0.9627300049715933
0.9627668656262536
0.9626859315948086
0.9626426865456227
0.9626106213396118
0.9626881090912189
0.9626160214931939
0.9627060169156297
0.9627303374606722
0.9627038174227058
0.9626705085524084
0.9627188040615862
0.9627220305350114
0.9627247009615945
0.962686872954184
0.9626213551473477
0.9626546728998336
0.9625858164868699
0.9625589600940639
0.962483383474973
0.9624662270714804
0.9624373674522149
0.9623730818989626
0.9622918361918442
0.9623370160126937
0.962386472723492
0.9624186272564805
0.9623381890891106
0.9623823550507572
0.9623395393625723
0.9623058317136052
0.9622232321879882
0.9623278110722014
0.9622370059949612
0.9622162769793952
0.9621438906206276
0.9622172252859188
0.9622028159526304
0.9621058209254711
0.9621052727248702
0.9621394214839074
0.9621133854425864
0.9621867154320771
0.9621626298302286
0.9621778490905576
0.9621817428951341
0.9621670196714723
0.962206290226621
0.9621595168659582
0.9622254322279643
0.9623356193421372
0.9623279935543846
0.9623617645329241
0.9623134256899422
0.96226778966466
0.962280385422867
0.962289795800158
0.9622937967759516
0.9623571866134039
0.9623469044093641
0.9623433954907522
0.9623525853823549
0.9624039153297158
0.9624656366559031
0.9624163115570458
0.9623607992395391
0.9623386332355728
0.9623678320657248
0.962452612205112
0.9624684258516624
0.9624458707865033
0.9624284871549413
0.9623880195445936
0.9625066811214561
0.9625085918666665
0.9626163237067195
0.9626307015298463
0.9626756071203705
0.9625877898356663
0.9626130119381288
0.9626142506104279
0.9625991305965635
0.9625606811762819
0.9625220357900786
0.9625610901240647
0.962594955622732
0.9626378983193005
0.9626801069802672
0.9626909429729642
0.9626052134464637
0.9625571992714347
0.9625899360002385
0.9626909523630102
0.9627066881012821
0.9627419096889974
0.9626556430023592
0.9626946947793438
0.9626819390384093
0.9627425378972198
0.9626821470189273
0.9627462475546082
0.9627854689306427
0.9628917959836238
0.9628381998507708
0.9627921099966473
0.9628006878391657
0.9628121235244561
0.9627713997874053
0.9627864520788184
0.9628067883309458
0.9627730539767412
0.9627761715650373
0.9628157355037772
0.9628055420151354
0.9628178914669819
0.9627948597482627
0.9627908708176828
0.9627966679201916
0.9627996394339488
0.9627458440768565
0.9628004383183435
0.962834712437028
0.9628856621096769
0.962890190328142
0.9628769394203585
0.9628821073454044
0.9628476865726794
0.9627702193329498
0.9627589208454216
0.9627425615114975
0.9627852981368873
0.9627536848144956
0.9627493437468532
0.9627762520338354
0.962778505416939
0.9627304689110183
0.9627956040964243
0.9627514028995027
0.9626879219179656
0.9627157289182188
0.9627227035969376
0.9626949857929977
0.962675478522992
0.9627033491352917
0.9626869403401994
0.9627195438692683
0.9627474809871588
0.9627163942308872
0.9627048331368906
0.9627424352454048
0.9627688466511154
0.9627542396521671
0.9627593235046282
0.9628013069511707
0.9627780880579909
0.962789658557117
0.9627820637748282
0.9627929444958182
0.9628489147218471
0.9628740607439472
0.9628573209668758
0.9627870399094572
0.9628606039756382
0.9629009789638223
0.962906830375342
0.962922116725092
0.9629483631937081
0.9629271323848019
0.9629384498020706
0.9630058730479389
0.9629774541309064
0.9630518384315854
0.9630830675851715
0.9630738096581196
0.9630092700069265
0.9630178984191692
0.9630048631319246
0.9630225243488698
0.9630110703110066
0.9629910808372198
0.9629740423176356
0.9629633482800214
0.9630062781133044
0.9629695685808346
0.9629340776991882
0.9629160007949003
0.9628959171868211
0.9628902475834001
0.9628743784058356
0.9628515307104448
0.9628556969223436
0.9628352147128111
0.9628534229084448
0.9627687637903211
0.9627563541207477
0.9627629756529419
0.9627723868266238
0.9627837694245044
0.9628026317831763
0.9627739834638606
0.9627409160726855
0.9627527548849523
0.962720022579722
0.96277580654711
0.9627662141965992
0.9627622310977316
0.9627709898026586
0.9627298742601379
0.9627451170050179
0.9627550870496163
0.96275539352184
0.9627480853831106
0.9627584256050521
0.9627294083517278
0.9627123587618748
0.9627496483082547
0.9627487039410387
0.9627569359551148
0.9627641912005491
0.9627208689026776
0.9626919375125604
0.962673839585154
0.9627017529938022
0.9626843251396193
0.9626850247149226
0.9627389023650113
0.9627034762786231
0.9627080331696767
0.9627490682490883
0.9627441546702029
0.9627763790665471
0.9627741212311173
0.9628104560733298
0.9627900322768518
0.9627963653069452
0.9628161041625799
0.9628441357036055
0.9629037484031053
0.9629553500544701
0.9629520669841817
0.9629416769289539
0.9630067463335331
0.9630317333433294
0.9630642309536648
0.9630507786219319
0.9630788257790286
0.9630453447887439
0.9631139521751291
0.9630998227554654
0.9631017661674693
0.9630691061994597
0.9631337530674985
0.9631292454517585
0.9631322469917449
0.9630862301613112
0.9630740272920958
0.963017058574531
0.9630161166486748
0.9630613525863426
0.9630575697166931
0.9630808461555387
0.9630945585413728
0.9631103618175622
0.9631444514232188
0.9631234798562398
0.9631575641473659
0.9631514712858575
0.9631372250737122
0.9631103865797938
0.9631466342495216
0.9631196135184528
0.9630936953251356
0.9631167093108369
0.9631334119864623
0.9631251232328872
0.9631392066071777
0.9630410289113018
0.9630646350839355
0.9630472207328628
0.9630782920861777
0.9631134781719164
0.9631572868920312
0.9631530434008274
0.9631621639548534
0.9631161953479475
0.9630927759252552
0.9631200141945105
0.9631236638658961
0.9630877596525179
0.9630354356036956
0.9630605090047979
0.9630672120158394
0.9630421747681961
0.9630456294447673
0.9630288695090938
0.9630525566804516
0.9629877590539716
0.9629888132135671
0.9629821703943183
0.962985226950085
0.9629824705401605
0.9629415756545522
0.9629862203532397
0.963009338495245
0.9629851537400953
0.9629626689015385
0.9629563022161098
0.9629393868703383
0.9629606589696509
0.9629023369116388
0.9629065470846238
0.962879065119889
0.9628871752801041
0.9628881562969847
0.9628733830719944
0.9628492935924066
0.9628680449577226
0.9628450139802097
0.9628597878201055
0.9628656424350418
0.9628573818322258
0.9628222244921226
0.9627642168709006
0.962757237254067
0.9627658692198662
0.9627857861537074
0.962829108782551
0.9627955502795196
0.9627835070573808
0.9627653277840802
0.9627548859946459
0.9627872973089838
0.9628024788443276
0.962825116097303
0.962794637887331
0.9627987622372075
0.9627682628007841
0.9627617228270113
0.9627663673539442
0.9627285487329199
0.9627685387043885
0.9627797220831548
0.9628058390392711
0.9628016266578727
0.9627806070212879
0.9627547530727508
0.9627710961532084
0.9627407995882631
0.9627162117985362
0.9627485078025668
0.9627379408910995
0.9626709076620803
0.9626960889454437
0.9626886813386387
0.9626395749004669
0.9626345583436627
0.9626381145214327
0.9626671391115038
0.9626764475642323
0.9626778944310679
0.9626583110364778
0.9626605011118964
0.9626308945798059
0.9626470605134678
0.9626704466674655
0.9626575787468687
0.9626269946619977
0.9625783454651928
0.9625817615027131
0.9625553431830975
0.9625768474412684
0.9625385847256962
0.9625344032365625
0.9625234749491577
0.9625359191074648
0.9625465520726971
0.962580904507779
0.9625643943749752
0.9625413706064889
0.9625347720264991
0.9625243056284588
0.962486518124694
0.9625133459149389
0.9625175418780683
0.9625268511492577
0.9625357194730783
0.962540415955923
0.962526148919224
0.9625276746102035
0.9625163005318755
0.9624978895269828
0.962527719571625
0.9625711370997612
0.9625888062203845
0.9626048956529687
0.9625966243555479
0.962557675827794
0.9625532431385936
0.9625430742780403
0.9625406519306977
0.9625386352804572
0.9625338451560312
0.9624994142643839
0.9624969353320887
0.962507796477465
0.962498557084401
0.9624967804547236
0.9625155248215297
0.9625038671358961
0.9624958235883693
0.9624846267858115
0.9624921496468614
0.9624925376894933
0.9625392392695856
0.962551095408296
0.9625634308580964
0.9625538545420053
0.9625470203478215
0.9625521306621423
0.9625263289200595
0.9625382708886808
0.9625418719522607
0.9625837694414875
0.9625430311724015
0.9625348943556773
0.9625313024615734
0.9625687461635867
0.9625618302832781
0.9625589608057373
0.9625566258625432
0.9625293093544138
0.9625410804487666
0.9625338483344704
0.9625407563577811
0.9625296616858761
0.9625325089374651
0.9625126871372375
0.9624898669077157
0.962450805087437
0.962476625127322
0.9624529031514801
0.9624658032691711
0.9624853536579165
0.9624976416156688
0.9625029265962052
0.9624935890721039
0.9625190300935882
0.96253612031491
0.9625129616639193
0.9625129429361086
0.9625197389634665
0.962573859186486
0.9626015075540062
0.9626398848911167
0.9626738162213321
0.9626649039167351
0.9626480104976469
0.9626743417989607
0.9626774969053009
0.962725526372284
0.9627539122747453
0.9627766047359538
0.9627628512960128
0.9627230606232855
0.9627309915146048
0.9627493379290957
0.9627376188517907
0.9627424858263423
0.9627277200731565
0.9627202302871064
0.9627067607923159
0.9627108294464041
0.9627389353366844
0.9627312832266778
0.9627241682850277
0.96272541860368
0.962688012592234
0.9626756797272166
0.9626625456293213
0.9626390521121653
0.9626074869423766
0.9626280147210329
0.962627199367977
0.9626695228127286
0.9626924868894992
0.9627001901894607
0.9627354053476215
0.9627276161237748
0.9626955302101279
0.9626807214298223
0.9626872952324385
0.962705289891017
0.9627165207578591
0.9626965278011614
0.9627076972441483
0.9626859270710265
0.96267166693274
0.9626608653667977
0.9626734500359083
0.9626741692120406
0.962680862106162
0.9626663724653107
0.9626735524961862
0.9627074530774348
0.962711446279164
0.9627094730950754
0.9626970503849185
0.9627044199343201
0.962756495171029
0.962749315020417
0.9627548992516819
0.962776606600411
0.962779435008925
0.9627983054544181
0.9628168915973261
0.9627754988039061
0.9627884848801255
0.9627883505705808
0.962792191967608
0.962766564399616
0.9627318757796823
0.962733931080779
0.962722968673015
0.9627390532374708
0.9627118756954639
0.9627439673862105
0.9627029001215213
0.962701942353378
0.9626893077862976
0.9626712711270826
0.962697436153837
0.9626943617898348
0.9626462342378941
0.9626510485381414
0.9626525752593376
0.9626906327855013
0.9626802910049043
0.9626812702259319
0.9626946907718891
0.9626697755015695
0.9626649669835676
0.9626553179716806
0.9626380112239399
0.9626479738435153
0.96263934905585
0.9626395862927078
0.9626759121330032
0.9626824222101954
0.9626950197523294
0.9626996137397966
0.9627000504149466
0.9626894689293797
0.962679771121004
0.9626614998964609
0.9626757538412494
0.9626766368288944
0.9626641813053493
0.9626471794420115
0.9626554123284764
0.9626618656080567
0.962655166918105
0.9626516251747339
0.9626467294633763
0.9626396751890087
0.9626343689431579
0.9626376450358248
0.9626298366787975
0.9626388064396884
0.9626654017747006
0.9626537022093894
0.9626622831534541
0.9626679708071118
0.9626734760934318
0.9626634992293175
0.9626650033562325
0.9626848567102051
0.9626758834747667
0.9626850650475443
0.9627097055060787
0.9627201604581939
0.9627269733117625
0.9627084291854183
0.9627199677488664
0.9627269659379469
0.9627232326753512
0.9627040767765188
0.9627362524695923
0.9627237590165261
0.9627586153357961
0.9627620502026571
0.9627745545892864
0.962786977465125
0.9627867518681917
0.9627878366968301
0.9627826321498965
0.9627940064736557
0.9628038238314378
0.9628245255219269
0.9628209813481445
0.9628548649587626
0.9628468621945875
0.9628337811598213
0.9628210391355079
0.9628194567364198
0.9628276984433883
0.9628299837858784
0.9628464910858672
0.9628485976281121
0.9628793199978269
0.9628851601938321
0.9628768609789677
0.9628827732963603
0.9628776519284203
0.9628747810249987
0.9628765956910713
0.9628871602390213
0.9628902410861714
0.9628870950203455
0.9629282355210418
0.9629247545449896
0.9629145691028388
0.9629421785727363
0.9629340234076609
0.9629454598465779
0.9629445620100151
0.9629091497027671
0.9629107005844346
0.9628874286797862
0.9628845518286198
0.9628523289001331
0.9628569315482434
0.9628701081309089
0.9628937717832277
0.96288891283873
0.9628935591249419
0.9628945867071926
0.9629149822483659
0.9629238629648724
0.9629022441548984
0.9629080468087019
0.9629114470280628
0.962923704741118
0.9628890468857999
0.9628878792331801
0.9628810361828722
0.9628749682392761
0.9628771837549686
0.9628550572916451
0.96282002189915
0.9628245880671419
0.9628196306752399
0.9628363790303032
0.9628304942636182
0.9628224323670067
0.96278126713026
0.9627729697060322
0.962769889094542
0.9627972910098755
0.9628020498050418
0.9627857318619613
0.9627633686601474
0.9627621944933508
0.962775012465153
0.9628014741164191
0.9627960810172794
0.9627874136577674
0.9627768483696836
0.9627717153892097
0.9627650078787234
0.9627508486691961
0.9628040032809979
0.9628251546838602
0.962844625613673
0.9628602485206552
0.9628666738796827
0.9628818184704558
0.962901586109777
0.962873712590189
0.9628696465883655
0.9628804520103922
0.9628463795452294
0.9628397049612916
0.9628540692999378
0.9628672519177398
0.9628472095923901
0.9628631521668762
0.9628640072176322
0.9628601347802659
0.9628775254670251
0.9628851345591918
0.9629006587714904
0.9629138445498922
0.9629379994062082
0.9629365176917986
0.9629397166208671
0.9629515035951327
0.9629718864874569
0.9629605923871465
0.9629792420562266
0.9629865403115916
0.9629910974690333
0.9629894548734923
0.9629777653368098
0.9629879974242463
0.9630139349325336
0.9630186491578056
0.9630255032896003
0.9630170334974226
0.9630019591020119
0.9629596301767257
0.9629485245403516
0.9629489444466272
0.9629580735802644
0.9629664813062385
0.9629636575763738
0.9629584838906283
0.9629599707422574
0.9629559182594992
0.9629652098549032
0.9629814732285322
0.9629844644908151
0.9629862836079974
0.9629656744544474
0.9629460531893792
0.9629279371238937
0.9629283248249543
0.9629386373777634
0.9629359117534658
0.9629532483218167
0.962941386701766
0.9629569445140016
0.9629453469230561
0.962978799929914
0.9629861350980184
0.9629959564067309
0.9630052781928419
0.9629924209305335
0.963030141834881
0.9630495880230022
0.9630592610645581
0.9630642882987529
0.9630739747130979
0.9630807191725483
0.9630864053645233
0.9630875363927832
0.963086213837224
0.9631027232268269
0.9631218820408329
0.9631272495057794
0.9631362659107254
0.9631459379612131
0.9631492142637278
0.9631483423753101
0.9631508422305598
0.9631599331067197
0.9631738996512641
0.9631841396963512
0.9631820435290146
0.9631920634552568
0.963198359466807
0.9631883041829603
0.9632097867463012
0.9631871147213437
0.9631866441393931
0.9631970296888076
0.9631972159747502
0.9632003598664827
0.9631947878229018
