0.9400127481257443
0.9552198827450238
0.9565543595262908
0.9523386088345085
0.9533749311800473
0.9542436117359957
0.9493528139917028
0.9454184304359484
0.9448666387569257
0.9458494951001457
0.9481878010689825
0.9467650071252209
0.946696671405764
0.9454425157267348
0.9456642747442745
0.9451480381309868
0.945194363162339
0.9441412536130844
0.9445145327818338
0.9443590320049229
0.9454889069734679
0.945842419398806
0.9453427084164786
0.9458787547684474
0.944841119020751
0.9445368631723161
0.9453163787922796
0.9460550876912209
0.9464292994412769
0.9465875616496392
0.9457340497108311
0.9459194708060668
0.9467648519738535
0.9474413610275161
0.947089329703769
0.9468747167167364
0.9466608630246691
0.9467081549609376
0.9465980529931732
0.9462133337122233
0.9469149207418808
0.9460642920636276
0.9459974047464011
0.9461109483018344
0.9462233335216286
0.9463075861064479
0.9458068286484292
0.9463608759587498
0.946460990856257
0.9464275031595977
0.9458330624499031
0.9466195132899481
0.9471651830373204
0.9463771544418129
0.9464518658473713
0.9465527812673089
0.9467136747833694
0.946599624215472
0.9463017186775698
0.946165959760293
0.9459370322491303
0.9456702436266897
0.9453046725832591
0.9454757948586182
0.9453470342606388
0.9452212193954717
0.9453002305673637
0.9457246468435457
0.9457090986022961
0.9457023192446806
0.9458311984644173
0.9459874367156664
0.9462075188626258
0.9462926522673824
0.9464120696820588
0.9465219728553294
0.9468374809119671
0.9465336034315514
0.9466625395852486
0.9465191913945233
0.9467235457379853
0.946791611709358
0.9467399450193448
0.9471258091208873
0.9469431746521056
0.9467200803608791
0.9466602247515303
0.9465800549233044
0.9465358770692587
0.9465853145379289
0.9465583367847276
0.946654619267196
0.9462747959064312
0.9461127570790709
0.9459748337830779
0.9457778115160975
0.9455957796127367
0.9457067900498802
0.9459348848499923
0.9461637146483474
0.945795849045134
0.9455407035184019
0.945326018274179
0.945277824588818
0.9449944847798277
0.9449914992672003
0.9451116523928684
0.9450576235109575
0.9453382076731753
0.94569743180214
0.9455873928185049
0.9454847330750217
0.9455370963630813
0.9458194336863142
0.9459152370379184
0.9460621629779519
0.9461449565575925
0.9463022419654692
0.9465030732167705
0.9463413599885973
0.9464955120040489
0.9463081846362832
0.9463930841463754
0.9465507075260777
0.9466790215837342
0.9466606486743702
0.9463937474540796
0.9464928106727457
0.9467868113960989
0.946893682615277
0.9468899078543608
0.9468037827313688
0.9469850126962872
0.9470360906053336
0.9470789817759115
0.9469777259569295
0.9468392855743131
0.946919992873942
0.9468433099917174
0.9467089040900222
0.9467258052807519
0.9468217219835602
0.9467219535548446
0.946819984478628
0.9467419098279416
0.9468444733188665
0.9465135572839417
0.9465204904412982
0.9464850401825484
0.9466763085490231
0.9467232575207286
0.9466770777303466
0.9467944906968668
0.9467186576532649
0.9466838644771642
0.9467499352757793
0.9466589633667652
0.9466617139298978
0.9465439080543865
0.9464374346351186
0.9465383531181343
0.9465993276119069
0.9467784951995495
0.9469331688841273
0.9469990362494826
0.9469992511807298
0.9470374300638915
0.9470354315616815
0.9472423649005914
0.9471866605341822
0.9471022972553589
0.947049248667481
0.9470762687771479
0.9469655740502121
0.9470262711227163
0.9471667180015088
0.9470338533419529
0.9471928406911554
0.9470890329268861
0.9471564916945917
0.9470484917922675
0.9471939447510624
0.9473404455508757
0.9473752091728508
0.9473605630810129
0.9474184807370125
0.9473480357925418
0.9475876369595394
0.9474957148421344
0.9474631142393191
0.9474529332719746
0.9473848448120575
0.9474857450409881
0.9474651518784413
0.9474905617915241
0.9474730645456121
0.9474663665534278
0.9475424720270037
0.9474952101537134
0.9474131426001328
0.9475412848744901
0.9474699589048181
0.947436730547287
0.9474565823813516
0.9475652603237927
0.9476124570639967
0.9476576225329274
0.947587546646587
0.9475545825443807
0.9475892878969712
0.9476532144033263
0.9475404580642345
0.9475602158545718
0.9476579612875522
0.9476156242435073
0.9476685200357491
0.9477174476728034
0.9476939703980505
0.9476241316094774
0.9475457348645889
0.9476257582369447
0.9474474531788775
0.947488297289479
0.9475277951368161
0.9473862621792566
0.947301582670934
0.9472703842901049
0.9472920986491907
0.9473816926143164
0.9475142420297026
0.9475334709010874
0.9475031830054723
0.947409826399279
0.9473119755252319
0.9473356740142983
0.9471878169159178
0.9471715704286296
0.9471460084184685
0.9472678271574764
0.9472166839976633
0.9473022062363698
0.9473800270933784
0.9472092598439952
0.9472676087254307
0.9472635634227287
0.947294763749824
0.9472555274887754
0.9472832682532847
0.9472216699679633
0.9472896529019669
0.9473736548610222
0.9474091949460881
0.9474752125321825
0.947570424500296
0.947683010391647
0.9477423086583708
0.9477653483780875
0.9476768556037242
0.9476813010166929
0.9476933211494782
0.9476684504982251
0.9478008645068301
0.9477363274864733
0.9476998691142325
0.9476553072254007
0.9477306166538375
0.9477710640537623
0.9477064857900183
0.9476288216305128
0.9476843132374034
0.9476399907062009
0.9477553041254
0.9477079629119204
0.9478122605625758
0.9478386683427392
0.9476804193184918
0.947764809706586
0.9476994285346497
0.9476565421424699
0.9476892915447874
0.9477965033650655
0.94790681344015
0.9478217501106178
0.9477528046189146
0.9477011226076572
0.9477927455867705
0.9478112643458206
0.9478057495591786
0.9479079273369294
0.9479675019587175
0.9479156042311193
0.9479964842348735
0.9480557967689878
0.9480560695343841
0.9479332250612906
0.9479685029922621
0.9480410540867935
0.9480113804724416
0.9479548695266775
0.9478659892599314
0.9477457208193687
0.9476929886383586
0.9476110124274473
0.9476813054000501
0.9477329843784539
0.9477716555954926
0.947638642810552
0.9476985005779449
0.947553792969186
0.9474930958481264
0.9474572876965998
0.9473379936130143
0.947269528616168
0.947346999150314
0.9473468304997796
0.9474030184929931
0.9474501137017424
0.947361399857078
0.947349257242225
0.9472771416105081
0.9473034401243482
0.9473229482403951
0.9472630562945953
0.9472925072334037
0.9472257813057845
0.9472122327798047
0.947196276413346
0.9472685178152446
0.9472923369172489
0.9473626507859836
0.947357348629904
0.9473310214218755
0.9472379124548127
0.9472499296717575
0.9473352692050112
0.9473949192370402
0.9473644476117251
0.9474021162454443
0.9474179640101723
0.947438215971274
0.9474669751714565
0.9474185266996191
0.9474920246875712
0.9475221121406937
0.9475834434256536
0.9475683171988886
0.947513908173587
0.947563169212646
0.9474899992866114
0.947402803554446
0.9474213163805185
0.9475742842277769
0.9474458448953346
0.9474497011727424
0.9474122758172452
0.9474541463514715
0.9474057228267987
0.9474434552955439
0.9474714730503622
0.9473758349172984
0.9473191331974677
0.9473119820381171
0.9473470869561729
0.9473966015758888
0.9474244982712752
0.9474097679709061
0.9474440694449863
0.9474953264221434
0.9475425795345633
0.947591562262454
0.9475843164140194
0.947617271744976
0.9475908250837938
0.9475566693559012
0.9475420353892202
0.9475171487415595
0.9474311607428432
0.9474579366329546
0.9474326405277907
0.9475120693498933
0.9475552390029942
0.947628227009989
0.9476582913700247
0.9476326776007853
0.9475816402864975
0.9476462430203629
0.9476545104866275
0.9476616033889766
0.9476638646348029
0.9475383103534856
0.9474994466894966
0.9474649751075868
0.9474711158130896
0.9474654908773835
0.9473686844786879
0.9472231641656138
0.9471968858218608
0.9472387840740497
0.9473701906697655
0.9473884614766547
0.9474989285344845
0.9474345641267959
0.947361350967447
0.9473614556852592
0.9473505814853297
0.94730254775163
0.9473139679506098
0.9472818993721891
0.947203149226368
0.9472454046947412
0.9472421479222843
0.9472656556854924
0.9471925355392289
0.9472051092048831
0.9472473277541451
0.9472140216294653
0.9472421884051386
0.9472497359354575
0.947188895431495
0.9471597235402405
0.9471648022931988
0.9472164613283061
0.9471790991528488
0.9472070325480998
0.947197387876032
0.9472224986343813
0.9472124263543158
0.947222011130868
0.9472373576733787
0.947283313317598
0.947250918395514
0.9472609812311438
0.947303838509203
0.9472585048546923
0.9472833273473851
0.9472635189229291
0.9473410980209293
0.9473557741969403
0.9473471355217045
0.9473799231997146
0.9474034909425726
0.9473827021375393
0.9473362934478988
0.9473877807612875
0.9474385476937192
0.9474777792489207
0.9475010954824149
0.9474456928223218
0.9474826918646669
0.9474832057802448
0.9475119966777638
0.94752674795496
0.9475567226095507
0.9475616847610093
0.9476031120535225
0.9476062718282096
0.9476432279531778
0.9476288674384747
0.9476435977654742
0.947675383669513
0.9476701581975626
0.9476944237087641
0.9476781247304942
0.9476885856444619
0.947690695721743
0.9476051215503871
0.9475935464851859
0.9476020615314272
0.9476206490209482
0.9476051686433031
0.9476289469538148
0.947596460398183
0.9475892807334485
0.9474981001819986
0.947457159278017
0.9474137186390138
0.947417642080616
0.9473713609887713
0.947377892061908
0.9473443174512715
0.9473488626945539
0.9473507421849435
0.947354080836024
0.9473395256050797
0.9473637517195946
0.94739417569896
0.9473770226375606
0.9473881289899382
0.9473780933472925
0.9474203119952176
0.9473883296384681
0.9474069960364887
0.9474747181633347
0.9474995937393342
0.9475201418804664
0.9475233614866945
0.9475460369729619
0.9475442320026582
0.9475772230380606
0.9476018182088465
0.9476003865781637
0.947582336480815
0.947547343049999
0.9475270029266322
0.9475744699842801
0.9475609491449258
0.9476274332121435
0.9476302492043868
0.9476081757500867
0.9475884489625374
0.9475820488606361
0.9476249682942162
0.9475764934462074
0.9475415704581444
0.9475146503733305
0.9475663092842102
0.9475676782589523
0.9475327462478089
0.9475073500766672
0.9475102646457008
0.9474699786646438
0.9474497119831101
0.9474749052877347
0.9474517789673537
0.9474218998264164
0.9473819133079026
0.9474081734068669
0.9474228590286333
0.947405394883855
0.9474218257338284
0.9473931113549657
0.9474035128235918
0.9474027173135934
0.9473833993237453
0.9474278669729463
0.947471060011959
0.9474627322483109
0.9474219960020337
0.9474239195540349
0.9474241918923672
0.9474222145343457
0.9474689779838054
0.9474746288463287
0.9475295527834616
0.9475819804239698
0.9476285314839626
0.9476390829463293
0.9476395788925402
0.9476576587976208
0.9476475634367486
0.9476438611334752
0.9476866568875548
0.947714057977384
0.9477621609543597
0.9478578904625516
0.9478708407623676
0.9478661376230784
0.9478472436027048
0.947834804294149
0.9478653461223779
0.9478156216404194
0.9478165581906483
0.9477539411533389
0.9477063837529217
0.9477060525249721
0.9476728337066191
0.9476574786427575
0.9476705925203893
0.9476408028002338
0.9476626314030983
0.9476611419106413
0.9476421627161882
0.9476406806010353
0.9476615545417875
0.9477428730991868
0.947697461347668
0.9477135984910641
0.9477507095100555
0.9477355444678265
0.9477363467280593
0.947729870810939
0.947712458198222
0.9477325292322988
0.9477533418348641
0.9477358916813584
0.9477234714999083
0.9477375483256287
0.947762020247797
0.9477443684239378
0.9477252455620165
0.9476867087595455
0.9476694144328691
0.9476324074637483
0.9476137366176604
0.9476092333650796
0.9476439613434446
0.9476141859346786
0.9475710544564738
0.9475410902335615
0.9475522373414775
0.9475638750484855
0.9475506782506413
0.9476095552609999
0.9476304426343186
0.947676115502124
0.9476446584499294
0.9476213584926999
0.9476534895618912
0.9476832805546749
0.9476684747297835
0.9477009399992397
0.9477216021272722
0.9476911181701215
0.9476732927294133
0.9476501489477194
0.9476402212860359
0.9476464395582695
0.9476460936542755
0.9476450172359252
0.9476451204451604
0.9476068365190707
0.9476002890532627
0.9475649146111199
0.9475670006525495
0.9475514050660194
0.9475711495286497
0.9475614495962622
0.9475610321204057
0.947545414836406
0.9475564263331417
0.9475748024234831
0.9475457745138063
0.9475157890743331
0.9474740543513005
0.9474698571526149
0.9474587375384911
0.9474782641619338
0.9474746225705598
0.9475321680731273
0.9475850451893543
0.9475999165453788
0.9476153359071884
0.9476148535394608
0.9475875636164517
0.9475571975286994
0.9475150281893222
0.9475658688540922
0.9475899619312466
0.9475638049218746
0.9475813162513104
0.9475316471869895
0.9475374168140923
0.9475557690483862
0.9475116535311086
0.9474811506613531
0.947460713661826
0.9474302878483236
0.9474622269046769
0.9474474035389304
0.9474770121640272
0.9474602466004561
0.9474109773434112
0.9474191846106219
0.9474148336897159
0.9473879580167205
0.9473731716860188
0.9473877247026813
0.9473951427942561
0.9473867625153056
0.9473884118904746
0.9473496347331226
0.9473550633022247
0.9473485372039565
0.9473381124904942
0.9473325573344383
0.9473778948663665
0.9474090563649594
0.9474128136717672
0.9473974494237057
0.947405749419949
0.9474289899559822
0.9474706237635551
0.947450858438552
0.9474476720257069
0.947471959482882
0.9474583564371478
0.9474475801400108
0.947451921008062
0.9474743214598365
0.9474698025054425
0.9474994066978008
0.9475054643284433
0.9474953271714969
0.9474767959467492
0.9474887889939624
0.9475559499668117
0.9475930975445196
0.9475886483443248
0.9475822023430686
0.9475569866443893
0.9475400235658973
0.9475272242255537
0.9475156914511947
0.9475501437183842
0.9475492396995654
0.9475424655393244
0.9475622807532869
0.9475453562159679
0.9475723373616424
0.9476229479641675
0.9476008852567661
0.9475803879553034
0.9475892109498253
0.947595832505635
0.9476104339676518
0.9476042023644599
0.9475885605462839
0.947567814390507
0.9475807631391185
0.9475618843585519
0.9475802487120335
0.9475462144712393
0.9475650393626799
0.9475879433902168
0.9476147258253355
0.9476695502711697
0.9477022932105836
0.9476768255888666
0.9476465395696456
0.9476370086439221
0.94765152027242
0.9476616863735435
0.947641558171962
0.9476875077497131
0.9477096373661664
0.9476936461634862
0.9476978026392741
0.9476830338309528
0.947680771789884
0.9477135208185206
0.9476635866997778
0.9476951936774802
0.9477099633416178
0.947676748045633
0.9476299914395429
0.9476278058938777
0.9476365145357409
0.947616700884423
0.9475980638129624
0.9475899204659145
0.9476014107121621
0.9476145737715277
0.9476420246614898
0.9476232682210441
0.9476611394960115
0.947647333019097
0.9476175004411995
0.9476143292573971
0.9476281489774083
0.9476331704850672
0.947612244359302
0.9476208853517669
0.9476294345367686
0.9476386954925887
0.9476414760717458
0.9476043457536744
0.9475806308967655
0.9475398792191585
0.9475589226841915
0.9475153301475305
0.947494170063263
0.947502611532564
0.9475199264254056
0.947540618456879
0.9475521638632172
0.9475626352449742
0.9475257588501135
0.9475231814174815
0.9474748549896195
0.9474759592691734
0.9474773336506711
0.9474866376985431
0.9474995802971842
0.9474615459481988
0.9474610107122284
0.9474582741423485
0.9474400618510628
0.9474370801885847
0.9474191449616393
0.9473984600421019
0.947390007503996
0.9474046304231465
0.9474141228754802
0.947374540207642
0.9473578257972176
0.9474029133138991
0.9473812698964211
0.9473715044110529
0.9473634333398167
0.9473402462635679
0.9473356528688945
0.947342341710381
0.9473032582082237
0.9472929291177907
0.9473035256015592
0.9473080355961868
0.9473044015214708
0.9473136367714479
0.9473432377689355
0.947351866990356
0.9473782333187268
0.9473752342281734
0.9474006112947758
0.9474003037651205
0.9474026011553303
0.9473846006244533
0.9473627886206247
0.9473763746214748
0.9473899528316693
0.9473921099774296
0.9473818468860917
0.947379436552069
0.9473416163101205
0.9473830996100722
0.9473899177478772
0.9474296368486554
0.9474352197581308
0.9474214003127734
0.9474442196787142
0.9474415011969014
0.9474350388294723
0.9474404511428168
0.9474315092927726
0.947442654981143
0.947439567507708
0.9474333134823678
0.9474439490912435
0.9474416590571295
0.9474250108112899
0.9474374450068795
0.9474410121846178
0.9474232793626468
0.9474201674849891
0.947435003718335
0.947441495848187
0.9474404178440279
0.9474653703657109
0.9474606244348112
0.9474698599309865
0.9474290870094831
0.947423214504374
0.9473899502529045
0.9473899889823644
0.9473997149530357
0.9473931566771259
0.9473623713561649
0.9473708383875368
0.9473644933945023
0.9473679729343653
0.947392725163979
0.9473871733399034
0.9473871537578465
0.9473897222455757
0.9473981537490204
0.9474036963591577
0.9474315769898043
0.9474299797367061
0.947443027850147
0.9474125496146231
0.9474140029192066
0.9474515815169295
0.9474777724548279
0.9474871850046854
0.9474798428978108
0.9474760504555438
0.9474883630837176
0.9474727791545177
0.9474656725910886
0.9474497525005082
0.9474431676014021
0.9474705752585189
0.9474892369437301
0.9475143258763696
0.9475043259949569
0.9474927626260774
0.9475199542197492
0.947518872149111
0.9475293342913909
0.9475564338613462
0.9475522396954086
0.9475870004903921
0.9476061424834744
0.9476000863571513
0.9475984771272591
0.9476086478397453
0.9475691669490016
0.9475787443858362
0.9475687237940237
0.9475943648009671
0.947569328134856
0.9475376721761908
0.9475164358124161
0.9475144359643519
0.9475165308997782
0.9474871336587315
0.9474413336081553
0.9474679025209639
0.9474768294360322
0.9474684269377143
0.9474857702340381
0.9474880154878221
0.9474721263946315
0.9474860931520283
0.9474592133216881
0.9474397590606164
0.9474275067590405
0.9474232316387272
0.9474383223892863
0.9473936001158809
0.9474036893663489
0.9473704742303725
0.9473593083816962
0.9473481037452702
0.9473088855682462
0.9473263405734739
0.9473387057759023
0.9473726496604316
0.9473797076262673
0.9473813575085147
0.9473717813123828
0.9473494767023272
0.9473363723468025
0.9473199313984209
0.9473242400142344
0.9473188508925297
0.9473198385002289
0.9473680836901943
0.9473507503057726
0.9473391959432458
0.9473394259217403
0.9473418167252936
0.9473525760082545
0.9473450106445737
0.9473155238087309
0.9472907852657119
0.9472928853521019
0.9473226974039303
0.9473347132856162
0.9473148082634938
0.9473428949733101
0.947329987984797
0.9473237887035005
0.9473610749407881
0.9473484431462087
0.9473807238363042
0.9474006197937025
0.9474023354729663
0.9473900807283373
0.9473678227693352
0.9473902779641679
0.947408334581731
0.9474174431583516
0.9474082961847741
0.9474032595165277
0.9473745889496383
0.9473843472161354
0.9473546264213407
0.9473221917877928
0.9473167403745848
0.9473224139486288
0.9473050541219449
0.9473104260038169
0.9472882961258814
0.947293217121105
0.9472783496022981
0.9472951988800676
0.947315939378571
0.9473184476162297
0.9473242408455409
0.9473045698051612
0.9473044339210274
0.9473293827395429
0.9473273122595934
0.9473644101847665
0.947354850176392
0.947366973836748
0.9473734522780064
0.9473957051658553
0.9474229111096822
0.9474217147627382
0.9474100945952085
0.9474160961773143
0.9474020916002425
0.947420561709154
0.9474309738983769
0.9474348785231661
0.9474263393378487
0.9474118005168451
0.9474276481530006
0.9474201420439194
