0.8960385993084191
0.917877172906488
0.9217115984516314
0.9352118050945181
0.9348049728920915
0.9358297106735637
0.9407895460988571
0.9449583006551375
0.9444945881007195
0.9458456295469997
0.9480075273529706
0.9490489293772291
0.9497510970464934
0.9495377126497742
0.9493936595549236
0.9487077089808134
0.9473262363548446
0.9475084014515474
0.9474181626618604
0.9466850898016399
0.9476085043509056
0.9475844032759437
0.9476447686919122
0.9478781188716529
0.9484075805814488
0.9495217885856537
0.9488117126327247
0.9490905007843027
0.9489921690893355
0.948856325306709
0.948672304558457
0.9489337967865262
0.9494894967847871
0.9496329743653954
0.9493047393401564
0.9487740471960177
0.9487465337912478
0.9489815916988931
0.9483863709832681
0.9481809320956284
0.9475625198540131
0.9474447974554128
0.9472387192441469
0.9471075072659624
0.9475390348905248
0.9476620147422236
0.9474612759446011
0.9477716372460581
0.9474308299150465
0.9478701546435105
0.948213477871151
0.9484741674530519
0.9483415363906599
0.9486575990089893
0.9483300704593521
0.9482604223278926
0.948351426864875
0.948390137566785
0.9485621597944983
0.9482458188156789
0.9482554576323815
0.9488643355387723
0.9484148185372937
0.9483954717526288
0.9482534237470865
0.9484643815691299
0.9483214116324166
0.9481081613491673
0.9480035470997782
0.9479185308188417
0.9476243357322344
0.9478049424713201
0.9479354529379309
0.9478580042532859
0.9482243856262538
0.9480426705261239
0.9480887046052294
0.9479664228069775
0.9480497793571157
0.947794941460155
0.9481614141257012
0.9479769983952463
0.9479335338923598
0.9477478442821556
0.9479110702128537
0.9480508995141237
0.9482291250945145
0.9480417420809357
0.948083216498432
0.9483204068906449
0.9481606162187262
0.9480230479218235
0.9483436430771025
0.9484788359050849
0.9485058829625619
0.9485643799303646
0.9483086715676938
0.9482098979601903
0.9481521102073704
0.9481149098514584
0.9479987545957854
0.9479371383435002
0.9477844918223258
0.9478223577530968
0.947814847582887
0.947968817566794
0.9479912998352567
0.9480015526394479
0.948120690346831
0.9480795937155131
0.947835079396855
0.9478293091987227
0.9476569898339231
0.9475519291048484
0.9477812752938944
0.9478473296546093
0.9477069187575088
0.947957231399916
0.9479170069323759
0.9477444697644707
0.9476840042737162
0.9475244721468202
0.9475570564344075
0.947543923167201
0.9475900979533411
0.9475253233106204
0.9474463995892994
0.9475976841722702
0.9475516033713702
0.9475543887414334
0.9476051193597664
0.9475250950072751
0.9477526450438883
0.9478763522426411
0.9476868247202851
0.947541975001872
0.9475705126317102
0.9475128266896763
0.9475487114060868
0.9474845179672797
0.9476473303776302
0.9475832073440561
0.9474537483436063
0.9474999913544419
0.9473382343673683
0.94729739269368
0.9472449780001299
0.9473251785059049
0.9473646712351108
0.9473878699400552
0.9472815618211695
0.9473005475907637
0.9473077158858937
0.9473526867096839
0.9472493290428763
0.9472657065397915
0.9471745783397917
0.9472525291592024
0.9473765902213065
0.9474386370080865
0.9473731601489332
0.9471886458674362
0.9470694628864621
0.9470344390000938
0.9470162889374233
0.9470543508003624
0.9471915124181094
0.9470398802400378
0.9471558037968189
0.9472042699551686
0.9471663911480155
0.9473319481124032
0.9472403539697242
0.9472105669996863
0.9471569111016132
0.9472020343093972
0.947143252250293
0.9470185259296456
0.9469929100491313
0.9468821780927738
0.946812753659224
0.946769961366546
0.9467681808717503
0.9467900647262469
0.9469541916384198
0.9469810647849731
0.9469754358503295
0.9469639001048149
0.9471474383540036
0.9471507763630245
0.9472128768093251
0.9472273919027973
0.9472052128511259
0.9472074998563966
0.9473916124643718
0.9474513382553239
0.9473895516658617
0.9473066796426374
0.9473615971169804
0.9472996505639534
0.9471717878283403
0.9470727424124561
0.9472154901162
0.9472609181126512
0.9472667106190581
0.9472049769070235
0.9471793430812526
0.9471823039011549
0.9472860923609812
0.9472053825863515
0.9472731132178827
0.9472047748480402
0.9471870067669124
0.947069171348502
0.9470967509725714
0.9471032535874333
0.9470699576428192
0.9469339932022567
0.9469397801075423
0.9469106085951461
0.9469067099019434
0.9469097756174638
0.9468094325210079
0.9468046712754729
0.9468467579380517
0.9468849073588417
0.9468246741102944
0.9468001686863258
0.9466835410995428
0.9467579837334996
0.946653674886846
0.9466438001235458
0.946684116016934
0.9466245375052537
0.9465945384579755
0.9465961149136681
0.9465807247048215
0.946527843901926
0.946574612966652
0.946583807413989
0.9466383152750071
0.946630510567248
0.9465424915250669
0.9464340141103048
0.9464016771826642
0.9464423948447248
0.9464005159173006
0.9462923786458924
0.9462554535104168
0.9462202767855344
0.9462172756556714
0.9461258946914652
0.9461639569481841
0.9461118751579315
0.9460909130136625
0.9460702010260096
0.9460901301901721
0.9460310747497943
0.9460631018043597
0.94605078802356
0.946032513445862
0.9459688606429394
0.9460135809248056
0.9459596167493136
0.946082729768847
0.9460148958507583
0.946074850294502
0.9461155477723854
0.9460679590009212
0.9461005288283254
0.9460155274985702
0.9459903938999332
0.9460304408584124
0.9459402656574927
0.9459411023077029
0.9458929139447464
0.945904415833941
0.9459044622520041
0.94596356954008
0.9459579238161603
0.945933233980684
0.9459711613476078
0.9459849056838845
0.9460174755408305
0.9460461064993818
0.9460446515820295
0.9460577806260362
0.9459892352334107
0.9458613641158805
0.9459047398323734
0.9459325414542857
0.9459193930614589
0.9459895913587274
0.9459119359061253
0.94591229248897
0.9459173583795435
0.9458606387031765
0.9458101471361615
0.9458387471908506
0.9458356520358774
0.9458986010035295
0.9458665686963762
0.9458554239595632
0.9458567185014756
0.945852328537741
0.9459223011395724
0.9458618319724484
0.9458905024950968
0.9458777834294411
0.945892176930436
0.9458209291419262
0.945786494627576
0.9458015627916654
0.9457733994397655
0.9457557272502142
0.9457230447631767
0.9457503932907994
0.9457697244113668
0.9457799370057047
0.9456873211413713
0.9456853019585301
0.9456789063259279
0.9456849029692591
0.9457484231038988
0.9458054126404005
0.9458689738037993
0.9457903716353613
0.9457406127646465
0.9457072438093079
0.945738155369741
0.9456884693025507
0.9456640793562932
0.9456272025786588
0.9456581011521282
0.9456677497756357
0.9456476635654756
0.945659011274034
0.9455983965136463
0.945615239733881
0.9455715420328801
0.9455842240105352
0.9455363860138933
0.9455399293278166
0.9455830675976793
0.945553105710469
0.9455385544250582
0.9455863706455628
0.9456026993773701
0.9456223677277726
0.9456504165969486
0.9456469426892304
0.9456840886898434
0.9456578683864436
0.9456566363455264
0.9456679076700276
0.9457074366755078
0.9457308841261458
0.9458020382212083
0.9457758211716603
0.9457585794020456
0.9457227317207805
0.9456745327097651
0.9456545563210991
0.9456221117302065
0.9455967687573379
0.945483623616293
0.9454416772227267
0.9453625124970102
0.9454795855103713
0.945419428600397
0.9453916487842924
0.9454130272135084
0.9453634541283127
0.9453177049651199
0.945303049887711
0.9452970630953463
0.9452607449022348
0.9453108416695942
0.9452788302189457
0.9452398257415041
0.9452673677893252
0.9452496608055762
0.9453135247728587
0.9452932091944746
0.9453063994552664
0.9452576153145045
0.9451916151970968
0.9451222895082346
0.9451122883666531
0.9451590741738471
0.9450861203178713
0.9450563275470014
0.9450630768718231
0.9450266015250314
0.9450476132676675
0.9450908059658887
0.9450639887762498
0.9450444938097045
0.9450559310768875
0.9450846531332388
0.9450984244547153
0.9451756804963087
0.9451660123903497
0.9452315718364118
0.9452431515103431
0.9452933434533434
0.9452734936174739
0.9452839239670651
0.945264508266548
0.9451919203628959
0.945167950129684
0.9451775480645461
0.9451450978451474
0.9451478587373535
0.9451721338232233
0.9451661166656945
0.9451916468353397
0.9451842909816083
0.9451782416011762
0.9451312667609456
0.9451496364593288
0.9451143016474718
0.9451039930756925
0.9451043056316338
0.9450629647954665
0.9450635172524554
0.9450251410535053
0.9450244300345152
0.9450287309002956
0.9449784269841971
0.9450084749907424
0.9449300296287689
0.9449610414524086
0.9449419300351269
0.9449320773929034
0.9449402977513514
0.9449397353749679
0.9449835858417743
0.9449488490300614
0.9448852887150563
0.9448897323542729
0.9449067571628571
0.9449324611385379
0.9449800305834806
0.9449795668667952
0.9449402659983707
0.9449378152092437
0.9448932061510102
0.9449116450054873
0.9449332021946837
0.9449444584754185
0.9449409581739836
0.9449618865919562
0.9449096043269231
0.944973606914933
0.9449731688395555
0.9449747974830093
0.9449340506159601
0.9449230347748845
0.9449677746888059
0.9449767391948848
0.9449803415129644
0.9450126909225118
0.945041520412519
0.94503509881172
0.9450330257609696
0.9450044482404184
0.9450321619771931
0.9450342027247649
0.9451051259374599
0.94508606741507
0.945086598713084
0.9450754158568737
0.9450989414807818
0.9450807338227474
0.9451248475237962
0.9450743485201868
0.945044137409156
0.9450176932021226
0.9450408099520619
0.9450500376726532
0.9450471269945264
0.9450527012030995
0.9450924118462993
0.9450992070675842
0.9451495978979152
0.9451256540207637
0.9450999595849263
0.9450581233229478
0.9450984819624969
0.9450726013144544
0.9449889486404891
0.9449727133059604
0.9449966962094746
0.9449968749244333
0.9450026117985847
0.945008057011749
0.9449665492730621
0.9450036245255172
0.9449824725493742
0.9450004873946258
0.9450206230500025
0.9450442091714656
0.945022585889055
0.9450114656342662
0.9450342335543769
0.9449979178563475
0.9450466184513906
0.9450561106250515
0.9450622049188896
0.9450388828903885
0.9450746603708768
0.9450709006641127
0.9450741643011196
0.9451059566737406
0.9450685327327517
0.945038683701344
0.9449815217010255
0.9450165155538611
0.9450493359595913
0.9450631244136771
0.9450329692981877
0.945014899323009
0.9449947252414095
0.9449983842844589
0.9449807381203337
0.9449967651296738
0.9449862009369465
0.944983641533601
0.9449673165212661
0.9449282810873687
0.9449445592523312
0.9449839493608905
0.9449749470780855
0.9449827230419999
0.9449815525216484
0.9449516475691967
0.9449616491342682
0.9449690388525293
0.9449225053762466
0.9449317462682411
0.9449264822466485
0.9449353432412694
0.9449214389659881
0.9448914840053986
0.9448872249969589
0.9449069154875479
0.9449292844858002
0.9449523887289099
0.9449397526433312
0.9450084834002555
0.9450551403383453
0.9450978231146344
0.9450877700791593
0.9450625949206148
0.9450622386165376
0.9450663170650123
0.9450512529562057
0.9450089368016282
0.945013274824964
0.9450715047794049
0.9450117235541277
0.9449886588003034
0.9450191296651994
0.9450352206923202
0.9450017809587541
0.9449677953956062
0.9449838141766602
0.9449539344956328
0.9449467293801275
0.9449342449591335
0.9449356104190687
0.9449857214208687
0.9449843237079737
0.9450144494282975
0.9450178940357389
0.9450180608678613
0.9450414960927892
0.9449807407213986
0.9449548767552154
0.9449736766088387
0.9449175279662516
0.9449190610272825
0.9448941669150779
0.9449035615596507
0.9449213409535065
0.9449449842823554
0.9449431180485509
0.9449425383730206
0.9449391887109689
0.9449887205760358
0.9449983569454172
0.9449754690676037
0.9449779391023725
0.944960345710527
0.9449366621755816
0.9449309298546824
0.9449125166235524
0.9448898058847833
0.9448866746333219
0.9448917888368732
0.9448511464529641
0.9448469180865573
0.9448366067456445
0.9448534037049093
0.9448923151319154
0.9449616284977019
0.944922690155196
0.9449729801861095
0.9449753491256744
0.9449708156614637
0.9449394598041944
0.9449601812457349
0.9449379303997678
0.944925080197778
0.9449476464575157
0.944968043836892
0.9449630954566893
0.9449697097380046
0.9449140222124089
0.9449180475163135
0.9449246103637812
0.9449224436672523
0.9449247042856574
0.944971709231241
0.9450012055407533
0.945014940613863
0.9450410989682455
0.9450148712778373
0.9449599315309196
0.945001252045633
0.9450049475577339
0.9449576461762315
0.9449995615741414
0.9449643492447904
0.9449681959220751
0.9449413977427144
0.944894279962158
0.9448971821812431
0.9449028702902867
0.9448671008482769
0.9448631827521096
0.9448386583192503
0.944854853196324
0.9448489286226855
0.9448522507855601
0.944878263174286
0.9448650278726938
0.9448717934705791
0.9448524542060727
0.944841192629118
0.9448437767233351
0.9448506687221092
0.9448485144642985
0.9448389160009942
0.9447948143243907
0.9448043787696868
0.9448172839277378
0.9448252540057345
0.9448199834605417
0.9447893873496189
0.9447882005919833
0.944771465020125
0.9447552407509827
0.9447375484071154
0.9447689087543953
0.9447772293304068
0.9448121426753597
0.9447871619521412
0.9447423571925232
0.944746949318707
0.9447703949291135
0.9447469019982894
0.9447481411396581
0.944722601383832
0.944728265749983
0.9447202055624399
0.9447090867664693
0.9446873778104071
0.9447134198839466
0.944693817683414
0.9447476014289635
0.9447212754873827
0.9447442937045902
0.9447616187847435
0.9447801462137178
0.9447949319971987
0.9448251767684807
0.9448239401179555
0.9448325047027742
0.9448209620335501
0.9448246020653138
0.9448212428107932
0.944839028363264
0.944860531614414
0.9448788681897667
0.9448984711956957
0.9449089006057819
0.9448973697819947
0.9448830981003399
0.9448926138134954
0.9449091589586632
0.9449182174824519
0.9449342814254834
0.944944291193129
0.9449589403817463
0.9449356409001365
0.9449364954004246
0.9449484516132726
0.9449433420992563
0.9449263747809714
0.9449044328373624
0.9448797390596662
0.9449148753738676
0.9448843865800421
0.9449056170401627
0.9449151294405512
0.944889165764956
0.9448838871624173
0.9448926670368223
0.9448698274083873
0.9448723113116959
0.9448559531630971
0.9448486168384692
0.9448945759666734
0.9449007916463465
0.9449230927491319
0.9449182679881513
0.9448870681735797
0.9448757545156222
0.9448716151326703
0.944850954603905
0.9448524244389361
0.944869306395276
0.9448926134403562
0.94485997790869
0.9448390354474586
0.9448340169427972
0.9448380444552277
0.9448261569106471
0.9448297061008928
0.9448218182929191
0.9448189211646312
0.9448007240787698
0.9447793909502565
0.9447798024462272
0.944784727300512
0.9447661509228056
0.9447790250928828
0.9447773479616364
0.9447895646084292
0.9448007189684169
0.9447908260716553
0.9448166933662353
0.9448268951537723
0.9448284037666295
0.9448291245689888
0.9448306449326536
0.944822438903881
0.9448098113427448
0.9448123265941152
0.9448234161745515
0.9448234184905704
0.9448461109693265
0.9448409769050372
0.9448355343313604
0.9448278506999233
0.9448315475301072
0.9448704546196801
0.9448648203140178
0.9448692791773321
0.9448905198840084
0.9449087100634002
0.9449025028571809
0.9449122864083135
0.9449345771935853
0.9449133672750456
0.9449411925558643
0.9449739914120453
0.9449507192338069
0.9449460588994776
0.9449370684638507
0.9449308341839241
0.9449398774768978
0.9449261176981061
0.9449095966621877
0.9449347029508569
0.9449289372703432
0.9449046482111956
0.9448641787325858
0.94484155942079
0.9448330344526276
0.9448036544979279
0.9447751575884489
0.9447568654337646
0.944740375558912
0.9447403017755142
0.9447162871922326
0.9447024427252443
0.9446868457714953
0.9446697943082256
0.9446667201211869
0.9446770632904231
0.9446742302369205
0.9446875850462827
0.9447010475387537
0.9447179221725746
0.9447129051594582
0.944726928691994
0.9447328309956374
0.9447802443715392
0.944784980250158
0.9447863629646448
0.9447631729148592
0.9447735001670696
0.9447836766033654
0.9447766939701893
0.944769661778286
0.9447995232609416
0.9447986684780915
0.9447766748143357
0.9447939416645422
0.9447909899511474
0.944833921636402
0.9448557726290402
0.9448516925968223
0.9448534583802665
0.9448535615300916
0.94488070135591
0.9448726642882883
0.9449013350155331
0.9449014486648074
0.9449011960793766
0.944906846083509
0.9449231650124027
0.9448784069705882
0.9449058486534541
0.9449155464900773
0.9449201085768416
0.9449190545146366
0.94491012985148
0.9448857195646799
0.9448951358446457
0.9449041209892749
0.9449061482401268
0.944880794186526
0.9448987549554964
0.9449240665997729
0.9449201903397689
0.9449009608671072
0.9449141995829209
0.9448921202917298
0.9448725547821372
0.9448661503982647
0.9448526454129211
0.9448686451128928
0.9448574945483409
0.9448396889751572
0.944858651697898
0.9448873913857199
0.9448681589245678
0.9448644288690652
0.9448965784059803
0.9449040274246221
0.9449123342768319
0.944907428793456
0.9449127071498717
0.9449109029345782
0.9449374978994458
0.9449182968866953
0.9449001094695335
0.9449200541454877
0.9449168422001992
0.9448895516295314
0.9448728055317143
0.9448783962893312
0.9448735145928249
0.9448477458259442
0.9448586960840292
0.9448854948841547
0.9449016300011894
0.9449018127389766
0.944906405265977
0.9449069465844058
0.9449387110442964
0.9449428545746431
0.9449523823566274
0.9449537768486909
0.9449634911472976
0.94496982935034
0.9449887115510254
0.944997201177359
0.9450020659255016
0.9449819032982602
0.9450067619967293
0.9450088679017351
0.9450057654381788
0.9450249825904609
0.9450397890898562
0.9450431649157356
0.9450259186754714
0.9450019710221822
0.9450018827504949
0.9450011232483512
0.9449853256703776
0.9450002964538492
0.9450055301504966
0.9449961857362807
0.9450131227307673
0.9449875975696337
0.945004039389629
0.9450088890173761
0.9449833419847274
0.9449918362771994
0.9450103810072521
0.9449944298397238
0.9449927841328086
0.9450113644101427
0.9449957305769494
0.9450089403753212
0.9450243878720969
0.9450229669060656
0.9450348634230342
0.9450376351625177
0.9450258667185151
0.9450184431916245
0.9450316395778587
0.9450262068368985
0.9450354472829108
0.9450394468661238
0.9450329560683518
0.9450329989022211
0.945055980952161
0.9450673501168214
0.9450879731241514
0.945090091887402
0.9451258807724335
0.9451150212572553
0.9451492700349682
0.9451468101070829
0.9451220110480224
0.9451211853862923
0.9451452022642268
0.9451327890568413
0.9451394166740884
0.9451636706075097
0.9451692811130393
0.9451545776529651
0.9451269716578851
0.9451223984203369
0.9451141185117027
0.9451128926553389
0.9451337717405882
0.9451287433440297
0.9451171441528899
0.9450957317929694
0.9450718865276934
0.9450754261950017
0.945075619469315
0.9450731264742468
0.9450554473381066
0.9450498079041486
0.9450538818973632
0.9450372688564375
0.9450422111302115
0.9450572134923606
0.9450378041127644
0.9450372675389271
0.9450347022759027
0.945031660140991
0.9450551590641175
0.9450603475654197
0.9450327070759366
0.94504203597644
0.9450638467613655
0.945067914286163
0.9450670192876921
0.9450644783100799
0.9450790712548431
0.9450521044869215
0.9450652454591402
0.9451108028059637
0.9451046299917695
0.9451249861989602
0.9451261964027821
0.9451356630754262
0.945116361881058
0.9451265215325165
0.9451390655125652
0.9451131333590795
0.9451364865798879
0.9451503937642483
0.945147203553484
0.9451594637543089
0.9451611374895548
0.9451627267859155
0.9451716449309961
0.945149696410823
0.945150573444794
0.945160879237108
