0.9013511507348602
0.936250749544545
0.9498868541559673
0.9454125678403049
0.9461884407035447
0.946473961853627
0.9407443729687185
0.940535170992721
0.9399246379382618
0.9427889127983187
0.9439343696575317
0.9452480423980959
0.9453479347624731
0.9436645203537779
0.9429286568392515
0.9428520554183669
0.9450246334253919
0.9444324649830887
0.9457068441062464
0.9451018130535702
0.9449630598398301
0.9435336874023406
0.9433683816981031
0.9451166427519744
0.9467944381682063
0.9481399018430308
0.9487023345041632
0.9498361821828674
0.9503290066940606
0.9496498655460412
0.9484192913347106
0.9479736991273017
0.9482087309181568
0.9487918454448357
0.948640561324149
0.9487475739466004
0.94940615503503
0.9494564139615663
0.9491342215538032
0.9490590391151986
0.9496592005408807
0.9496484114303869
0.9494445023089588
0.9494241628200972
0.9492850075507067
0.9498427750816497
0.9495151635043692
0.9492002712331228
0.9492422843728964
0.9494466993922055
0.9494225703793207
0.9497690518164418
0.9496022659795729
0.9497232447199518
0.950075221665734
0.9498553395581713
0.9494463517036079
0.9498414342874394
0.9494142725250312
0.9498810048006573
0.9496772387713607
0.9494835708314349
0.9489600715370766
0.9494344503445893
0.9493832982005229
0.9492574346662126
0.9493094387092335
0.9495286223617793
0.9491599624208458
0.9487475596964992
0.9480288183484222
0.9480718142463842
0.9483999102881585
0.9482268727587002
0.9481732587182564
0.9481203640302596
0.9483154314445407
0.9483965069520386
0.9484923885918466
0.9484691937978972
0.9484309648805099
0.9487003312633674
0.9487968861571878
0.9489725428600876
0.9484843031639685
0.9487330254179297
0.9486259289314297
0.9488367024000471
0.9491368860141219
0.9488914595047362
0.9488765573102438
0.9488343201508375
0.9484766084122738
0.9485962624470651
0.948903061836968
0.9487715339857715
0.9487987284817517
0.9486763277862177
0.9487219809292423
0.9494790087277225
0.9492491192675842
0.9491979300426127
0.9491730649579929
0.9492212167179583
0.9491383639515573
0.9491997224087068
0.949303352056871
0.9490016262617107
0.9490271573119384
0.9491574571438629
0.9495343592212451
0.9497671320192245
0.9499918097240347
0.9501176584664046
0.9499037726868158
0.9498341412004315
0.9496164306358977
0.9499062997350676
0.9502417480248806
0.9503196230707667
0.9502759434137954
0.9505162673283998
0.9505807241966976
0.9507097359739135
0.9508359189050957
0.9505803176908555
0.9507220921388209
0.9508310410674533
0.9507576165925989
0.9508906914725191
0.9506520548492745
0.9506075722931032
0.9506920154031813
0.9506835750213124
0.9507800235430393
0.9508708593319389
0.9505697961754731
0.950561432379896
0.9507426538130507
0.950636385032301
0.9507773365885317
0.9507779086146286
0.9507665400318909
0.9507696387200205
0.9507729388218613
0.9506295159993094
0.9504660083714533
0.9502523893932014
0.9500245257785385
0.9501079355683881
0.9503164428539884
0.9503933189934682
0.9502836566897735
0.9501959542390802
0.9503427893431955
0.9504238390586376
0.9504228017395505
0.9502984450882443
0.9501728534250621
0.9499248494558721
0.9500302305742752
0.950330741831957
0.9502620946702144
0.9501657998807865
0.9500615208957266
0.950049573110407
0.9501401148222284
0.9498576259072512
0.9499284655058401
0.9499174047440674
0.9498144028995954
0.9497505879014755
0.9496793140839189
0.9496335118746936
0.9497544446273881
0.9498831725071157
0.949680432488545
0.9498405958227177
0.9498843195235669
0.9499253724319114
0.9499253201811638
0.9500299859518309
0.9501486651100851
0.949994379219551
0.9499335300075887
0.9497241781774513
0.9498132374802436
0.9499047799304279
0.9496282364755944
0.949637726714333
0.9496872634105209
0.9496625272180238
0.9496953019639707
0.9497621942822505
0.9497978847351666
0.949891604911718
0.9497938150086794
0.9497770160241341
0.9496089443585496
0.9497177356610963
0.9497129428926484
0.9496470347889717
0.9496679866350913
0.9497278307822566
0.949742311963094
0.949841816728952
0.9498291162802008
0.9497799140229637
0.949896650036673
0.9499248213135522
0.9498339335201765
0.9498509469669658
0.9499392282539465
0.9498518325607049
0.9500020107234747
0.9499250414017547
0.9500137540927295
0.9499665660847935
0.9500005226402672
0.9499733122853031
0.9498561486977962
0.9497701802928659
0.9497489281938729
0.9497480383554983
0.9497333298207603
0.9496585423566047
0.9496123765154096
0.949700231605463
0.9497674203092701
0.9497257236312825
0.9497565123220444
0.9496501340728523
0.949613191595334
0.9495813687260662
0.949612687733008
0.9495355846453724
0.949605927394385
0.9496525424208782
0.9497027052862502
0.9497162977186375
0.94968623349757
0.9497888725271333
0.9497204094373682
0.9497928317749836
0.9499179752909979
0.9498762675167394
0.9497646698866589
0.949627152121784
0.9497557501828588
0.9497789610110288
0.949745543427779
0.9497348669724734
0.9496989717521467
0.949751190694937
0.949818316899055
0.949683009013648
0.9496789725977083
0.9495634460276126
0.9496177397326083
0.9495766307935267
0.9495582578410595
0.9495983938702891
0.9495825799826462
0.9495037309149665
0.9495240278744185
0.9495435705207187
0.9494335197140102
0.9494036981941807
0.9494466430667089
0.9493338849381094
0.949251424262461
0.9492410184150547
0.9492457272431372
0.9492557798916123
0.9493246503364519
0.9491795249838945
0.9491988266429411
0.9492863696856307
0.9491850853626564
0.9492625078212649
0.94937254886034
0.9494640828749682
0.949544299071181
0.9496829164572927
0.9496826674035111
0.9497730273568264
0.9498018361038243
0.9498685749038117
0.94997339151423
0.9499794792011621
0.9500591779132386
0.9501244639951542
0.9500937155288225
0.9498970980583332
0.9498910319568301
0.9499715964104852
0.9499784402060478
0.9499127068496602
0.9498382649612114
0.9497911422789554
0.9497662725677081
0.9497886344675576
0.9496903234423405
0.9496048072614808
0.9495996509980568
0.9497832874290429
0.9498135600072909
0.9497600421589736
0.9497258604686925
0.949791646280419
0.9497470887923819
0.9497445570963631
0.9497102350397549
0.9497079108746725
0.9496166127710827
0.9496080477785874
0.949744223181648
0.9497080348436929
0.9496867449503393
0.9497064086061368
0.949850669744968
0.9498429922482626
0.9498395658553617
0.9497588727982034
0.9498573467354321
0.9498023273320563
0.9497701767738567
0.9498046799721789
0.9498583411909245
0.9498564615259133
0.9498227653172188
0.9497317324652473
0.9497712954795384
0.9498321049590188
0.9499462842912341
0.949936135231007
0.9499279127364346
0.9499039040331466
0.9498363528180223
0.9498928669112211
0.9499212566475919
0.9499220898515739
0.9498729338498004
0.9498479580141007
0.9499139225185261
0.9499389224151825
0.9499127973357178
0.9499804449908705
0.9499768172722435
0.9499600318161731
0.9498818411193101
0.9500163878455795
0.950026900274727
0.9500979544484873
0.9500513719880769
0.9499704249332775
0.949979122568781
0.9499990037084186
0.9499867713478845
0.9498940817743281
0.94992816765522
0.9499636013788774
0.9499935066156073
0.9499617681143664
0.9499919450884071
0.9499375503656734
0.9498993736195814
0.9499862868148135
0.9499447308791706
0.9499656830653586
0.9499724810437141
0.9500032556518744
0.9499743955303569
0.9499484156869166
0.9498635191179953
0.9498442459080155
0.9498665630181133
0.9498500815693952
0.9498925355417539
0.9499672262571639
0.9499594645565445
0.9500588081081759
0.9501281592728776
0.9502181376402165
0.950099947415994
0.9501937365794842
0.950261309545763
0.9502829375918931
0.950304293769617
0.9502554737711475
0.950221912128136
0.9501953818144461
0.9502062611388449
0.9502697839694235
0.9502098627862107
0.9501340109569877
0.9500892035746115
0.9500870846753832
0.9501857000027836
0.9501630058191505
0.9501299961364389
0.9501581289418853
0.9501067213530935
0.950121699483186
0.9501037619796223
0.9501218386596217
0.9500691934310423
0.9500110453362616
0.9500268985502544
0.9501306647598149
0.9501906302063764
0.9503063948777607
0.9502713119694652
0.9502441508100562
0.9503366832172184
0.9503511280274158
0.9503893683566161
0.9502990537664352
0.9503343416386646
0.9502608861332561
0.9502578698840498
0.9502308042906831
0.9502039763831589
0.9502205463995795
0.950223884490544
0.9502988750822606
0.9503459345374247
0.9503418229306634
0.9503132441871516
0.9503152360229138
0.9502983236390864
0.9503876680914651
0.9504622290826132
0.950374729391038
0.9504539788890869
0.9504475518397728
0.9504909633028836
0.9505069525381966
0.9505111078860121
0.9504608827655753
0.9504634379951691
0.9504286089529907
0.9504409329566645
0.9504339351409509
0.9504896238261283
0.9505733113907731
0.9505709637699347
0.9506113617848609
0.9507006005965729
0.9506355347472829
0.9507107366830473
0.9507157046005877
0.9506305688252485
0.9506404112635919
0.950681598371634
0.9506939368399931
0.9507524113573891
0.9507690165150294
0.9507251635019278
0.9507128699598261
0.9506964265365089
0.9506936091103444
0.950728561104934
0.9507813971752483
0.9508464530435032
0.9507750264009999
0.9507778546530007
0.9507412066787958
0.9507658674900475
0.9507646464016536
0.9508068396121109
0.9507431795987676
0.9507235660866387
0.9506936809583935
0.9506979492811952
0.9507181900762661
0.9507212157249216
0.9507249962605018
0.9507193798403031
0.9507238649145568
0.9506865153681309
0.950684023206135
0.9506488970467579
0.9506559343200943
0.9506656546599607
0.9506761379910355
0.9506606109919262
0.9506085511043718
0.9505869540678338
0.9505466888510865
0.9505737294882642
0.9506180110195998
0.9506706658193582
0.9506523465368604
0.9506893214091547
0.9507023710107131
0.9507485839409344
0.9507540951435893
0.9507473447770082
0.9507759083255345
0.9507352850580911
0.9507808380806452
0.9507612081390633
0.9507681241638087
0.9508014997014985
0.950808597281043
0.9508080018822783
0.9508270226516757
0.9507909565497924
0.9507132053954261
0.9506838583446579
0.9507276344694955
0.9507598663256015
0.9507525693638802
0.9507019394621595
0.9507644114412523
0.9507687203006857
0.9506738793886849
0.9506373461148385
0.9506186478684342
0.9506403866517716
0.9506058427259081
0.9505350699550023
0.9505700838795094
0.9506404699545958
0.9505819648084556
0.9505383520156901
0.9505792299186897
0.9505502471205096
0.9505263930379095
0.9505292411040477
0.9505316260056238
0.950495815126143
0.9505276553237406
0.9505406917182003
0.9505319219252157
0.9504638926465073
0.9503997868830522
0.95035786306278
0.9503995434872452
0.9503790645468514
0.9503869636546969
0.9503774495683046
0.9503609979237996
0.9504266345274993
0.9504484880302098
0.950410051005362
0.95042859042391
0.9504607809948191
0.9504705100898706
0.950474437965624
0.9504642300795102
0.9504530673526093
0.9504838555973844
0.9505020615581523
0.9505291074832123
0.9505492320034769
0.9506379892389987
0.9506571498933273
0.9506627219653321
0.9506775061967299
0.9506836844506007
0.9507080704809683
0.9507277181175936
0.9507342040724195
0.950690722752745
0.9506959405337053
0.9507200273422479
0.9506880896821843
0.9507064928498137
0.950726573240074
0.950690805947199
0.9506924249996412
0.9507382665349483
0.9507396707377214
0.9508143639032594
0.9508289561869112
0.9508594704439286
0.9508915916719086
0.9508026012409864
0.950820277345488
0.9507992296929304
0.9508210729210701
0.9508132402936
0.9508534749141397
0.950873555080536
0.9508669274914809
0.9508854579594704
0.9508876265373846
0.9508876728677632
0.9508114323524866
0.9508294821796014
0.9508656760266954
0.9508533658497524
0.950880625770774
0.950910179168094
0.9509103764101633
0.9509231428871993
0.9509216254678723
0.950996977091786
0.9510134420968608
0.9509456263759943
0.9509771215506747
0.9509642505877148
0.9509956086092402
0.9510299475138096
0.9510063815940786
0.9510486895077823
0.9510682745979163
0.9510576489821189
0.9510593787515378
0.9510995996400461
0.9510324139758151
0.951039957560855
0.9510364579772912
0.951003680551344
0.9509894276771854
0.9509466411314073
0.9509106665856867
0.9508925697941665
0.9508705602222697
0.9508026985049755
0.9506960191631938
0.9506997583982432
0.9506877566510191
0.9506959543638769
0.9506909893310225
0.9507217266405182
0.9507325998683388
0.9506997359301544
0.950716201944628
0.9506906858629532
0.9506413261388019
0.9506392197231914
0.9507112485368345
0.950691052096873
0.9506964112297105
0.95067622377372
0.9507027029947559
0.9507674093041929
0.9507880981901449
0.9507758931352309
0.950777707375008
0.950777811369601
0.9507717518075192
0.950736060265252
0.9507264265927272
0.950712738644792
0.9506832910051358
0.9507141522476621
0.9506976719440917
0.9507002702416968
0.9507132314457034
0.9507005943565215
0.9507318152053597
0.9507029448998073
0.9507040551385263
0.9506503948946182
0.9507041710899781
0.950689155423074
0.9507158766296703
0.9507164648370545
0.9506971226330161
0.9506606338409851
0.9506614299831938
0.9506560458439544
0.9506560402892044
0.9506541487731963
0.9506440654159947
0.9506548175830819
0.9505970248527232
0.950589016835235
0.9505496906545922
0.9505120806726869
0.950532401550507
0.9505619846250648
0.9505717455723964
0.9505641677750699
0.9506039942082463
0.9505810055256545
0.9505966617306397
0.9506315333762587
0.9506173907186465
0.9506129334446791
0.9506486842173613
0.9506405292937234
0.950660293862846
0.950657137174805
0.950676536346229
0.9506850249814262
0.9506796679546745
0.9506851731883172
0.9506753680733371
0.9506019143304394
0.9505829053201513
0.9505937083588192
0.9506191887625813
0.9506193481912962
0.9505841978102546
0.9506218264301795
0.9506503811869625
0.9506204973899707
0.9505849629924793
0.9505372165341567
0.950531147917871
0.9505041385723675
0.9505097849739703
0.9504979907037931
0.9505008771934284
0.9504907424213077
0.9504850129669572
0.9504820464235317
0.9504459041014195
0.9504225286395015
0.950440902605082
0.9504082747113274
0.9504094562091899
0.9503931109864047
0.9504011321425243
0.950389930237478
0.950391310648386
0.9503563905823337
0.9503738504103622
0.9504038794897353
0.9504251116316402
0.9504572348420789
0.95049579830462
0.9505203510118266
0.9505182685313228
0.9505374463936175
0.9505802636304895
0.950580583200129
0.950583474864221
0.9505644578422962
0.9505671222062448
0.9505868434881718
0.9505469599590846
0.9505481463527677
0.9505006187459294
0.9505268589063577
0.9505403107531771
0.9505860233131381
0.9505836657588043
0.9505936106663054
0.9506163921497631
0.9506305992400396
0.9506507671520501
0.9506843317221922
0.9506687462991078
0.9506716407093373
0.9506763759091019
0.9507046392837017
0.9506808834339653
0.95068550896773
0.9507043882418951
0.9506977414434653
0.9506641751010113
0.9506859427721076
0.950642098874425
0.9506487443557619
0.9506420674759919
0.9506371980430045
0.9506882766771337
0.9507318756617782
0.9507069708246842
0.9507289159552047
0.9507181092534669
0.9506989944080015
0.9506841515898617
0.9506386963988614
0.9506360440599592
0.9506283644091394
0.9506283003447962
0.9506262188534552
0.9505893515295394
0.9506008848315141
0.9506153360743205
0.9506628729924467
0.9506066605154517
0.9505798127014722
0.9505923710812635
0.9506137720858382
0.9506408067508422
0.950601217053024
0.9506261804244234
0.9506284031996143
0.9506474282117959
0.9506544884771054
0.9506638552833199
0.9506441774523241
0.9506294760141193
0.9506532803937381
0.9506190049064488
0.9505953542211297
0.9505859379910558
0.9505919565330208
0.9505468946711088
0.9505482482904218
0.9505208124947678
0.9505693136469998
0.9505668710612724
0.9505905807014193
0.9505718108150616
0.950574569534356
0.9505339994702139
0.9505154750186356
0.9504915451163003
0.9505340999942357
0.9505270718981297
0.9505195553233785
0.9505327821686823
0.9505681351304067
0.9505721413648345
0.9505725815481498
0.9505601769739994
0.9505747226959895
0.9505795190579863
0.9505536092736733
0.9505741909904349
0.9505563090045108
0.9505527721610425
0.9505284392551245
0.9505268141177671
0.9505447898886609
0.9505644840222132
0.9506116596367161
0.9506317332845367
0.9506568190322526
0.9506351678621353
0.9506458096215885
0.9506305585478632
0.950623550789899
0.950594999120371
0.9505995598777184
0.9505662873263768
0.9505831619862403
0.9506037154972341
0.9506110058580577
0.9506234167624313
0.950649879064023
0.950662938011974
0.9506547111576015
0.9506688357246607
0.9506455459293569
0.9506561210905414
0.9507177536042452
0.9507023996216102
0.9506766065328607
0.9506571959907246
0.9506570289506235
0.9506699487009096
0.9506306131656185
0.950623078140736
0.9506569483032128
0.9506519311434863
0.9506508697414259
0.9506513008705353
0.9506132358189311
0.9506159866574185
0.9506153050871459
0.9506517292145079
0.9506255275108105
0.9506085840035163
0.9505698479192675
0.9505820065466565
0.9505761496890495
0.9505553333466513
0.9505771126088405
0.9505930148297287
0.9505818358708479
0.9505980177143203
0.9506164539279816
0.9505943080000004
0.9506248056763174
0.9506481656569398
0.9506636342360636
0.9506231213060047
0.9506148251705444
0.9505950203986535
0.9505839003241084
0.950588236255354
0.9505886375367005
0.9505989083027265
0.9505736420380382
0.9505656182199859
0.9505918551578334
0.9505415459201142
0.950524313254824
0.9505510025245117
0.9505324884383118
0.9505534270748843
0.9505868599659728
0.9505686909168902
0.9505684068252888
0.9505872037443355
0.950596113797907
0.9505996232683478
0.9505620111434308
0.9505706639633491
0.9505309761593721
0.950514860423392
0.9504933253813652
0.9505007730315861
0.9504864317886249
0.9504828013842999
0.950484749291731
0.9504562410653817
0.9504912098972399
0.9504997695008016
0.9505135346038991
0.9505100041181829
0.9505093676949408
0.9504571108332268
0.9504252825041803
0.950444899785749
0.9504519659537851
0.9504431426607403
0.9504707087637023
0.9504491529209286
0.950465449654161
0.9504753484044522
0.9504945816557833
0.9505118049258521
0.9504916137560714
0.9505031210376731
0.9505458995960614
0.9505799307579369
0.9505451703398768
0.9505604951406674
0.9505593431293992
0.9505738762226386
0.9505751567246687
0.9505546866954457
0.9505347463810264
0.9505645620213892
0.9505313114313179
0.9505589331793337
0.9505647654400775
0.9505428480484609
0.9505228658331579
0.9505356027337487
0.9505297401089813
0.9505264806703926
0.9504961248547321
0.9505069108525008
0.9505161065428583
0.9505329118240556
0.950575241787641
0.9505861618329488
0.9505675738478019
0.9505636866185637
0.9505654074399271
0.95057224667428
0.9505844195493658
0.9506226863320117
0.9506501961938564
0.9506661858789998
0.9506583738093441
0.9506685574951227
0.950674796070621
0.9506947605100821
0.9507069432591762
0.9507070355802248
0.9507142040838877
0.9507339594283705
0.9507431547682942
0.950685058092998
0.950697606028871
0.9506676916475625
0.9506706474222051
0.9507011088015909
0.9507009603574307
0.9507132627853592
0.950710222767567
0.9507245295322768
0.9507588846826683
0.9507484005188289
0.9507473572926317
0.9507821036081932
0.9508121279616254
0.9508253684635378
0.9508258777503826
0.9508416065653164
0.9508828789935504
0.9508766148053677
0.9509222431783396
0.9509087823383029
0.9509228668161838
0.9509656502641364
0.950981396497401
0.9509595229043517
0.9509551291862967
0.9509889761692413
0.9509476739079703
0.950915442010764
0.9509064374326148
0.9509243997941298
0.9509431733803647
0.9509623187167728
0.9509562759458945
