0.8920797232439261
0.9284640369769742
0.9482843700745295
0.9503288753843174
0.953553639013818
0.9543679665428869
0.9537723122611137
0.9533171562678644
0.9531946605617041
0.9546223050618043
0.9551484343443503
0.9542224441919092
0.9549130583670516
0.9533899313693477
0.9539248260452756
0.9538243827047943
0.9558510169702901
0.9556814532525445
0.9559138565280544
0.955726947358993
0.9560145970198184
0.9561186542701525
0.956076886487128
0.9565769162916694
0.9563122535894971
0.9565408847511996
0.956495751646951
0.9558154217271558
0.9562025930068259
0.9560929834333411
0.95513207767982
0.9553368947682482
0.955575784181945
0.9557444819260801
0.9555059487404506
0.9551519180426399
0.9553718118758526
0.9558322818614553
0.9554074800489359
0.9553991265391737
0.9556453594952508
0.9558159574646103
0.9556549354986204
0.9558136285704224
0.9562661660386917
0.9563444640833377
0.9559447151867901
0.9560365251471077
0.9557577998389823
0.9564075553173688
0.9564911010630489
0.9561321136950792
0.9563996843957417
0.9564499751275246
0.9564912723837868
0.956773974433966
0.957125335716941
0.9571838891737334
0.95720786704411
0.9572856763337871
0.957283292499218
0.9575054498420983
0.9573134422587131
0.9575470423291248
0.9577498609321723
0.9576621180225138
0.9575796368922079
0.9577561954899065
0.9576380168252263
0.9576166293759508
0.9572620589698433
0.9571095778198191
0.957118045832318
0.9569001081222498
0.9568883248822168
0.9565702396757021
0.9567664503330542
0.9567102082879418
0.9569535509530938
0.9570190692832976
0.957113115549526
0.957110669731414
0.9572675363728121
0.9573401321588039
0.9573855333018004
0.9575027409119814
0.9574179290833964
0.9574717112975124
0.957675868100908
0.9578675798638461
0.9577474150832436
0.9577689381919066
0.9577542923579926
0.9578035806401639
0.9579067523893647
0.9580840151928868
0.9580642938310766
0.9577461986295317
0.957891743022092
0.9579202607930053
0.9578446823469084
0.9578542784687069
0.9577655533258868
0.957705708163302
0.9577531255774375
0.9578130486699954
0.957817007260466
0.9578708561875453
0.957680165992456
0.9575846314246285
0.9576289383392237
0.9576442817468989
0.957394204097259
0.9576595307799232
0.9575823371906045
0.9576107720920567
0.9575105599258357
0.9574887483815496
0.9576749824760122
0.9576938494463407
0.9576324050533254
0.9576453308140823
0.9576028527451361
0.9576503624378689
0.9575978836454617
0.9576147618981175
0.9576857939791246
0.9576990099547974
0.9576413356099236
0.9575907832771878
0.9573984666859457
0.9573701548020369
0.957457238223168
0.9574796381849353
0.9575296410432829
0.9575339353062072
0.9573520058004215
0.9573182943021233
0.9574965164200819
0.9573873386886466
0.9575089612395177
0.9573684305943952
0.9574269902751319
0.9574335554474358
0.9573171675511234
0.9573033273721182
0.9573848058288001
0.9574444494552514
0.957356192296638
0.9573526994938062
0.9573393067500645
0.9572972424126325
0.9573484961407567
0.9572567770866257
0.9571737302980409
0.957180827276253
0.9573004054869778
0.9573098777197491
0.9572976943021076
0.9571529753726647
0.9571067718693251
0.9571163261838768
0.9570664778843458
0.9571857183045855
0.9571919864885619
0.9571478927905356
0.9572804270563816
0.9571272611497923
0.957133868071309
0.9571967000590419
0.9571126402622212
0.9571719314984214
0.9571381560231104
0.9571694578621711
0.9572226204163178
0.9571676806949135
0.9570355247599606
0.9571613752628173
0.9571983250578259
0.9572306467575119
0.9572627123924154
0.9572865797168469
0.9572917923487504
0.9573925705727488
0.9574660573631023
0.9574240425005013
0.9572812827974418
0.957498730033207
0.9576216298073752
0.9576681869417287
0.957686533117204
0.9576326881509857
0.95760689386758
0.9576573512541618
0.9576600002184018
0.9577099239181437
0.9577146927473295
0.957797546542073
0.9577649048245668
0.9577095452457164
0.9577011403083383
0.9576560751469643
0.9577277749183664
0.957812440225454
0.957820913302848
0.9578303766637435
0.9577760855676182
0.9577476796677169
0.9577000629662574
0.9576167117198233
0.9575777725986562
0.9574506407529257
0.9575044323910277
0.9574789308732246
0.9574605184593973
0.9575452609566292
0.9575024583090058
0.9575056826565046
0.9575311649224357
0.9575415695607407
0.9575805922572751
0.9575554255018927
0.9576042909413056
0.9576297324501359
0.9576234005610799
0.9576217720108454
0.9575960015303441
0.9575824636855516
0.9575934942510013
0.957590962839207
0.9576732867244145
0.9577896663170705
0.9576835457367592
0.9576891856313303
0.9577197020372394
0.9577716580651124
0.9577363464119552
0.9577261708499969
0.957647587397734
0.9576705031085326
0.957628414874448
0.957588514470815
0.9575328118989048
0.9575926707187206
0.957617317538506
0.9576942623202761
0.9575325848263809
0.9574589789233625
0.9574798236020786
0.9574126174181468
0.9574926069016861
0.9574903942038792
0.9574933430535775
0.9574619187330897
0.9574525979362881
0.9574107986782102
0.9573974084695248
0.9573887654830505
0.9573525044289574
0.9572268903910901
0.9572413593474174
0.957126795717086
0.9571166438399485
0.957100288341554
0.9572236174569605
0.9572614042008739
0.9571897621685386
0.9571105673863898
0.95719191384621
0.9570883524668182
0.9570324747914974
0.956972253048258
0.9570206645592649
0.9570418749669415
0.9570676043359108
0.9569672993389001
0.9570054783530263
0.9570022636268413
0.9570585400355462
0.9570836570964629
0.9570280377582356
0.9571838207680032
0.957201457351207
0.9571844969900627
0.9571927697524699
0.9572276499731449
0.957290355095619
0.957315672336186
0.9572820702036577
0.9573062723559964
0.9573193611559558
0.9573946528517816
0.9573500175956591
0.9573077828162039
0.9573106509572679
0.9573752190986787
0.9574248563266954
0.9574028999474237
0.9574283996881441
0.9574007490084413
0.9573863566871071
0.9573728218267833
0.9573166538607758
0.9572047619768183
0.957171848911463
0.9572202049791474
0.9571857061737234
0.9571976738445271
0.9572174588124769
0.9573147116815894
0.9573072238567101
0.9573492359693696
0.9573988485554696
0.9574465644386412
0.9574874572527277
0.9574557513116063
0.9574857176250426
0.9574744959033323
0.9575110961823504
0.957481905988389
0.9575380496981208
0.9575278163796708
0.9575205428886001
0.9574950198663291
0.9575475526380169
0.9575899196175525
0.9575950491990333
0.9574933689763818
0.9574658425136044
0.9574976037413724
0.9575423050741253
0.9575249396059435
0.957535782898614
0.9575564231128967
0.9576222460014581
0.9576576275563656
0.9576127716762782
0.957608814782634
0.9576701971485108
0.95770191335965
0.95775554892277
0.9577259201579286
0.9576836095122596
0.957664871401908
0.9576449014000277
0.9576287410497938
0.9576413364024638
0.9576585050880194
0.9576431936691744
0.9576426761653309
0.9575843566342418
0.9575965587058983
0.957590823633581
0.9575634835087816
0.9575454310983887
0.9575149458637766
0.9575646963800394
0.9576308882068805
0.9575910357039639
0.9575727176720082
0.9575457552258622
0.95754122205321
0.9575761151788434
0.9575909528442528
0.9575963007611863
0.9575056419052296
0.9574812241729832
0.9574650523377923
0.957515274805347
0.9575055610533187
0.9574664685745528
0.9574696255199521
0.9574880537141218
0.9574452814025731
0.9574130325899274
0.957371714808627
0.9573451809914502
0.957399396578258
0.9573947083580557
0.9574142378100633
0.9574045068488818
0.9574252795611716
0.9574763106451013
0.9575232696113166
0.9575459698966666
0.9575528783991993
0.9575611722981356
0.9575674845574668
0.9576363638886516
0.9576610863415148
0.9576402354904591
0.9576140903658285
0.9575753769991646
0.957559873693589
0.9575902645741805
0.9575574068724232
0.9575692227961262
0.9576097379792754
0.9576390008718251
0.9576257435567754
0.9576075832468597
0.9576451796844265
0.9576220661395551
0.9576737131354311
0.9576672310640754
0.9576695307409693
0.9576607295314531
0.9576268991422915
0.9575946463787617
0.9576224400280609
0.9576191884491259
0.9576355409132781
0.9576386836571505
0.9577036952181046
0.9577797813505458
0.9577395411408924
0.957731166145616
0.9576958473533406
0.9577297694602387
0.957720071487552
0.9577289499289859
0.9576612941435185
0.9576621449120556
0.957645555771384
0.9576403758647009
0.9576142475767471
0.957581240922551
0.957587420075178
0.9575645150738619
0.9575392703675426
0.9575723017152628
0.9575680771211956
0.9575685154760453
0.9575137333455744
0.9575168147807371
0.9575256322342607
0.9575428820650113
0.9575807487073683
0.957595726995811
0.9575181128468198
0.9575455735952537
0.9575707190147171
0.9575533849535679
0.9575297889343815
0.9575056569589275
0.9574833873783142
0.9575175666294584
0.9575065256062836
0.9575021065246339
0.9575035886679123
0.9574972749200334
0.9574976385630555
0.9574500809921317
0.9573953071020169
0.9574136575295892
0.9574011808354891
0.9574741084862577
0.9574799627783113
0.9574473211536162
0.9574685729457455
0.9574676954266569
0.9574637269807974
0.9574566418879968
0.9574866453975602
0.9574743877997641
0.9574507079132695
0.9574254621153634
0.9574037947435354
0.9574124696793428
0.9574453989559675
0.957465007765611
0.9574470086788873
0.9574761870981019
0.9574826086684567
0.9574872324841331
0.9574944000691633
0.9574944257076582
0.9575029637255441
0.9575030526388275
0.9575434502088027
0.9575672182582282
0.9575885592357134
0.9575885893595575
0.9576010723725912
0.9576286760165583
0.9576830023453896
0.9576505437071968
0.9576421605885339
0.9576085815971319
0.9575774348860928
0.9575776710916419
0.9575998611509583
0.9576321172803117
0.9576197179329056
0.9576295192635434
0.9576255606783495
0.9576040672735409
0.9575959962822108
0.9575883645776325
0.957582647253751
0.9576144092205996
0.9576588896262116
0.9576914007598926
0.9576888508067737
0.9577059953396752
0.9577369256596417
0.9577159159254955
0.9577431476280094
0.9576958167578453
0.9576907873522675
0.957703415278799
0.957720844285046
0.9576946983143171
0.9576958878472389
0.9577174811780118
0.957732852003354
0.9577284868983917
0.9576842738070104
0.9576796754836909
0.9576655405712743
0.9576606530434529
0.957613053587626
0.9576062588333336
0.9576569840333548
0.9576692754807878
0.9576704037715109
0.9576843664055708
0.9577158866532994
0.9576661418888802
0.9577150875605707
0.9577080227760425
0.9577062203130935
0.9576932445249547
0.9576773684820804
0.9576728153294101
0.9576747587205717
0.9576807925634042
0.9576633779563016
0.9576447076637248
0.9575999921916437
0.9575913765656886
0.9575726235030587
0.9575609462498497
0.9575422440411637
0.9575528332956635
0.9575624450066456
0.9575739898658777
0.9575791028740721
0.9576290830502882
0.9576129206406536
0.9576405288565325
0.9576362387674542
0.9576189058922392
0.957645487762396
0.9576278877475857
0.9576307385464253
0.9576181944554525
0.9576261204080323
0.9576200418597892
0.9575776717818261
0.9575952090375827
0.9576078413118602
0.9576131699691356
0.9576477500033294
0.957643280859304
0.9576340241415304
0.95763872836297
0.957671338901993
0.9576309889174258
0.9576635945973949
0.957696158121014
0.9576595586693212
0.9577019910822294
0.9577177401942314
0.9577399605330972
0.957771716165709
0.9577590168406387
0.9577536081169918
0.9577558304883209
0.9577150904522929
0.9577038426620156
0.957726369418898
0.9577257581438795
0.9576729326031641
0.9576806701844155
0.957671289847703
0.9576708230000232
0.9576744743425721
0.9576659122732851
0.9576702493359496
0.957661533507831
0.9576780581060244
0.9576795430662758
0.9576812134147864
0.957695467740252
0.9577186693913973
0.9577231982616382
0.957694906823205
0.9576927403553855
0.9577059804892089
0.957727746230369
0.957692892683174
0.9576972144187373
0.957702819995252
0.9577369855107395
0.9577281204447372
0.9577307543423313
0.9577193219318177
0.9577083736047965
0.9577035723360375
0.957719423486405
0.9576914967597876
0.9577040207185862
0.9576628155422061
0.9576566674779083
0.9576431070585927
0.9576397263968421
0.9576376288225211
0.9576411983683774
0.9576126749077545
0.9576016975518629
0.9575677479871625
0.9575482464716998
0.9575514116607919
0.9575631351333853
0.9575545441444111
0.9575416988284842
0.9575380925558602
0.9574956640085454
0.9575048046913186
0.9575380973629412
0.9575154680457926
0.957505118654152
0.9574656732546856
0.9574241200963595
0.9573979959665387
0.9573736517815689
0.9573404100819366
0.9573446417542366
0.9573619282106686
0.9573715590067985
0.957360331672613
0.9573839107223321
0.957387733744725
0.9573937426861111
0.9573906390267403
0.9573956631181259
0.9573894849369302
0.9573893037893247
0.9573855022033453
0.9574002282349491
0.9573971883345561
0.9574141075706757
0.9574008663577382
0.9574039579414296
0.9573764953973666
0.9573613348316002
0.9573674111995598
0.9573914468887318
0.9573784468524433
0.9573647915825619
0.9573380995888542
0.9573160917255253
0.957310899261515
0.9573008689305494
0.9573354993191251
0.9572917160731996
0.9572821737762885
0.9572516659402266
0.9572518323281061
0.9572176706621013
0.9572254972379944
0.957203525230773
0.9572134400564506
0.9572222391608992
0.9572101940826773
0.9572195724544065
0.9572121332474492
0.9572327346759535
0.9572346534476511
0.9572510000682486
0.9572756153630964
0.9572393615555304
0.9572315127328546
0.957232348127744
0.9572478432004333
0.9572681436119552
0.9572273468997178
0.9572366985074029
0.9572688526731401
0.9572761465319726
0.9572785109300345
0.9572712610387881
0.9572758571594004
0.957281668558796
0.957272142570289
0.9572900068422818
0.9572822696675405
0.9572668309647788
0.9572650372078642
0.9572378096154673
0.9572624074085788
0.9572438161485571
0.9572503639953946
0.9572730612558435
0.9572942688831908
0.9572937791298108
0.9572973916816867
0.9572927153299196
0.9572968136628598
0.9572663607474466
0.9572685002129432
0.9572626762345646
0.9572190377506496
0.9572236028397948
0.9572386699765906
0.9572409394990069
0.9572491196845879
0.9572745655144054
0.9573103289907615
0.9573295421114647
0.9573507830617911
0.9573499833525642
0.957362383734534
0.957389957313659
0.9574252515500064
0.9574437888282907
0.9574497699835844
0.957431339834211
0.9574273430353633
0.9574422038007031
0.9574318203078318
0.9574433715067485
0.9574913300143493
0.957524559088766
0.9575372521054517
0.9575241159641869
0.9575081784255586
0.9575142622383372
0.9575642725085997
0.9575953062083117
0.9576244039775341
0.9576274621403024
0.9575937384414354
0.9575762780093672
0.9575672738279842
0.9575826427486098
0.9575822843684741
0.9575746264962052
0.957579667047181
0.957573752755766
0.9575872238986908
0.957589413815837
0.9575959925608697
0.9575867351701398
0.9575552162791164
0.9575474089434866
0.957555450538331
0.9575250101902733
0.9575223096794835
0.9575095386482696
0.957499659946714
0.9575102874656135
0.957535997620295
0.9575125641937657
0.9575413447255022
0.957548016535117
0.9575402814353625
0.9575289824000048
0.9575137568594365
0.9575147710339357
0.95749691016623
0.9575121326827392
0.9575054934428644
0.9575029969926998
0.9575055953612776
0.9575051267391063
0.9575125625318972
0.957526469044984
0.9575222562132528
0.9575277669857324
0.9575476134445183
0.9575526698186217
0.9575387261767739
0.9575219293778489
0.9574933495528916
0.9575027494161047
0.9574959853857438
0.9574691716682646
0.9574299574646239
0.957438704402375
0.9574355745378031
0.9574294145838862
0.9574073256968955
0.9574039194250901
0.9573942973051138
0.9573903244364799
0.9573770834343173
0.9573816718201997
0.9573972654331463
0.9574082043293402
0.9573819559446883
0.9573949363005461
0.9574113722682978
0.9574320676659932
0.957449598007722
0.9574455998679774
0.9574419224619866
0.9574449950500681
0.9574632021177667
0.9574935855957225
0.9574741225502467
0.9574650001097501
0.9574853026127751
0.9574745455797861
0.9574959203118821
0.9574805418681396
0.9574627386745442
0.957501761924965
0.9574791646827587
0.9574757091604993
0.9574757260323951
0.9574738852811295
0.957490162557912
0.9574631953271379
0.9574715106267203
0.9574851487578591
0.9574852883526294
0.9574892561488898
0.9574848809017832
0.9574863706479317
0.9574819872951601
0.9574485649585543
0.9574565030913933
0.9574689292122542
0.9574550177092711
0.9574676063416975
0.9574680897858221
0.9574735966606812
0.9574682976540578
0.957475386847078
0.9574490522715711
0.9574612496726332
0.9574677842318362
0.9574522725980159
0.95745700248219
0.9574389880967077
0.9574107835310535
0.9574333749560962
0.9574540911965166
0.9574709118988439
0.9574596030151933
0.9574467621535666
0.9574589493984225
0.9574418368271358
0.9574377473964893
0.9574358019972616
0.9574216523266563
0.9574146412027736
0.9574094307585064
0.957390804472133
0.9573616987218103
0.9573676306017249
0.9573808167847815
0.9573807729009665
0.9573842593859094
0.9573815333809713
0.9574036015809048
0.9574169128485546
0.9574125160222304
0.9573921908729353
0.9573948392227304
0.957369956606916
0.9573748652164049
0.9573587022841544
0.957352417453926
0.9573420599541171
0.9573554426166364
0.9573428758374335
0.9573329735635903
0.9573329638989947
0.9573331953244055
0.9573297786911618
0.9573251797728527
0.9573130837675529
0.9573209472837046
0.9573217875854657
0.9573207613933968
0.957322340538688
0.9573392487222504
0.9573441392530916
0.9573350031812805
0.9573286150903073
0.9573147603679809
0.9573308085949676
0.9573399270123102
0.9573164762489542
0.9573078163733251
0.9573265156557198
0.9573227337121085
0.9573099548662929
0.9573048288089826
0.9572972942722453
0.9573006628605707
0.9573138188207945
0.9573120493207996
0.9573200086760101
0.9573311990212071
0.9573391800354498
0.9573353680551921
0.9573593552738995
0.9573492609198276
0.957322621538389
0.9573101773048901
0.9573133233065008
0.9573047489877516
0.9572919150279198
0.9572854560138304
0.9572945761510208
0.9573150780918374
0.9573175356841034
0.9573133242054448
0.9573322659869119
0.9573334475235191
0.957327500001544
0.9573130538435539
0.9573089976157366
0.9572977687955612
0.9573031260430795
0.9573041326736097
0.9573150548850209
0.957321525332837
0.9573331470894605
0.9573264870022632
0.9573572978887397
0.9573467670856101
0.9573517825050663
0.95734008399152
0.957347298810947
0.957339755919546
0.9573268271074198
0.9573056825034352
0.957299267500312
0.9572780084649231
0.9572831240547521
0.9573009500273588
0.9572993245659223
0.9572834988662251
0.9572813346915526
0.9572798703803366
0.9572710092924287
0.957262241662288
0.9572628590420089
0.9572578990787257
0.9572508435469147
0.9572679323482198
0.9572924646198752
0.9572799758773772
0.9572736076972708
0.9572816010948381
0.9572960843798602
0.9573074697177776
0.9573192100595546
0.9573067437417518
0.9573300001147189
0.9573446503422581
0.957328115751286
0.9573236378604528
0.9573130492116197
0.9573399981856718
0.957337541726736
0.9573336296921848
0.957352218160354
0.9573715298242392
0.9573776644345577
0.9573953706806023
0.9574221720112098
0.957434151891981
0.9574422738886286
0.9574442037156049
0.9574591607306446
0.9574766796023001
0.9574827663693303
0.957495968140623
0.9575058596620935
0.9575449622448946
0.9575401203604786
0.9575802907166591
0.957592464417669
0.9575893147784841
0.9576025494219597
0.957598725586148
0.9575865815098562
0.9575878289091587
0.9575656256276365
0.9575651848745153
0.9575548797825308
0.9575393474419526
0.9575245283249161
0.9575284112740157
