0.9043101319180348
0.9322099717832005
0.9402123946718961
0.9446457502080248
0.9494576647101103
0.9483942292266527
0.9487316012631871
0.9527850160201065
0.9505349441747947
0.9516403232390438
0.9542888846754187
0.953679469029745
0.9560578044513085
0.9554636702935176
0.9557742316160766
0.9557404892893445
0.9574726770496652
0.958167455890797
0.9596125711868633
0.959872434082716
0.9608335045767453
0.9619149623882722
0.9612714700702861
0.960806553359851
0.9613609846488459
0.961217518538818
0.9608318283984855
0.9601043495197978
0.960404212654642
0.9610447000627147
0.9611267158359368
0.961243748129553
0.9607583795892224
0.9606081249416938
0.9605319968005891
0.961008082337673
0.9612506354530276
0.9612738420783107
0.9610515112056996
0.9615041554964605
0.9617009664443787
0.9614549967570584
0.9615195453335971
0.9622798059180413
0.9623154325647362
0.9619668734277524
0.9619330430273887
0.9621877510289271
0.9624319247728341
0.9628633068400639
0.9629990780152978
0.9631403188790517
0.9631041885294238
0.963395653781125
0.9629488272397013
0.9636320736859421
0.9638179689542604
0.9640091921342117
0.9642491736184041
0.9641628233451939
0.9642935646115195
0.9642355186632279
0.9644206277303987
0.9649949342345897
0.9651568601508623
0.9652266471868055
0.9654466705334676
0.965353757085416
0.9653790629863611
0.965390013170222
0.9651830523424421
0.9652214489007495
0.965292709138252
0.9653595034193495
0.9653028590133022
0.9649983262730275
0.9651251725982753
0.9651737998668728
0.9650554496169652
0.965142932649827
0.965035774459833
0.9649448435984542
0.9651169113840641
0.965086901593775
0.965197820557617
0.96529421466807
0.9653544821864736
0.965327992557513
0.9652990854538394
0.9655244354157609
0.9654800715197129
0.9654328978583966
0.9657146085172759
0.9656994942120973
0.9656187469921045
0.9657620650502716
0.965546449387146
0.9653613777291711
0.9653939373510242
0.9652370062090351
0.9652799259627383
0.9655278943610647
0.9653330350829592
0.9652367924991019
0.9651731514215
0.9652326901889295
0.9652917758837185
0.9654287571580781
0.965309944916489
0.9654334154872196
0.9653223270538533
0.9651705459583299
0.965253878108994
0.9652962483718354
0.965472970219268
0.9655403773171619
0.9653400472133529
0.9653016376416463
0.9652846424187957
0.9653933863396499
0.965419759240679
0.9653353820307126
0.9653349103485959
0.9653380952586909
0.9652791834421394
0.9653637909393096
0.965285508284527
0.9653816023857822
0.9654770823887809
0.9655159344292045
0.9655908979154176
0.9654415439829604
0.9655744269611919
0.9656066085662507
0.9656396896517738
0.9656252206616356
0.9655332059945576
0.9657061864606243
0.9655091669130408
0.9654146495393787
0.9656272431511809
0.9654829330066818
0.9654189772084548
0.965283508602919
0.9651890309068085
0.9653078255022691
0.965499157320259
0.9654747338038417
0.9653988049545636
0.9652329350018075
0.965224037481932
0.9651905585372956
0.9651790972164949
0.965106905867656
0.9650404905270553
0.9650280223315546
0.9650457322300183
0.9649708137993118
0.9650167022893207
0.9649839568061398
0.965069165766759
0.9651154005581025
0.9652513246900863
0.9653183523746183
0.9653701094602682
0.9653309623109504
0.9652981632036208
0.9652895354993393
0.9652787646094297
0.9652107649176173
0.9652499472495765
0.9652421616137442
0.9651781282034219
0.9651270514065392
0.9652359357316019
0.9653044157940888
0.9653928291763586
0.965377224436404
0.9653731460833641
0.9652123679547402
0.965204989355573
0.9651696773701993
0.9651999225599559
0.9651897415814823
0.9651754094075212
0.9651444708215262
0.9652977361183817
0.965337957892847
0.9652515146388673
0.9652853961343726
0.965356298646038
0.9654431544930976
0.9654036933857751
0.9653402424028916
0.9653294827958935
0.9653951112555446
0.9654621447253674
0.9654240763085017
0.9654857268419735
0.9654439400488974
0.9654145236518737
0.9653409760820553
0.9654021105704129
0.9654777920442288
0.9654999522786163
0.9654894660722536
0.9655481502129647
0.9656193438608484
0.9656615830207205
0.9656028459064702
0.9656152448378645
0.9656546019679954
0.9655811816946805
0.9656176650477093
0.9656319002498218
0.9657180366529303
0.9657581196587438
0.965731033120159
0.9656232884580238
0.9656204052220928
0.9656214582794281
0.9656272144644903
0.965587839761349
0.9656074111681623
0.9655730303876542
0.965608581903166
0.9655882257560745
0.9655233125041877
0.9654242839381746
0.9653893733306541
0.9654102482302349
0.9653569354854742
0.9654393828945125
0.9654538490536492
0.9654061455016595
0.9654042852877636
0.9654326349285661
0.9654774206810263
0.9654435162893127
0.9655199301449806
0.9654019323688379
0.9653907997486089
0.9653891281734792
0.9654257734754255
0.9654577854506159
0.9654584772707991
0.9654664846033894
0.9654357189729666
0.965474096342465
0.9655339061543934
0.9656011882497257
0.9655264039164331
0.9654602433979763
0.9655052282211554
0.9655211299307981
0.9655831313235176
0.9655596946338447
0.9654507374783026
0.9655290072157404
0.9655147186703366
0.9655022000199349
0.9654485817182612
0.9653940052460269
0.9654096722995155
0.9654709837930412
0.9655260350346249
0.9654877643239389
0.965535420857451
0.9655894183467256
0.9656020037382541
0.9656349847315503
0.9655207727327818
0.9655588605008378
0.9655681804646281
0.9655873429106531
0.9655713321712346
0.9656592986130211
0.9656313278450408
0.9656296118028451
0.965726142628567
0.9656934503371288
0.9656643230690639
0.9656976528438582
0.9657348619511026
0.9656939352727574
0.9656773538456489
0.9656532367337115
0.9657284167684667
0.9656725559277324
0.9656164593214968
0.9656560052173845
0.9656802367389027
0.9656142132132577
0.9655743939524896
0.9655391399128709
0.9655721517703955
0.9655646958352132
0.9655403113760288
0.9656082356712223
0.9656489629780387
0.9657287927612112
0.965658369616246
0.965652393188765
0.9656601032406488
0.9655984854703846
0.9655745084564755
0.9655856008187894
0.96559038517167
0.9655838811177654
0.965643774177337
0.9656388332295296
0.9656643037781566
0.965783664052716
0.965799048529692
0.9658382179845278
0.9657680892678364
0.9657411238297952
0.9657632445316102
0.9657173509075503
0.9656833141739127
0.9656813160604039
0.9657593447539105
0.9657988748164008
0.9657466786699109
0.9657558942302015
0.9658047852034779
0.9658550603994605
0.9657842940645195
0.9658106326471587
0.9658014619564801
0.9657979598375018
0.965771857756146
0.9657839554310197
0.9657732451942743
0.9658356951979284
0.9658302361378227
0.9657583776306417
0.9657360384334761
0.9657272787113781
0.9657349569803116
0.9657568691424548
0.9657472802945647
0.9657374102569143
0.9656973201203413
0.9656931292993675
0.9656589857310225
0.9656525060355958
0.9656346807528987
0.9656323271720381
0.965606268419606
0.9655749241025569
0.965612247156488
0.9655776631453771
0.9655090379415397
0.9655261971447348
0.9655536806271645
0.9655058009444594
0.9655527003281675
0.9655196811722824
0.9655406256412088
0.9655252408102601
0.9654658414928168
0.9654298691677745
0.9653917302356638
0.965351621046382
0.9653633414440141
0.9653765646290097
0.9653699383715172
0.9653543366467784
0.9653350675319831
0.9653583962248313
0.9653856558629728
0.9653688577738513
0.9653555903833476
0.9653591529697305
0.9653585396889884
0.9653129492557719
0.9653981734447225
0.9653569485639103
0.965348173123337
0.965378867472503
0.9653739785276867
0.9653756596708662
0.9653303700685008
0.9652905689264314
0.9652946393313331
0.965325000306889
0.9653655426010905
0.9654067147137512
0.9654284882765707
0.9653611341699262
0.9653476617245925
0.9653581800537827
0.9653762383736559
0.9654124026757156
0.9654112279065151
0.9653569533466392
0.9653919737950729
0.9654011543602363
0.965454862695525
0.9654978424443096
0.9655055111349022
0.9655636260626166
0.9655939557727428
0.9655765175612695
0.9655719636540417
0.9655820211433738
0.9655469114996512
0.9655439205698959
0.965567111834269
0.9655663768184624
0.9655820283046944
0.9655138156844376
0.9655637932130419
0.9655909139280295
0.9655597247404225
0.9655311044241516
0.9655382575985133
0.9655741085171959
0.9655393772004567
0.9655045217763727
0.9655161025759256
0.9655204033223578
0.965481094558335
0.9654273595664907
0.9654160526152901
0.9654091950234609
0.9654174310283105
0.9654263164926663
0.9653781666158405
0.9653596958480827
0.9653411464589228
0.9653038835858876
0.9652885868126122
0.965327336194229
0.9653001986142509
0.9652708044621416
0.9653046722229943
0.965323165140488
0.9652647439570898
0.9652431069474978
0.9652163136220897
0.9652047546688807
0.96522863577012
0.9652270353527366
0.9652036277938144
0.9651656601852515
0.9651901500530763
0.9651883824549707
0.9651956928990065
0.9651994932450162
0.9652316008736727
0.9652719445931766
0.9652040824039889
0.9652180024413326
0.965180233880044
0.9652604133096827
0.96526276345862
0.9652768369424808
0.9652013757498495
0.9651765127185556
0.9652025995750066
0.9652005581101063
0.9652379915304893
0.9652804949067593
0.965278139228678
0.9652564310367325
0.9652394589251267
0.965242141513154
0.9652614538181501
0.9652567387345465
0.9653195585891292
0.96536252401844
0.9653698419870888
0.9653734132441637
0.9653208951061953
0.965315173710046
0.9652882463089609
0.9652066341454653
0.9652135772458149
0.9652193452344472
0.9652241980347049
0.9652152197331126
0.9652315526363612
0.9652190088525049
0.9652614134545676
0.9652823438410038
0.9652533837873031
0.9652545420318039
0.9652488405223962
0.9651979834032668
0.9651915867386575
0.9651734238095995
0.9651773386134841
0.9651960409488075
0.9651640822464956
0.9651499534998276
0.9651453416529546
0.9651608196414759
0.9651423966447295
0.9651833255904776
0.965219333033551
0.9651985991466048
0.9651818850524225
0.9651418024982721
0.96515746767026
0.9651583929462968
0.9651343854387228
0.9651478343034984
0.9651799816213117
0.9652145176789894
0.9652294039551212
0.9652710503723445
0.9652905813415215
0.9652799001455966
0.9652806282441678
0.9652761800907802
0.9652782935740297
0.965344165112343
0.9653204886434805
0.9653311133663907
0.9652942843045688
0.9653036230864603
0.9653465765514284
0.9653291302167185
0.9653161864153409
0.9652858513391314
0.9653063833199029
0.9652867285950811
0.9653161216211729
0.965351856103086
0.9653344130232762
0.9653439492553614
0.9653132823057866
0.9653005154839357
0.9653100845427608
0.9652837957814052
0.9652813286116447
0.9652710369179807
0.9652023493524152
0.9651952273229519
0.9651850950041454
0.9651840454126139
0.9651647586980858
0.9651699566299626
0.9651620113977375
0.9651617621791455
0.9652188264824957
0.9652559148604533
0.9652565915645032
0.9653023816151609
0.9652969754996763
0.9653084270070424
0.9652929041435755
0.9653136018638893
0.9652888221718837
0.9652996519148573
0.9653010901309005
0.9652972720874958
0.9653009805714017
0.9653005332806281
0.9652908659537552
0.9652379116568547
0.9652667796669212
0.9652989034426757
0.9653132356530862
0.9653300233250927
0.9653113959571425
0.965299135693666
0.9653142426386416
0.965311650029218
0.9653186810487769
0.9653408641448429
0.965344248088878
0.9653455176026582
0.9653986723166139
0.9654188249611987
0.9653875089710676
0.9653897322631033
0.9653559347360567
0.9653782020435231
0.9653458678400603
0.9653442913798478
0.9652949510630987
0.9653027729906999
0.9652826178782486
0.965262465852848
0.965292309466186
0.9653138707575546
0.9652796448581038
0.965304254013841
0.9653049969401579
0.9652882489185992
0.9652760554643417
0.965305041293479
0.9653150829305082
0.9652864520875358
0.9652672016797311
0.9652301506025696
0.9652010554613933
0.9651917300336506
0.9651518617505183
0.9651669556583287
0.9651445450125247
0.965150228433234
0.9651520472042503
0.9651360879597353
0.9651313604531451
0.965120891670447
0.9651406735198829
0.9651323370774344
0.9651295427928478
0.9651541289832348
0.9651394113389358
0.9651460384659201
0.9651617964969251
0.9651607836567289
0.9651590553779981
0.9651827785899583
0.9651652440398995
0.9651351785089737
0.9651223163882511
0.9651535800597054
0.9651661460488941
0.965145567260877
0.9651352141903162
0.9651031643863226
0.9651117923008352
0.9651085134912724
0.9651319437130063
0.9651318498818243
0.96511753556024
0.965091967667941
0.9650807033011509
0.9650325818125183
0.9650080382439116
0.9649969649423175
0.96498050719832
0.9649669881695658
0.9649871093558291
0.9649769428353456
0.9649747503313144
0.9649892250439404
0.9650088303262119
0.9650144762401148
0.9650050364428723
0.9650062462953982
0.9650253778778661
0.9650544977080966
0.9650544510255029
0.9650510236855804
0.9650830872529567
0.9650921672184405
0.9650999856420183
0.9650929875775353
0.9650942430919982
0.9651039935892609
0.9650793183915406
0.9650662479826936
0.9650784307611082
0.9650778695410798
0.965051316972015
0.9650568635919534
0.9650684157377757
0.9650534437475479
0.9650449774151252
0.9650141434198282
0.9650094423648756
0.9650140199831873
0.9650027157462298
0.9650037393659652
0.9650053601406794
0.9650135559856496
0.9650237168015646
0.9649854037125652
0.9649906274387947
0.9649976712355031
0.9649523251937778
0.9649311910643512
0.964924774688603
0.9649450460000148
0.9649885229279991
0.9649608011811516
0.9649481418945892
0.9649551266404216
0.9649740308347633
0.9649631432141746
0.9649459690554457
0.9649687461774124
0.96497492454362
0.9649747102011257
0.9649817020853166
0.9649546485669679
0.964977638077792
0.96497981566691
0.9649843035168816
0.964959399145954
0.9649650782673028
0.964980250718698
0.9649583462679052
0.9649153887865829
0.9649175717860619
0.9649478929755657
0.9649652332261693
0.9649591263725703
0.9649439153348549
0.9649298285510001
0.9649590094363354
0.9649367661716262
0.9649399703524678
0.9649151617032403
0.9649243151321584
0.9649045913496866
0.9649015538966824
0.9648869710259672
0.9648657558128424
0.964849141195133
0.9648470685543922
0.9648425431759424
0.9648887831824382
0.9649113371962669
0.9649079556127763
0.9648706150635729
0.9648836236121537
0.9649193489852295
0.964909240306074
0.9649308971686574
0.9649416305013011
0.9649414774386917
0.9649278739164311
0.9649163826175033
0.9649039936799286
0.9649077668384773
0.9649405968349452
0.9649671064068535
0.9649583719201084
0.9649708781246549
0.9649546671356164
0.9649689088558906
0.9649898640607671
0.9649977114034177
0.9650306287211085
0.9650178288625931
0.9649914384615791
0.9650011078314341
0.9649942698747304
0.9649875184972321
0.9649858375717119
0.9649735106253707
0.9649828872051823
0.965029622426036
0.9650506995679569
0.965059318274383
0.9650581190509989
0.9650740399848723
0.9650520669019442
0.96505161106611
0.9650613503923933
0.9650564647681168
0.9650502249018358
0.9650593937151832
0.9650524827277303
0.9650507099278689
0.965059943132754
0.9650689119466279
0.9650934821968993
0.9651116872612
0.9651131021595053
0.9651477865002591
0.9651332367841365
0.9651282620456527
0.9651249202656895
0.9651024229891786
0.9651028739157317
0.9651294217703054
0.965097641618074
0.9651042623966285
0.965085358905345
0.9651050102556451
0.9651223560429446
0.9650979118507853
0.9650979536620906
0.9651106884652978
0.9651308081501649
0.9651088043212916
0.965099621321681
0.9650872247217047
0.9650689315506343
0.9650789596145528
0.9650522344159311
0.9650247368096709
0.965020506422228
0.9650357501785168
0.9650417911542765
0.9650459671464551
0.9650449732827427
0.9650347475925306
0.9650431086601906
0.9650468739243867
0.9650531299310477
0.9650420886207108
0.9650440255297795
0.9650593510302309
0.9650717007197943
0.9650624642574677
0.9650551844980506
0.9650628199953581
0.9650637424022595
0.9650859464888524
0.9651100914954301
0.9651136352688221
0.9650968890651969
0.9651113511537801
0.9651297749678815
0.9651196989623176
0.9651025101745863
0.9650849595622185
0.9650888109165323
0.9650985322332246
0.9650948808743017
0.9651221152451529
0.9651149492699563
0.9651044285503243
0.9651119723998093
0.9651115312322628
0.9651340649667668
0.9651387346395267
0.9651184310187326
0.9651309206400986
0.9651415937823539
0.9651562257718662
0.9651535072740739
0.9651470679245713
0.9651746025930711
0.965186602721983
0.9651821251949033
0.9651811153597029
0.9651758897693717
0.9652039473908821
0.9651902777965664
0.9652029550565312
0.9652008290611729
0.9652118748236429
0.9652249904844242
0.9652199666661706
0.9652160302741405
0.9652106603908991
0.9652108743600237
0.9652068869282664
0.9652276047542736
0.965227050891143
0.9652212865468142
0.9652232292925081
0.9652319143190629
0.9652311161787483
0.9652206139472872
0.9652119441544038
0.9652049500734193
0.9652062969691462
0.9652093952467551
0.9652005825714005
0.965181882519137
0.9651839990825059
0.965196876966996
0.9652003653046124
0.9651963743549993
0.9652076334686983
0.965216797982136
0.96521435930021
0.965234310522275
0.9652373928184237
0.9652134736021286
0.9652189175986284
0.96521325030948
0.9652093513478827
0.9651936025572403
0.9652094918767841
0.9652077323336965
0.9652106616828177
0.9652119844308245
0.9651763987911309
0.9651972170786985
0.9651943706517624
0.9651779948428117
0.9651856042677911
0.965194693498129
0.9651963577007034
0.9651991602347779
0.9651857950510119
0.9652153721269233
0.9652063423005138
0.96521460598984
0.9651975384042758
0.9651848702771129
0.9652147560807383
0.9652101937704438
0.9652280326371883
0.9652192686439555
0.9652068795878033
0.9652004218180245
0.9651927740870272
0.9652081075688893
0.9652186525998324
0.965221096522536
0.9652250014070238
0.9652407584034907
0.9652493639418558
0.9652233973157994
0.9652130374628787
0.9652245391130507
0.9652267313728269
0.9652251135581014
0.9652286396609526
0.965223572200337
0.9652341736841377
0.9652243839698468
0.9652345756137239
0.9652338531151118
0.9652376506263838
0.9652181839580548
0.9652140945326817
0.9652074478538922
0.9652125201764546
0.9652193439473629
0.9651835558710348
0.9651809979915476
0.9651617352146162
0.9651627347307662
0.9651559584413082
0.9651225493709742
0.9651171747345519
0.9651208742996082
0.965140285955484
0.9651434585662935
0.9651345388096049
0.9651370563875296
0.9651407141249926
0.9651440133849757
0.9651562291782904
0.9651608539591312
0.9651512067686239
0.9651574297900746
0.9651628741508337
0.9651756017143017
0.9651612141195852
0.9651663200019056
0.9651665679404149
0.965164977061288
0.9651776704190772
0.965157704139482
0.9651687946829287
0.9651622005770536
0.9651758037300793
0.9651678203317396
0.9651656949914307
0.965146436963311
0.9651459427124135
0.9651651829484552
0.9651678900617018
0.9651556014755832
0.9651658145013611
0.9651619856539696
0.9651291494845211
0.9651342410823407
0.9651427653550655
0.9651552009705342
0.9651808078086616
0.9651655991392509
0.9651597512263181
0.9651518051732607
0.9651328862401055
0.9651227471501387
0.9651219902215992
0.9651408195482034
0.9651408541285936
0.9651537139590198
0.9651600509672962
0.9651631929882175
0.9651620296781306
0.9651550850457472
0.9651614418510754
0.9651720205308849
0.9652035031194094
0.9652022218405383
0.9652016096891832
0.9652101550350172
0.965223912380811
0.965239958084722
0.9652344329079379
0.9652220919234834
0.9652312569003835
0.9652255684172741
0.9652417856231725
0.9652429766597449
0.9652445468646893
0.9652602137041116
0.9652452908505171
0.9652232508880658
0.9651887648664663
0.965195370781964
