0.923917547633322
0.9429508825141505
0.9522543989627386
0.9525667211717526
0.9522186175296705
0.9530286322568436
0.954378599485156
0.9526481988608491
0.9507981013795268
0.9528927157449015
0.9543221602924147
0.953966583007428
0.9548097034926282
0.9556285329524399
0.9555489767006017
0.9542930712821555
0.9536932387271979
0.9533387674577581
0.9534843887327439
0.9534220426262566
0.9544042134927244
0.955994804466042
0.9566838449627735
0.956079337677594
0.9560956279473934
0.955617079081235
0.9555446180936733
0.9555889740630745
0.9558731389760797
0.9558338707458486
0.956754296587565
0.9562618282637935
0.9565163735556385
0.9565095633093411
0.9564815729678328
0.9560467963429655
0.9564315084834452
0.9561532346265819
0.9560953266344167
0.9559561437117519
0.9560781490654298
0.9562244145077148
0.955569597943271
0.9558198599121993
0.9559927922202001
0.9554463891429171
0.9556350094983815
0.9557638057033865
0.9558445601894424
0.9561576447710305
0.9563257916085366
0.9564422468341431
0.9567341878116772
0.9564906057310852
0.9564547532063695
0.9569319937202222
0.9572048838926068
0.9576659805953284
0.9576675154087445
0.9574610778205768
0.9576231149332071
0.957766971777536
0.9577225713470822
0.9576092347717419
0.9578804398102593
0.9580888044615782
0.9581017723507659
0.9580766702040466
0.9580350547044747
0.9582360637430971
0.958020143623123
0.9581573477555583
0.9582378583984964
0.958209523201961
0.9581902261530486
0.9583900170760125
0.9584963732029407
0.9585823457721679
0.9586490901567598
0.9587193101979757
0.9588038765115026
0.9586601503110962
0.9586921830211315
0.9587032824460149
0.9586338062287467
0.9584962257119166
0.9586706096058667
0.9588423939844656
0.9588562066992294
0.9588639359311398
0.9589820456474734
0.9590888136673404
0.9593097447598399
0.959321238612234
0.9592841449458546
0.9592320307416812
0.9591641261458649
0.959169439249954
0.9593244466775724
0.959239624075166
0.958923949343302
0.9589211769178466
0.9589314175098852
0.9589731693066912
0.9587029798300335
0.9586254292671829
0.9587536526259991
0.9589492066171866
0.9589595048620545
0.9588412285475536
0.9587673950312562
0.9587299434560407
0.9588946940343444
0.9589574817685433
0.9590663001457551
0.9590830988592235
0.9589646191028037
0.9589401442674077
0.9589592508274389
0.9588773061723717
0.9587765523053847
0.9587615028610526
0.9587218220177947
0.9587378679327184
0.9586784002699095
0.9586279920917732
0.9586023922731428
0.9585874395920877
0.9587492346640614
0.9588602243794093
0.9588818056795043
0.9588068576432107
0.9587703671117264
0.9589013935353614
0.9588381436585421
0.9587308260517293
0.958754770921101
0.9588117391919134
0.958803732648721
0.9586693498211183
0.958855377785172
0.958816410430845
0.9587763491037465
0.9587203169029469
0.9587080764162752
0.9588918287967978
0.9589032700496328
0.9589665923413135
0.9589373956563771
0.9589994063141221
0.9590032257362056
0.959019615204284
0.9590669299210414
0.9590681982251092
0.9589307898327024
0.9589467838599371
0.9589881061112978
0.959032803793755
0.9589273090947508
0.9588946903059871
0.9589246264840724
0.9589772395123264
0.9589237787486463
0.959054937239014
0.9590923914767436
0.9590132461295416
0.9590915683664296
0.9589893261229913
0.9589856170260672
0.9589109963102466
0.9589649933943015
0.9589602474229315
0.9589584211553821
0.9589084366869826
0.9589076246319389
0.9588367888709494
0.958774721293516
0.9589132660226095
0.9589189133187324
0.958890474058905
0.958984350581596
0.9590449728595226
0.9590181451347011
0.9590963725253103
0.9591275837970585
0.9591801348686376
0.9591155148438991
0.9590103659553753
0.9589613465312411
0.9589865732045126
0.9590893588552529
0.9589434083925547
0.9589052349097453
0.958878975516422
0.9588812358837187
0.958877081544759
0.9588805467588235
0.9589728339873548
0.9590172415431482
0.9589772684519072
0.9588890748925745
0.9588326944451581
0.9588404352856774
0.9589985448020966
0.9589972683021485
0.9589518091546816
0.9589942978051078
0.9590239607787588
0.9589180909843383
0.9588914083335355
0.9587994519476578
0.9587014441937363
0.9587338214159719
0.9587059013963227
0.9587627896342917
0.9588869721561516
0.9587878233180187
0.9588086526209334
0.9588428315111216
0.9587859840975596
0.9588105647823683
0.9587486523245516
0.9587444853958657
0.9588334814148871
0.9587887574757105
0.9587192754367252
0.9587559093663441
0.9587741104058726
0.9588120994762083
0.9587400519646617
0.9587802756972212
0.9587872098706881
0.9588048436230132
0.9587745354197734
0.958792082187542
0.9587961550155426
0.9587303045853475
0.9586740560460232
0.9585929472297753
0.9585678318924825
0.9585888901191131
0.9586025020537663
0.9586047608718649
0.9585798543392458
0.9585486663970264
0.9585400653548191
0.9585003597045935
0.9585408173718468
0.9585169701466059
0.9584226571366731
0.9585511848198989
0.9585271485446846
0.9585631225242952
0.9586213749526633
0.958602183450611
0.9586323532308825
0.9585679307505784
0.9585641204870767
0.9584583699089156
0.9584656728117685
0.9584343931816901
0.9583061271557964
0.95824658814189
0.9582258197612191
0.9582665474700137
0.9583089560063308
0.9583417226903727
0.958248241222552
0.9582735239427742
0.9582537174171765
0.9582284563016055
0.9581944572497857
0.9582197873620654
0.9582760812392046
0.9583029246372913
0.9583111317800671
0.9582905754455593
0.9583395976790361
0.958433955310175
0.9583638972939175
0.9584165292249702
0.9584446583558146
0.9584680130172266
0.958496412601036
0.958495022988552
0.9585382854448019
0.9586042841204574
0.9586099067572295
0.9585852318150392
0.9586582284566603
0.9586098606966784
0.958630079069578
0.9586192894258825
0.9586178325821818
0.9586119945960496
0.9585705210491764
0.9585016978372476
0.9584692135052297
0.9585223310619546
0.958453073281299
0.9584889301093616
0.958444087960824
0.95842851264526
0.9583989376617587
0.9584108999563369
0.9584271868251278
0.9584063438422746
0.9583719870453783
0.9583871013335589
0.9583623650312522
0.9583198172162813
0.9583036563746655
0.9582899401571456
0.9583571537698445
0.9583746004894126
0.9583574354604402
0.9583561295342714
0.9583433898605411
0.95840706116202
0.9584213171276762
0.9584406036503496
0.9584366552364032
0.9584652273606239
0.9584956184464535
0.958529184324167
0.9585757152486402
0.9585551524559202
0.9585599992953859
0.9585026223754234
0.9584103556841336
0.9584395945125262
0.9584383352963061
0.9584509149052692
0.9584519958150094
0.9584978340923703
0.9585275568738726
0.9585388848443608
0.9585481772110035
0.9585443868013532
0.9585514302846496
0.9586119211140056
0.9586296451136078
0.9586377480863257
0.9586205324968727
0.9586351541533282
0.9585378166062689
0.9585438021542084
0.9586151508277516
0.9586266640699517
0.9586122007845423
0.9585867873357344
0.9585991328212138
0.9585998785348543
0.9586448185068683
0.9586640931714374
0.9586608354698901
0.958677704913153
0.958682724294125
0.9586708925090326
0.9586120211779641
0.9585981047240716
0.9586030383288879
0.958656911064496
0.9586434356895454
0.9586553962074875
0.9585788117058064
0.9586048807044922
0.958647214851923
0.958614481338403
0.9585995395380789
0.9585998951964403
0.9585640589102793
0.9585294833211221
0.9585163981253353
0.9585168025753605
0.958528997267305
0.958526945853115
0.958520568794874
0.958489243557097
0.9584688601029727
0.9584483333256244
0.9584331525821496
0.9584583244247226
0.9584823725743509
0.958486116055701
0.958410746365837
0.9583817288604689
0.9583827237386279
0.958408886899376
0.9584524638629001
0.9584555702078605
0.9584412308639805
0.958417430554935
0.9584104167086637
0.9583739976488334
0.9583826782180674
0.9584290590495078
0.9584575337701035
0.9583804863545868
0.9583691838218551
0.9583739083237295
0.958391693444673
0.9583979505517514
0.9584245100457293
0.9584417977366155
0.9584395689570979
0.9583987769392623
0.9583847315132602
0.9583431434362656
0.9583379696271958
0.9583256812570351
0.9582507446723264
0.958233097849751
0.9582530248887341
0.9582659405298427
0.9582545393010576
0.958264255568873
0.9582489728105734
0.9582625905870892
0.9582337097835403
0.9582454180715835
0.9582106918494556
0.9582014241549788
0.9581973155985
0.9582067745945988
0.9581982467203688
0.9582265775195197
0.9582695846069375
0.9582847931308469
0.9582604387186922
0.9582156877276982
0.9581791034449527
0.9581147412036375
0.9581585171828987
0.9581519528777794
0.9581234988217017
0.9580948245348849
0.9581084057671116
0.9581248088336592
0.9580459553662001
0.9580237168761354
0.9580631238568708
0.958074936454216
0.9580768106447046
0.9581018366179402
0.9580925729610527
0.9580965763551413
0.95808451510703
0.9580466866691448
0.9580629202386961
0.9580682084925256
0.9580605192324861
0.9580495709216896
0.95803950537548
0.9580711137277311
0.9580647882823385
0.9580700738387952
0.9580814055118013
0.9580651667451567
0.9580508956058864
0.9580885785639152
0.9580924574135397
0.9581354702734431
0.9581484593198147
0.9581491249655248
0.9581753748904809
0.9581615280219539
0.9581817440889706
0.9582203039117905
0.958223081229347
0.9582492749718922
0.9582278345012415
0.9582386765773298
0.9582316848811204
0.9582690699406065
0.9582871086465586
0.9582684804293011
0.9582961938911975
0.958321809421651
0.9583205614289578
0.9583152961180295
0.958342310521662
0.9583574345062174
0.9583574081366262
0.9583870672540982
0.9583936749698306
0.9583800021122729
0.9583674474028501
0.9583897724700308
0.9583787199605964
0.9583834443540806
0.9583768026535896
0.9584090285474043
0.9584121855752002
0.958377884826004
0.9583867324970377
0.9583761309188003
0.9584362671369614
0.9584431511195837
0.9584347525341861
0.9584235624511426
0.9584630540709055
0.9584451847609754
0.9584364217038334
0.9584348819252828
0.9584232230307507
0.9583945211708185
0.9584031218006185
0.9583718883128749
0.9583691987968466
0.9583593115727129
0.958366566405002
0.9583369705115898
0.9583240627802793
0.9583435522619596
0.9583353565084411
0.9582770386936393
0.9582705081614888
0.9582597461561174
0.9582859489168015
0.9582422151667842
0.9582387435925
0.958272436189172
0.9582651462988293
0.9582643999849437
0.9582623211005011
0.958274805022722
0.958261354932882
0.9582892592629582
0.9582709961033611
0.9582161632022984
0.9581940547713225
0.9582055935878999
0.9582143180867851
0.9582139419010265
0.9582285406453336
0.9582210685545811
0.95822260143479
0.9582249528764683
0.9582235975556795
0.9582269382028653
0.9582275665260556
0.9582153629915902
0.9582249889670885
0.9582315425537309
0.9582201209166289
0.9582502754945308
0.9582736174972174
0.9583079868961542
0.9582783060337835
0.9582466163184516
0.9582951462046454
0.9582603831471183
0.9582793574418438
0.9582607297737161
0.958255915010279
0.9582665334652086
0.9582601370633383
0.9583276063515243
0.9583249888603607
0.9583493452107186
0.9583552887949258
0.9583383710904495
0.9583454778300451
0.9583299582137803
0.9583318929482831
0.9583158427176477
0.9582921407642984
0.9583306079543811
0.9583375183955677
0.9583511542396393
0.9583154142233895
0.9583622037067555
0.9583764012959227
0.9584010109315805
0.9583974790937494
0.9583873505299302
0.958379518856873
0.9584019963650962
0.9584018143336314
0.9584008394953206
0.9583913130327606
0.9583950535588704
0.9583830642141815
0.9583675353986796
0.9583532360405842
0.9583418472621291
0.9583236982651532
0.9583377946103364
0.95836503124625
0.9583401735856639
0.9583462914079088
0.958339854118324
0.9583767419668211
0.9583685644636628
0.9583655129482467
0.9583605476896712
0.958344836439359
0.95831498786674
0.9583175237415098
0.958331796358381
0.9583444367266356
0.9583508656010665
0.9583612947885991
0.9583553654763666
0.9583596174388361
0.9583509188030904
0.9583307653186658
0.958320790191482
0.9583207688698845
0.9583102607632441
0.9583080765847941
0.9583236258941744
0.9582910178884713
0.958231927028976
0.9582587378439494
0.9582282845865902
0.958236869774202
0.9582315278520603
0.9582512561546738
0.9582412082114586
0.9582642892211507
0.9582703793321681
0.9582535721976896
0.958252274679798
0.9582597446758093
0.9582546291853846
0.9582217902195023
0.9582250874396597
0.9581869507691364
0.9582275702596935
0.9582383384598857
0.9582453492594672
0.9582463758014486
0.9582095052273096
0.9581953693361875
0.9581645758971447
0.9581624195157336
0.9581453985271353
0.9581599176388617
0.9581816264068603
0.9581987205235757
0.9582017969190672
0.9581913692363578
0.9581584321114481
0.9581558344033709
0.9581936414787
0.9582006760502485
0.9582124231963847
0.9582442599056151
0.9582657510448318
0.9582651752111814
0.9582915303194958
0.9582770267436255
0.9582638824634406
0.9582474974516055
0.9582451731130694
0.9582244427935809
0.9582130779420893
0.9581948160129159
0.9582153000807778
0.9581926438468642
0.9581719419322372
0.9581593587412024
0.9581749815693094
0.9581973409930132
0.9582018140294947
0.9582269933132362
0.9582264957424681
0.9582219695739301
0.9581978231972536
0.958203291924897
0.9582157306214285
0.9582486327369198
0.9582619188319146
0.9582565518749212
0.9582489851146031
0.958267282926511
0.9582733202291563
0.9582766644682638
0.958284334315108
0.9583194220671761
0.9583145413911738
0.9583149167725915
0.9583214513057076
0.9583424452752721
0.9583270436222024
0.9583235595275627
0.9583344340511296
0.9583431928301513
0.9583298601109009
0.9583211396947868
0.958326530530267
0.9583373118136694
0.9583305487792061
0.9583198837837481
0.958339889243078
0.9583527831098877
0.9583445768691611
0.9583564233450992
0.9583385864169345
0.9583296620182491
0.9583234183155684
0.9583289875205908
0.9583368628399709
0.9583523473329358
0.9583691895472845
0.9583616318634673
0.9583478093752674
0.9583537876313489
0.9583406298736276
0.9583085260782958
0.9582991979921813
0.9583048881395023
0.9582875887273419
0.9582978450636488
0.9582970350850495
0.9582924709703571
0.958284933394208
0.9582731472206372
0.9582985488826844
0.9583083151221679
0.9583258220913322
0.9583450590466025
0.9583587677069938
0.9583478357325976
0.9583348449818467
0.9583149783570051
0.9583178292950658
0.958337707909773
0.95831811033968
0.9583155952909121
0.9583229667906167
0.9583270655901936
0.9583471794336447
0.9583376551272657
0.9583258828107161
0.958306663127018
0.958316262036323
0.958325778534249
0.9583064823316542
0.9583233301282222
0.9583637451347254
0.9583370695897728
0.9583061622714922
0.958324864940168
0.9583258031902757
0.9582928164193734
0.9582905223414608
0.9583018389288193
0.9583053409361246
0.958281018240112
0.9582723761024086
0.9582657848898878
0.9582685089718929
0.9582749769604777
0.9582564213943924
0.9582647074703645
0.9582387017598711
0.9582390351504317
0.958224676626205
0.9582102489286924
0.958183040201651
0.9581886821016175
0.9581691564536763
0.9581888250138206
0.9581692896770179
0.958167569910554
0.9581759122155677
0.9581952408604698
0.9582020953762109
0.9582036154737226
0.9581892730635742
0.9581750326921178
0.9581831023725917
0.9582077588386712
0.9582171310112015
0.9582305009773442
0.9582436020656206
0.9582503584324256
0.9582262246379373
0.9582387001805197
0.9582401801089312
0.9582374425625648
0.9582382857145699
0.9582076963117463
0.9582024239489956
0.9581865399788746
0.9581464161614166
0.9581406465349249
0.9581173278395168
0.9581003952442649
0.9581246959835914
0.9581184186392928
0.9581016107913071
0.9580807270638966
0.9580702205277304
0.9580477185901037
0.9580454921722483
0.9580341805986755
0.9580133325906468
0.9580151740620457
0.9579921309548731
0.9579727712825884
0.9579818750146992
0.9579958385318317
0.957988456551724
0.9579806564709926
0.9579947526666587
0.958005700404571
0.9580365750138417
0.9580430582283984
0.9580490772233801
0.958051827622361
0.9580487185076764
0.9580521005195137
0.9580342583411372
0.9580519016612855
0.9580610134951175
0.9580484373361969
0.9580551155465096
0.9580685558292679
0.9580467038541812
0.9580500916383328
0.9580494791934226
0.9580613779301193
0.9580641459133417
0.9580514744607844
0.9580491496186108
0.9580596922405844
0.9580496716835082
0.9580377403310509
0.9580250463691562
0.9580628294206192
0.9580762137597639
0.9580679362169713
0.9580885338331457
0.9580928913881305
0.958101696987849
0.9581048902377902
0.9581196662803754
0.9581155904348246
0.9581125479976494
0.9581152621460032
0.95812648563096
0.9581298240956604
0.9581552796808307
0.9581711090044461
0.95813282583359
0.9581255244791749
0.9581186971772495
0.9581368873877666
0.9581449579536223
0.9581533113194604
0.9581597773385531
0.9581460682101323
0.9581490615654816
0.9581414855123781
0.958123407553553
0.9581260994155811
0.958144979144703
0.9581522180276822
0.9581562168601481
0.9581739366119777
0.9581408705357543
0.9581541947973792
0.9581180803580108
0.9581142343516932
0.958093262697416
0.9581010968652853
0.9581122628839923
0.9580892636990288
0.9580995752086219
0.9581192898468108
0.9581142599727918
0.958127910065626
0.9581247714471285
0.9581064481608048
0.9581092831630691
0.9581122569716657
0.9581126303294353
0.9581080033085284
0.9580946445414555
0.9580739138968182
0.9580706542371689
0.9580697233357017
0.9580757055709085
0.9580975891601642
0.9580839228882679
0.958076759774874
0.9580877584497685
0.9580690263521988
0.9580598811485599
0.9580505032851143
0.9580701015883688
0.9580817138359722
0.9580717430118126
0.9580833988758338
0.9580805478606724
0.9580867371746348
0.9580864707095286
0.9580756710239077
0.9580641763213904
0.9580835759904325
0.9580756635907975
0.9580824909216278
0.9580939559032688
0.9581238934366305
0.9581299209334095
0.9581500030362055
0.9581712946871911
0.958164984267943
0.9581688633712624
0.958169845434139
0.9581712846935362
0.9581613088255355
0.9581654765200486
0.958170229041343
0.9581806607631788
0.9581826027942192
0.9581893370789604
0.9581834066795613
0.9581608791366407
0.9581308541541433
0.9581249734402013
0.958115195162894
0.9581221015706098
0.9581440218636855
0.9581495278672623
0.9581509809713846
0.9581486196290869
0.9581459522207117
0.9581568668751059
0.9581638857332208
0.958180666277934
0.9581875794419525
0.9582008665703438
0.9581782158274926
0.9581830142578585
0.9581898144698251
0.9582057216690834
0.9582192265170664
0.9582349606222886
0.9582222836416774
0.9582224123146602
0.9582158688300006
0.9582323287500188
0.958229869037543
0.958205867806892
0.9581942881439084
0.9581957359274287
0.958196606215704
0.9582136007083181
0.9582161117924284
0.958213238801957
0.9582161628489535
0.9582150234332503
0.9582088740614804
0.9582015389356162
0.9581950896652822
0.9582180385237139
0.9582219162265971
0.9582272377932199
0.9582109722152471
0.9582124575400871
0.9582152191370974
0.9582205276293136
0.9582204950362682
0.9582208215057797
0.9582343673298805
0.9582031126419155
0.9582096892539528
0.9582212185920438
0.9582021690147362
0.9581950292983713
0.9582047796501444
0.95821410369764
0.9582054079852625
0.9582001675440558
0.9582049752577291
0.9582271934511787
0.9582304030809237
0.9582292001815207
0.9582148182491761
0.95820431446668
0.95819605985591
0.9582000099351814
0.9582243404859083
0.9582323803203878
0.9582058546559556
0.958221873417864
0.9582395838358959
0.9582387512901497
0.9582445342833351
0.9582273591434775
0.9582220701771673
0.958232245603197
0.9582055490496605
0.9582036390824838
0.9581819447353669
