0.9101059286298517
0.9269936234699907
0.9400683445757375
0.9294280694389293
0.9309287641763674
0.9277246484731346
0.9261702552644419
0.9277004871500877
0.92551705210727
0.9296944626973721
0.9342581069607507
0.9341046365753451
0.9349249742085625
0.9339996083351336
0.9355745734683565
0.9341028991967647
0.9348970153714983
0.9340094051661186
0.9339377951745272
0.9331694672182046
0.9349890397537356
0.9353040070588099
0.9350256730856574
0.9348873552066872
0.9345962558282813
0.934087352368199
0.9340808061325111
0.9346339951808961
0.9350958553692661
0.9351536271141593
0.9348812543733345
0.9351694016990951
0.936447895586631
0.937050385924979
0.936689304064289
0.937379784259521
0.9371643099031235
0.9374790933028878
0.9366606244986813
0.9371351764394773
0.9378461860632934
0.9376051198822501
0.9374596352344413
0.9378203147543449
0.9379311563112471
0.9382232196657733
0.9381255533228318
0.9381324254286296
0.9384703906062646
0.9384473402642352
0.9380285016026458
0.9387391441359471
0.9388782962879105
0.9389938960333456
0.9389342075003309
0.9389287571138165
0.9395834000601193
0.9400271983348792
0.9400303897871305
0.940166643922613
0.9398448150763842
0.9401003857082706
0.9399561996606144
0.9403197434609702
0.9406017305626354
0.9407043671874581
0.9405763102142106
0.9406327034505916
0.9407959413147289
0.940709602687513
0.9405869812095172
0.9406318293525583
0.9406583186123137
0.9403133919044094
0.940233083249192
0.9405129586047066
0.9409631256571761
0.9409537375058021
0.9413167888908169
0.9414050038660181
0.941452353769166
0.9415542890627235
0.9413931926095294
0.9419458730652549
0.9416910887934059
0.9416690278530907
0.9414456601738285
0.9417026435172169
0.9414960938158816
0.9417506633640785
0.9418020745977869
0.942059082666254
0.9419284724162158
0.9420755501850576
0.942427616157347
0.9423598748488095
0.9420504459474368
0.9419852041519062
0.9423146622238264
0.942650124581543
0.9422270390261824
0.9421887841452484
0.9421126610540739
0.9420739712794335
0.9420897593508861
0.9418911351240279
0.9418622871945654
0.941815771469306
0.9420283851857605
0.9422090498606005
0.9420908026920953
0.9422392000550176
0.9422856375230567
0.942589252905592
0.94273446892474
0.94289328858548
0.9428144154661022
0.9427828444530745
0.9428810359555837
0.9429980029992729
0.9431323898817485
0.943103414035235
0.9432989046114009
0.943289177434823
0.9432263746330144
0.9432409115942652
0.9432431958876132
0.9431850635421083
0.9432667077169083
0.9434224286854161
0.943390923753344
0.9432331000915497
0.9432874835610487
0.9433371600889077
0.9431342910864361
0.9429446173974135
0.9425829303062134
0.9427836919435731
0.9427079318337291
0.9424621178027408
0.9426545397402267
0.9426267642525239
0.9425212055872918
0.9425299886678851
0.9424799625711492
0.942571622367798
0.9425424237450758
0.9426149746686568
0.9422907247343281
0.9424260281599152
0.9425381994589309
0.9425524553063898
0.942475912752037
0.9425038511127836
0.9424168979077671
0.9423894306577779
0.9423525747413771
0.9423228427552304
0.9422767097082525
0.9421043923933102
0.942074688398956
0.9420949655171358
0.9422965545217552
0.9425244038276069
0.9424625043842257
0.9423680511708311
0.9422460654600834
0.9422021830339012
0.9423541726198139
0.9424405382860076
0.9424549075207975
0.9423750102487284
0.9423726837585671
0.9423721306237346
0.9422420862312854
0.9422151257681468
0.9420009875732337
0.9421322162434974
0.9420849272647979
0.9421221207456568
0.9421255597978948
0.9420994912702391
0.9423213917032185
0.9423150775219353
0.9423550661867828
0.9422457564851664
0.9421516965610075
0.9423213115140019
0.9422803894891412
0.9423163355565727
0.9424009412331568
0.9424057109744993
0.9424543047183753
0.9425785683028244
0.9426532532150302
0.9425744408436999
0.94253782998233
0.9424676765552014
0.9425016514679405
0.942653038108425
0.9427017470529429
0.9425830439248367
0.9425488582294892
0.9426055550234178
0.9426272213511275
0.9427052412922429
0.9428219718170399
0.9429230156415918
0.9429593997874285
0.9428993378315628
0.9428950952285858
0.942803914261273
0.9428459508624448
0.9429192162923842
0.9429773867942153
0.9431214776192047
0.9431135553119762
0.9429326611982042
0.94293049099736
0.9428519841993415
0.94289524051656
0.9426262483625546
0.9425945359791174
0.9426872453399029
0.9425811462408883
0.9425108786572914
0.9424844324206406
0.9424802237329439
0.9425152510188523
0.942569696940779
0.9427468676596883
0.942842386944174
0.9426855196030107
0.9426080333573562
0.9426409271218964
0.9425756814621061
0.9426311430013012
0.9426782956192838
0.9426913534038505
0.942742672518952
0.9427537971699322
0.9427625258789927
0.9426610207790405
0.9425987394990993
0.9425808851615984
0.9425640699067356
0.9423992526783086
0.9423117373696803
0.9422549313675928
0.9422316548913812
0.9423060318082388
0.9423244763354452
0.9424710696479652
0.9425392619418637
0.9426261986723724
0.9427383842495904
0.9427106288039472
0.9425845327303863
0.9425512823210419
0.9426059056594632
0.9425936746047506
0.9426164472347006
0.9424991748799632
0.9425285505589409
0.9425892859380992
0.9426581265847719
0.9425855296130081
0.942533771599657
0.9425566989728772
0.9425266802706789
0.942537345583775
0.9425719819977312
0.9425254620410044
0.9425706522473629
0.9426803944810489
0.9425670615847143
0.9426109142952724
0.9426265272417136
0.9426046499781651
0.9426043057544923
0.9426980002682471
0.9427830926647487
0.9427282936911942
0.9427062917295188
0.942704770091592
0.9428345891310844
0.942860989186489
0.9429697072516022
0.9430538289263509
0.9430552821513689
0.9430538496419135
0.9431790249469731
0.9432547835830359
0.9431172160007646
0.9431204643515099
0.9432061960238747
0.943204252588041
0.9431463312585282
0.9432009033209111
0.9430792536770165
0.9430774808277573
0.9430401926508301
0.9429403347675842
0.9429233657672664
0.9429275399155657
0.9431012392355077
0.9429511087068432
0.9429337703626314
0.9428623657576999
0.9429985098923052
0.9429629759817003
0.9429085102845318
0.9428542055816946
0.9428632426147378
0.9428386901873984
0.942858404585346
0.942929645213187
0.9427811721897021
0.9428143556203148
0.9427758731803488
0.9428277475530928
0.9427287977925255
0.9426905963872971
0.9427800129117074
0.9427430343454029
0.9427663917187111
0.9427755254088348
0.9427501122164104
0.9427644111435747
0.9427387983893079
0.9427420699314252
0.9426715879317441
0.9426848456993931
0.9426496928499878
0.9427759776004032
0.9428359031918451
0.9427275371315954
0.9427570864485258
0.9427735321641538
0.9428383782948677
0.9428824477125712
0.942908126865912
0.942898970805444
0.942939272312751
0.9430016431751238
0.9429803321532286
0.9429898746106331
0.9430803674696282
0.9430690911916083
0.9430026870296482
0.9429974721952386
0.9429455918769869
0.9428051037875004
0.9428520350462526
0.9428410016787839
0.9427794471999936
0.9427979969975183
0.9428154657233697
0.9426743242888592
0.9426110058284541
0.9425756466007642
0.9425067624541078
0.9425314230552783
0.9425012870122415
0.9425256837157243
0.9424328687806242
0.9424252052146982
0.9424901109695073
0.9425001382584054
0.9425234037181872
0.9424991882309478
0.9425222596221007
0.9424397648993282
0.9424973534885167
0.9424303733214029
0.9424020611141555
0.942370699132553
0.9425123390273592
0.9424556575814763
0.9425112772523848
0.9425578476445919
0.9426223089201843
0.9426468183147203
0.9427009117446795
0.9426317800122526
0.9426664625415786
0.942679847854372
0.9426550461092296
0.9426701646259023
0.9426252679791578
0.9426140978677968
0.9425760182174892
0.942590838076619
0.9425723047198411
0.9424465044402157
0.942376113248484
0.9423937551228464
0.9424253400994828
0.9424884955525584
0.9425162982699351
0.9425041523688337
0.9425590557750949
0.9425535545087462
0.9425708303629087
0.942585932262124
0.9426229674792115
0.9425883153059879
0.9425396277463998
0.9424316043643731
0.9425068554889084
0.9425168638843003
0.9425588970443619
0.9425389854478338
0.9425886650664491
0.9425755600313275
0.9425625781808649
0.9425555150904322
0.9425349230097742
0.9425638350014844
0.9424983506055932
0.9424128280901891
0.942483836693905
0.9424488329351313
0.9424713944205069
0.942434480694983
0.9425037030197928
0.942541191895132
0.942589009089078
0.9425208231053316
0.942546715499438
0.9424704795109011
0.9425040014454483
0.9425854192940297
0.9425437930198819
0.9425650415233512
0.9425529938544648
0.942604479249135
0.942597422683294
0.9426103191615526
0.9425941337567765
0.9426288758905055
0.9426557638798353
0.9426611333749086
0.9427260925697993
0.9427957070746141
0.9428101456012968
0.9428055634260138
0.9428118939591079
0.942854537843837
0.9428870591775124
0.9429187446075453
0.9428657854138464
0.9428627770716019
0.942820959546455
0.9428946565577503
0.9429343859866304
0.9429658830327893
0.9429519003582382
0.942887690629831
0.9429324999854714
0.9429335396529513
0.9429103210490479
0.9429102343281601
0.9429440440578206
0.9429323054835531
0.9428847195494561
0.9428628422717177
0.94281584079043
0.9428067383100698
0.9428057606673527
0.942916109309986
0.9428877945438168
0.9428712477267561
0.9427794413564597
0.9428123282083695
0.9428086628559472
0.9427922687580289
0.9427907785898287
0.9428137012836821
0.942842572957336
0.9428303077602945
0.9428125066491728
0.9428469263910307
0.9428526610282338
0.9428674995859242
0.9428508601898736
0.9428249191964103
0.9428389050829231
0.942831532717759
0.9428328138345174
0.9427677729386955
0.9427598680979945
0.942801449404482
0.942758647919175
0.9428183372161283
0.942834133194106
0.9428584453241831
0.9428588092765486
0.942849657761037
0.9428670030993512
0.9428969295211446
0.9428441461416385
0.9428733422594071
0.9427956996981873
0.942810977695308
0.9428220764186569
0.9428584919336334
0.9428671840006683
0.9428465413168678
0.9428004219766614
0.9428098529126415
0.9428918387852734
0.9428828316280687
0.9428792464636866
0.9428385690439174
0.9429023907000434
0.9428558854434351
0.9427827850285234
0.942794520585464
0.942761329132533
0.9427107549472967
0.9426775192053225
0.9426802067233868
0.9426900666264486
0.9427084721650448
0.9426439497644892
0.9426135416417665
0.9426679311114392
0.9426530400977803
0.9426274871501137
0.9426350934658809
0.9426869838757774
0.9427123817195658
0.9427661668572384
0.94279161814981
0.9427773930811851
0.9427616886364742
0.9427410367976461
0.9427766340211791
0.9427265936158074
0.9426663498241472
0.9426770332687237
0.9426628653702704
0.9426659869530599
0.942673402502042
0.9426511759296144
0.9426682478801071
0.9427257409812384
0.9427721704789325
0.9427607883267681
0.9427557221912962
0.9426954069678916
0.9427295940757153
0.9427324563677207
0.9427698728515669
0.9427835182440293
0.942758391693158
0.9428223168654075
0.9428347482096933
0.9428683210090408
0.9428608381014956
0.9428237477525071
0.9427906136415058
0.942757282340944
0.9427732872879485
0.9427618614994828
0.9427864385857537
0.9427883282084579
0.942787830998531
0.9428794408667656
0.9429261042777465
0.9428867177926088
0.9429042948941615
0.9429129320258749
0.9429523677140715
0.9430066822460157
0.9430059765849779
0.9430172945602073
0.9430631230799037
0.9430654829923635
0.9430875341446604
0.9430512108526532
0.9430315050450162
0.9429830813091015
0.9429922595397322
0.9429905713212011
0.9429821244865427
0.942967921938491
0.9429780989895231
0.942971963157948
0.9429627399036541
0.9429365098099193
0.9429310096382632
0.9429046662238542
0.9428986939313334
0.9429419762565114
0.9429598057587855
0.9429216367403105
0.9428920059584288
0.9428674863918503
0.9429038410306521
0.9428387599527274
0.94287987959047
0.9428294177452355
0.9428503244848865
0.9428800557179643
0.9428596652381351
0.9428598472323511
0.9428772595481799
0.9428703714418808
0.9428968537681187
0.9429127841467698
0.9428688979915512
0.9428033691304614
0.9427281960369153
0.9427408461652402
0.9427497115313388
0.9427312012850596
0.9427105855575503
0.9426933192980027
0.9426632362248581
0.9426741866857236
0.9426204134995991
0.9426409900383501
0.9426533812080069
0.9426766623470945
0.9426549249825267
0.9426922333553605
0.9426586709006073
0.9426615500532671
0.942702124215775
0.9426489761755465
0.9426562793555295
0.9426679327752462
0.9426636509565155
0.9426122725246282
0.9425774027755752
0.9425456403022244
0.9425828835136634
0.942621296157965
0.9426368200688434
0.9426155365100467
0.9426374039459449
0.9426251089045519
0.942631918291759
0.9426282719888763
0.9426733099148409
0.9426151158917803
0.9425837468123401
0.9426527856940811
0.9426167828046348
0.9426286889888575
0.9426332508445521
0.9426070249670089
0.9425935728889687
0.9425811063492574
0.9425276949826513
0.9425222751762551
0.942543096157269
0.9425381455204497
0.9425261843986009
0.9424942911902571
0.9424936624539598
0.9424524441756614
0.9424519051520595
0.9424251795252924
0.9424218730177967
0.9424393249112321
0.9424161087968511
0.9423941304386342
0.9423790238601625
0.9423760701442507
0.9423919550340484
0.9424445560367237
0.9424566747896306
0.9424650125179111
0.9425321902288242
0.9425435265687726
0.9425174623520312
0.94252925827719
0.9425528408728108
0.9426276914951692
0.9425702450482546
0.9425631142412851
0.9426281604070443
0.9426789017689903
0.9426851035808957
0.9427301461826582
0.9427688016951946
0.9427648925792822
0.9427418569945212
0.9427416514280907
0.9427308154039493
0.9427322711240737
0.9427497355079705
0.9427568624730106
0.9427891242523281
0.9427656622964422
0.9427677323801316
0.9427705427306262
0.9427532723235538
0.94276614492299
0.9427402906058235
0.942793880378152
0.9428040481263693
0.9427990382871815
0.9427959776060807
0.9427665477836273
0.9427614289402023
0.9427967556138027
0.9427764108361938
0.9427462986946882
0.942774264717125
0.9427322237116308
0.9427206134997215
0.9427002906196289
0.9427238218438689
0.9427121978765904
0.9427366453109011
0.9427909807112813
0.9428645392684998
0.9428487730728379
0.9428057653921469
0.9428167944089512
0.942851975904411
0.942896200436463
0.9429007805333489
0.942899152906171
0.9428633238013157
0.9428511030101564
0.9428606412132349
0.9428958102079279
0.9428734163175839
0.9428905035712267
0.9429415682145508
0.9429260248285978
0.9429242737031748
0.9428836348674259
0.9428838792010756
0.9428863378962494
0.9428551558434257
0.9428374845323513
0.9428703338207819
0.9428576006592984
0.9428385437791378
0.9428569676514366
0.9428450893759981
0.9428375168885024
0.942835552931999
0.9428346002474541
0.9428346352694864
0.942883093191686
0.9428711475236233
0.9428555393736542
0.9428709177711703
0.9428584540067696
0.9428519935060163
0.9428888301901759
0.9428684761882712
0.9429092706012601
0.942914806147689
0.9428997871156608
0.9429276695574295
0.9429746066715415
0.9429585115544779
0.9429851402120176
0.9429622019916021
0.942953690242778
0.9430046442744189
0.9429729536842236
0.9429759302271098
0.9429660281711496
0.9429820190371466
0.9429748782044266
0.9429770835902721
0.942991896363252
0.9430105291526422
0.9430188913149933
0.9429936172152376
0.9429782538740642
0.94295667490254
0.9429736961892106
0.942945669163356
0.9429132165848634
0.9429130099060627
0.9429162533311983
0.9429425112682798
0.9429285950850693
0.9429071289445512
0.9428677510157274
0.9428389586973737
0.9428558363777962
0.9428572810435896
0.9428627750160347
0.9428962408480132
0.942954096756289
0.9429541115350779
0.9429180968664294
0.9428961449439388
0.9429165166412042
0.9428637733963995
0.9428896538275394
0.9428718045816855
0.9428892527296167
0.9429015297188008
0.9428947459580053
0.9428986079625686
0.9428945817715076
0.9429331225424252
0.9429455563868914
0.9429755629409227
0.942993365510221
0.9429980997807058
0.9429528872296
0.9429299358208287
0.9429282867597112
0.942931626539517
0.9429306269152015
0.9429348399742375
0.9429356663775866
0.9429157295831114
0.9429070465007106
0.9428593794624083
0.9428712206321891
0.9428603914561509
0.9429023793646615
0.942904508940304
0.9428892412030895
0.9428713739054775
0.9428503351078671
0.9428671668863018
0.9428617534073324
0.9428599529223477
0.9428871224865124
0.942893058377164
0.942896347464602
0.9429414351666985
0.9429320065034756
0.942893612559477
0.9429117989915876
0.9429007023820328
0.942870073455259
0.9428693984802703
0.9428591384303037
0.9428656723152464
0.9428402379255544
0.9428389681096306
0.9428058409709531
0.942789896770208
0.9428072701896981
0.9428368013002816
0.9427873038970482
0.9428063206882314
0.9428243805130768
0.9428007408692607
0.9427903657035616
0.942787443867722
0.9427536289402626
0.9427557672370442
0.9427852535025905
0.9427949355874347
0.942763531299737
0.9427270093933784
0.9427418068563583
0.942803688474573
0.9428038331561747
0.9428079512760377
0.942776374674199
0.9427919125041903
0.9428260443422507
0.9428470667794719
0.9428321196891183
0.9428610414547904
0.9428547374427811
0.9428698978080102
0.9428907866369257
0.9428728056589384
0.94285456261719
0.9428506174055216
0.9428565073550934
0.942880184357736
0.9428874180640027
0.942892374134824
0.9428588906911484
0.9428145418814496
0.9428384021937791
0.94282032841955
0.9428247101681043
0.9428921272044509
0.9429022192607667
0.9429371126227559
0.9429437285931725
0.9429448995319611
0.9429465498979811
0.9429396011404041
0.9429187796653835
0.9429402607042257
0.9428925294272315
0.9429129994959992
0.9429030947796853
0.9428925292460425
0.942875184589635
0.9429080965617298
0.9428806142310654
0.9428588249528802
0.9428500902130525
0.9428393010339163
0.9428550781711894
0.9428735287058893
0.9428636120844498
0.9428996173481209
0.9429133003010394
0.9429133763243448
0.9429190009556898
0.9429266461270908
0.942921076424257
0.9428685722704574
0.9429119451185726
0.9428926634847324
0.9428681991196947
0.9428572228562897
0.9428547684177385
0.9428493474448483
0.9428334121376645
0.9428396725202408
0.9428577796547801
0.9428675487152396
0.9428455579092646
0.9428462907907886
0.9428087415587395
0.9427868576426598
0.9427867895352166
0.9428121248285899
0.9428187325446383
0.9428394335191547
0.9428380016357171
0.9428903994505766
0.9428742160161401
0.942900318064285
0.9429155817809076
0.9429327638316087
0.9429294204937392
0.9429127910874218
0.942864342296918
0.9428800496704284
0.9428816983088433
0.9429187643907699
0.9429377684693792
0.9429105295497643
0.9429477903285877
0.9429267930347404
0.9429229341528869
0.9429469689927638
0.9429342264208831
0.9429473188289618
0.9429584520053913
0.9429983404207598
0.9429967685855627
0.9429757916865957
0.9430143199415674
0.9430378685444076
0.9430384865147124
0.9430565730072007
0.9430189849007256
0.9430402578736427
0.9430751295822484
0.9430626928908109
0.9430470840803671
0.94300973634534
0.943029046920483
0.9430532784160938
0.9430643933498748
0.9430578407806158
0.943067113867511
0.9430541196174321
0.9430831766246202
0.9430655689357519
0.9431009532195298
0.9431238022408758
0.9431266687626088
0.9431252027345408
0.9431384742988439
0.9431685248983598
0.9431772175534575
0.9431694741275797
0.9432158638906614
0.9432347067893094
0.9432545125562471
0.9432845577778322
0.9432963599187576
0.9433030195709966
0.9433016346792684
0.943312371172902
0.9433240129640549
0.9433028174316299
0.9432962840048464
0.9432984861795549
0.9432789567299521
0.9432764798313499
0.9432545178485341
