0.9119305906658643
0.9233542833604435
0.934547907631693
0.9300125533711099
0.9318000359801665
0.933692208204148
0.929999511609617
0.9283419405323499
0.9263902903560852
0.9283032932816118
0.9315083206041581
0.9300860303853778
0.9301032789191114
0.9299607415482358
0.9303337097258295
0.9291862879742919
0.9305862753300651
0.9325501767864006
0.9325166765611064
0.9324252604496719
0.9333161878407708
0.9345891670405146
0.9341735099035068
0.9347473463822521
0.9345200755594996
0.934858648976101
0.93455225481137
0.9356273508079767
0.9360317719274048
0.9364853365645717
0.9358495971574816
0.9355758278140791
0.9358466662179528
0.9360008479300365
0.9353471067351296
0.9349226361796049
0.9349454302343083
0.9355928160301703
0.9355748061969004
0.9349862832886385
0.9356098563788845
0.9358609337899246
0.9351967911580443
0.9349190398500006
0.9352386506389239
0.9357019331746689
0.9355317235032113
0.9358766794162731
0.9357748989780256
0.9356233011220847
0.9351518941385362
0.935485039827782
0.9354591708326794
0.9360297398697043
0.9362863697109144
0.9362049312120971
0.9362435392633081
0.9359278466747698
0.936114037052214
0.9361783802141219
0.9357869261392336
0.9360292468095434
0.936234298219399
0.9362755597249648
0.9367241167914788
0.9361935130176374
0.9363065408289386
0.9366919006814733
0.9365537053170353
0.9362740571686272
0.9362911739593941
0.9358489498550955
0.9356258143589017
0.9358098968437786
0.9358400471296935
0.9359726883784932
0.9359614571796004
0.935870436293851
0.9360421648365915
0.9361570869389071
0.9358343813121949
0.9356745715863197
0.9356709965771588
0.9358349487247463
0.9358578921915999
0.9357361500345761
0.935718138649879
0.935843830365659
0.9359757405664637
0.9360489206813895
0.9360370256897471
0.9357608913907197
0.9352165718359973
0.935416391040051
0.9355527156715832
0.9354599891138934
0.935457665033372
0.9352590183166539
0.9353287210794412
0.9358547576507568
0.9358288292594682
0.9355638504822742
0.9354320597714779
0.9354310906613146
0.9351514607679305
0.935088931520824
0.9349216132546871
0.9349316430478175
0.9353590252089553
0.9353735874699325
0.9354187724252185
0.9352783562504763
0.9352304803189196
0.9355341663557817
0.9352408716520363
0.9348432598927915
0.9349044208242487
0.9348772697274212
0.9351903216662959
0.9353246775342083
0.9355100919337321
0.9355246832666261
0.9354979104514605
0.9357050750263771
0.9356378226367841
0.9355154647637839
0.9353197359252226
0.9352505121489618
0.93535179073158
0.9356005587515753
0.9356752721683593
0.9357083136629422
0.935823595600466
0.9357477275846954
0.9357983494925207
0.9357009280311793
0.9355964412203503
0.9359550645207605
0.9361746194948071
0.9360912455113503
0.9359014786594219
0.935792720062823
0.9357582358176908
0.9359620428965566
0.9359860413809029
0.9359876972271615
0.9358505764169299
0.9357037612618494
0.9355818273144539
0.9355076878545268
0.9355030053175352
0.9356306017434362
0.9355659572042346
0.9356665496725859
0.9357072772884949
0.9355819260780958
0.935607690110404
0.9354841882133164
0.9355343999574242
0.9354899806624661
0.9355779854215492
0.9356797508643399
0.935656851047413
0.9354935386072666
0.9354362091596441
0.9354190219371741
0.9354464481246811
0.9353712963638521
0.9355527196183485
0.9356032966423146
0.9354979776289879
0.9353012149469201
0.9350354318132292
0.9349407570098888
0.9348669239085708
0.934989407920074
0.9349689407673245
0.9351396277988413
0.9351094516149552
0.9351219502439337
0.9352391683652631
0.9351903749646939
0.9353944798554167
0.9354595098199556
0.9354168731238315
0.9352379319411428
0.935226542415632
0.9352964873859861
0.9352764881100192
0.935281442809716
0.9353610513055651
0.9352467555991886
0.9353764506408655
0.9353623736722629
0.9355060318554385
0.9357563359878187
0.9357272199851159
0.935671313256212
0.9357726826316627
0.9358168276480221
0.9360859098827543
0.9360604986273404
0.9359884053305249
0.9358283676614901
0.9358856333663412
0.9358921985027707
0.9358289348208274
0.9357382710275232
0.9358015890901196
0.9358922886157528
0.9359155933528107
0.93589706225962
0.9358861797761204
0.935855151745587
0.9358104647577353
0.9358880351442619
0.9359320114245131
0.9358545833537153
0.9358040614103728
0.9357124709014416
0.9356856500303459
0.9355781995037594
0.935624462575022
0.9355824053725532
0.9355133995436614
0.9354847921853415
0.9353877296543555
0.9354935435564912
0.9355477927306602
0.9356917131172703
0.9358338017064769
0.9358952012067578
0.9357659036179116
0.9358120475354194
0.9357670710397032
0.9357408378903357
0.9357453491465331
0.935742537887242
0.9358857110332233
0.9360080572815423
0.9360704528529414
0.9362223405860496
0.9361218585316324
0.9361147602064478
0.9361542688936998
0.9361124782063845
0.9360805042957671
0.9359519163098307
0.9359778363462378
0.9361427259709436
0.9362160616116622
0.9362389524652267
0.9362467314802427
0.9363623759500429
0.9364034695526215
0.9362382135396157
0.9361546932134064
0.9360478285337086
0.9360329621662359
0.9359964009531427
0.9360552204536725
0.9360681794478684
0.9359397962181397
0.9359444774254385
0.9359126221611552
0.9359099867984781
0.9358622311613101
0.935858328017378
0.9358596531922196
0.9358369884681129
0.9359552055754887
0.9360211892255013
0.936094451419613
0.9361221059346574
0.9361339422673609
0.9360318339043545
0.9360835181169015
0.9360275570268417
0.9359484931529569
0.936062783988125
0.9359357305804757
0.9360328402176931
0.9359639246332444
0.935979880810075
0.936005302340936
0.9359970559795227
0.9361301841860737
0.9361882508843429
0.9362809686422731
0.9363584329699598
0.9363355113649576
0.936399679325648
0.9363670472105292
0.9362121181742575
0.9362260659867354
0.9363397538506305
0.9364084452630709
0.9363610915501012
0.9363158229713856
0.9362093551588169
0.9360142781214422
0.9360984257131642
0.9359952432682772
0.9359739670002566
0.9358186948459072
0.9358749051343503
0.93571809982533
0.9358167948091184
0.9358006462142564
0.9357930598820993
0.9357226958360717
0.9356154794650394
0.9355717446131832
0.9354807345947408
0.9354961814262241
0.9354849261054105
0.9354959444001648
0.9353856454402899
0.9352892784526343
0.9352321995925376
0.935374989829286
0.9353391829927469
0.9352608652253841
0.9351898144896853
0.9352205682162807
0.9352453164661343
0.9353255413876844
0.9354384116271015
0.9355236160454597
0.9355119469971879
0.9355286253801328
0.935391310625965
0.935344433117417
0.93540403658063
0.935400121097815
0.935411364127268
0.9353804066274962
0.9353945041816675
0.9354138982078974
0.935398599166378
0.935417743526218
0.9354547134450861
0.935479564701865
0.9355066208773247
0.9355240266766753
0.9354967498468579
0.9354372274409422
0.9354846771494656
0.9354666415759383
0.9354712901374861
0.9355182358967271
0.9355349566240224
0.9355300242007724
0.9355320599408073
0.9354776105194845
0.9354304032732565
0.9354524197904263
0.9354066301489591
0.935390015350934
0.9353429520506219
0.935261954184069
0.9352363505753564
0.9353252580005107
0.9353351081380461
0.9353675988953867
0.935338306883494
0.9353393904137075
0.9353646353357763
0.9353720090722312
0.9353766831440666
0.9353711984798877
0.9354655526486819
0.9353654886898567
0.9353423176162177
0.9353442026376477
0.9352389582614236
0.9351936929059926
0.9351644645755803
0.9352019793955326
0.9352470036718776
0.935198399675617
0.9352913922794485
0.9353202948497502
0.9352975111949966
0.9352237264959933
0.9353100746023156
0.9353122741163336
0.9353027378183145
0.9352931531435114
0.9352451870450238
0.9352570959212156
0.9351853051165069
0.935112889386149
0.9350301892682239
0.9350052526614369
0.9349588430847163
0.9348839357550163
0.9348340965375485
0.9349327941867013
0.9348963639456185
0.934977084135917
0.9349623504240746
0.9349008270903642
0.9348560303838156
0.9348262203550589
0.934905653431644
0.9348638252365432
0.9348651823329271
0.9348826974140357
0.9348939121035215
0.934948551511077
0.9350424640910451
0.9350525257767902
0.9351207470300112
0.9351497448459211
0.9352048307233725
0.9351662578070439
0.9351908094487208
0.9352057195941965
0.9351314043957324
0.9350831755401464
0.9350970422042749
0.9351119962261515
0.9350506679614323
0.9350427777449217
0.9350774488811686
0.9350980471538839
0.9351593768746064
0.9351465737037126
0.9351637075360616
0.9351286548537953
0.9351763005037931
0.9351800944224696
0.9351457891710586
0.9351761289233687
0.9351968333571494
0.9352852767931528
0.9352305342198552
0.935282990847398
0.9352708432048457
0.9353111396530873
0.935253462360548
0.9352486069256057
0.9352244542768495
0.9352811635368139
0.9352302555683492
0.9351832721290609
0.9352155604731377
0.9352753662583585
0.9353390856882952
0.9353773669120539
0.9353952734106122
0.9353861016025998
0.935393092261678
0.9354326174898834
0.9354583558606618
0.935490517937486
0.9354677646620608
0.9354756665767022
0.9355430645772739
0.9355061579663514
0.9354941252041702
0.9354836570124644
0.9354570914580606
0.9355288682630871
0.9354438269678808
0.9354421419892543
0.9354732329578351
0.9355448551725057
0.9355389220049332
0.9355667649669456
0.9355161471251632
0.9354721482139927
0.9354829725357866
0.935514129329118
0.9353854656054121
0.9353854149728619
0.9353330909300818
0.9352936519139695
0.9353214991267065
0.9352715702481731
0.9352630894511105
0.9352593242237459
0.935238897215449
0.9353231077324228
0.9353530102061525
0.9353433020529582
0.9353390104413828
0.9353705532069434
0.9353657617099217
0.9353611321591729
0.9353565464561856
0.9353991944761322
0.9353790588224141
0.9353495757544151
0.9353679662195077
0.9353965453954731
0.9353725106664272
0.9353967385569416
0.9354140075300803
0.9353759149905991
0.9353295593005786
0.9353203144753338
0.9352607663872058
0.9352773991271557
0.9352241181193598
0.9352735134974219
0.9352832568327187
0.9352278445984358
0.9352008014166393
0.9352490676888005
0.9353223474536311
0.9353119417614785
0.9353337277759589
0.9353556961304985
0.9354526335050466
0.935430926489002
0.935410067825004
0.935463167760289
0.9354766339743014
0.9354579529129179
0.935422418954446
0.9354275450341659
0.9354372053159012
0.9354198471976155
0.9354264386985871
0.9354554138488441
0.9354971444316829
0.9354642692632105
0.9354763234474618
0.9355209596242962
0.9354920890231438
0.9355042546814876
0.9355196603305952
0.9355778082540286
0.9355469857440218
0.9355071453264793
0.9355144673729575
0.9354830083960327
0.9354379551698562
0.9354196467370338
0.9353750453029082
0.9353615538208429
0.9353683920980654
0.9353703885920311
0.935375967949657
0.9353609292676545
0.9353473704435411
0.9353515643931657
0.9353288262540768
0.9352978081109449
0.9353058060085436
0.9352839888949651
0.9353350780724481
0.935379836113523
0.9353654671348103
0.9353871654146388
0.9354108108056624
0.9354328704431694
0.9354135106047935
0.9354062026479238
0.9354247312935589
0.9354369727698354
0.9354266162949149
0.9354114135475733
0.9353695194153392
0.9353325147167011
0.9353085876177226
0.9353022255687662
0.9352926192753479
0.9352430175071386
0.9352000744182261
0.9352040316896018
0.9352314155364361
0.9353045566001944
0.9352867256629904
0.9352409884655521
0.9352709823077048
0.9353321853424943
0.9353689145729682
0.9353770541895401
0.9353499657037162
0.9353494811279666
0.935333069123191
0.9353742650349064
0.9353818769049898
0.9353787921064765
0.9353717431916118
0.935345424101491
0.9353687736703923
0.9353822491409723
0.9353324225397435
0.9353050460320538
0.9353141656479638
0.935302626149401
0.9353746905608098
0.9353489286495306
0.9353633889209955
0.9353598439721762
0.9353688941889348
0.9353365179621754
0.9353247226326413
0.9353535445929584
0.9353563894504747
0.9353685661823128
0.9353697106436584
0.9353139609796236
0.9353170517026655
0.9353127481263015
0.9352662419740552
0.935344322896422
0.9354090588590677
0.9353610439917721
0.9353321010104789
0.9353398960842343
0.9353362093726594
0.9353424450091363
0.9353272562209402
0.9352960802265335
0.9352875865271788
0.93528505285028
0.9352835657262117
0.9352773547921349
0.9352740541588082
0.9352770301489177
0.9352900787117244
0.9353394523231445
0.9353800784843312
0.9353306533355631
0.9353305444885652
0.9353033409781386
0.9352610779193443
0.9352348752887082
0.9352583953541199
0.9353256999166402
0.9353041596959074
0.935291023376413
0.9352446678371151
0.9352370162527539
0.9352804208044138
0.9352693639472432
0.9353078986858593
0.935295266134458
0.9352351871921645
0.9351831870645024
0.9351336508021663
0.9351693798626776
0.9351715656843199
0.9351717778098961
0.9352317891918535
0.9352169901623031
0.9352157018029671
0.935230352964995
0.9352363618776102
0.9352371751829864
0.9352068397248964
0.9352022624440086
0.9351988746701401
0.9352467665042334
0.9352712092751476
0.9352795540632929
0.9352404797473285
0.9352236293231263
0.9352054257592018
0.9351671126856222
0.9351214302913876
0.9350936165282339
0.9350933850425716
0.9350965952152908
0.9350787548933747
0.9350344019916871
0.9350340199434803
0.9350397040578298
0.9350486295588203
0.9350640251566831
0.9350929459777153
0.9351444820776736
0.9351554678368607
0.935162034759292
0.9351499177859907
0.9351665635388364
0.9351642926830498
0.9351371314730347
0.9351088276520577
0.935106467831653
0.9351117477618205
0.9351358384432815
0.9350971406736078
0.9351289349878523
0.935063934155595
0.9350613462482911
0.9350559926435044
0.9350253756965405
0.9350134439629221
0.9350266144950761
0.935073853120655
0.9351109686749409
0.9351047036738486
0.9351315808390733
0.9351410980333901
0.9351312547457135
0.9351128053428116
0.9350889485082642
0.9351453011967145
0.9351320268614881
0.9351389882781688
0.9351587368967523
0.9351686482844054
0.9352085739468732
0.9351867415915436
0.9351786580316348
0.9351623905154866
0.9351791688524662
0.9351813937151712
0.9352023489886866
0.9352337545570951
0.9352822465531327
0.9352726317730483
0.9352795777529398
0.9352770463835482
0.9352514639328092
0.9352304935423953
0.9352342337473866
0.9352240335393349
0.93526125090129
0.9352834645084062
0.9352631529690635
0.9352432664164217
0.9352786191607981
0.9352494021381883
0.9352797650631111
0.9353084284226076
0.9352953937692505
0.9353001871591274
0.9353299844015114
0.9353346592155986
0.9353171097102011
0.9353324305524794
0.9353305490545413
0.9353820274651401
0.9354019202117011
0.9353873434447896
0.9354068211508609
0.9353969467475832
0.9353872476488805
0.9354157786236559
0.9353869544414763
0.935332841845713
0.9353269928158572
0.9353483168299076
0.9353440384804185
0.9353636803080758
0.9353549903111853
0.9353301260970031
0.9353431381868369
0.9353170524852131
0.93526497564603
0.9352666505334872
0.9352745572083487
0.9352946386514812
0.9352724722911637
0.935251432717575
0.9352891549092395
0.9353693282728032
0.9353547952598892
0.9353654825233778
0.9353440246902329
0.9353048976286877
0.9352821300351651
0.9352670547216742
0.9352817300121239
0.9352553498156688
0.9352974209497601
0.9353337266377655
0.9353342710636138
0.9353249473197854
0.9352834602212304
0.9352903389923592
0.9352569028830949
0.9352160574096818
0.9352507792986825
0.9352334127131545
0.9351750021573942
0.9351284586982637
0.9351450099434649
0.93519033368453
0.9352094422942273
0.9352421811159051
0.9352180975076069
0.935198879845077
0.9352135183830411
0.9352614072978674
0.9352519047191046
0.9352428956153174
0.9352440524640327
0.9352640398929155
0.935274707794788
0.9352524550878237
0.9352225578708933
0.9352281624772448
0.9352507029311538
0.9352393942120999
0.9352239462951486
0.9352062526971664
0.9352027682553528
0.9352002558094732
0.935227708579429
0.9352443620093474
0.9352743800288967
0.9352740417661526
0.9352543048770028
0.9352753252296023
0.9352801921906024
0.9352682049620692
0.9352383805020346
0.9352300261719543
0.935248596879149
0.9352264247181766
0.935230525810342
0.9352512703549217
0.9352509564599093
0.9352580208380403
0.9352395546392962
0.9352420578384839
0.9352445796320809
0.9352509346239505
0.9352671692268067
0.9352290628647302
0.9352024470295581
0.9351792485644591
0.9351534880303344
0.9351653155197387
0.9351565209577909
0.9351797887695142
0.9351326183087596
0.935128020235434
0.9351426032587196
0.9351359124746852
0.9351140323748441
0.9351320306432145
0.9351396253523208
0.935158475991322
0.9351695761100008
0.9351593514075449
0.9351838935465271
0.9352176840791916
0.9351892287171398
0.9351610411485591
0.9351684677707739
0.9351296022821652
0.9351711959430123
0.9351439133046807
0.9351958017850031
0.935206166293243
0.9352043934212436
0.9351925891371873
0.9351833182605772
0.9351468633868869
0.9351370507397275
0.9351665879860661
0.9351647705708914
0.9351906393241833
0.9351669017448593
0.9351546619152465
0.9351891880504197
0.9352154158014722
0.9352262131303389
0.935238721393893
0.9352684163200145
0.9352561909490252
0.9352583526425008
0.9352763884607038
0.935267618539306
0.9352307580355907
0.9352489690844941
0.9352549737749009
0.9352488030302527
0.9352441426726984
0.9352555979084088
0.9352315780929058
0.935261381370786
0.9352241870577037
0.935232931620557
0.9352174606699324
0.93521618862689
0.9352601734123827
0.9352214267071491
0.9352093073304473
0.935258241177725
0.9352865477545109
0.935302985648382
0.9353169040076587
0.9353492795842121
0.9353519943799165
0.935370593385418
0.9353681016757528
0.9353893060135042
0.935338835284368
0.935317769970458
0.9352861612237056
0.9352723540101068
0.9352624027038032
0.9352381691773847
0.9352565586161121
0.9352463036833925
0.9352186387988243
0.9352307614694074
0.935275711701869
0.9352646906375375
0.9352621685538108
0.9352133120102426
0.9352364325395458
0.9351945707016595
0.9352218489294417
0.9352278743555197
0.9352349806011494
0.9352367027743825
0.9352791114435522
0.9352200507713805
0.9352170969399917
0.9352189092777958
0.9351927489104968
0.9351681040785502
0.935178718545475
0.9351837858985483
0.9351915638782217
0.9351765495186779
0.9351974499396309
0.9351983342000235
0.9351867135980417
0.935170324214069
0.9352041235744698
0.9352189499419273
0.9352224589748376
0.9352429050192714
0.9352441953273977
0.9352382513983657
0.9352057048545365
0.9351894375715465
0.9352070683219347
0.9351943754267682
0.9351710092712294
0.9351606069259093
0.9351196138056644
0.9351298110375994
0.9351354740512152
0.9351611362804308
0.9351969661011071
0.9352156978550313
0.9352187630464299
0.9352018973704698
0.9351995472549233
0.9351647296782523
0.9351804918194969
0.9352050252692602
0.9352631403231741
0.935316061385063
0.9353041066683031
0.9353491467356383
0.9353628396971816
0.9353522897013432
0.9353428597952111
0.9353488958024139
0.9353452123726682
0.9353508110426236
0.935357023886678
0.9353485603641374
0.9353200637994213
0.9353032869648708
0.9353273702694962
0.9353067636285933
0.9353204214353836
0.9353043937513768
0.9353121411109199
0.9353047328061408
0.9353012076749803
0.9352793390231539
0.9353139919879836
0.9353287577751829
0.9353390667669947
0.9353409198640521
0.9353595622647923
0.9353567103542196
0.9353761916018261
0.9353853035480774
0.9354137887522422
0.9354308187247616
0.9354588194991413
0.9354974048409823
0.935526752782619
0.9354966076653415
0.9354941071705999
0.9354805702248971
0.9354872460559562
0.935479149064661
0.93549217439596
0.9354726547806919
0.9354870685549321
0.9354981320293221
0.9354738376956685
