0.9184488690097576
0.942239474649691
0.9593904802537273
0.9586267856540432
0.9555651020195334
0.9556382028187079
0.9549159315973839
0.9575453410030407
0.9571008958440181
0.959047206349215
0.9613082919568128
0.9624474744049141
0.9631366555114486
0.9624449453619497
0.9626256517995361
0.9619408816221491
0.9628574509336965
0.9621921689925504
0.9625685486994403
0.9608526402214904
0.9618907278190453
0.9624219178593918
0.9626166551013537
0.962940737780887
0.9631940579920214
0.9634721579813771
0.9631954029248512
0.9634878977144443
0.9631156655824282
0.9633419802538153
0.9629416531588839
0.9631055248667785
0.9628981089349817
0.9632893901980386
0.9631940411320835
0.9629747824946155
0.963003174637567
0.962906081643499
0.9626972588098692
0.9626259937148379
0.962432348074505
0.9623713070389283
0.9627184654924898
0.9630175989105136
0.9630770052197652
0.963061164401593
0.9623820985212389
0.9623703219409356
0.9622323464049234
0.962629885874576
0.9622879274822351
0.9622376247767539
0.9623478845241555
0.9622230091520029
0.962315454537601
0.9619652770710361
0.961634064458325
0.9625913812645167
0.9625379096117173
0.9623103754515053
0.9621362607582329
0.9623455612545798
0.9623998465089517
0.9625799566771077
0.962699011475228
0.9626259565930815
0.9627329004153807
0.9625694403041685
0.9626967052274499
0.9625439824445008
0.9623499217352641
0.9622610537438743
0.9626125699756564
0.9624748642079195
0.9626049225346652
0.962611827656514
0.9627884046555208
0.9627147756019641
0.9626794975917911
0.9627328356200526
0.9626037636757293
0.9626427005696109
0.9628333637982438
0.9629701632306517
0.9628535182602949
0.9628613526096294
0.9629405122342694
0.963073926476926
0.9633300994421029
0.9634132654488081
0.9633697532560445
0.9635078070486447
0.9634694343835064
0.9634758958089767
0.9635761050357751
0.9636222297827112
0.9635039836311077
0.9633372491006222
0.9633281572935967
0.9635702327619974
0.963488923074127
0.9634359075889506
0.9634177356746948
0.9633732506610123
0.9634037557640398
0.9633377096570125
0.9634051816446866
0.9635282723022176
0.9635200853686459
0.9634836192510288
0.9635757909738835
0.9636890325950491
0.9636194109660039
0.9636326289936319
0.9635324305744383
0.9633419705534398
0.9633228674063785
0.9633603221098759
0.9635841001738842
0.9634346190621444
0.9633990298846888
0.9636546944183764
0.9636955241345478
0.9636391275484348
0.9634417520919095
0.9634075580503972
0.9634342497201904
0.9634892621785743
0.9633256500045775
0.9632502799147306
0.9630457723994663
0.9630294504807518
0.96309421940415
0.9631006571488169
0.9630347710298172
0.9631639236494531
0.9628615411267238
0.9627518394602905
0.962835695211112
0.9626319360547076
0.9627454149356873
0.962819252914454
0.962800502563102
0.9627188456246535
0.9626193382700398
0.9627019651275276
0.9627506560499098
0.9629089088109307
0.9627939903542729
0.9627567061883033
0.9626168806983393
0.9626189375377789
0.9624051467180994
0.9623306148888623
0.962444878808614
0.962436024239666
0.9626020036815045
0.9625349707946905
0.9624110140756205
0.962267208892996
0.9623006952035774
0.9623732290229369
0.9622968553146839
0.9623383058699142
0.9623062926307937
0.9622218405590072
0.9623161297323805
0.9621050871474313
0.962173994950826
0.9622727058972259
0.9623345451173677
0.9622659113510356
0.9621958266278399
0.9621681595717568
0.9621131308755577
0.9621481934993549
0.9620791779332407
0.962083708898538
0.9621168385099089
0.9621500220996546
0.9621269147375885
0.9621793632792882
0.9621916764489364
0.9622405344057914
0.9622121019912003
0.9621002974193931
0.9620947484498336
0.9620894955781761
0.9621330770538198
0.962208415985394
0.9621676048431738
0.9620612106348209
0.9620450872157472
0.9619634254263632
0.9619314114763858
0.961922045249425
0.9618742975809272
0.9618352999143318
0.961790171129635
0.9617744968507645
0.9616921860065292
0.9616679668584923
0.9617343375958702
0.9619128402953128
0.9619251607170185
0.9619202163716681
0.962002678629367
0.9621035887300102
0.9620089303999342
0.9620230822686618
0.9619267636724187
0.9618294813805389
0.9617618778619487
0.9617175242033362
0.96169751254819
0.9617169098124014
0.9616620050459923
0.9616721252649805
0.9616976018197215
0.9616769936865255
0.9616994507891533
0.9616864854553913
0.9616883528886315
0.9617536333730052
0.9617901269367235
0.9616449222901283
0.9616187884084563
0.9616446353731896
0.9616468652134303
0.9615641878612775
0.9615786655056213
0.9615865160882205
0.9616381769747031
0.9615951027608516
0.9615925875453002
0.9615904798669217
0.9616903130785552
0.9615870266818284
0.9615747137533102
0.961553938027231
0.9615391416474912
0.9615663284445269
0.9615207046478419
0.9615789814319124
0.9615943972004446
0.9615330416600403
0.9614648161106913
0.9613604706408442
0.9614527947540609
0.9614446950562672
0.9615036878911201
0.9615665848060811
0.9615435419739697
0.9614677492429576
0.9614703298814271
0.961458513003
0.9614152018492274
0.9613879425626736
0.9612512688533654
0.9611538685930958
0.9612020492103833
0.9611737346979872
0.9611582212551708
0.9611132345851474
0.9611879285264573
0.9611924285124906
0.9611917420621076
0.9611416377869394
0.9611582319379662
0.961131681209919
0.9611484231260349
0.9611531375446886
0.9611717692561225
0.9611961840332401
0.9612627787161767
0.9612826220844128
0.9613077153089417
0.9614060170817932
0.9614660294467404
0.961496123107447
0.9615221814282398
0.9615591831370114
0.9615626589889279
0.9616045852362196
0.961566390317045
0.9616380258966155
0.9616845238922217
0.9616545030519199
0.9617004099056427
0.9617795148849366
0.9617930068437541
0.9617605314882088
0.9617782040076609
0.9616834043797508
0.961696255916319
0.9617374450267757
0.961725115809481
0.9617490474519939
0.9617249276246002
0.9616561269814766
0.9617109879971081
0.9617343375890574
0.9616385083730274
0.9616489904726422
0.9616271812656666
0.9617409134078218
0.9617029664804838
0.961752112411549
0.9617652766747549
0.9618347765352321
0.9618550525849181
0.9618629260564975
0.9618366217746198
0.9619242167945808
0.9618819508636587
0.9619299753575593
0.9619590395103337
0.9619811842495762
0.9619717873739985
0.9620003315744637
0.9620351472789531
0.9620454007650967
0.9620489622372546
0.9620876391952109
0.9621157000032194
0.9621175100092265
0.9621203462984719
0.9620932532753554
0.9620838138998946
0.962089807216816
0.9620853277128536
0.9620656705777343
0.9620910788456304
0.962100144908076
0.9621283413555963
0.9621175207138422
0.9621318237436387
0.9621244819922296
0.9621136051460176
0.9621470297515932
0.9621852662694114
0.9622031149808004
0.9622048718910474
0.9622052750966329
0.9622749871999983
0.9622587323279712
0.9622922204572633
0.9622706930634591
0.962202427388442
0.9622281027361207
0.9621715253076516
0.9622289756891325
0.9621787197399281
0.9622467919652532
0.9622578767626137
0.9621692113225889
0.9622388774380061
0.9622695624215941
0.9622721167449964
0.9622534120025926
0.9622158204403726
0.9621945577939197
0.9622568350701204
0.9622351406315824
0.9622296600268124
0.96220126665244
0.9621984334839014
0.9621993479044512
0.9622075490425772
0.9622263328182126
0.962201900091175
0.9622289537596282
0.9622347460756938
0.9621938524621207
0.9621431646164792
0.9621390406817482
0.9621509827010494
0.9621716720616209
0.9621136047641013
0.9621477713791273
0.9621122646770326
0.962110368581152
0.9620885899684604
0.9621174323483052
0.9620933639967475
0.9620952174549511
0.9621362799768617
0.9620951686131775
0.962122140503252
0.9621099714326706
0.9620973997985451
0.9620663799152908
0.9620595025802093
0.962054327778429
0.962011797834439
0.9619994830542662
0.9620106592571246
0.9620538449386546
0.9620763310813478
0.9621185485644755
0.9621018824774762
0.9620944195798704
0.962094537235412
0.9621058313732587
0.9621238425716958
0.9621564936936398
0.9621130558415649
0.9621445380642752
0.9621315874534054
0.962197600629724
0.962181922635751
0.962232249728181
0.962209713904678
0.9622711754045424
0.9623349826804417
0.9623087200577749
0.9623258547199088
0.9623003368359785
0.9623319662249367
0.9623132674900127
0.962321495569804
0.9623244113570988
0.9623276379302448
0.9623096644883474
0.962299859463298
0.9622853992146939
0.9622903916731421
0.962287555904903
0.9623038778650601
0.9622740525380966
0.9622794834635809
0.9623026499473172
0.9622860356853862
0.9622588095308772
0.9623060380048233
0.9623127021716438
0.9623104672330579
0.9623500569487222
0.9623625197430704
0.9623093819930156
0.9623033488999364
0.9622800173070654
0.9622876578203114
0.9622607922310545
0.9622728084000876
0.9622555508180738
0.9622483711373001
0.9622885735904076
0.9622797528768388
0.9623184057703066
0.9623301211289763
0.962315618080704
0.9622936771813072
0.9622887215153091
0.9623348358628889
0.9623257640954129
0.9623195376904944
0.9623116981300134
0.9622628853590429
0.9622516411443273
0.9622949116576202
0.962258680154335
0.9622668182736034
0.9623149180111521
0.9622962824251908
0.962286734511435
0.9623379823028979
0.9623428958491754
0.9623808264613581
0.9624234560339011
0.962505145042578
0.9624175558544635
0.9624208425405241
0.9624238631306165
0.9624691248709799
0.962498545242403
0.9624968022533293
0.9625095820613593
0.9625026134488182
0.9625306263209197
0.9625493579721272
0.9625547835814783
0.9625682819284863
0.9625732469833169
0.9626089042073465
0.9626266930145763
0.962602961258824
0.9625812437779944
0.962577289944701
0.9625801470550324
0.9625905604862058
0.9625820245727809
0.9626412511123702
0.9626422615591386
0.9627170468991488
0.9627491238861408
0.9627578156645709
0.9627548934881198
0.9627712409398271
0.9627564233284043
0.9627744684599897
0.9627729697031061
0.9627638810813149
0.9627387431417631
0.9627598531227041
0.9627624159093442
0.9627169970774527
0.9627132896729365
0.9627254771779366
0.962700156746886
0.9627109053562601
0.9626917734220644
0.9626848650932536
0.962673486298473
0.9626465757565378
0.9626975049642874
0.9626988722412316
0.9626729252043813
0.9626373529661246
0.9626550739443152
0.9626740864600439
0.96263727128277
0.9626150411289157
0.9626013198961736
0.9625739881361122
0.9625767067094699
0.9625888620272036
0.9626518691482902
0.962621562042304
0.9626128115174897
0.9626229696329698
0.9626219301645011
0.9626227741312018
0.9626273575786878
0.9626416345862562
0.9626222406781434
0.9625940300483933
0.9625749987916957
0.9626005414018439
0.9625571567027837
0.9625671547422604
0.9625720019499922
0.962556783036589
0.9625432351021767
0.9625662442730921
0.9625621980910667
0.9625718340259999
0.9625677358922262
0.9625828753897707
0.962567744842328
0.9625444705829835
0.9625494901463808
0.962565444634895
0.9625779543123874
0.962562378915444
0.9626050890190793
0.9626282528091809
0.9626651112575236
0.9627055370395183
0.962709070989131
0.9627328033993683
0.962722385169378
0.9627376974432523
0.9627521102916975
0.9627692398591867
0.9627686621975825
0.962754243993773
0.9627406901240727
0.9627192048967674
0.9627401961743735
0.9628019229050758
0.9627697323305632
0.9627848765924282
0.9627704112783654
0.9627911457864056
0.9628308631106346
0.9627879194182428
0.9627880256217012
0.9627802506644765
0.9627705810539896
0.9627417788014339
0.9627268892753732
0.9627341722133641
0.9626911681919115
0.9627076913985342
0.9627043785373407
0.9626880889749442
0.9626986402243723
0.9627037272917235
0.9626974872750726
0.9626621267518021
0.9626624283858217
0.9626571506105954
0.9626496439981574
0.9626485934602663
0.9626975588149609
0.9627381462794158
0.9627320276362065
0.9627033576519085
0.9627083206502236
0.9627140465215561
0.962717623284828
0.9627309865250422
0.9626687790406209
0.9626518952244012
0.9626751866070662
0.9626538815762848
0.9626453573842632
0.9626209202111597
0.9625991329932352
0.9625887601999458
0.9625923486511486
0.9626056493510812
0.9625653180276101
0.9625431480492381
0.9625466926322735
0.9625348147414584
0.9625235825223131
0.9625053452142024
0.9624892877220923
0.9624826471157758
0.9624332568115577
0.9624178005078129
0.9624407922071787
0.9624366296435797
0.9624004621337394
0.9623777940782288
0.9623744526474898
0.9623811248346066
0.9623594592759874
0.9623979954376292
0.9623850270555407
0.9623498854171718
0.9623411691313563
0.9623214001459518
0.9623241607989421
0.962291050554182
0.9622839654221191
0.9622850527185335
0.9623338650075375
0.9623509603601392
0.9623186339415661
0.9623200518213224
0.9623142707660748
0.9622956794629767
0.9622813938894315
0.9622914960240534
0.9622971486314584
0.9622977322435
0.9623156421084564
0.9623124692561579
0.9623035212857086
0.962329491016136
0.9623300268405578
0.9623219848685185
0.962305101332655
0.9622905793148903
0.9622628155375871
0.9622708209870278
0.9622673159338629
0.9622619954560724
0.9622690992852051
0.9622569743562632
0.9622492358736863
0.9622620504770178
0.9622746720657873
0.9622793261090536
0.9622911721110134
0.9622885955882886
0.9622728956822699
0.962255281867008
0.9622788321367486
0.9622378135787409
0.9622330975447246
0.9622321189825388
0.9622521523146899
0.9622752205321825
0.9622879971597387
0.9622863835987678
0.96231325134548
0.9623126116211868
0.962335807202659
0.9623127139121245
0.9623055885549798
0.9623250877221818
0.9623440003683604
0.9623432120535693
0.9623628167615494
0.9623715326071869
0.9623582331324189
0.9623551543946077
0.9623653957122681
0.9623918184039338
0.9623662548433103
0.9623448515670162
0.9623164627937009
0.9623346207886477
0.962305272456436
0.9622950078497512
0.962306438646211
0.9623057779904215
0.9622829060652974
0.9622540381288357
0.9622940028566593
0.96229508593222
0.9623087254776089
0.9623297665588881
0.9622963020296798
0.9622994395432037
0.9623065345500796
0.9622779654320756
0.9622520128765557
0.9622518689555523
0.9622205400045378
0.9622147220322527
0.9622050192856059
0.9621947828613622
0.962188139526034
0.962222515155167
0.9622402257076115
0.9622418326211906
0.9622031316558087
0.9622033990403676
0.9621955903016575
0.9622270305365488
0.9622356713803734
0.9622641178616812
0.9622570553824511
0.962252885159115
0.962250347883946
0.9622766291844188
0.9622571392594045
0.962264389967478
0.9622781246335008
0.9622900372266893
0.9623156515220999
0.962306625743834
0.9622632790478645
0.9622287771840192
0.9622453426258929
0.9622750250094463
0.9623030348012821
0.9623130057445343
0.9623090646945983
0.962297529570811
0.9622977248518305
0.9623057837063758
0.962299366476306
0.9622695502417594
0.9622553548093719
0.9622649076953291
0.9622706079615266
0.9622526019294896
0.9622707036286031
0.9622580776519669
0.9622736738935576
0.9622654217097174
0.9622730007646587
0.9622331662591488
0.9622318177064267
0.9622234766929039
0.9622049911693358
0.9622150413456969
0.9622355100616288
0.9622251469814123
0.9622359696585757
0.962217324275747
0.962209141464164
0.9622074270669391
0.9621765968742163
0.9621786094040952
0.96218138338802
0.9621755575670479
0.9621905374010116
0.9621861158149425
0.9621732682768259
0.9621940805524315
0.9621832737907832
0.9621693134480064
0.9621796769301418
0.9621849136889423
0.9621920491360916
0.9621733767236007
0.9621431933344667
0.9621367967388933
0.9621384863233793
0.962148614239661
0.9621413565064647
0.9621236639575002
0.96209046089907
0.9621083941168086
0.9621187739941719
0.9620975248777637
0.9620674936150155
0.9620563380631212
0.9620439266879499
0.9620235426914499
0.9620089572163402
0.9619946576908381
0.9620014597633708
0.9620255590974601
0.9620356434862815
0.9620322726456493
0.962033464200564
0.9620460074846009
0.962053805138747
0.9620469091760885
0.96206161977358
0.962067797381771
0.9621006956405694
0.9621136110686479
0.962119576130663
0.9621426413037354
0.9621369730969248
0.9621343880805712
0.9621566718554433
0.9621471472427277
0.9621145382446618
0.9621311081745442
0.9621144480259688
0.9621381984531256
0.9621545272422684
0.962156070477741
0.9621443755705952
0.9621507735844559
0.9621685787644478
0.962208987611827
0.9622313192783404
0.9622028456027325
0.9622114512184605
0.9622261629251728
0.9622297742638716
0.9622123256670709
0.9622111806840106
0.9622026101783661
0.962216501746846
0.9622312587515318
0.9622225444599163
0.9622116737657102
0.9622352734450553
0.9622268806206987
0.9622011184845504
0.9621971407155505
0.9621797014073158
0.9621970751564041
0.9622191253600066
0.9621910754893778
0.9621917784800231
0.962189283912406
0.9621834446143614
0.9622019561242474
0.9622016967764714
0.9621818831164747
0.9621765515727896
0.9621496477358952
0.9621537977086173
0.9621424511853809
0.9621155523140829
0.9621001950195709
0.9620831399578893
0.962061008001378
0.9620412473765607
0.9620212089809775
0.9620465319529823
0.9620385503762781
0.9620481071922681
0.9620169998719603
0.9620179181512025
0.9620138414799537
0.9620214172630839
0.9620216783404983
0.9620148443389267
0.9620213097572933
0.9620396723238159
0.9620249149526064
0.9620254025524938
0.9620035359323463
0.9619899423578022
0.9619720609009815
0.96195950263812
0.9619811929530037
0.961945562405317
0.961941949135491
0.9619490628468613
0.9619329614276418
0.9619504737655745
0.9619474708701703
0.9619552455223382
0.96195718905526
0.9619632031358291
0.9619785894953523
0.9619711287935448
0.9619665613118633
0.961952692968991
0.9619761185275454
0.9619565954700764
0.9619613646896292
0.9619359788023422
0.9619487475936552
0.9619549605114206
0.9619438688154878
0.9619264248409974
0.9619300995703578
0.9619362365340115
0.9619359931888268
0.9619166189574879
0.9619054462300548
0.9619174136119334
0.9619323747305113
0.9619139871723467
0.9619319340970921
0.9619359064325478
0.961923691914534
0.9619237624281315
0.961919302284533
0.9619235069644584
0.9619068550607798
0.9619057011435403
0.9618945611030939
0.9618865295842036
0.9618794450690529
0.96188030847562
0.9618764715428614
0.9618605696960972
0.9618668886861845
0.96185861546971
0.9618695682825722
0.961859747754017
0.9618542772619828
0.9618671212967592
0.9618851251242514
0.9618810253369183
0.9618766366924327
0.961893260550971
0.9619113380828569
0.9619179532655754
0.9619242007191917
0.9619300597145192
0.9619394612361988
0.9619541551166493
0.9619479687101624
0.9619448795037759
0.9619575772545242
0.9619457344634281
0.961941920572481
0.9619459426142738
0.9619428470552149
0.961942979686789
0.9619326227406974
0.9619231580317612
0.9619062725970018
0.9618942140382375
0.9618904964782737
0.9618843500264544
0.9618886766687114
0.9619156062598848
0.9619274479622868
0.9619231972739302
0.9619146906543038
0.9619094077230108
0.9619252454904531
0.9619257494740071
0.961949676021061
0.9619432946295965
0.9619537339340184
0.9619557880159324
0.9619473276062964
0.9619679514003304
0.9619811013148558
0.9619871637928913
0.9619896943277911
0.9619842715273865
0.961983986327642
0.9619887336371998
0.9619624447859401
0.9619695858806826
0.9619667702899547
0.9619775137972415
0.9619905491556704
0.9620235945838579
0.9620314858948487
0.9620502786081928
0.9620568823690279
0.9620850067855911
0.9620890851421923
0.9621281702035152
0.9621186410962324
0.9621441695053919
0.9621567237254589
0.9621441611039624
0.9621492287448064
0.9621560240124494
0.9621453813117137
0.9621297623918047
0.962102837213858
0.962110007905395
0.9620798565993729
0.962075971591632
0.9620640442019617
0.962048096930653
